winner,red_top,red_jungle,red_mid,red_adc,red_support,blue_top,blue_jungle,blue_mid,blue_adc,blue_support
red,47,46,159,76,153,110,146,140,147,81
red,3,98,8,29,148,53,154,1,76,14
blue,110,98,143,106,14,103,38,53,17,119
blue,72,98,6,17,14,47,38,151,157,148
blue,112,38,121,116,153,0,92,6,29,45
blue,134,107,94,76,4,131,23,56,106,45
red,81,102,91,54,53,78,65,55,133,93
blue,43,84,33,9,160,47,98,26,41,108
red,90,102,2,63,70,29,84,121,52,12
red,158,40,150,76,109,37,88,140,133,100
blue,103,113,143,50,70,151,111,81,76,139
red,134,98,140,52,93,20,65,150,108,96
blue,112,98,121,133,70,78,145,150,9,96
blue,31,98,26,133,80,42,27,81,51,45
blue,115,98,64,49,45,0,54,151,50,70
red,90,154,155,133,45,25,98,124,63,70
blue,57,142,158,133,93,42,98,56,17,53
blue,47,65,144,76,53,22,141,155,15,80
blue,31,13,144,29,93,47,58,57,63,12
blue,37,111,129,29,82,112,13,138,9,53
blue,26,102,64,51,9,47,125,44,17,53
red,20,75,120,51,126,111,28,33,116,45
red,18,102,159,109,158,144,75,155,116,15
red,91,75,41,116,70,74,107,143,76,158
blue,72,102,120,24,108,88,60,41,54,53
blue,17,75,144,52,5,47,84,155,54,108
red,107,75,155,51,158,91,98,54,29,12
red,48,58,2,106,93,101,75,143,76,45
blue,22,40,148,29,12,107,75,144,133,128
red,151,75,138,51,70,23,84,155,137,93
blue,72,84,151,51,5,43,40,155,69,80
blue,101,75,132,136,70,103,28,155,76,100
blue,57,38,94,9,45,31,98,1,133,70
blue,47,75,89,116,119,22,46,11,76,153
red,151,111,144,76,119,91,130,139,17,70
red,22,75,1,17,148,2,60,25,129,4
blue,88,117,26,76,93,47,124,121,50,53
blue,131,46,68,63,53,43,130,144,29,70
blue,112,117,56,24,45,155,26,143,52,126
blue,151,46,55,150,96,43,30,83,106,70
red,0,113,56,17,70,47,28,150,49,74
red,112,54,33,51,70,22,13,140,24,79
blue,37,75,21,116,82,38,154,94,76,53
blue,146,154,64,51,128,20,86,150,147,4
blue,20,130,81,24,70,55,58,47,120,45
red,135,60,1,63,70,47,58,132,8,45
red,112,97,2,136,70,31,40,89,133,99
red,112,58,52,138,119,47,142,53,51,12
red,22,155,6,76,45,112,67,71,52,4
red,34,87,148,9,96,90,111,150,51,4
blue,22,154,94,51,118,20,38,71,137,4
blue,90,125,56,76,4,0,58,23,9,111
blue,22,97,125,51,70,18,60,8,136,45
red,135,97,121,51,82,81,84,151,133,53
red,126,58,138,156,119,57,92,83,17,53
blue,154,23,150,49,9,135,111,155,109,97
red,47,111,143,133,70,151,97,121,51,96
red,37,97,155,51,82,47,13,56,76,96
blue,31,54,3,120,45,38,124,121,76,4
red,37,58,81,76,45,2,40,140,137,53
red,104,46,155,136,118,145,58,43,54,108
red,37,75,144,51,153,145,58,142,109,108
red,57,98,155,133,45,90,97,142,54,108
red,90,60,53,133,70,112,74,68,50,45
blue,92,97,122,51,70,103,60,81,138,53
blue,137,26,2,69,97,111,98,121,76,108
blue,144,154,73,49,108,0,58,56,155,97
blue,35,46,2,63,70,47,98,120,49,108
red,117,97,52,49,4,20,149,158,63,70
blue,90,111,143,24,82,131,97,155,17,158
red,150,97,144,17,53,88,60,143,51,45
red,150,30,81,49,158,22,97,3,136,5
blue,22,91,55,49,153,20,97,144,24,82
red,43,154,138,137,108,91,58,121,51,97
red,18,84,48,109,97,74,155,159,76,9
blue,20,58,23,24,100,90,130,139,54,108
blue,20,97,68,49,12,62,46,148,137,70
blue,94,46,54,76,45,90,97,2,51,70
red,43,28,140,51,53,22,97,57,9,80
blue,131,28,19,133,80,22,97,159,106,45
blue,131,154,6,116,97,90,46,151,143,108
blue,43,155,64,76,80,145,125,54,150,118
red,78,40,125,106,71,112,75,94,133,139
blue,74,46,55,106,45,0,26,151,8,96
blue,20,125,144,49,53,0,13,41,24,45
red,81,28,0,133,70,112,111,55,9,100
red,0,60,144,49,70,56,26,155,137,100
blue,130,61,151,49,100,47,60,121,17,153
red,110,141,151,54,79,150,60,143,24,12
blue,101,38,26,120,70,104,75,121,69,109
blue,74,38,26,9,109,90,155,19,76,128
blue,3,86,19,150,93,151,38,140,51,66
blue,90,60,2,17,53,31,130,43,51,109
red,144,146,1,17,126,107,102,121,76,109
blue,47,75,144,85,109,151,141,105,50,158
blue,1,107,151,133,70,104,102,150,8,109
blue,2,154,155,150,4,0,98,94,137,100
red,47,102,143,137,109,103,26,21,49,53
red,101,92,89,9,109,131,46,19,136,158
red,53,60,55,133,70,88,92,131,51,109
blue,43,102,1,76,45,97,46,150,137,109
red,43,30,81,29,109,22,102,11,9,158
red,62,102,125,17,4,0,111,155,110,109
blue,131,54,32,76,45,74,38,21,49,109
blue,115,38,53,69,119,134,154,143,137,9
red,131,133,71,52,100,90,30,94,24,53
red,0,145,55,137,45,22,154,121,51,9
blue,151,75,15,120,45,0,102,70,51,53
blue,0,75,155,29,45,41,84,125,24,66
blue,78,38,34,120,5,0,23,151,24,158
red,0,102,19,139,53,101,154,150,133,100
red,0,142,1,76,158,101,75,26,133,45
blue,114,28,151,106,74,90,61,121,133,108
blue,154,130,143,150,14,0,13,1,120,126
red,90,30,155,76,128,135,28,141,129,158
blue,0,154,89,116,9,103,40,150,54,119
blue,78,134,140,116,82,47,154,2,85,99
red,0,84,73,76,70,131,28,33,51,108
blue,0,84,91,76,53,154,60,41,51,9
red,0,38,143,51,119,36,155,23,29,108
blue,42,155,19,51,53,0,102,120,24,99
red,0,154,155,51,153,58,54,91,133,45
red,31,54,0,138,53,37,154,43,69,93
red,0,23,155,17,108,101,154,19,29,93
blue,47,60,0,51,71,43,30,155,109,108
blue,101,30,150,76,53,78,84,121,129,82
red,0,154,150,52,100,158,22,155,29,153
red,0,155,19,63,53,92,86,144,76,45
red,57,30,155,49,45,20,111,140,156,70
red,131,46,81,137,153,62,54,136,17,96
red,18,13,124,137,153,90,91,81,17,79
red,57,38,143,133,118,31,46,19,116,119
blue,72,88,73,50,128,48,134,81,109,9
blue,31,28,144,17,53,107,155,57,50,82
blue,46,88,81,29,153,31,38,143,137,71
blue,22,28,33,116,96,105,26,35,49,45
blue,103,28,33,137,45,135,60,81,120,96
red,19,102,3,120,93,112,23,81,17,153
red,110,28,55,9,70,35,60,158,139,119
blue,47,23,150,17,100,81,154,155,51,119
red,120,60,55,76,80,22,23,144,133,96
blue,57,130,55,29,82,103,28,150,9,100
blue,47,38,81,49,12,84,102,148,29,45
red,39,60,55,51,85,31,74,56,29,93
blue,81,67,104,106,82,131,28,64,76,108
blue,25,23,43,76,82,81,130,2,51,96
red,81,67,151,76,128,92,23,150,116,82
red,37,134,81,24,158,34,98,120,69,153
red,107,65,81,108,153,23,130,71,17,160
red,137,102,144,17,80,81,88,55,24,93
blue,11,38,81,76,79,148,102,22,106,82
red,0,38,81,139,70,47,40,148,29,153
blue,134,58,21,120,158,154,28,81,76,139
blue,115,88,21,109,108,110,102,81,29,148
blue,112,61,81,109,71,103,46,11,76,159
blue,81,46,1,76,108,31,60,56,116,53
red,134,46,81,49,148,65,102,150,136,9
red,62,23,81,116,108,151,154,2,51,153
blue,153,65,47,76,5,81,84,151,9,45
red,101,61,144,106,126,34,38,57,109,12
blue,22,61,26,51,5,20,23,34,150,108
blue,135,88,155,54,117,90,58,140,51,96
red,22,98,150,138,114,74,65,64,51,45
blue,134,154,155,50,82,110,102,37,76,45
red,47,154,1,17,100,31,60,2,49,80
red,47,124,148,49,100,22,84,26,76,119
red,20,155,151,49,148,47,40,158,51,119
red,92,98,2,24,5,78,111,94,51,120
red,74,54,3,133,70,62,46,55,109,108
red,22,38,83,29,12,19,142,155,116,148
blue,131,84,53,51,82,47,92,136,69,80
red,151,28,125,9,126,114,154,121,51,66
blue,110,23,94,76,45,151,67,56,133,128
blue,39,61,91,76,120,131,154,55,49,45
blue,90,40,94,116,119,112,58,144,147,99
blue,42,5,1,137,12,22,27,8,69,118
red,131,23,138,76,70,22,40,11,49,153
blue,0,26,59,137,96,134,58,1,76,45
red,31,102,120,136,148,47,87,155,76,70
blue,20,134,94,106,100,42,23,101,156,119
blue,37,58,150,29,153,25,107,2,76,119
blue,22,98,121,137,70,107,117,159,76,108
blue,18,111,55,50,119,0,27,23,133,70
red,112,154,122,50,126,59,117,21,51,96
blue,36,30,158,76,109,35,134,138,51,126
blue,0,58,55,9,153,74,94,1,137,126
blue,62,86,155,136,126,18,98,120,51,53
red,18,74,1,52,126,103,58,139,137,45
red,115,84,94,109,126,0,54,18,51,4
red,78,26,34,51,82,151,154,90,15,79
blue,31,40,143,17,16,90,141,64,15,119
red,20,154,109,51,108,35,28,155,76,126
blue,90,142,133,150,14,3,65,144,137,53
blue,91,28,151,51,53,0,84,155,76,70
blue,151,155,21,136,70,0,145,56,54,82
blue,145,142,140,76,139,134,75,124,136,45
red,90,92,2,24,82,42,58,136,49,71
red,92,13,56,76,108,39,54,43,51,158
red,18,75,143,24,96,31,92,121,137,108
blue,18,54,155,136,82,39,58,1,51,119
blue,0,58,144,17,53,47,61,73,51,82
red,92,28,89,150,109,35,111,56,24,128
blue,47,111,94,24,45,3,75,70,136,148
red,22,58,140,136,45,74,141,71,129,79
red,25,98,143,63,45,120,94,3,133,70
blue,144,155,55,17,45,91,87,141,69,80
red,22,30,155,51,126,101,58,121,49,53
red,0,13,144,29,118,151,87,6,17,93
blue,104,46,140,51,45,62,23,57,122,9
blue,47,28,43,116,96,112,46,121,24,15
red,112,65,53,63,64,0,97,21,54,93
red,0,28,35,120,128,43,40,2,24,139
blue,104,107,43,17,80,120,111,53,133,158
blue,134,102,54,106,9,0,28,120,24,82
red,117,102,144,17,12,43,23,155,29,9
blue,130,111,2,51,82,43,28,121,17,79
blue,42,28,1,106,128,78,60,144,17,91
red,31,130,151,109,45,47,117,26,49,53
red,37,38,68,137,9,0,86,26,116,96
red,48,130,124,29,66,72,154,151,150,15
blue,112,27,143,49,82,103,91,19,52,128
red,0,154,26,136,9,94,130,143,17,71
red,0,46,56,116,12,53,107,68,76,66
red,110,30,133,150,158,35,54,151,24,118
red,35,113,56,63,108,37,155,136,133,153
blue,20,23,131,106,82,3,27,136,24,5
blue,90,77,124,51,108,151,61,120,136,45
blue,90,113,150,49,108,43,102,56,29,153
red,31,125,94,136,128,43,77,124,29,153
red,25,113,69,29,12,134,154,143,17,128
red,47,26,121,51,93,20,30,94,106,128
red,101,23,94,54,119,2,155,71,76,80
red,146,40,90,108,53,47,154,155,109,70
blue,22,28,121,50,119,146,26,141,51,74
red,146,75,121,49,160,42,46,57,9,119
red,31,130,2,106,158,146,40,150,51,53
blue,18,142,143,17,12,146,5,56,9,70
blue,35,142,78,150,120,146,40,26,116,153
blue,145,75,71,9,153,39,46,19,106,108
red,72,38,121,24,119,112,155,143,29,45
blue,43,26,81,106,96,150,38,144,136,119
red,31,84,94,137,100,90,60,40,156,133
red,18,40,33,76,108,112,13,2,51,153
red,2,38,34,54,153,31,88,159,133,82
blue,47,92,143,63,158,18,28,144,17,45
red,103,27,155,50,53,72,87,143,17,45
blue,39,61,37,76,119,25,145,109,63,53
red,101,28,52,63,119,110,60,23,133,70
red,47,84,52,109,80,88,38,2,49,153
blue,74,38,138,24,9,31,40,120,49,53
red,38,84,94,51,91,101,87,43,133,70
blue,0,84,11,133,93,90,60,33,17,45
red,131,84,94,9,45,134,38,1,51,53
blue,43,155,56,129,70,22,84,53,24,153
red,43,154,71,9,108,103,38,19,49,100
red,43,154,23,24,45,131,26,34,76,93
blue,31,142,71,50,148,131,38,121,49,139
blue,104,38,155,9,119,47,107,71,133,70
blue,103,84,121,51,93,0,141,56,17,53
red,103,38,159,63,70,152,154,121,51,133
blue,77,111,64,69,53,110,38,41,51,70
blue,135,145,138,116,53,37,38,11,9,45
blue,150,28,68,133,153,22,77,55,17,45
red,110,38,56,51,82,18,154,33,137,153
red,43,38,56,51,148,137,130,159,76,5
red,3,40,26,120,108,19,23,6,29,139
red,103,13,56,133,12,43,46,138,106,158
red,37,38,48,109,93,103,60,33,133,126
blue,121,46,103,137,45,134,87,55,76,158
blue,47,117,19,150,70,22,155,144,24,53
blue,101,40,55,9,93,0,75,150,54,53
red,47,75,121,85,108,31,60,150,54,109
blue,47,30,26,76,108,83,61,151,54,158
blue,34,75,11,24,12,47,102,151,19,82
red,0,37,155,137,12,90,58,32,150,96
blue,110,111,26,17,45,18,46,139,76,158
blue,22,67,121,116,53,39,58,136,17,108
red,39,46,131,49,93,134,23,155,76,126
red,110,26,1,9,119,18,38,6,76,158
red,39,58,71,50,66,112,142,26,106,100
red,18,26,151,133,9,154,61,83,50,93
blue,39,97,121,29,91,137,155,56,9,70
blue,39,155,158,24,66,48,13,94,54,45
blue,135,154,121,49,128,0,134,23,76,109
blue,62,142,37,137,70,110,91,120,51,96
blue,103,91,89,129,93,41,38,105,51,53
red,134,91,112,150,158,42,149,1,138,118
blue,74,65,23,133,79,36,28,144,137,70
red,47,88,59,49,158,131,134,138,76,9
blue,156,130,64,55,153,0,38,121,54,5
red,151,102,121,24,74,0,155,94,51,153
red,18,26,43,24,45,55,38,103,106,126
blue,18,27,143,150,12,144,38,64,52,5
blue,110,67,155,17,79,104,98,3,137,27
blue,150,28,55,51,109,151,111,1,120,153
blue,134,154,151,49,158,31,92,144,8,100
blue,81,155,26,136,93,22,40,11,63,128
blue,43,133,55,76,45,47,46,159,139,82
blue,31,67,3,133,153,43,46,132,29,53
red,22,58,151,120,91,112,60,56,29,96
red,91,102,19,24,80,74,28,43,133,160
blue,90,155,121,52,66,43,61,26,63,5
blue,18,13,11,137,53,104,155,26,76,45
blue,115,145,0,29,153,26,38,148,85,100
blue,11,88,86,85,153,43,111,26,116,70
red,25,26,151,56,96,22,13,150,138,153
red,112,13,150,147,70,131,23,155,137,153
red,107,102,150,24,53,103,92,104,17,12
blue,112,58,144,136,153,151,40,90,29,158
red,47,58,144,51,82,18,54,121,76,108
blue,0,38,6,51,53,135,28,151,29,58
red,3,60,148,106,45,22,58,121,137,158
red,31,54,151,29,12,22,98,121,17,53
blue,130,135,2,138,108,91,84,155,17,148
blue,107,111,140,17,53,22,75,121,76,148
red,43,46,1,76,118,74,77,2,9,100
red,22,13,143,51,70,2,28,43,137,108
blue,110,23,150,85,80,74,58,140,17,70
blue,26,60,142,76,12,90,113,23,24,93
blue,90,13,21,54,108,19,102,136,24,70
blue,135,142,124,51,108,154,87,136,106,99
blue,110,60,1,24,96,145,87,144,63,70
blue,43,84,11,63,80,3,60,57,133,12
red,77,154,71,49,100,64,130,148,69,128
blue,78,40,136,9,128,47,102,139,116,53
red,9,46,140,52,5,31,154,121,76,45
red,117,58,155,9,80,18,75,41,51,45
blue,34,111,121,24,45,31,75,6,50,70
blue,22,97,155,20,108,107,58,43,136,45
red,77,38,151,54,118,112,154,143,106,100
red,90,67,53,106,108,47,30,3,29,158
red,101,98,33,106,53,144,28,155,116,45
blue,18,40,54,116,158,36,23,34,17,71
red,150,30,121,29,82,36,54,155,50,45
blue,22,111,43,106,79,110,61,143,133,82
blue,22,111,121,76,126,158,58,54,106,82
blue,43,111,121,49,96,107,155,144,106,82
blue,120,65,110,106,93,0,26,129,69,100
blue,42,46,26,116,108,112,38,121,106,82
blue,103,38,143,106,126,37,58,43,116,53
red,101,88,121,51,70,90,111,8,29,45
red,81,130,121,106,45,131,111,144,49,108
red,30,102,71,109,108,107,117,26,116,158
red,22,40,56,29,108,0,30,52,76,100
blue,72,58,159,29,100,131,40,155,157,12
blue,3,125,144,116,118,114,107,150,109,108
blue,31,30,144,116,139,101,111,55,51,45
blue,0,97,41,116,153,107,84,155,3,45
red,36,67,56,108,93,110,40,150,63,70
blue,103,23,155,63,82,18,142,32,76,153
blue,59,111,71,85,45,103,154,132,17,70
red,31,23,55,133,70,145,60,41,9,4
red,74,111,140,63,70,115,84,155,133,82
blue,112,30,144,49,53,121,58,3,51,99
red,68,46,143,51,119,43,92,69,85,93
red,101,84,91,76,71,158,30,43,133,108
blue,22,28,139,133,153,110,30,1,17,82
red,103,30,140,17,45,22,58,155,29,148
red,43,88,121,29,53,103,23,150,76,70
red,114,13,33,49,9,151,88,87,17,70
blue,18,124,21,63,74,62,88,3,109,153
blue,135,54,91,63,70,47,84,68,133,119
blue,121,78,47,133,109,68,102,91,51,153
red,112,27,93,51,139,22,98,91,137,70
blue,101,38,2,116,45,0,154,136,29,148
blue,43,54,91,17,108,22,38,11,116,45
red,131,111,155,50,70,31,154,83,133,119
blue,145,111,78,8,70,131,54,43,108,53
blue,18,87,32,17,128,47,46,144,76,16
red,154,102,43,29,158,104,26,155,137,4
blue,103,28,1,76,5,91,65,55,147,82
red,31,38,71,29,109,62,155,26,52,128
red,22,13,35,29,158,107,111,125,9,108
red,115,40,56,76,108,114,60,140,137,153
blue,0,28,55,106,158,2,84,125,147,119
red,47,67,53,129,4,62,142,127,109,108
red,101,28,151,24,118,88,40,121,116,53
red,35,46,121,52,70,48,27,155,49,45
red,22,30,8,76,158,37,102,83,61,118
blue,112,26,91,76,16,114,75,138,9,153
blue,22,60,121,29,118,131,88,56,51,53
red,22,75,68,76,100,31,142,26,120,82
red,107,28,155,29,153,135,84,138,133,70
blue,103,75,144,136,100,22,61,121,76,119
red,115,46,2,133,70,42,155,55,69,80
red,37,146,151,76,9,112,60,121,150,153
blue,43,13,53,29,70,131,23,120,17,100
blue,31,60,138,17,70,101,58,140,76,159
blue,101,142,144,150,100,43,46,143,49,96
red,36,155,2,106,82,0,58,89,29,53
red,43,98,136,52,128,47,38,121,29,153
red,36,61,121,17,12,151,60,55,29,153
red,146,75,30,29,139,0,38,71,136,45
red,37,98,63,17,109,78,97,48,9,139
blue,112,65,138,137,70,151,13,140,49,139
blue,81,155,1,51,66,20,46,105,137,100
blue,74,102,143,9,12,34,130,140,17,120
red,74,111,121,29,148,151,102,139,49,119
red,31,38,121,49,45,110,23,131,143,108
red,22,38,33,50,53,11,102,89,17,128
blue,37,142,138,29,45,112,102,144,63,108
red,47,84,151,63,66,91,102,54,50,158
blue,47,13,140,76,53,20,102,64,137,119
blue,88,23,132,133,153,42,38,144,116,70
red,114,146,26,51,45,154,13,125,133,70
red,110,92,129,136,126,101,27,94,106,66
blue,81,23,155,76,9,112,40,2,51,70
blue,78,154,2,24,108,22,40,150,9,53
red,36,134,64,150,45,34,38,124,137,93
red,88,78,155,76,66,22,111,55,17,53
red,101,60,121,63,70,22,67,155,51,82
red,22,28,144,51,5,130,154,41,137,14
red,154,91,1,51,80,47,46,78,29,53
red,22,58,94,144,30,112,40,21,76,96
red,107,58,52,9,66,22,86,87,139,82
red,35,77,136,52,91,78,98,109,76,119
blue,134,58,54,29,128,22,98,158,24,91
red,22,78,124,108,66,36,67,86,52,70
blue,47,87,143,106,82,34,60,136,9,70
blue,22,102,155,54,108,103,65,136,17,100
red,31,40,35,63,70,22,28,2,106,82
blue,22,30,151,52,158,78,155,124,17,126
red,22,27,144,29,71,43,107,55,51,70
red,22,46,26,29,153,43,102,143,76,12
red,78,155,91,50,70,22,61,20,106,108
red,110,40,3,54,118,22,154,2,51,45
red,72,87,155,133,139,0,130,55,51,82
blue,81,54,151,76,14,22,92,6,63,118
red,18,87,41,76,158,22,130,121,63,70
blue,22,75,55,17,45,112,13,121,133,5
blue,131,30,2,76,45,22,26,11,51,82
blue,145,61,122,49,45,22,98,140,29,139
blue,43,65,35,51,124,22,46,19,106,82
blue,131,13,55,106,14,22,23,136,133,70
blue,22,58,87,76,53,137,23,1,106,128
blue,22,60,121,76,53,47,84,71,136,126
red,91,54,48,85,53,154,46,150,106,45
red,3,111,143,51,108,34,155,32,29,119
red,42,60,59,133,108,103,87,64,127,99
blue,90,58,26,51,53,144,154,57,106,82
blue,110,111,93,106,153,20,155,120,29,148
red,112,58,159,150,91,151,23,157,106,108
blue,97,75,43,109,96,47,155,55,61,71
blue,25,58,143,76,108,115,46,150,51,53
blue,47,130,3,9,133,35,98,144,137,153
red,42,23,0,76,153,154,37,155,17,108
blue,81,60,26,106,9,35,65,19,54,4
red,47,142,155,144,118,94,98,121,133,96
red,74,75,143,51,128,47,13,56,136,123
blue,47,40,143,156,153,121,87,151,51,70
blue,72,38,55,17,153,137,60,33,8,158
blue,151,38,55,17,45,47,102,33,24,126
red,20,38,159,138,108,57,46,144,76,9
red,151,88,138,156,45,110,40,144,17,80
red,72,40,20,54,108,0,46,121,17,128
red,59,107,101,150,12,113,28,144,133,70
red,134,107,32,106,148,155,94,26,76,71
blue,0,40,120,116,118,39,61,33,51,45
blue,102,40,33,85,153,31,154,23,50,158
red,31,155,151,41,66,112,84,138,76,128
red,112,102,71,76,46,90,77,41,51,45
red,112,60,120,49,109,42,111,144,52,91
blue,90,27,151,29,80,112,88,138,133,74
blue,127,65,145,51,53,151,141,94,133,70
blue,0,130,121,49,53,22,154,148,147,96
blue,0,84,55,156,96,47,124,144,108,45
red,72,84,155,50,45,131,38,136,51,12
red,115,84,94,49,139,78,77,121,133,93
blue,47,98,26,76,71,112,40,2,29,109
blue,103,58,43,136,53,112,98,151,51,45
blue,110,130,64,54,82,112,102,121,29,12
blue,112,102,121,8,80,107,155,41,29,126
red,62,111,136,49,53,88,26,83,76,126
red,90,60,19,106,96,144,40,89,133,53
blue,90,102,2,49,53,91,155,56,51,128
blue,90,60,2,9,128,18,97,55,52,100
red,22,65,125,138,53,90,58,150,106,97
blue,90,97,143,9,74,121,75,151,51,80
blue,31,23,150,147,45,131,30,2,52,100
red,103,30,122,8,45,72,28,151,51,108
red,154,98,138,51,9,22,54,94,41,45
red,131,102,56,136,70,78,155,53,133,153
red,90,58,68,29,93,151,84,57,24,79
blue,47,60,26,29,66,72,102,59,150,99
blue,59,154,121,29,9,74,142,3,139,128
red,0,92,59,156,93,18,65,144,9,12
red,3,154,59,50,70,62,84,26,116,158
blue,72,65,159,17,12,110,154,43,51,93
red,31,86,155,76,70,68,28,43,29,12
blue,31,91,1,137,93,18,23,2,156,12
red,36,54,3,51,12,144,155,138,150,5
red,92,40,138,54,53,22,141,6,137,119
red,90,23,115,49,12,0,130,68,51,45
red,22,61,143,9,99,48,46,140,76,53
blue,151,38,2,29,5,115,154,150,24,120
blue,39,102,151,24,119,47,154,11,150,12
blue,57,130,151,133,70,37,46,155,17,53
red,34,98,64,76,153,150,30,151,51,12
red,103,65,151,76,5,2,75,56,51,108
red,47,60,136,24,128,104,117,155,17,45
red,110,98,56,17,128,47,23,43,137,14
blue,135,58,140,76,53,22,30,155,9,96
red,154,155,71,137,96,0,13,19,29,158
red,42,38,143,51,109,134,154,71,106,128
blue,134,154,155,51,14,22,26,125,29,96
red,103,58,56,51,93,134,23,121,106,96
blue,48,102,33,51,66,53,23,136,137,128
blue,39,142,159,129,96,18,46,73,17,128
blue,103,38,2,29,45,74,23,150,156,96
red,104,142,155,109,45,0,102,151,17,83
red,37,102,26,76,126,47,141,11,147,45
red,43,30,18,51,126,47,60,120,29,53
red,101,30,151,137,45,31,154,71,51,80
red,104,58,121,106,119,35,142,2,29,108
blue,41,13,121,76,9,20,86,136,106,108
blue,42,149,144,49,15,57,155,1,29,45
blue,47,26,6,24,153,155,75,148,76,14
blue,22,102,138,49,82,158,58,60,133,64
red,42,75,87,29,15,154,74,23,76,70
red,22,67,134,51,14,144,38,155,120,53
blue,112,60,6,69,45,151,84,159,29,108
blue,0,61,159,69,16,18,60,1,29,14
blue,59,111,52,29,9,0,26,150,138,91
red,103,58,32,137,45,151,98,158,17,153
red,103,102,121,29,148,78,38,155,51,74
blue,78,67,155,116,70,110,13,150,6,45
blue,22,98,71,9,15,104,38,11,49,153
red,112,134,143,9,70,0,40,109,51,45
red,41,60,150,106,16,110,84,56,76,93
red,92,26,0,109,108,47,40,54,76,96
blue,18,13,41,50,80,0,37,143,17,53
blue,31,111,55,52,100,0,98,58,9,80
blue,0,134,1,17,153,101,54,144,116,16
red,22,65,144,63,100,90,38,73,9,45
red,22,98,136,133,119,68,141,78,24,53
red,101,88,41,9,120,0,30,144,76,96
blue,31,84,91,116,45,47,28,109,133,53
blue,110,75,120,116,70,121,154,56,76,5
blue,47,154,54,52,118,103,40,83,63,70
blue,22,97,68,52,126,47,13,26,50,53
red,114,30,151,76,126,57,97,124,106,82
blue,101,30,144,29,126,90,88,26,138,108
blue,62,60,55,76,80,112,38,132,139,126
blue,145,58,56,9,108,35,111,91,54,126
red,131,142,11,17,148,48,26,139,69,126
red,18,134,144,51,126,107,38,71,63,70
blue,131,40,71,29,74,154,38,121,116,70
blue,110,98,109,116,153,47,125,7,137,70
red,94,27,158,17,14,74,155,11,29,71
red,114,75,71,29,118,131,28,152,76,9
blue,114,111,155,129,100,47,38,151,76,148
red,47,98,2,76,96,72,88,121,51,70
red,47,28,155,150,82,74,46,151,138,108
red,131,134,56,120,119,22,60,158,76,108
blue,2,38,81,51,158,47,13,138,49,128
blue,47,40,73,147,119,0,46,120,51,108
red,47,13,125,136,76,103,5,132,51,82
red,47,124,101,51,70,18,60,150,137,160
red,18,65,57,51,130,78,46,35,9,158
blue,47,154,3,85,5,0,86,121,49,9
red,114,23,158,133,53,47,60,1,137,100
red,47,60,26,133,12,22,134,23,137,80
red,103,38,19,133,80,47,125,121,51,12
blue,47,46,55,52,93,72,23,150,51,96
red,47,30,155,116,53,107,58,136,85,96
blue,47,102,138,9,153,31,13,158,51,70
blue,112,13,121,54,108,47,155,55,17,148
red,47,60,144,9,148,18,155,11,133,70
red,47,13,155,9,148,0,5,143,76,119
blue,37,60,105,106,4,47,146,89,49,66
blue,47,60,144,63,70,22,98,158,9,53
blue,47,78,43,109,148,22,23,150,54,53
blue,47,98,32,51,12,43,65,144,109,53
blue,78,124,1,137,70,112,40,55,133,80
blue,112,23,148,24,80,115,97,144,17,153
blue,72,130,140,29,71,121,102,1,76,45
blue,150,61,1,17,5,62,111,56,76,99
red,18,54,81,63,119,77,23,150,51,108
red,110,46,132,51,119,90,58,55,133,158
red,38,40,136,51,5,78,130,2,29,153
red,57,75,43,51,80,115,0,55,76,119
red,131,75,155,76,53,0,102,57,136,128
red,103,102,121,9,53,0,54,136,133,70
blue,37,130,83,137,79,72,58,2,51,66
red,90,65,136,106,5,22,98,64,51,66
blue,74,28,2,63,70,31,23,150,116,45
blue,31,154,138,116,100,91,46,124,76,153
blue,47,146,33,24,80,18,38,56,9,70
blue,34,13,143,147,126,47,102,2,51,80
red,47,58,55,137,100,154,23,34,116,153
blue,110,142,140,137,100,43,74,2,106,70
blue,150,97,143,49,128,131,141,1,17,71
blue,110,102,148,69,16,47,23,150,49,96
red,39,154,150,133,45,22,97,2,63,53
blue,115,141,121,24,80,47,102,140,29,148
red,90,134,144,17,45,137,141,73,156,158
red,144,91,139,76,93,90,88,2,29,53
blue,151,117,140,51,99,62,98,144,63,108
red,155,5,151,76,53,144,146,91,51,80
blue,31,154,120,106,100,115,155,136,76,70
red,107,13,73,76,93,151,54,2,137,79
red,47,30,155,9,80,101,67,15,76,66
red,18,84,155,63,158,90,65,143,29,100
blue,119,92,144,116,53,2,23,155,150,45
red,112,54,155,133,70,151,23,83,108,14
red,2,54,155,52,70,110,61,144,150,118
red,135,87,115,136,15,155,61,122,54,4
red,121,13,94,51,14,22,75,73,76,79
red,146,155,138,116,153,110,154,1,29,4
blue,0,30,155,17,158,22,58,20,29,15
blue,0,26,6,49,108,2,155,56,76,45
blue,47,102,155,85,12,62,98,136,54,71
red,150,67,155,17,53,143,13,43,138,9
red,103,154,155,109,108,43,30,53,24,119
red,115,86,155,54,53,20,30,6,150,93
blue,154,77,33,150,4,110,23,155,17,53
red,101,125,2,24,80,137,84,53,133,15
blue,54,7,136,9,108,34,102,2,29,74
blue,110,58,20,51,15,31,23,43,24,99
red,22,125,56,49,45,42,38,138,76,158
blue,0,102,143,116,153,137,97,138,133,53
blue,101,58,20,76,100,18,40,143,51,45
blue,47,102,121,29,139,110,23,62,85,53
red,129,111,73,52,45,3,54,151,63,119
blue,151,38,89,24,119,59,58,150,51,14
blue,101,155,121,17,53,90,75,72,63,14
blue,131,37,77,106,93,88,154,64,76,96
blue,47,13,83,76,153,150,28,158,24,96
red,74,40,26,137,53,57,125,138,9,96
blue,115,38,56,29,108,18,87,2,133,119
red,42,26,71,24,91,22,87,2,137,153
blue,114,145,26,69,108,22,75,71,29,12
blue,150,77,143,50,109,20,111,151,138,100
red,39,13,144,24,126,154,142,43,29,70
red,22,87,26,51,118,112,77,158,137,119
red,43,111,136,133,70,22,60,132,51,14
blue,43,58,121,49,9,151,154,26,29,153
blue,151,60,97,133,70,19,155,150,24,128
red,115,58,104,76,159,110,46,55,51,108
red,90,102,19,108,153,101,154,138,9,70
red,144,141,155,133,100,22,40,56,116,9
red,53,111,57,17,82,18,58,55,24,96
red,103,61,138,133,70,22,30,15,108,109
red,101,61,121,156,12,31,102,151,76,15
blue,74,61,155,133,119,104,23,125,76,100
red,0,46,121,51,53,18,30,136,106,5
blue,42,154,121,49,71,112,98,0,52,119
blue,154,88,121,76,82,31,111,64,17,108
blue,22,38,121,116,70,135,5,150,76,119
blue,62,61,53,133,14,78,13,155,9,16
red,47,97,68,51,148,22,13,2,106,45
red,130,13,1,76,53,110,58,23,49,45
red,62,27,94,51,128,22,141,121,17,9
red,110,111,121,49,96,151,38,55,76,153
blue,115,28,11,147,96,35,75,81,133,45
red,2,28,43,17,9,81,54,25,76,80
red,94,87,109,137,96,101,5,144,69,80
red,151,23,143,106,93,47,40,2,17,120
blue,112,117,2,29,71,3,75,121,150,53
red,35,102,143,17,45,3,26,120,76,70
red,88,40,64,137,9,34,91,2,17,109
blue,35,60,26,137,45,74,75,151,129,12
blue,151,38,104,116,70,101,46,150,137,53
blue,74,60,64,137,81,115,75,56,51,153
red,135,142,23,137,70,25,38,140,29,79
blue,0,61,23,9,53,134,142,2,51,70
red,0,23,144,51,53,18,40,37,137,70
blue,48,23,1,29,153,62,58,56,9,70
red,112,84,120,51,128,59,38,94,133,70
blue,18,30,138,51,99,0,87,55,133,70
blue,42,142,144,139,99,78,111,43,51,128
red,154,23,155,137,99,35,65,32,106,128
blue,31,23,150,29,5,107,38,55,49,79
red,2,125,71,76,53,114,134,3,147,118
blue,47,28,148,137,118,22,60,120,76,45
red,74,65,11,8,118,0,102,56,139,45
red,22,124,21,76,118,121,111,125,9,5
red,75,84,150,52,96,151,142,143,51,148
blue,0,155,121,76,128,36,91,87,133,70
blue,38,60,159,51,45,31,155,19,24,93
red,36,61,121,24,119,131,65,3,85,153
blue,78,111,62,52,128,31,23,151,49,99
red,38,113,143,147,70,107,46,121,133,96
red,91,98,140,63,158,47,30,64,76,12
red,120,142,54,51,45,43,154,150,49,14
blue,22,91,26,133,45,101,87,138,137,12
blue,158,154,120,29,9,74,60,53,63,45
red,57,40,121,69,109,32,13,155,76,9
red,135,61,56,120,70,104,141,6,51,153
red,130,38,11,136,100,137,155,143,54,108
red,90,60,19,120,108,107,88,121,51,153
blue,88,97,159,85,45,31,60,6,24,108
red,123,30,140,137,108,77,60,57,9,70
red,131,142,6,138,12,18,124,155,76,158
red,112,130,26,9,70,74,46,55,76,96
blue,72,46,56,76,108,101,38,2,49,45
blue,110,86,7,76,45,74,38,19,29,118
red,78,88,68,69,100,47,46,121,116,45
blue,0,58,11,85,109,88,61,120,63,53
red,155,125,11,129,108,36,111,144,133,100
red,145,13,68,56,96,72,38,11,17,80
red,18,98,26,157,100,11,40,125,76,128
red,37,58,155,51,45,78,38,56,8,158
blue,81,38,144,17,45,18,26,94,51,53
red,103,142,124,9,128,113,111,144,24,100
blue,2,40,150,49,111,47,87,21,51,128
red,2,125,52,108,109,151,30,121,50,96
red,47,130,159,109,108,18,142,32,51,100
blue,33,149,3,50,45,56,30,155,17,93
blue,43,102,71,76,109,110,60,151,138,126
red,112,141,71,106,45,88,125,3,156,128
red,47,23,71,49,53,0,54,94,24,100
red,31,46,121,8,123,18,130,151,137,70
blue,0,154,127,76,53,31,155,121,120,118
red,112,40,120,85,118,57,58,56,76,153
red,43,13,89,9,53,130,30,120,51,126
blue,48,38,37,17,53,77,67,132,120,119
blue,22,60,37,8,118,115,38,41,63,70
red,43,124,55,17,53,2,23,8,133,70
red,22,154,8,17,109,57,125,144,120,79
blue,74,38,8,17,128,22,30,104,106,14
red,112,40,26,69,12,110,87,71,49,139
red,102,60,26,76,45,115,111,53,49,108
blue,36,98,23,76,14,2,102,150,24,91
blue,107,67,43,24,108,103,28,151,120,112
blue,134,142,138,17,9,25,38,1,51,108
red,158,141,56,137,45,101,26,155,133,70
red,48,102,55,137,153,22,154,139,17,71
red,77,98,144,76,71,47,38,120,49,158
red,131,98,140,133,79,72,28,2,129,53
red,0,67,2,138,71,90,84,68,24,99
red,134,58,53,133,108,112,130,121,51,80
blue,90,94,151,29,139,39,46,18,109,45
red,22,75,132,76,79,131,58,144,136,93
blue,137,65,150,136,53,47,13,23,106,96
red,22,13,121,17,158,0,38,144,116,96
red,103,13,148,9,119,42,111,21,133,118
red,62,38,144,109,108,22,141,7,29,14
red,127,38,155,9,158,18,84,132,17,53
red,36,38,68,17,45,155,142,136,29,118
blue,22,74,150,143,93,47,30,144,85,45
red,110,46,57,76,70,78,102,148,51,12
blue,90,38,68,49,128,22,75,56,24,4
blue,36,58,53,29,45,103,13,143,76,14
red,3,46,41,85,108,31,111,124,17,96
blue,90,30,129,41,100,78,65,151,122,93
red,47,102,26,41,128,81,111,121,49,9
blue,155,40,2,24,45,22,75,41,17,148
blue,88,28,121,52,126,20,60,19,136,9
red,43,75,53,54,100,151,60,23,9,70
red,90,102,143,69,80,94,111,71,24,128
blue,88,94,52,54,93,25,102,144,76,45
blue,101,102,68,133,108,92,30,144,51,118
red,22,28,138,76,93,31,155,148,49,153
red,107,102,151,106,82,37,130,150,29,108
red,31,142,124,49,119,57,88,121,69,82
red,101,84,64,17,93,115,38,26,9,119
blue,2,91,101,49,93,83,60,33,137,9
blue,115,60,124,116,79,22,98,89,76,100
red,103,40,2,76,153,131,46,54,120,12
blue,151,38,143,29,80,48,61,144,50,139
blue,74,88,2,29,109,90,58,143,51,119
red,25,28,43,120,108,110,60,89,51,109
red,72,88,144,24,45,81,111,121,51,47
red,22,88,94,109,45,90,30,1,17,96
red,110,88,134,109,79,112,30,155,106,128
blue,78,46,155,137,148,131,58,140,51,53
blue,74,46,23,51,153,22,40,26,106,126
red,110,38,73,137,53,126,61,143,54,119
blue,101,91,159,29,45,34,13,94,51,158
blue,31,23,143,51,96,22,98,35,63,70
red,91,60,143,106,82,107,111,155,63,53
blue,151,155,57,109,12,22,40,2,51,53
blue,145,67,151,49,128,131,46,68,133,70
red,90,58,144,52,119,110,40,120,29,53
blue,158,58,64,17,108,112,98,56,133,119
red,22,154,43,51,96,134,23,56,8,153
blue,90,77,56,52,100,20,154,150,51,53
red,105,40,125,133,70,101,141,56,51,9
blue,115,78,139,106,128,127,154,151,116,14
red,43,27,91,76,108,0,38,83,50,100
blue,103,23,53,69,100,151,60,26,17,159
red,43,134,121,137,12,91,130,71,54,96
blue,150,40,120,133,100,18,58,21,51,96
blue,103,124,155,51,45,2,75,94,133,96
red,31,40,33,69,71,22,54,94,137,119
red,150,28,158,76,16,22,125,121,24,128
red,37,98,87,133,153,103,84,43,29,45
red,114,125,1,17,45,103,86,23,50,70
blue,3,61,125,136,53,72,141,109,51,118
blue,110,102,37,52,5,101,84,125,116,16
blue,107,38,73,51,12,22,98,1,116,53
red,31,67,144,24,96,0,65,26,49,4
blue,0,111,136,150,96,107,102,54,9,45
blue,103,154,120,76,99,22,111,33,156,53
red,103,75,71,76,70,151,38,140,17,158
blue,0,46,32,17,79,112,146,56,106,153
red,158,130,55,29,12,0,30,151,24,5
blue,57,142,155,133,79,72,46,56,24,126
red,151,46,121,51,153,154,111,6,76,79
red,18,46,55,156,108,104,38,121,29,153
blue,22,92,56,63,53,25,38,143,76,14
blue,101,111,6,29,158,22,38,140,76,119
blue,77,13,140,76,71,107,28,1,133,45
blue,115,125,33,29,118,18,111,56,51,12
blue,3,26,122,17,158,131,54,73,63,70
red,134,111,56,24,71,42,107,3,51,12
red,53,61,89,106,45,115,142,11,133,12
red,151,13,33,106,45,110,154,1,116,153
red,134,88,68,76,159,84,26,155,116,96
blue,114,28,155,9,5,103,30,148,133,126
red,114,102,57,8,45,22,58,56,76,119
red,101,78,71,17,45,34,155,26,7,12
blue,47,77,89,106,45,0,60,1,9,153
red,110,102,11,54,128,154,86,143,51,133
blue,36,74,140,137,109,131,88,121,51,100
blue,25,38,64,137,128,131,26,144,51,82
red,34,141,56,120,91,103,125,144,69,153
red,115,86,143,51,66,0,102,6,136,108
blue,3,146,32,29,120,115,28,151,51,82
blue,90,102,56,116,109,37,98,53,133,128
blue,34,13,143,136,5,25,75,138,51,153
blue,0,102,44,51,128,145,61,1,120,153
blue,151,154,91,52,5,42,107,32,51,45
blue,0,26,151,63,70,72,141,150,51,45
red,37,130,26,29,139,22,97,138,9,93
red,131,65,136,106,100,151,145,155,24,128
red,20,58,56,76,4,151,28,155,133,53
blue,78,67,48,29,12,42,154,71,136,53
red,110,102,55,3,93,112,38,144,116,153
blue,37,23,155,116,118,90,28,71,17,158
blue,42,102,35,51,158,145,30,129,138,99
blue,90,28,155,56,158,146,102,35,138,53
blue,83,58,142,133,153,135,155,55,49,158
blue,57,40,55,17,148,112,61,70,133,158
blue,158,38,22,51,70,37,154,35,63,100
blue,90,28,155,106,91,121,142,26,17,119
blue,142,88,148,136,119,145,84,144,116,66
blue,0,60,121,51,158,35,28,33,50,45
red,0,30,56,120,119,92,46,155,148,53
blue,0,92,56,137,45,107,60,54,76,96
blue,34,13,53,51,70,0,97,56,137,100
red,112,61,155,54,82,150,65,121,9,153
red,103,98,56,76,93,22,28,144,54,53
red,101,26,56,50,80,72,125,2,137,108
blue,47,130,140,24,124,112,58,56,49,158
red,35,75,57,17,109,47,60,56,29,108
red,110,40,56,76,158,151,134,2,133,108
blue,135,155,56,85,5,36,74,140,137,45
red,92,86,155,139,153,42,38,140,76,53
red,42,67,151,69,82,11,75,94,106,53
red,47,30,121,133,153,42,60,1,17,9
red,42,40,55,51,126,103,28,56,17,80
blue,22,87,42,69,16,37,60,23,24,53
red,41,98,68,116,45,103,154,155,109,53
blue,112,75,73,9,100,22,98,56,133,70
blue,0,98,68,133,80,18,54,155,50,53
red,154,13,19,76,45,0,27,48,51,114
blue,78,92,0,24,53,112,38,136,9,70
blue,36,102,75,51,9,37,40,56,156,100
blue,151,134,71,17,128,90,102,133,109,53
blue,47,154,1,106,45,145,28,136,29,100
blue,121,141,26,51,153,158,23,155,63,100
red,110,38,151,17,100,22,40,33,76,93
blue,110,23,26,69,70,77,67,121,51,139
blue,121,65,151,156,70,130,87,2,49,108
blue,81,38,6,150,53,0,60,71,17,158
blue,43,30,51,9,79,22,13,151,76,124
red,101,111,140,85,100,115,67,56,147,126
red,55,13,20,17,45,121,60,29,51,76
red,103,60,23,137,70,145,38,131,138,45
blue,103,61,120,63,16,107,38,158,137,119
red,101,40,143,49,45,42,65,10,51,70
blue,22,28,105,69,14,103,5,3,51,80
blue,112,38,55,51,5,41,130,121,29,80
red,42,111,121,137,119,112,30,37,116,81
red,90,102,0,51,80,74,142,136,63,53
red,48,28,21,137,45,78,60,29,51,5
blue,22,13,1,51,16,42,75,138,137,70
blue,0,155,1,51,153,78,111,94,54,71
blue,134,60,143,133,14,9,23,119,51,108
blue,47,46,159,133,12,37,61,56,51,9
blue,115,13,1,116,96,131,154,121,137,45
blue,22,28,133,29,45,134,111,120,76,91
blue,42,87,109,137,158,90,58,121,50,66
red,101,65,120,25,96,0,28,129,138,71
red,72,111,121,49,45,137,40,83,76,93
red,115,60,136,24,5,18,114,56,51,12
blue,77,111,132,133,53,101,30,125,49,12
red,47,65,57,139,45,2,125,11,76,14
red,18,154,151,49,82,43,58,11,133,70
red,39,38,1,49,15,47,134,68,17,53
red,31,60,79,138,108,127,154,6,24,119
blue,37,125,68,147,96,92,75,55,29,128
red,22,46,121,17,53,91,111,19,24,126
blue,20,38,94,29,111,22,46,73,17,45
blue,0,27,155,150,45,110,65,140,24,70
blue,112,84,121,29,45,113,91,44,9,148
blue,14,61,23,15,109,91,38,144,116,153
blue,101,58,56,51,96,150,155,23,76,45
red,131,65,143,50,12,112,75,6,106,53
red,90,133,56,17,100,39,98,21,50,66
red,47,141,2,76,70,43,60,83,9,82
red,37,111,55,9,108,22,92,56,76,5
blue,131,23,140,49,93,22,84,71,29,16
red,22,30,155,76,108,20,102,43,136,12
red,20,30,6,133,70,150,102,136,109,108
blue,2,58,148,137,70,115,124,37,150,96
blue,74,102,29,116,82,120,113,3,69,93
blue,107,38,91,29,45,112,26,121,50,70
red,110,40,151,76,153,142,134,121,49,148
red,131,58,151,51,53,18,102,1,63,80
blue,43,84,29,76,53,154,26,94,138,153
red,134,142,121,116,153,42,61,124,24,14
blue,43,46,89,136,128,110,58,143,76,5
blue,20,92,150,9,119,47,23,143,52,79
red,43,139,151,63,70,95,65,67,17,108
blue,34,40,2,29,80,105,98,125,137,160
red,88,54,155,129,96,47,98,56,17,148
red,36,142,140,52,148,90,134,19,9,119
blue,42,58,1,133,153,0,60,143,17,91
red,0,46,55,156,148,22,154,43,17,9
red,134,94,132,17,148,35,60,56,29,12
red,152,60,157,137,110,146,154,1,17,15
blue,90,40,1,133,148,43,149,142,51,12
red,144,102,155,136,109,18,23,121,52,66
blue,22,23,155,109,45,131,154,26,9,128
blue,18,54,155,133,99,90,102,23,9,53
blue,77,23,151,9,109,47,61,2,24,53
red,47,60,140,51,119,2,97,21,106,93
red,0,113,148,69,124,101,13,94,116,70
red,78,67,103,49,45,18,23,150,17,53
red,34,13,159,85,128,77,111,140,150,53
red,18,13,21,17,99,110,111,19,76,108
blue,48,134,125,120,66,31,30,155,106,96
red,107,142,81,29,120,121,13,56,52,128
red,41,38,143,108,45,144,13,55,51,70
blue,131,98,144,106,82,22,13,148,24,53
red,107,102,136,29,138,154,13,143,50,109
blue,37,65,56,116,118,72,13,63,9,45
red,0,13,23,133,100,95,26,94,51,53
red,35,154,157,137,53,43,13,11,51,126
red,31,13,158,76,66,47,111,56,17,4
blue,134,84,157,17,66,47,54,62,24,93
blue,31,13,26,85,128,47,28,150,24,5
red,108,58,55,51,53,115,22,7,29,74
blue,18,65,121,137,53,0,141,151,24,15
blue,25,125,121,29,128,144,23,94,137,99
red,43,125,121,51,158,115,13,144,9,70
blue,131,46,53,137,70,144,98,155,51,160
red,34,84,150,51,128,18,111,151,24,153
blue,37,38,56,133,70,103,67,104,29,5
blue,0,130,121,137,70,34,141,138,93,153
red,0,28,121,50,153,37,134,139,133,70
blue,34,154,71,133,93,90,38,1,49,108
red,78,58,121,9,126,22,98,20,29,96
blue,112,40,121,106,120,18,26,94,76,128
blue,74,40,2,9,14,90,30,120,156,96
red,31,84,104,49,96,74,13,35,9,70
red,36,26,109,17,53,74,5,1,136,153
red,74,60,94,29,76,83,38,11,8,70
blue,47,107,120,51,14,18,142,56,54,99
blue,72,13,26,133,108,0,155,110,109,53
blue,22,125,91,54,100,18,38,158,29,109
red,26,38,18,50,70,55,111,112,29,158
red,101,84,140,76,45,0,111,56,17,93
blue,74,67,52,120,108,110,142,144,9,53
red,74,65,121,9,108,36,61,143,24,128
blue,42,88,32,24,79,74,28,150,106,4
blue,112,5,19,106,96,74,60,140,76,109
red,154,107,57,50,74,78,38,43,49,45
red,47,67,136,69,14,18,130,57,156,82
blue,78,84,57,85,126,47,60,55,76,9
red,74,125,64,9,45,35,113,68,50,5
blue,31,60,26,133,108,74,23,94,29,128
blue,74,86,2,133,153,78,65,140,9,148
red,74,54,155,136,45,112,154,124,29,93
red,47,154,158,51,82,18,67,94,76,4
red,47,154,68,106,4,152,61,138,49,82
red,0,58,159,51,128,72,74,150,24,99
blue,2,74,119,137,12,31,40,1,24,70
blue,31,38,59,147,93,48,74,56,116,80
blue,18,154,125,139,93,130,88,56,24,45
blue,107,88,140,150,153,130,38,87,9,158
blue,112,155,87,85,158,110,58,1,138,12
blue,135,38,121,49,15,90,13,124,133,53
red,31,134,55,29,108,115,46,144,76,53
blue,110,97,121,17,71,150,75,138,137,96
red,22,27,124,76,133,72,141,159,69,80
blue,31,40,150,51,158,134,13,43,54,108
red,151,46,137,17,9,104,38,33,29,91
red,57,74,43,139,66,90,46,143,76,118
blue,35,40,27,17,71,130,75,138,139,109
blue,47,154,120,29,153,0,111,43,139,128
red,78,60,151,139,70,110,84,52,109,119
red,146,154,140,49,128,0,142,1,108,53
red,146,75,81,29,153,43,40,144,49,128
red,120,102,44,51,14,0,13,138,76,119
red,120,46,2,50,108,51,30,35,76,126
red,138,61,131,17,93,72,13,55,76,160
red,0,40,6,29,53,18,60,32,17,153
blue,3,38,55,133,79,18,84,155,29,158
blue,104,98,144,9,158,47,23,150,138,82
blue,47,58,144,76,118,25,60,64,51,45
blue,47,23,64,17,119,144,113,71,63,70
blue,81,58,157,51,14,114,154,26,137,126
blue,72,38,83,51,45,47,60,2,76,5
blue,18,142,136,116,153,37,38,144,76,96
blue,151,13,68,76,12,43,97,148,24,53
red,42,28,68,51,14,110,40,55,17,153
red,20,75,55,76,128,150,87,151,85,45
blue,101,61,56,51,93,103,88,11,76,45
blue,103,117,52,9,108,112,61,73,17,128
red,37,23,43,76,108,0,67,29,51,45
blue,151,154,19,17,53,35,97,120,108,9
red,110,111,26,109,108,22,141,139,137,45
blue,78,46,2,147,74,119,23,124,110,108
red,74,38,32,50,70,36,46,1,116,45
blue,115,155,121,9,108,78,23,150,69,96
blue,150,26,144,76,45,47,60,3,54,93
blue,150,60,104,29,4,154,75,21,69,45
red,18,61,56,51,160,112,98,2,17,53
red,112,154,43,76,119,110,23,6,116,12
blue,88,46,120,51,53,47,13,57,137,70
red,18,23,3,136,80,22,97,151,120,108
blue,74,38,143,133,109,0,67,2,85,96
red,42,141,121,51,114,110,74,2,137,45
red,22,107,32,17,45,112,46,138,108,148
red,31,61,121,17,12,110,13,144,76,53
red,103,102,125,109,70,25,98,68,52,128
blue,101,125,11,109,118,78,58,103,29,70
blue,103,61,138,8,108,22,142,144,109,93
red,144,75,138,109,128,104,61,105,51,66
blue,144,60,3,133,93,43,130,55,109,118
blue,104,84,155,133,119,67,65,93,109,108
blue,34,154,87,133,53,72,111,43,136,45
red,92,65,155,106,128,57,102,109,29,108
blue,0,130,144,109,118,101,37,129,137,45
red,22,65,109,137,45,2,13,121,49,5
red,35,145,55,50,128,112,113,140,76,66
red,72,38,121,109,9,110,102,53,51,108
blue,112,13,43,24,108,101,86,56,109,119
red,101,23,155,24,96,112,58,53,106,100
red,74,13,104,51,108,101,40,55,109,93
red,135,97,1,109,108,57,65,132,24,100
blue,155,60,55,24,99,154,98,158,109,119
red,0,154,150,109,99,34,134,124,156,53
red,151,60,140,109,4,0,86,121,116,108
red,47,130,19,24,5,113,142,159,109,74
red,35,146,55,106,82,72,23,150,116,118
red,37,155,125,76,139,43,60,56,51,93
red,0,146,68,51,70,47,154,1,9,100
red,47,155,73,63,70,68,38,121,76,71
blue,47,13,143,133,119,77,27,81,106,5
blue,74,38,21,106,80,154,98,73,17,96
red,74,13,73,17,53,88,142,21,76,96
blue,34,13,56,54,71,110,142,121,29,79
red,142,141,144,133,16,88,134,120,76,153
red,151,40,1,156,12,152,23,150,17,81
red,37,60,94,106,99,101,111,64,133,45
red,43,142,6,63,108,47,92,120,17,53
red,120,61,141,29,53,31,107,56,106,93
blue,0,154,67,106,70,112,130,2,85,96
blue,0,65,150,29,45,112,142,71,76,153
blue,22,30,33,63,71,151,46,55,158,53
blue,43,98,138,50,12,47,86,143,108,93
blue,88,154,150,138,118,115,37,94,51,93
red,0,60,143,116,153,35,13,56,29,15
blue,37,58,121,17,81,0,23,11,50,100
red,151,88,55,106,109,31,65,159,147,70
red,78,84,103,147,108,104,58,37,76,16
red,103,146,158,24,45,72,102,120,76,6
blue,22,26,155,150,108,77,60,55,29,53
blue,110,38,19,29,119,78,155,63,51,9
blue,25,67,21,24,70,59,107,3,76,53
blue,110,111,19,69,70,22,65,21,76,158
red,22,155,121,9,45,110,30,83,76,109
red,152,58,26,51,80,37,38,150,17,66
blue,0,67,55,133,70,91,40,21,51,82
blue,31,102,2,51,45,131,65,56,50,70
red,112,60,56,116,82,34,111,33,17,45
red,92,102,1,63,53,74,155,120,85,118
red,47,60,138,133,53,120,102,21,156,153
blue,146,102,68,29,100,18,37,155,76,108
red,103,60,68,133,108,90,28,150,49,82
blue,151,98,138,120,153,123,111,94,17,108
blue,20,60,150,106,128,123,58,19,76,45
red,123,28,151,156,108,131,30,3,106,53
blue,110,40,57,106,124,3,30,121,133,100
red,43,30,3,9,109,95,145,73,108,53
blue,0,30,56,63,12,53,13,144,133,153
blue,0,5,2,17,119,47,145,91,29,93
blue,22,46,136,63,70,47,61,56,29,53
red,47,107,1,133,70,72,46,3,138,108
red,90,67,157,17,53,31,134,138,76,153
blue,37,60,56,49,93,103,130,54,17,53
red,104,23,43,51,119,77,133,56,17,126
blue,101,75,122,133,70,134,111,121,49,66
blue,31,46,37,17,79,43,61,138,49,92
blue,57,87,71,29,45,134,28,151,17,70
blue,31,28,35,76,119,90,65,1,51,9
red,151,27,26,108,93,42,124,3,69,80
blue,53,145,94,50,70,115,77,124,63,80
blue,151,142,1,50,153,115,46,73,29,53
blue,46,111,121,63,119,158,92,136,29,53
blue,22,75,150,157,109,47,28,2,85,108
red,123,23,155,49,53,131,84,144,69,80
red,47,61,19,63,108,101,40,109,17,96
blue,22,40,89,63,153,37,130,26,29,15
blue,103,67,26,52,108,47,111,136,76,5
red,90,111,2,52,14,131,40,19,9,45
red,90,155,139,133,70,47,65,2,54,108
red,3,134,56,50,153,20,40,43,133,45
red,103,40,71,129,96,90,98,94,24,80
blue,114,134,150,76,153,31,30,155,133,70
blue,62,13,6,76,53,43,88,68,17,14
blue,0,38,129,109,82,90,154,2,17,128
blue,18,30,155,50,119,90,60,132,76,153
red,22,102,1,116,158,90,13,6,50,53
blue,103,84,19,52,91,117,40,144,76,128
red,151,23,150,76,82,43,107,55,133,79
red,151,5,1,116,45,90,111,138,106,128
blue,134,84,43,49,93,0,28,26,76,53
blue,88,65,1,50,53,145,155,150,76,100
blue,59,58,155,9,96,37,38,56,116,45
red,144,102,103,116,14,110,107,143,29,45
blue,81,154,52,147,91,22,40,1,17,108
blue,18,27,6,116,124,103,149,144,17,53
blue,107,146,148,116,70,91,98,138,49,4
red,152,46,52,138,96,0,40,55,147,53
blue,78,28,151,52,112,146,54,91,76,5
blue,18,111,143,24,108,3,46,93,106,12
red,20,154,132,106,53,31,102,6,29,45
blue,31,38,139,24,93,110,13,2,76,71
blue,0,134,155,76,71,103,98,1,17,100
blue,39,102,140,49,71,37,98,121,63,70
red,91,142,121,49,71,112,67,23,29,108
blue,101,142,121,29,71,37,107,94,24,108
blue,43,40,138,9,71,22,58,41,76,128
blue,72,84,140,133,80,47,75,71,17,45
red,53,88,0,156,119,43,141,11,24,96
blue,0,141,144,50,45,62,28,151,106,100
blue,81,38,55,24,45,74,154,56,8,53
blue,47,38,56,17,45,37,87,129,120,9
blue,3,102,121,68,158,112,92,43,120,128
red,112,23,83,76,100,150,102,2,106,82
red,112,84,140,17,79,110,46,56,54,53
red,90,146,43,137,53,112,58,56,29,74
red,112,61,144,9,91,115,155,56,49,80
red,22,38,121,9,53,112,40,19,29,80
blue,0,26,138,106,153,112,141,143,54,45
blue,90,58,33,129,53,112,38,41,76,158
blue,0,154,23,17,153,37,134,150,24,128
red,43,27,157,150,53,110,23,2,17,119
red,43,38,55,69,45,2,60,3,49,14
red,107,40,139,9,119,151,97,55,116,80
blue,111,28,155,106,82,0,124,150,109,53
red,41,102,138,51,108,158,107,155,76,9
blue,43,98,155,29,15,34,87,91,51,45
blue,57,92,3,136,100,81,124,112,51,128
blue,25,67,55,137,93,36,58,112,76,99
blue,117,98,56,51,16,151,61,55,76,128
blue,154,58,21,51,53,117,40,114,17,12
blue,48,23,94,29,53,0,30,83,76,80
blue,48,86,7,109,108,81,111,114,116,158
blue,90,23,26,50,70,92,102,140,29,153
blue,67,141,56,51,126,0,130,144,8,118
blue,42,88,148,51,158,68,65,144,85,12
red,110,60,138,51,82,78,58,37,69,79
red,18,60,43,137,119,123,77,21,9,139
blue,127,155,21,133,108,107,40,6,29,119
red,0,84,3,51,93,25,40,1,133,119
blue,0,27,144,29,45,74,65,151,51,14
blue,31,28,151,17,119,101,102,56,51,45
red,42,23,150,17,79,26,46,124,29,138
red,74,87,2,29,53,152,30,55,49,14
red,151,102,56,63,158,18,146,94,17,81
blue,91,134,121,52,93,0,13,2,108,118
blue,92,97,2,116,45,22,75,121,51,100
red,72,142,71,129,53,31,111,124,76,128
red,36,111,56,76,160,31,142,73,17,45
red,18,142,32,116,100,0,58,68,17,153
red,31,13,120,29,118,101,38,144,76,82
blue,112,92,23,106,53,39,111,1,137,96
red,20,38,151,133,153,110,142,2,17,158
blue,134,75,3,133,82,88,54,144,106,100
blue,112,13,151,138,45,134,74,140,51,100
red,37,130,43,138,128,134,40,93,76,96
blue,131,141,1,106,153,72,102,143,49,45
blue,134,75,158,116,119,110,28,155,133,80
blue,74,38,1,50,108,112,13,148,76,119
blue,22,54,53,133,93,131,125,23,17,96
red,0,65,56,24,53,77,102,140,51,71
blue,62,84,35,137,82,42,40,94,143,158
blue,154,142,89,137,109,78,67,48,49,158
blue,0,61,56,17,45,22,91,120,137,9
red,145,26,125,137,118,35,130,55,150,45
red,151,46,136,137,80,31,124,120,106,9
red,83,146,6,137,70,20,97,136,24,128
blue,20,142,150,137,109,103,23,71,24,5
red,0,87,151,137,153,52,154,3,150,70
blue,134,61,15,137,70,110,154,136,106,82
red,115,38,120,137,70,0,134,19,50,53
blue,72,65,150,133,71,137,130,56,116,118
red,115,61,120,137,96,74,38,89,29,82
blue,144,65,94,137,82,0,30,43,116,70
red,20,65,7,17,71,0,28,94,51,82
red,131,61,144,17,79,22,30,136,51,97
blue,145,61,105,116,153,101,38,37,137,128
red,22,58,124,137,45,112,78,138,133,70
blue,97,23,140,137,70,0,38,124,68,66
red,74,97,26,17,53,150,61,155,116,153
red,151,67,155,137,96,103,97,1,54,93
red,88,75,73,137,158,22,124,150,24,45
red,72,155,132,137,82,20,141,140,116,80
blue,47,138,140,133,104,145,111,1,137,9
red,25,27,140,137,119,31,26,3,51,45
blue,34,102,159,51,9,25,40,121,137,119
red,0,65,143,137,30,125,149,56,133,153
blue,0,60,125,133,70,2,117,68,137,108
red,115,30,64,137,93,125,40,140,8,45
red,35,61,64,137,12,101,40,20,50,126
blue,155,91,1,137,45,0,26,150,51,100
blue,31,23,120,136,96,104,35,121,137,70
red,47,75,140,137,45,110,54,49,29,3
red,151,74,121,137,153,20,113,155,24,12
red,20,65,32,24,45,121,111,51,29,118
blue,22,54,29,137,119,103,61,89,63,70
blue,115,97,23,116,128,47,26,151,137,93
red,0,102,109,137,100,131,111,71,51,82
red,0,102,121,137,79,58,74,21,52,4
blue,22,67,2,137,46,35,60,75,147,45
red,131,94,121,137,70,22,97,109,29,45
blue,74,13,55,129,153,73,113,18,137,45
red,88,58,55,29,53,112,13,71,137,70
blue,78,104,43,69,45,113,38,64,137,100
red,2,58,38,133,119,131,60,121,24,74
blue,74,38,122,106,91,35,23,155,17,53
red,103,102,55,137,45,25,44,150,54,53
blue,47,46,1,109,108,88,98,150,138,158
blue,35,146,1,51,148,18,155,144,9,100
red,0,28,3,150,128,90,23,21,147,96
red,104,154,81,52,126,127,23,150,49,15
blue,151,141,155,116,71,150,111,121,50,148
red,74,88,158,76,45,101,65,55,17,100
blue,34,38,143,120,91,43,61,56,133,71
blue,31,88,124,17,45,103,97,121,133,148
red,43,38,158,69,80,35,87,125,51,70
red,90,46,151,76,118,101,13,158,51,53
blue,34,141,26,109,53,103,54,143,17,70
blue,103,28,144,51,80,114,142,138,136,70
blue,103,155,104,109,79,35,142,37,17,119
blue,39,61,142,52,128,48,98,125,51,82
red,151,141,140,51,70,104,98,71,29,119
red,88,40,71,49,153,0,38,139,17,80
blue,90,58,71,49,53,74,38,136,137,70
red,74,60,32,49,70,104,124,136,24,53
red,150,23,121,108,119,22,87,56,52,70
blue,115,40,143,17,118,78,60,52,108,119
blue,0,87,26,133,158,88,46,56,108,53
blue,37,40,56,106,82,130,87,29,108,4
blue,0,97,56,29,5,110,111,157,108,74
red,101,65,121,108,12,62,102,120,147,128
red,22,13,144,136,53,110,40,35,108,45
blue,77,40,121,51,148,0,30,138,76,108
red,91,40,121,108,45,43,142,138,51,80
red,43,146,144,50,91,95,145,121,108,153
blue,35,40,140,17,118,0,60,55,108,45
red,110,13,6,108,53,101,46,1,147,93
red,103,40,121,108,96,31,142,89,29,15
blue,137,30,143,69,12,140,111,155,116,93
blue,22,40,2,29,153,77,28,121,108,12
red,35,30,51,108,53,103,13,81,9,71
blue,74,26,43,49,5,131,38,140,108,100
blue,48,40,140,29,45,47,154,121,51,93
red,34,54,150,108,16,112,30,144,29,79
blue,74,54,141,17,80,0,38,143,108,119
red,31,58,140,108,160,22,38,2,49,119
red,0,124,23,108,12,65,67,140,8,45
red,22,65,56,17,45,145,46,68,76,9
red,154,111,26,17,71,101,142,143,108,45
red,145,40,158,106,99,31,130,64,51,108
red,31,74,1,108,93,90,40,143,51,158
red,78,87,63,108,93,134,141,144,50,158
red,41,46,56,76,53,146,149,159,108,9
blue,18,111,19,76,80,101,134,88,150,12
red,107,130,83,17,53,63,134,144,76,82
blue,101,154,124,116,53,83,23,150,29,108
blue,115,97,140,147,108,18,84,56,49,9
red,22,38,2,83,45,3,102,55,51,128
blue,101,84,83,76,46,112,65,55,29,45
blue,57,58,83,133,153,25,155,54,76,45
red,36,26,144,133,100,43,46,55,137,70
blue,74,84,138,133,53,145,30,124,63,9
blue,22,58,121,50,70,130,87,19,52,82
red,3,40,94,120,153,47,28,159,17,128
blue,31,40,56,29,153,43,87,120,24,128
red,22,58,143,29,153,114,27,151,9,70
blue,125,26,19,17,53,25,65,71,50,14
blue,154,30,138,24,27,92,134,55,63,70
red,22,26,155,133,12,151,58,55,129,153
red,127,92,19,116,45,37,142,2,17,14
blue,103,134,109,49,128,34,97,136,51,5
red,43,134,121,116,45,90,23,143,76,14
blue,31,84,2,116,153,88,58,136,49,93
blue,115,88,143,120,96,142,111,15,51,14
blue,90,40,151,158,9,0,60,144,76,80
blue,36,87,121,50,16,131,84,56,24,14
red,150,97,151,148,100,123,28,61,63,14
red,90,46,91,116,70,0,26,151,17,128
red,18,40,71,17,5,57,107,94,156,153
red,57,38,144,133,14,22,23,159,116,93
blue,22,125,143,9,15,42,38,26,76,53
red,90,30,151,17,5,101,111,63,49,4
red,43,67,151,17,71,57,142,55,76,100
blue,22,111,138,29,53,90,26,32,116,5
red,31,23,150,116,12,47,40,140,17,45
blue,31,13,150,17,45,2,145,151,116,70
blue,151,30,3,106,53,22,111,143,116,70
red,112,40,140,116,70,43,27,1,106,153
red,18,40,122,120,96,35,75,64,133,14
red,123,134,121,49,96,0,94,1,51,111
red,47,87,121,17,100,48,30,155,133,109
red,59,91,158,17,126,103,30,129,29,153
red,134,98,158,9,96,18,30,136,29,128
blue,90,58,6,76,5,110,154,151,109,126
red,104,61,136,147,96,74,142,143,116,45
blue,48,65,33,106,66,20,22,56,76,82
blue,91,75,2,76,100,150,102,64,106,96
blue,48,113,144,51,82,91,102,23,116,128
red,2,65,144,25,96,110,5,71,29,93
red,34,154,3,9,96,25,46,151,29,139
blue,90,75,121,17,109,107,30,58,49,160
red,91,13,159,120,96,42,61,140,24,53
red,48,28,56,17,71,38,61,121,51,118
red,112,46,139,17,96,34,28,131,69,71
red,31,61,148,24,119,151,40,143,129,93
blue,77,65,121,116,70,0,74,144,50,128
red,88,75,11,109,71,78,87,150,49,45
blue,92,27,155,54,9,43,60,73,116,118
blue,115,40,158,17,45,90,23,73,9,128
blue,78,77,136,116,45,90,60,59,17,158
blue,31,75,11,137,96,88,98,63,51,14
blue,41,65,3,17,93,18,98,64,147,96
red,31,94,59,76,128,22,65,159,17,111
red,74,38,140,147,96,95,130,56,17,45
blue,48,23,43,51,100,22,155,104,17,45
red,151,26,144,129,4,90,113,43,76,5
blue,0,54,11,69,80,18,102,148,52,45
red,110,142,140,49,9,0,13,136,29,45
red,131,58,2,76,4,43,30,144,49,108
blue,0,46,143,24,119,142,40,19,106,108
red,0,111,148,109,108,78,65,87,85,12
blue,78,154,56,17,108,0,142,68,137,70
red,18,58,120,9,108,74,65,143,52,119
red,53,142,56,51,108,103,154,138,137,70
blue,3,40,144,106,93,37,98,1,51,108
blue,150,88,43,133,108,68,142,144,137,12
red,150,23,121,133,108,20,65,94,17,5
red,110,111,26,17,108,115,28,138,129,5
red,131,88,71,76,108,35,37,124,17,109
blue,78,23,150,106,93,22,125,121,54,128
red,2,111,32,106,5,101,28,150,63,70
red,104,77,6,29,118,74,60,1,133,70
blue,37,130,150,116,128,112,40,140,137,93
red,37,75,104,9,45,0,134,151,116,153
red,110,28,150,76,128,74,134,138,85,109
blue,104,117,155,116,153,48,40,7,137,119
blue,90,91,144,76,53,112,142,43,136,119
red,74,102,144,116,45,154,23,91,76,5
blue,31,60,20,116,119,142,124,155,49,153
red,22,98,144,50,12,2,154,150,24,45
blue,131,37,63,29,153,57,154,33,17,108
red,37,40,150,17,79,134,58,143,63,45
red,47,23,155,24,45,112,65,144,106,66
red,34,111,121,133,148,37,23,38,24,80
red,112,40,73,138,12,47,92,143,49,45
red,130,94,121,17,79,112,61,68,49,158
blue,43,23,155,49,128,34,84,3,133,70
blue,78,142,121,49,12,88,154,150,133,126
red,13,154,144,29,153,78,67,2,133,128
red,77,60,143,49,108,0,40,148,106,80
red,34,155,55,24,53,0,23,121,49,45
blue,18,142,56,76,45,88,97,124,29,70
red,101,154,139,49,109,43,23,121,17,53
red,22,102,1,49,45,158,154,150,63,70
blue,134,111,121,51,96,22,58,138,17,119
blue,34,102,121,137,99,22,97,20,17,108
red,43,60,33,147,70,78,134,55,17,108
red,0,88,144,29,53,104,74,73,51,5
blue,11,58,121,116,53,115,38,33,76,9
blue,74,133,56,85,119,103,40,81,120,9
red,135,28,2,9,12,101,98,11,24,80
red,103,61,32,51,128,140,65,94,69,139
blue,43,98,121,29,93,102,142,2,116,45
blue,53,60,148,54,108,103,30,155,24,93
blue,151,38,2,17,14,18,84,3,116,53
red,101,142,26,24,118,115,130,1,29,45
blue,81,98,140,51,45,101,111,56,76,126
red,91,67,33,17,100,57,111,148,29,5
red,145,65,1,137,100,36,13,140,106,108
blue,104,94,91,51,5,22,65,140,137,53
red,131,67,140,51,93,0,58,1,54,80
blue,90,111,122,69,120,121,23,155,29,108
red,110,125,144,133,70,0,44,1,29,153
red,101,75,71,29,45,0,23,1,17,93
blue,5,60,150,133,100,0,142,55,109,70
blue,110,125,32,85,96,22,154,57,76,119
red,95,88,3,54,153,47,40,143,76,93
blue,20,154,143,137,53,115,26,19,76,100
blue,90,98,56,51,100,78,65,55,76,153
red,3,58,71,150,4,101,54,94,24,119
red,18,26,155,76,53,31,154,140,29,9
red,22,38,51,106,99,131,133,143,50,93
blue,78,40,19,17,53,0,28,121,136,79
red,151,78,120,76,153,0,155,63,51,119
red,57,38,148,63,45,3,65,56,133,70
red,18,75,136,124,79,31,38,43,54,5
red,90,23,151,76,45,18,87,140,24,5
red,112,154,1,9,160,43,40,144,51,153
blue,43,86,143,133,70,18,23,94,29,158
blue,43,60,121,17,119,42,61,1,9,53
blue,0,13,120,17,119,91,61,151,138,109
blue,18,28,6,24,119,0,130,55,116,70
red,47,75,104,133,53,38,97,56,137,93
blue,150,30,121,51,158,22,23,155,137,109
red,57,40,1,24,119,37,102,114,52,45
red,3,87,144,51,74,77,28,155,106,100
red,104,67,155,24,5,90,65,2,76,82
blue,43,28,136,29,45,22,142,1,24,119
blue,130,58,73,76,108,81,98,122,29,80
blue,0,54,155,49,160,112,61,1,29,108
blue,103,5,55,76,45,115,65,26,24,80
red,72,75,104,76,93,25,23,158,133,128
red,0,23,2,17,139,112,61,32,24,93
blue,103,28,43,106,14,112,86,1,147,96
blue,0,88,91,63,82,154,113,155,24,96
red,112,38,159,49,128,103,26,158,9,96
blue,72,58,140,133,45,121,113,19,150,70
blue,72,134,89,147,70,137,23,155,129,91
blue,31,134,121,24,93,74,58,133,50,100
blue,37,46,19,76,93,57,111,121,116,45
blue,143,65,68,85,153,0,40,26,49,53
blue,72,40,81,24,119,120,65,137,63,70
red,18,130,26,133,45,47,141,136,76,53
red,117,111,29,136,45,78,145,148,49,108
red,43,98,151,8,100,90,54,121,52,45
blue,22,60,41,138,14,104,28,94,85,45
blue,150,54,151,52,126,103,65,125,51,93
blue,3,61,144,150,4,37,134,24,50,158
red,22,87,2,50,100,110,130,148,9,53
blue,22,86,136,51,70,90,113,140,76,128
red,88,26,48,9,66,43,38,23,51,119
red,151,142,158,51,5,57,38,120,9,45
blue,18,84,151,51,45,0,38,87,29,9
blue,0,38,7,85,9,57,77,158,51,128
blue,151,13,33,49,53,115,155,138,137,45
blue,90,13,158,51,5,0,65,57,116,70
blue,38,40,138,24,70,150,124,94,136,93
blue,102,28,3,29,12,91,111,68,51,45
red,101,26,124,137,160,0,98,32,51,70
blue,103,13,71,76,70,88,5,56,156,153
red,72,133,20,63,70,53,75,137,17,5
blue,134,46,1,24,81,25,58,144,51,45
blue,18,87,64,29,91,31,60,144,9,153
red,0,54,155,17,108,3,114,73,24,80
blue,0,30,29,51,79,20,87,91,76,53
red,103,74,140,29,153,31,38,119,133,45
red,72,26,116,17,53,150,23,143,29,71
blue,134,125,59,116,100,22,40,55,51,12
red,0,65,55,76,119,20,13,6,50,70
red,112,141,121,51,5,103,65,124,50,93
red,134,125,73,50,53,78,60,150,116,45
blue,81,134,155,133,118,83,38,3,24,5
blue,37,102,151,76,118,90,154,150,147,153
red,103,154,159,17,53,72,142,56,29,79
red,22,154,26,76,9,43,92,120,52,128
red,3,142,154,76,53,20,98,121,133,119
red,0,54,74,8,53,31,154,1,76,148
blue,137,154,124,150,16,36,92,140,76,139
red,74,77,55,29,53,110,154,140,17,79
red,36,154,138,76,71,87,40,73,137,53
red,115,102,32,49,109,0,23,55,17,45
blue,102,27,69,109,108,72,141,1,50,70
red,150,38,143,8,96,101,134,2,106,119
blue,114,38,138,50,70,97,61,139,17,80
red,22,75,140,76,158,31,102,155,133,148
blue,39,60,42,137,80,47,142,115,138,53
blue,90,84,155,51,119,31,60,132,24,79
red,0,154,1,69,45,31,84,148,129,128
red,34,46,56,147,45,88,13,6,51,64
blue,35,75,32,51,45,88,23,150,50,118
blue,0,30,151,17,45,103,23,52,116,53
blue,101,142,121,51,158,31,111,23,76,119
red,74,97,151,9,71,43,133,138,116,96
red,88,107,3,51,71,35,65,121,17,14
red,36,130,151,129,93,0,75,121,17,15
blue,43,60,136,129,82,0,65,51,49,9
red,78,84,94,63,53,35,5,120,76,148
blue,18,46,56,9,12,101,5,73,29,93
blue,47,65,56,51,9,2,13,23,49,153
blue,74,40,26,137,70,18,13,56,51,53
red,151,78,120,50,70,13,58,56,76,109
red,112,30,43,76,118,31,98,56,106,71
blue,62,58,109,69,5,151,125,144,9,128
blue,115,30,105,24,53,151,102,144,129,80
blue,72,65,55,51,5,0,134,32,9,70
red,151,58,121,133,120,144,13,53,9,16
red,90,13,120,137,109,37,58,81,52,100
blue,152,154,78,50,119,146,40,2,76,45
blue,134,27,43,76,45,101,38,2,50,100
blue,18,125,151,76,158,97,98,2,50,128
blue,36,26,21,29,12,77,40,124,50,93
red,107,27,3,50,118,88,26,144,51,79
red,41,60,140,17,148,31,38,71,49,53
blue,36,13,150,29,15,22,38,2,24,80
red,135,65,144,116,119,103,77,73,29,93
blue,3,97,23,17,79,144,60,68,49,128
blue,103,142,105,51,153,74,84,159,76,45
red,31,26,88,51,93,83,125,144,49,6
blue,154,23,140,50,119,104,142,94,129,66
blue,78,13,159,51,79,90,145,144,150,12
red,146,13,140,29,45,31,38,124,51,100
red,150,65,144,17,71,103,86,121,133,70
blue,88,28,1,150,128,151,142,121,17,79
blue,59,58,138,133,128,74,26,151,106,100
blue,95,65,55,136,93,18,146,1,50,119
blue,115,67,3,50,128,0,146,144,76,93
blue,31,142,140,129,119,145,23,150,76,96
red,22,28,151,76,14,34,46,57,50,82
red,31,124,140,69,80,42,40,2,49,30
blue,0,38,140,129,153,2,98,94,49,12
blue,155,30,55,9,12,107,40,144,49,153
red,88,13,140,136,70,47,38,56,129,9
red,110,130,56,137,79,88,107,140,17,108
red,151,130,143,133,45,110,40,140,52,93
blue,20,46,23,17,80,53,13,140,8,45
blue,74,87,140,133,70,91,46,64,106,99
red,131,92,140,76,14,20,58,71,116,12
red,78,77,2,9,108,103,58,140,51,70
red,18,98,1,9,160,62,134,138,51,70
blue,43,35,1,49,119,117,75,140,76,158
red,0,60,143,51,118,88,27,140,150,45
red,39,111,140,51,108,18,26,155,54,96
blue,0,88,20,29,90,74,38,19,17,9
red,135,146,138,49,15,103,46,33,51,82
red,107,75,94,106,70,78,142,151,51,66
red,115,13,41,129,96,155,98,56,17,20
blue,0,58,1,49,108,22,26,94,63,158
blue,18,134,20,137,119,115,46,21,156,45
red,0,46,68,106,80,62,142,140,51,148
red,78,40,155,24,66,110,58,140,49,80
red,112,38,56,54,93,63,58,37,85,109
red,47,154,2,29,118,103,23,94,85,153
red,20,141,89,85,45,0,58,55,9,14
red,22,111,155,76,45,35,30,1,85,4
red,74,30,91,76,128,0,94,143,85,16
blue,131,111,138,76,148,0,113,55,85,70
red,62,74,19,85,45,135,23,125,116,70
blue,121,54,53,51,108,41,40,94,49,71
blue,101,54,125,29,5,57,61,90,9,53
red,0,77,1,29,153,22,141,159,51,70
red,53,23,150,76,118,47,65,32,29,45
blue,92,28,52,51,119,74,40,26,76,45
blue,90,26,132,147,96,0,28,125,138,153
blue,144,38,143,29,119,97,40,53,129,118
blue,0,142,121,51,14,3,97,155,29,53
red,0,65,150,17,53,57,113,158,29,9
blue,37,98,87,29,93,0,40,26,17,66
blue,90,107,121,116,118,34,67,124,76,45
blue,42,40,43,148,119,103,98,2,69,153
red,37,75,124,24,5,151,98,144,17,118
red,107,40,52,17,119,115,26,68,69,128
red,20,102,121,133,53,3,88,23,76,70
blue,114,65,55,52,119,41,142,151,29,91
red,22,125,64,136,158,36,111,151,17,79
blue,47,75,148,29,12,110,40,120,137,45
red,0,40,26,51,45,115,102,159,63,12
red,90,84,6,76,14,134,142,19,17,53
blue,31,113,26,29,158,94,40,105,137,53
blue,19,61,155,51,108,104,60,138,49,9
blue,152,75,114,133,100,101,98,56,29,158
blue,0,58,89,76,128,22,46,26,133,45
red,78,145,20,24,45,41,61,124,109,53
red,78,154,155,17,53,31,87,1,137,70
blue,101,13,56,133,12,62,98,93,122,45
blue,90,26,2,29,100,62,78,150,138,4
red,62,28,151,52,99,90,107,138,24,128
blue,22,87,32,24,4,91,98,2,63,81
red,22,23,61,63,108,104,26,151,17,45
red,22,75,91,120,119,0,40,136,49,45
red,22,40,151,109,53,36,113,71,29,45
red,112,117,2,51,5,78,111,88,29,45
blue,35,38,64,116,16,115,102,144,106,153
red,88,38,125,143,12,3,130,121,17,45
blue,125,38,138,25,53,94,74,23,17,71
red,110,38,1,133,139,59,142,0,76,53
red,0,38,158,106,108,31,61,23,51,14
red,35,111,23,17,45,34,87,86,138,53
blue,0,155,78,52,96,47,111,43,51,5
blue,62,124,35,24,53,78,27,52,17,45
red,57,142,73,147,45,103,88,140,54,12
red,92,154,52,19,66,36,60,56,51,4
blue,101,40,73,76,119,114,134,94,52,109
red,31,130,32,76,16,152,107,150,9,153
blue,0,87,6,24,82,78,46,55,76,128
red,110,61,23,76,128,31,60,120,106,70
red,151,23,6,29,119,78,124,125,76,139
blue,78,91,2,116,9,146,28,148,76,128
red,92,38,121,137,128,20,26,56,24,111
red,0,91,143,116,9,34,84,11,156,96
blue,36,141,68,51,53,18,23,155,63,118
red,18,13,1,17,9,115,87,55,63,133
blue,0,40,19,29,119,62,142,138,51,66
red,9,142,64,50,112,77,38,132,24,74
red,53,46,144,76,74,91,23,33,50,128
blue,90,86,155,129,82,95,13,33,106,14
red,83,94,71,137,153,18,65,6,133,126
red,62,84,55,156,119,0,145,124,69,126
red,22,142,71,24,128,0,91,37,106,93
red,0,46,1,52,70,112,102,143,9,100
blue,101,111,55,106,70,31,27,6,9,16
red,22,98,155,136,100,158,84,107,137,70
red,145,60,121,29,153,31,38,23,116,74
blue,134,65,155,63,70,101,154,150,136,45
blue,152,98,89,116,45,22,124,94,9,100
red,131,102,2,69,139,22,65,121,29,80
red,22,65,143,9,139,35,23,89,24,45
blue,0,75,115,17,158,155,40,152,116,96
red,90,113,125,9,108,43,46,1,51,45
blue,115,40,55,29,71,77,60,1,106,14
blue,0,40,57,51,74,18,155,144,49,45
red,31,98,6,138,120,36,44,24,133,153
blue,36,98,23,9,53,0,75,121,24,93
red,91,23,1,69,93,22,141,71,137,70
blue,22,87,155,49,119,77,141,139,8,118
blue,36,102,104,49,96,77,75,81,136,79
red,22,102,132,9,45,41,40,56,106,79
blue,155,124,131,63,80,26,111,43,133,70
red,95,98,132,109,53,151,58,143,69,12
blue,42,91,140,106,5,62,28,3,29,4
blue,2,5,150,76,16,88,84,155,116,53
red,117,40,1,137,153,22,13,140,20,93
red,62,40,26,69,153,18,117,21,138,126
blue,151,141,121,138,70,90,40,119,69,53
blue,22,61,155,120,153,130,38,158,138,100
red,115,141,155,138,80,90,26,133,76,158
blue,151,130,144,138,109,31,13,29,116,70
red,74,142,144,29,96,22,23,115,137,53
blue,81,40,158,137,70,90,13,159,106,45
blue,90,60,53,136,108,101,67,144,51,5
red,72,87,71,9,128,43,26,151,51,79
blue,90,142,140,76,53,72,141,158,9,45
red,22,40,32,137,45,43,67,73,133,70
blue,103,75,22,106,93,105,58,1,51,53
red,103,61,55,9,70,92,40,144,76,158
blue,92,87,157,50,128,74,40,121,76,66
blue,90,149,121,9,45,91,46,1,17,119
red,42,28,109,76,158,134,124,150,136,45
blue,107,146,144,29,119,19,154,26,116,79
blue,0,154,21,49,109,31,23,19,17,53
red,77,154,37,51,53,88,58,148,106,74
blue,43,107,23,76,96,151,102,148,25,53
blue,43,102,55,138,53,107,154,121,150,153
blue,41,60,19,116,14,3,13,26,17,128
red,101,5,19,51,15,0,111,144,49,53
red,92,98,138,9,153,81,67,2,106,99
red,103,154,148,51,14,92,46,56,17,79
red,90,113,71,76,79,110,27,155,137,119
red,101,60,121,29,5,154,38,122,49,158
red,101,23,150,29,12,0,27,2,17,120
blue,121,38,3,50,158,72,142,144,9,45
blue,34,30,148,49,153,62,58,2,133,126
blue,35,142,64,49,53,0,40,68,29,153
red,74,65,139,51,16,33,58,94,122,128
red,81,13,68,76,70,110,88,26,17,153
red,77,102,138,49,93,90,125,19,136,53
blue,3,60,143,49,139,88,23,136,50,45
blue,94,87,41,49,45,74,65,73,51,53
red,22,60,2,106,53,78,38,81,24,70
red,110,154,155,29,30,59,134,23,24,93
blue,152,98,62,136,70,110,38,143,17,71
red,110,111,89,133,70,22,75,143,29,96
red,22,60,151,49,81,35,98,129,54,108
red,22,75,158,116,70,91,60,37,52,12
blue,145,155,109,24,128,22,65,59,69,158
red,95,107,78,24,93,22,94,121,76,53
blue,34,46,1,120,99,22,92,56,29,71
blue,31,145,120,51,158,72,46,144,116,70
blue,88,27,144,24,53,22,125,1,49,15
blue,110,13,33,17,45,101,54,71,51,126
red,0,26,1,116,97,90,75,51,137,16
blue,0,88,136,76,148,112,130,26,133,70
red,22,61,35,76,71,77,154,150,109,93
blue,110,97,71,51,45,78,124,150,147,96
red,88,111,158,129,9,137,46,140,29,70
blue,95,124,138,137,79,31,102,121,49,5
red,112,92,64,29,45,18,154,136,76,79
blue,18,97,143,156,153,90,154,140,116,93
red,151,98,144,106,158,0,149,54,17,108
red,0,40,6,147,96,18,61,121,29,108
red,107,102,21,49,44,142,26,71,29,153
red,90,38,132,63,70,103,111,154,76,80
red,0,74,144,150,45,57,98,142,51,82
red,78,146,143,116,126,22,28,2,147,109
red,20,28,155,9,80,0,58,6,129,99
red,81,46,6,29,109,78,97,11,9,16
blue,2,40,89,24,108,152,38,138,9,4
red,2,40,155,29,53,0,158,90,106,91
blue,112,134,138,116,45,39,60,55,76,109
blue,57,26,43,51,76,31,58,11,29,15
red,110,23,138,63,70,0,102,56,76,119
red,3,26,129,136,45,0,141,1,51,128
red,145,23,144,109,108,74,40,52,41,53
blue,78,58,151,133,110,154,67,94,17,14
blue,0,28,148,29,119,2,84,120,17,93
red,103,117,144,76,45,129,84,138,24,12
red,151,58,21,49,9,112,65,51,24,81
blue,34,46,55,9,109,115,102,138,116,108
red,88,94,73,76,158,104,111,129,49,12
blue,103,60,140,137,119,31,111,159,50,99
red,137,58,144,106,153,110,102,121,51,96
blue,107,60,1,76,4,22,23,133,51,100
blue,140,75,144,49,45,0,154,121,137,119
red,135,102,2,9,53,31,86,56,106,82
red,103,155,37,24,148,88,142,138,29,80
red,31,84,94,116,119,18,46,73,24,45
red,31,97,121,147,45,34,78,151,24,53
blue,57,142,150,17,15,151,30,2,116,53
blue,22,61,55,116,53,91,146,140,52,5
blue,59,98,136,76,153,43,23,19,24,119
blue,110,87,56,49,71,34,54,120,129,5
red,90,111,1,137,100,134,28,157,29,93
red,72,111,121,76,53,103,60,26,49,128
red,103,65,155,109,126,90,84,11,137,119
blue,142,97,55,17,15,34,27,151,49,53
blue,22,40,32,49,53,0,23,26,63,96
red,22,54,94,51,53,101,60,140,133,70
red,22,38,89,9,153,137,125,140,17,14
blue,47,77,143,69,16,74,38,140,147,96
red,121,38,19,51,5,88,130,143,49,100
blue,57,145,138,51,12,152,65,121,29,53
red,31,23,150,25,45,36,65,140,116,53
blue,43,28,125,133,93,62,84,1,24,158
red,18,60,32,49,80,37,13,70,76,153
red,90,58,64,136,160,144,38,120,29,153
red,74,61,155,109,76,103,58,121,52,128
red,117,26,121,63,9,88,40,11,116,45
blue,47,28,151,106,153,31,86,2,137,128
blue,117,13,121,17,53,78,46,150,76,82
red,43,111,64,52,126,152,54,155,51,5
red,42,92,2,133,82,22,46,143,51,53
blue,43,30,94,17,79,31,23,11,51,128
red,101,124,69,76,119,110,54,121,51,93
blue,115,75,56,24,14,117,111,155,17,71
blue,35,78,151,116,45,150,38,23,50,158
blue,90,61,19,76,128,78,46,144,136,70
red,78,75,71,50,70,37,130,140,106,107
red,31,40,56,17,45,11,154,94,147,96
red,88,111,144,51,45,22,86,89,106,139
blue,90,46,56,50,96,22,125,6,138,108
blue,146,13,65,50,53,0,38,41,24,108
blue,110,97,140,17,12,3,125,78,51,70
blue,47,75,148,109,108,31,23,155,24,80
blue,127,107,55,137,96,91,13,144,51,120
blue,145,58,143,49,128,20,98,43,116,45
blue,110,87,159,54,108,112,142,144,76,5
red,90,61,56,24,80,101,142,121,129,66
blue,57,13,121,147,126,144,141,151,106,5
red,154,111,89,129,109,0,46,55,49,79
red,0,40,1,76,96,62,142,121,17,45
blue,22,46,120,76,93,0,38,55,49,96
red,101,46,151,63,70,0,97,121,24,108
blue,37,141,158,49,93,134,75,148,17,79
blue,31,38,26,49,15,0,46,1,63,70
red,112,38,2,137,119,131,141,143,51,128
blue,34,111,26,52,100,110,102,6,106,153
blue,74,142,143,51,93,155,28,159,106,100
blue,110,58,109,51,93,36,61,144,76,45
blue,31,125,124,137,119,110,58,140,51,153
red,115,74,11,8,9,35,142,121,85,70
blue,121,67,151,49,133,112,38,71,51,82
red,43,154,20,49,12,134,60,140,136,15
blue,20,40,151,24,108,121,130,104,76,82
blue,101,141,140,24,153,136,61,43,87,5
red,90,67,43,24,45,112,46,68,106,128
blue,112,67,120,52,100,88,60,56,49,139
blue,90,28,121,17,109,130,13,124,133,119
red,39,26,155,50,70,22,60,55,138,45
blue,103,65,57,17,79,22,38,26,51,82
red,95,58,23,9,109,110,30,155,76,53
red,151,107,127,136,153,101,84,143,76,14
red,0,141,41,76,53,112,46,151,116,15
red,43,145,150,54,53,90,141,140,24,93
red,88,87,89,9,70,90,61,56,129,109
red,22,142,53,116,45,103,154,6,24,128
red,88,28,26,116,70,146,117,91,17,5
blue,2,13,140,49,53,31,58,56,150,14
blue,0,77,68,150,96,88,94,139,17,80
red,34,60,133,24,128,20,84,136,76,91
blue,0,142,89,17,128,90,60,158,76,79
blue,115,133,1,29,79,3,111,56,51,128
blue,31,60,151,76,45,22,65,19,150,53
red,47,117,121,116,159,112,60,2,133,9
red,56,67,78,24,45,20,40,155,116,6
blue,90,37,121,137,118,101,23,52,51,53
red,36,38,11,49,53,114,61,121,116,128
red,31,38,124,76,9,103,46,23,52,45
blue,59,61,155,76,53,22,107,144,106,82
blue,0,78,119,51,81,42,61,143,29,71
red,22,40,55,76,158,101,30,121,106,12
blue,36,65,32,136,14,103,111,15,116,79
red,112,97,121,85,153,78,46,144,133,14
blue,114,65,103,52,79,90,60,144,49,93
blue,91,46,121,9,82,107,111,120,76,45
red,112,28,94,24,53,2,111,155,49,12
blue,47,111,52,150,53,158,134,155,24,14
red,110,111,11,51,45,0,46,94,122,93
red,90,111,124,41,93,78,60,148,24,100
red,34,111,121,24,79,31,142,143,9,45
blue,18,111,132,76,158,31,5,121,17,53
red,3,84,144,29,80,103,58,120,76,79
blue,145,98,21,29,93,18,141,33,133,100
red,103,46,26,29,79,107,60,32,156,4
blue,107,61,124,24,99,115,54,55,76,12
red,115,40,78,17,70,0,97,158,156,153
blue,18,13,132,24,119,135,61,121,51,128
blue,0,23,144,51,100,158,142,155,76,53
red,25,26,144,51,5,90,145,57,133,12
blue,151,141,136,106,99,91,30,73,133,70
red,92,30,2,52,80,78,91,94,106,4
blue,0,141,34,15,108,78,58,138,24,128
blue,123,86,29,109,45,18,98,1,17,133
blue,110,67,94,49,96,115,38,71,29,79
blue,78,155,33,51,12,0,30,43,17,45
red,31,30,155,51,9,0,92,19,116,5
red,110,87,56,29,45,18,13,32,143,12
red,91,23,119,9,12,74,26,54,69,16
red,157,111,133,115,160,0,28,155,17,108
red,0,97,150,106,82,43,60,158,29,119
blue,88,130,1,129,158,47,154,140,133,148
blue,144,61,89,9,100,31,154,143,52,93
blue,110,88,120,17,15,18,134,94,109,71
red,42,84,151,9,109,107,77,56,133,128
blue,110,141,155,129,14,27,98,56,17,79
red,101,61,21,51,108,134,141,159,17,12
red,103,98,144,63,80,18,130,2,17,108
blue,101,155,121,116,110,18,58,136,52,5
blue,43,46,55,150,139,101,142,124,106,153
red,31,134,56,136,45,43,60,3,133,96
blue,115,58,121,76,109,0,130,88,54,80
red,18,38,138,9,5,47,65,158,25,128
blue,41,134,155,129,53,110,154,120,116,99
red,90,38,122,150,96,42,30,143,51,158
blue,0,23,155,9,45,78,92,138,129,128
blue,0,84,68,49,148,101,58,159,51,45
blue,37,26,150,76,93,34,46,120,136,119
blue,90,92,120,116,70,154,130,89,137,80
blue,112,67,125,76,118,137,60,121,71,126
blue,36,26,19,137,45,123,23,150,17,53
red,48,98,143,76,53,37,142,94,17,119
red,72,102,11,157,108,22,142,1,63,93
blue,103,145,122,9,80,22,23,29,51,70
red,145,91,56,52,128,42,40,1,51,70
blue,3,142,143,17,96,78,92,59,129,53
blue,103,46,122,76,53,11,145,64,51,100
blue,103,87,138,116,70,34,54,48,17,53
blue,31,61,73,76,70,90,111,71,29,109
red,74,46,1,76,66,47,87,157,116,120
blue,90,60,63,106,82,78,88,3,29,153
blue,42,28,2,137,5,39,146,150,51,14
blue,88,27,121,69,93,47,40,56,51,158
blue,48,40,144,69,96,90,75,19,116,16
red,112,79,151,9,66,18,134,2,17,45
red,114,154,134,69,53,112,65,144,17,82
blue,101,154,26,49,148,110,142,1,29,119
red,155,154,1,51,66,137,13,23,109,108
blue,110,46,93,15,71,0,142,56,129,12
red,31,125,55,137,45,101,60,121,116,70
blue,135,38,56,9,119,112,46,143,129,96
red,0,154,125,138,12,151,75,150,109,79
blue,18,38,0,9,109,35,75,55,116,158
red,115,13,121,116,53,36,38,11,76,109
blue,34,38,55,51,12,137,23,53,76,93
blue,78,26,155,116,45,150,23,73,106,128
blue,57,91,139,17,128,72,77,143,49,45
red,0,23,121,19,93,103,117,87,51,158
red,130,154,138,50,70,90,60,64,9,45
blue,137,46,144,29,45,90,124,155,133,119
blue,3,30,43,29,96,101,38,56,51,80
blue,43,58,73,51,16,39,124,155,29,80
red,88,26,43,9,158,103,58,132,76,128
blue,57,94,159,29,158,74,58,32,24,119
red,146,23,158,24,82,95,65,11,136,108
blue,25,111,2,17,45,59,58,150,51,15
blue,22,60,26,17,139,107,40,87,76,158
red,88,58,150,136,14,22,61,56,76,148
red,20,142,120,43,148,144,130,125,29,53
blue,56,77,43,17,93,91,142,68,106,53
red,78,38,89,129,93,112,58,6,63,70
red,0,26,1,17,109,114,38,125,51,100
blue,110,91,32,76,118,20,88,143,51,119
blue,31,111,104,24,119,2,65,94,76,14
blue,110,61,55,49,153,112,111,64,133,119
red,121,97,150,51,119,112,75,53,137,153
blue,78,27,155,76,96,22,142,121,129,119
blue,78,38,144,49,153,103,111,124,17,79
blue,95,67,2,9,79,150,125,15,17,14
blue,55,60,57,29,80,144,40,81,49,45
red,31,154,121,129,80,0,84,1,133,153
blue,110,84,86,137,53,22,54,155,9,80
red,78,61,71,8,70,62,40,1,17,119
red,112,38,138,109,9,36,23,62,136,100
blue,35,145,3,50,109,47,13,121,76,108
blue,97,23,41,76,70,112,13,151,29,153
red,67,46,93,76,80,114,124,71,29,66
blue,146,158,2,129,117,43,58,89,69,80
blue,35,98,72,116,153,78,117,155,129,9
red,101,61,71,106,126,42,130,143,76,79
blue,38,30,143,106,4,0,92,56,51,158
blue,142,130,159,76,126,115,13,144,50,70
blue,134,102,33,52,109,34,65,139,137,16
blue,22,26,93,50,70,145,13,55,116,45
red,22,65,121,137,93,25,40,1,29,53
blue,90,60,24,49,118,110,149,121,17,70
red,90,65,32,63,93,31,38,71,106,96
blue,36,13,155,51,66,43,98,143,106,128
blue,22,58,59,133,153,152,40,155,51,99
blue,101,79,121,76,109,31,46,20,29,80
red,90,46,1,116,108,134,111,144,51,100
red,62,13,140,106,158,92,61,132,122,108
blue,2,46,120,76,128,101,102,64,29,45
red,102,38,44,9,118,145,23,56,69,153
blue,0,98,73,29,53,117,77,1,24,45
blue,0,60,19,76,109,31,30,151,51,108
red,22,60,1,17,79,74,13,121,49,108
blue,152,60,143,51,53,31,87,1,76,14
blue,104,130,150,116,158,43,102,55,76,71
red,123,46,6,85,119,91,97,158,17,160
red,35,113,124,106,153,135,130,64,116,133
blue,86,154,132,116,82,36,54,151,17,79
red,0,94,109,24,71,101,145,56,49,45
blue,22,141,64,129,12,115,28,91,76,45
red,110,38,104,24,118,135,65,136,49,128
red,47,154,91,51,70,0,77,139,150,81
blue,0,84,151,17,71,130,61,55,120,45
red,103,154,122,29,133,135,142,138,50,70
blue,78,38,54,52,108,0,60,139,49,79
blue,2,134,155,24,128,115,84,140,52,4
blue,31,30,1,9,4,74,67,150,24,153
blue,90,142,6,116,93,115,54,155,50,70
red,101,134,2,17,80,110,98,1,24,100
red,31,30,155,29,45,110,26,2,9,158
blue,90,154,94,17,100,0,28,2,49,45
blue,2,13,89,116,53,22,30,68,17,45
blue,150,40,121,76,5,114,75,91,29,53
red,150,23,43,17,100,91,38,124,51,79
red,150,154,143,17,100,135,60,11,137,124
red,151,60,138,17,9,18,125,7,136,119
blue,117,44,150,147,15,43,30,159,51,70
blue,155,125,120,50,70,142,40,144,51,14
blue,78,107,155,17,74,2,28,93,137,119
blue,88,134,155,63,80,90,46,159,133,70
blue,151,111,56,17,108,37,154,150,29,119
blue,91,74,7,133,109,110,26,155,51,70
blue,2,134,138,51,80,103,98,54,76,9
blue,121,141,37,136,100,88,61,44,129,96
blue,107,38,26,51,93,155,46,56,29,45
blue,47,60,121,51,128,155,30,21,49,139
red,155,102,19,109,9,74,142,148,129,158
blue,155,111,144,8,128,131,102,109,49,119
blue,107,94,127,51,12,150,40,2,24,93
red,155,30,129,76,109,102,60,55,116,14
red,2,46,94,24,119,134,154,68,51,9
blue,47,87,121,49,15,2,75,143,17,45
red,155,97,2,76,45,74,61,56,17,108
blue,2,13,56,51,15,155,142,71,29,118
red,43,65,2,147,96,97,102,122,52,53
red,95,60,121,85,16,43,111,2,106,93
blue,31,60,38,133,70,18,155,157,49,15
red,77,142,73,133,9,155,67,129,51,119
red,2,60,43,133,158,90,92,121,76,70
red,112,75,158,24,72,2,38,1,51,4
red,37,38,138,150,45,2,75,155,137,79
red,2,87,1,51,108,22,134,64,49,80
blue,22,61,53,133,70,155,13,121,49,45
red,155,97,1,76,148,151,58,71,69,80
red,90,145,121,24,93,2,65,120,38,80
red,112,125,43,129,6,155,107,55,116,66
blue,88,102,34,51,80,20,40,140,17,45
red,37,38,56,17,45,34,54,0,49,99
blue,135,65,56,29,108,0,134,32,137,100
red,0,40,11,17,100,101,75,144,51,45
red,57,130,155,137,120,103,65,121,49,158
blue,101,111,120,133,70,134,94,21,137,93
blue,131,13,53,97,9,22,87,81,76,70
red,31,13,55,29,153,151,102,1,137,70
blue,31,77,120,29,9,35,13,143,17,5
red,31,61,53,51,91,101,155,132,76,153
red,103,141,55,76,138,34,38,144,29,53
blue,2,61,23,109,9,90,134,151,29,45
blue,117,46,144,137,53,22,23,43,51,76
blue,115,60,56,52,128,110,65,150,133,16
blue,72,65,56,133,153,18,28,125,147,96
blue,104,149,2,29,82,74,102,56,17,9
blue,0,92,56,129,128,112,28,1,29,45
red,112,125,56,50,53,64,111,63,116,5
red,95,61,56,147,80,0,58,55,17,5
red,0,58,150,17,79,31,107,56,24,80
red,35,38,26,51,6,57,40,125,24,93
red,95,87,56,24,4,18,46,101,116,100
blue,95,23,155,116,53,34,40,120,133,70
red,18,30,11,116,9,112,46,136,50,160
blue,18,98,64,116,96,151,13,56,51,108
red,90,26,73,17,126,112,13,157,8,100
blue,0,113,1,51,80,31,98,71,116,70
blue,36,74,43,24,160,34,125,120,9,119
blue,130,40,56,136,99,42,75,1,24,45
red,103,98,157,63,45,0,38,26,49,53
red,90,60,19,76,79,112,107,15,9,45
blue,145,102,150,147,93,112,23,77,24,82
blue,34,60,55,17,153,136,102,93,49,5
red,107,98,55,49,119,43,28,150,17,79
blue,65,154,148,29,100,0,60,26,76,99
blue,114,145,56,29,83,57,60,104,76,128
red,0,23,90,147,66,81,154,77,50,126
red,90,38,121,69,80,22,40,2,49,53
red,59,74,140,29,119,115,60,2,8,53
blue,101,75,138,9,74,103,58,32,63,119
red,36,23,68,116,119,43,154,26,136,70
red,101,46,6,116,148,35,107,140,147,14
blue,101,154,138,129,108,37,13,152,29,153
blue,39,58,144,51,79,74,40,121,9,119
red,74,26,155,76,45,35,23,121,29,99
blue,36,58,140,54,119,43,141,26,17,9
red,0,75,52,17,53,112,5,143,9,126
red,22,154,109,24,126,84,46,129,106,82
blue,0,60,11,49,71,62,5,55,133,80
red,135,28,155,24,53,151,142,54,17,14
red,114,40,121,133,70,37,134,120,76,93
blue,103,38,89,50,109,31,84,37,24,82
red,90,134,23,24,53,18,13,121,50,80
red,103,77,129,122,12,0,60,19,24,153
blue,0,38,143,51,126,31,154,21,17,128
blue,104,86,121,24,53,13,26,142,17,119
red,22,134,11,29,9,42,40,121,76,82
red,41,58,2,24,45,0,141,132,51,14
red,112,54,101,24,14,110,154,56,51,12
red,137,54,53,24,80,110,38,121,76,82
red,104,13,155,24,53,91,61,143,29,153
blue,145,13,2,24,70,22,65,139,17,109
red,115,58,121,76,53,74,23,1,91,108
red,146,84,53,24,79,31,61,120,17,66
blue,146,60,55,133,70,0,111,6,76,66
blue,20,98,136,17,128,31,75,142,24,79
red,103,97,109,24,20,115,134,144,138,74
blue,101,97,37,76,153,103,134,120,17,79
red,22,145,57,24,66,42,77,151,121,82
blue,112,65,140,24,128,0,154,144,63,70
blue,134,145,159,133,45,34,111,136,24,99
red,90,58,55,24,45,78,154,43,76,128
blue,103,65,51,52,5,97,77,155,76,82
red,112,44,19,76,124,53,13,64,49,153
red,137,94,6,85,119,112,134,158,76,53
red,22,146,20,137,53,64,111,94,24,93
blue,31,28,6,9,128,41,40,89,24,45
blue,31,60,63,24,71,101,58,64,54,14
red,35,65,68,24,153,103,87,155,17,93
red,95,5,33,24,12,31,23,104,76,108
red,0,87,19,9,53,114,98,139,49,70
blue,103,58,3,68,108,112,39,155,116,9
red,103,102,129,147,119,74,60,55,143,139
blue,135,154,3,49,139,74,155,11,17,45
blue,0,84,151,49,80,35,97,3,138,45
blue,34,27,109,137,118,134,26,3,51,70
blue,57,65,3,109,71,112,97,158,51,80
blue,47,40,122,29,119,43,154,140,51,93
red,18,86,26,24,119,43,94,109,63,128
blue,103,5,1,129,70,31,141,11,49,153
blue,87,102,1,17,53,20,84,3,24,128
red,20,60,121,85,89,146,58,155,157,148
blue,43,75,151,63,53,130,107,2,106,100
blue,97,88,20,133,45,74,117,150,17,9
blue,159,154,144,49,71,43,40,139,116,53
blue,57,141,150,17,160,81,142,122,85,71
red,0,91,94,54,100,37,13,122,116,153
red,33,61,150,106,14,122,60,140,29,90
blue,91,61,122,49,45,115,40,144,137,12
blue,152,13,140,133,153,103,23,122,137,80
blue,36,13,140,29,41,74,26,32,76,93
blue,131,111,2,51,14,115,113,143,50,16
red,62,67,132,76,53,0,111,139,116,96
red,42,111,151,156,119,150,58,143,17,70
red,130,141,121,51,53,34,58,56,76,158
red,88,87,121,24,53,72,111,19,69,80
red,0,154,2,51,118,43,111,121,29,80
red,107,111,125,76,93,43,97,64,116,100
blue,62,54,32,69,153,97,142,37,29,108
red,72,111,59,51,93,115,141,122,17,124
blue,31,111,150,138,153,0,28,20,116,100
blue,2,111,20,9,119,101,40,41,76,100
blue,35,142,3,51,139,43,23,155,69,80
blue,81,111,15,51,82,34,40,53,136,153
blue,18,111,55,8,92,103,67,89,106,128
red,103,111,83,51,133,39,23,43,17,153
blue,88,84,150,17,96,31,111,136,76,99
blue,151,111,55,17,45,43,84,137,9,70
blue,77,102,157,17,153,0,111,32,137,148
red,25,134,56,17,79,35,111,94,137,128
blue,78,77,68,29,119,115,111,132,51,91
red,34,134,124,50,153,43,111,105,76,100
blue,144,111,73,129,14,114,23,151,29,153
blue,23,102,3,87,112,62,111,11,17,109
blue,43,102,73,24,96,74,111,139,9,118
red,33,58,158,29,53,107,111,150,133,70
blue,62,154,68,51,119,90,111,64,69,53
red,18,111,143,51,45,142,154,121,76,119
blue,115,38,55,76,9,42,111,2,52,153
red,146,58,71,76,9,127,111,55,29,119
red,41,13,110,76,109,7,65,90,29,158
blue,110,60,160,24,100,74,54,2,76,148
red,88,30,32,76,148,47,13,157,8,80
blue,127,91,140,17,119,35,107,56,76,153
red,47,13,35,136,82,62,74,1,9,80
blue,78,74,159,136,70,103,134,63,76,79
blue,77,23,1,76,91,74,98,7,24,128
blue,152,98,121,109,108,22,155,144,51,119
red,22,87,64,76,80,112,58,56,24,14
blue,62,38,138,76,74,22,134,143,51,9
blue,43,142,55,116,81,47,75,157,76,109
red,74,13,26,76,66,107,97,140,63,119
blue,0,58,121,106,66,47,98,37,76,79
red,0,142,140,9,70,150,84,155,133,74
red,78,94,121,76,100,101,105,143,24,126
blue,90,154,56,17,108,78,38,121,76,93
red,78,23,155,76,70,18,125,150,106,79
blue,42,65,144,9,119,101,28,140,49,82
blue,20,133,56,76,70,35,98,109,29,91
red,110,154,121,76,108,0,107,68,8,71
blue,0,154,129,106,5,43,58,71,76,128
blue,112,146,86,29,109,101,40,159,76,128
blue,144,28,3,76,66,43,60,122,133,153
blue,127,23,121,76,82,150,154,159,24,4
red,144,97,151,76,93,115,75,68,133,70
red,134,61,154,76,80,31,26,104,29,53
blue,31,84,121,114,82,37,65,148,76,93
blue,22,84,122,137,126,57,154,155,76,109
blue,64,111,155,8,9,102,38,68,29,99
red,31,27,124,106,109,123,61,143,54,5
red,158,13,145,17,71,11,84,43,116,108
red,78,46,1,54,108,43,86,7,133,153
blue,110,30,37,76,128,31,28,19,137,12
blue,22,27,121,51,70,90,65,35,129,153
blue,25,38,55,51,12,134,98,83,106,80
blue,36,27,7,76,128,115,30,34,29,109
blue,115,27,34,150,82,101,23,71,9,108
red,123,13,150,51,53,0,60,57,133,70
red,91,38,151,136,79,0,97,71,24,14
blue,37,13,94,76,45,110,84,151,49,107
red,101,38,122,24,79,74,141,121,17,9
red,101,26,105,116,93,74,38,121,29,14
blue,110,58,26,24,80,74,40,71,52,5
red,92,145,2,76,119,77,98,150,137,128
red,48,46,26,24,128,110,142,124,63,70
blue,57,134,55,76,4,95,38,138,137,53
red,74,61,143,51,80,110,30,53,76,91
blue,88,38,53,29,80,74,65,55,52,93
blue,74,58,59,54,79,112,38,40,52,66
red,74,40,121,9,99,22,88,68,133,153
blue,114,23,155,24,33,74,146,68,17,96
blue,35,30,143,76,160,74,58,56,116,71
red,74,58,19,49,153,115,60,59,120,99
red,74,102,144,51,66,110,130,71,9,53
red,74,60,1,29,45,112,65,140,106,66
blue,81,27,139,76,66,74,28,151,51,45
red,0,74,121,51,45,134,98,150,120,126
red,78,107,150,69,128,101,134,55,29,153
red,134,107,136,133,82,112,75,55,49,119
blue,88,87,140,9,159,22,65,73,116,74
blue,110,13,37,69,53,117,154,140,116,80
blue,42,46,143,133,99,34,155,124,109,66
red,107,87,37,133,53,9,39,110,17,30
blue,43,107,121,106,99,0,84,94,17,9
blue,0,154,121,49,45,57,40,150,17,9
blue,90,65,121,29,96,31,23,19,17,70
blue,90,141,138,17,45,0,134,121,24,12
blue,134,74,94,51,70,39,58,93,50,109
red,62,46,122,129,45,0,23,132,51,70
red,0,154,144,49,96,62,98,55,9,158
red,110,87,155,147,15,62,141,2,29,148
blue,18,60,41,76,126,62,38,144,63,70
red,151,27,65,17,79,62,91,64,29,53
blue,62,58,159,136,9,78,92,155,17,53
red,62,28,159,133,70,0,142,121,17,9
red,62,28,136,29,4,48,40,1,52,128
blue,0,125,7,76,158,78,75,155,133,70
blue,62,28,33,17,108,103,54,94,29,128
blue,95,155,138,17,66,22,28,55,24,82
red,62,28,34,29,108,77,154,140,138,53
blue,62,28,56,17,53,18,78,121,129,45
red,62,28,94,129,53,43,38,26,76,118
red,62,28,159,76,99,152,142,71,106,70
blue,0,84,71,17,100,62,28,124,24,45
red,36,38,71,106,99,62,97,121,133,70
blue,0,154,6,63,119,62,58,121,51,139
blue,62,60,26,63,70,47,28,53,133,93
red,25,125,109,51,93,3,102,159,15,80
blue,22,84,140,29,45,130,97,56,76,70
red,91,40,124,17,148,0,92,2,156,118
red,78,13,144,17,45,20,28,151,29,128
red,53,77,150,51,80,127,86,19,17,160
blue,88,107,129,143,80,142,111,21,76,45
blue,18,77,2,17,70,144,142,121,106,9
blue,102,97,87,76,148,77,130,55,51,74
blue,31,98,57,52,93,74,65,121,76,128
red,104,77,121,8,119,22,86,23,49,53
red,0,142,2,17,80,67,40,41,116,158
blue,47,60,148,76,153,59,84,109,49,108
blue,47,87,1,50,45,62,30,121,76,128
red,59,145,150,76,14,144,92,148,29,109
red,90,38,155,49,53,88,141,15,29,70
blue,110,40,121,29,139,78,26,86,133,14
blue,0,61,23,76,45,18,67,155,17,53
red,91,30,140,17,81,74,102,138,156,70
red,0,102,6,24,93,91,125,114,106,5
red,101,23,150,24,128,97,154,3,69,53
blue,78,102,73,129,82,123,13,136,85,70
red,22,58,56,51,93,90,102,68,133,70
blue,115,67,21,106,100,137,65,143,50,93
blue,74,77,37,137,70,22,141,10,24,5
blue,88,23,155,50,70,0,28,10,129,9
red,123,60,71,106,128,10,134,37,76,12
blue,62,111,121,133,119,0,142,10,49,109
red,77,154,56,49,45,10,38,121,29,119
blue,0,27,150,63,70,90,60,65,116,45
blue,34,94,125,137,45,110,40,2,116,160
red,31,111,121,137,15,74,130,155,24,91
blue,67,74,121,24,128,18,60,141,15,9
blue,112,111,138,51,70,101,130,71,133,153
blue,144,134,91,17,80,57,58,1,29,153
red,74,134,6,17,53,20,98,155,24,79
red,101,13,6,17,118,77,98,143,49,148
blue,92,13,148,24,108,22,144,124,49,118
red,134,61,2,17,109,35,40,120,24,128
red,114,134,43,76,100,47,98,122,137,12
red,78,154,43,9,118,34,142,19,133,93
red,43,26,20,76,100,136,98,56,137,128
blue,112,142,138,29,12,43,134,73,9,128
red,31,23,150,9,45,88,58,136,50,159
red,127,38,43,29,9,112,134,151,24,93
blue,90,61,89,17,9,0,60,120,63,70
red,88,87,120,49,45,78,141,151,93,100
blue,0,28,155,24,139,22,60,124,17,9
blue,20,46,38,9,16,42,134,144,129,120
red,145,58,56,76,128,0,87,73,17,109
blue,0,65,144,54,99,23,102,55,51,128
red,152,154,144,29,128,43,74,6,50,153
red,35,46,64,76,53,0,84,1,24,45
red,74,75,43,17,128,92,40,19,8,82
blue,47,13,63,9,53,35,97,64,24,128
blue,31,44,27,49,9,57,5,43,54,53
red,145,30,121,50,128,103,75,155,76,96
red,135,58,23,17,109,101,65,94,54,9
red,101,65,136,29,120,0,46,121,51,45
red,145,23,142,29,118,78,38,71,17,45
blue,101,61,89,76,79,18,65,136,120,108
red,0,65,56,109,118,144,13,3,51,100
blue,101,88,155,129,74,31,65,89,24,100
blue,0,26,144,24,80,62,61,56,69,119
blue,0,149,144,17,108,78,61,56,24,80
blue,114,38,56,17,45,112,86,7,51,158
blue,20,97,150,17,79,57,58,49,29,159
blue,110,38,140,51,82,57,40,19,29,12
red,57,102,6,29,119,91,154,26,51,9
blue,90,110,2,76,109,57,58,19,17,71
red,57,94,29,41,82,0,74,21,133,93
red,31,74,140,106,153,112,26,64,29,93
red,57,142,64,29,12,18,58,157,133,5
red,104,146,55,51,128,115,23,64,76,93
blue,114,13,73,9,100,104,78,34,8,45
red,104,13,94,51,100,31,86,122,49,12
blue,104,60,136,29,70,110,97,122,109,108
blue,18,61,140,133,45,104,155,11,129,70
red,115,134,143,49,45,104,30,150,76,109
blue,110,67,19,17,71,104,40,89,29,45
red,110,98,71,24,53,104,58,124,17,80
blue,25,38,59,147,82,104,130,3,76,118
blue,29,142,20,133,158,121,141,56,106,45
blue,104,46,56,147,9,29,107,43,51,93
red,37,125,1,106,119,36,98,120,17,124
red,18,13,121,17,53,36,154,150,54,119
blue,104,130,56,76,71,103,154,23,51,93
red,77,26,150,24,14,0,58,155,17,119
red,92,102,155,29,70,103,75,2,133,153
blue,151,61,150,63,109,78,98,155,116,93
red,110,107,26,29,45,22,23,155,76,14
red,18,23,140,9,53,77,155,56,24,74
red,0,23,150,54,9,90,61,125,116,79
blue,78,88,56,9,129,110,23,155,51,70
red,20,27,155,29,53,35,38,143,17,119
red,74,46,150,54,80,103,155,1,50,82
blue,145,155,21,129,53,81,134,1,17,108
blue,150,23,2,49,100,74,38,155,29,79
red,78,61,81,29,153,0,54,155,49,41
blue,17,38,131,140,53,110,142,34,147,108
red,34,27,57,116,70,90,142,143,24,82
blue,74,102,11,17,160,35,28,155,63,66
blue,137,98,26,51,118,69,154,143,106,82
red,42,97,158,133,70,144,38,73,109,71
blue,22,113,150,17,79,151,67,140,116,70
red,42,67,29,116,12,3,154,21,69,128
red,31,98,73,29,93,72,38,32,17,45
red,22,154,151,29,119,146,142,53,147,96
blue,78,98,105,156,70,131,58,139,17,12
blue,43,154,55,9,93,110,28,1,17,80
blue,72,75,2,133,70,25,154,157,29,153
red,57,60,140,85,154,88,75,138,9,79
blue,143,154,43,49,53,41,40,105,29,45
blue,127,98,55,49,45,0,107,64,116,66
blue,0,154,65,49,15,42,13,55,133,148
red,0,98,138,9,119,91,46,6,52,128
red,57,124,155,116,128,101,154,140,29,153
blue,76,46,121,43,79,72,154,11,106,12
blue,47,97,55,116,70,90,154,122,17,119
blue,31,54,121,129,100,0,154,41,76,93
red,0,134,120,29,14,87,154,97,133,45
blue,74,111,26,24,96,0,40,121,17,79
blue,47,75,1,17,119,72,154,121,29,93
blue,37,5,110,129,79,0,154,71,147,96
red,78,154,155,51,153,135,60,1,133,70
red,115,40,155,29,71,47,154,140,17,93
blue,151,154,155,87,82,90,0,51,17,79
red,22,154,6,106,53,101,65,109,156,93
blue,34,107,1,50,45,74,98,87,24,158
blue,74,40,150,50,82,90,60,122,52,126
red,35,40,73,51,96,47,154,143,17,128
blue,131,154,1,52,5,151,107,7,51,45
red,25,142,151,109,71,115,154,155,54,14
blue,78,38,94,17,53,0,154,155,76,14
red,101,154,132,120,16,0,97,55,49,89
red,18,154,150,129,45,123,98,143,133,153
blue,22,130,43,50,70,110,154,2,29,45
red,18,98,121,17,15,101,38,73,29,100
red,110,154,144,29,74,131,134,21,24,80
red,22,154,19,76,53,127,142,91,17,14
blue,0,154,94,116,33,101,46,121,29,119
red,110,154,121,17,100,35,77,132,51,128
red,18,5,43,29,153,36,154,124,49,45
blue,0,58,43,29,53,78,154,34,76,128
red,31,154,144,24,80,74,146,89,76,9
red,74,154,138,51,119,91,102,71,41,108
red,57,154,151,17,160,72,125,121,133,70
red,53,141,124,29,153,35,154,19,147,14
blue,62,38,143,133,14,77,154,71,17,108
blue,115,134,144,29,153,22,154,26,51,100
blue,20,75,121,51,109,0,87,57,76,82
red,74,107,64,29,53,47,87,140,17,108
red,134,13,71,133,118,78,113,91,50,70
red,112,98,138,17,53,110,75,150,29,158
blue,114,154,64,51,128,112,67,2,29,99
blue,22,145,64,133,128,57,154,89,76,153
blue,88,58,15,49,160,110,154,56,50,111
red,88,154,19,76,14,135,98,138,9,70
blue,37,75,140,29,45,53,46,55,49,80
red,74,142,122,51,158,131,97,148,49,153
blue,131,154,143,9,158,53,98,120,129,45
red,127,40,155,29,128,35,87,94,106,153
red,114,145,21,133,9,3,155,26,129,160
red,22,60,11,136,45,18,97,6,8,160
blue,21,67,125,24,53,18,13,91,54,160
blue,91,111,151,41,160,3,155,1,17,6
blue,107,13,6,137,79,18,97,160,51,158
red,18,149,160,51,100,47,60,53,9,108
blue,152,46,121,17,9,95,23,155,54,80
blue,36,87,55,106,160,103,40,132,9,108
blue,101,61,19,51,160,115,97,54,76,45
blue,78,58,94,29,108,0,84,40,51,93
red,2,65,94,120,9,145,5,155,50,100
blue,90,46,132,52,99,35,60,94,109,148
red,88,28,94,129,80,2,84,151,24,119
blue,18,88,158,106,99,0,23,94,51,79
blue,144,40,94,29,153,103,142,83,76,100
blue,57,26,144,17,148,88,46,89,133,153
red,57,141,2,50,79,62,134,11,76,14
blue,2,125,150,85,53,18,58,155,109,153
blue,42,92,89,17,108,37,125,94,106,4
red,152,58,94,136,108,92,54,120,49,91
blue,22,60,71,29,108,42,102,152,136,100
blue,42,58,1,29,45,47,46,56,137,12
red,42,40,140,29,12,151,154,43,76,9
red,22,38,56,51,37,42,40,0,69,160
blue,42,46,101,50,80,22,58,1,17,128
blue,36,142,121,9,71,42,13,125,109,93
red,117,92,138,24,5,42,60,140,133,9
blue,101,65,150,29,89,42,27,155,63,70
red,42,13,138,24,109,0,58,1,51,96
red,42,102,37,17,148,144,46,132,49,158
red,42,46,121,76,160,72,58,73,17,99
red,42,54,107,49,9,22,38,87,106,99
blue,42,46,64,51,66,0,58,144,17,71
red,42,91,143,51,45,25,13,150,9,93
blue,42,44,55,49,9,22,87,71,17,119
red,77,102,150,157,139,152,46,42,49,100
blue,42,134,151,49,119,0,130,55,116,53
blue,42,58,143,29,12,115,74,71,129,45
blue,42,5,121,139,93,35,130,2,29,12
red,2,102,121,50,158,42,75,56,69,80
red,18,98,129,76,71,59,61,29,51,133
red,47,58,55,49,148,146,84,53,17,100
red,31,13,122,17,45,0,58,143,29,53
red,103,98,158,76,99,2,125,143,17,53
red,110,58,144,63,100,42,46,62,133,70
red,146,67,120,85,70,110,154,23,52,96
blue,90,28,1,147,96,25,40,26,133,100
red,57,30,19,24,128,134,98,157,76,119
red,135,75,121,24,79,0,5,144,106,109
red,91,154,121,9,109,110,75,144,24,108
blue,131,111,148,147,128,31,26,91,51,5
blue,0,28,23,24,91,134,13,71,133,109
red,20,13,136,129,119,35,84,139,49,109
blue,135,75,121,24,82,20,5,41,106,4
blue,97,154,155,29,80,115,23,109,24,93
red,31,54,155,76,138,152,113,71,52,74
red,74,13,155,76,160,37,130,150,116,153
blue,31,23,155,52,70,74,46,2,24,108
blue,22,141,158,24,82,101,30,159,76,93
blue,18,65,138,133,70,57,23,142,106,82
red,67,5,55,76,70,62,125,2,9,119
red,18,87,55,17,128,2,75,136,51,119
blue,0,60,15,156,12,18,46,55,17,93
red,74,98,55,29,71,36,154,121,133,9
blue,154,142,82,76,132,35,84,155,63,128
red,43,102,71,138,53,0,28,143,116,128
blue,41,58,64,29,82,77,102,140,116,148
blue,104,13,151,76,53,91,102,10,147,128
red,104,86,151,116,53,74,40,56,51,14
red,35,97,155,116,128,115,75,143,29,153
blue,34,104,151,17,53,103,13,143,76,66
red,152,65,56,116,80,48,113,91,137,119
red,107,98,138,49,6,0,134,53,51,66
red,0,46,143,106,66,22,102,1,85,53
red,114,142,139,49,96,0,30,32,17,109
blue,57,97,120,116,100,114,46,1,49,128
blue,114,154,1,51,91,88,38,138,17,128
blue,18,5,2,17,53,137,98,122,129,153
blue,112,133,11,129,66,47,46,121,17,108
red,115,60,158,116,70,77,113,114,76,109
red,57,65,155,116,45,103,25,68,9,70
blue,101,98,124,24,9,143,111,55,50,70
red,78,141,158,147,74,20,86,104,17,82
blue,88,61,11,76,82,78,65,94,49,139
blue,90,142,143,17,71,18,46,121,52,126
blue,18,91,71,17,109,36,65,122,76,82
red,18,75,132,116,45,78,26,94,138,93
blue,145,97,71,106,70,103,75,55,9,109
blue,152,142,79,136,108,78,111,155,9,96
red,123,30,136,137,108,119,134,11,0,153
red,74,26,2,106,93,130,58,138,17,4
blue,3,65,55,24,100,72,75,43,109,53
red,127,77,3,24,4,90,58,38,37,5
blue,3,74,81,147,16,18,13,2,51,9
red,3,84,101,49,128,18,94,151,51,20
blue,0,38,89,24,130,110,91,143,9,118
blue,0,46,55,137,100,42,65,148,29,153
blue,0,40,71,29,14,41,125,32,106,66
blue,110,84,89,76,158,0,107,121,17,41
blue,0,30,56,137,91,77,28,151,76,70
red,137,40,151,51,79,88,154,2,147,15
red,57,92,1,63,70,36,141,155,17,53
red,145,67,155,147,4,35,13,56,136,153
red,90,54,52,106,99,101,65,11,51,15
blue,35,86,109,129,53,114,40,26,49,153
blue,90,58,26,116,119,0,155,6,147,96
red,78,141,151,51,100,31,40,144,49,109
red,123,67,155,76,79,20,40,152,49,71
blue,0,58,144,63,100,88,65,6,109,91
blue,104,40,155,133,119,112,38,64,51,128
blue,146,23,136,51,82,112,61,121,49,80
blue,132,58,1,119,126,134,77,143,17,71
blue,22,155,144,29,15,123,28,89,17,45
red,72,113,132,129,108,18,125,68,106,45
red,101,58,11,9,70,18,37,7,49,80
red,88,13,26,69,80,92,40,19,50,70
red,74,94,55,17,128,0,60,144,76,80
blue,137,54,152,29,12,144,155,136,15,80
blue,36,46,57,20,108,97,13,121,116,109
blue,110,84,143,17,79,83,146,26,116,153
red,115,146,151,136,119,110,58,154,76,118
blue,78,146,74,76,4,37,97,64,137,118
blue,18,146,53,51,71,134,141,120,76,96
red,22,61,133,24,128,146,38,71,17,6
red,72,92,151,9,83,146,58,2,49,79
red,0,44,139,9,158,146,61,113,51,118
red,95,98,144,137,100,146,40,124,52,120
red,146,102,109,24,158,134,75,155,17,79
blue,0,60,144,24,45,145,40,68,133,158
blue,151,60,43,24,9,123,94,138,51,79
red,78,130,56,51,82,112,27,138,106,100
blue,74,13,89,106,45,34,75,6,17,82
blue,43,38,144,51,110,115,154,6,133,70
blue,78,13,73,116,119,90,28,151,76,82
red,22,30,38,49,100,78,111,0,109,108
red,0,107,56,49,45,77,130,121,17,96
red,0,98,59,106,96,115,67,155,17,9
blue,0,141,2,129,99,42,26,144,137,70
blue,115,40,19,24,108,77,142,41,106,100
blue,0,28,55,110,27,90,98,2,41,108
red,110,145,10,51,128,43,27,150,69,12
blue,0,155,11,17,118,125,27,19,137,9
blue,0,79,56,17,96,101,58,21,29,12
blue,47,98,121,51,93,0,67,56,76,9
blue,22,46,33,76,160,110,98,121,29,124
blue,0,142,120,49,148,31,102,26,51,108
blue,88,40,83,76,93,0,26,21,17,45
blue,120,141,56,136,126,22,75,150,109,14
blue,0,97,138,63,70,77,87,122,133,119
red,121,38,120,17,45,43,28,144,147,53
blue,18,134,68,156,153,90,125,121,137,45
blue,115,46,2,29,93,3,65,55,106,70
red,110,155,144,106,91,19,111,3,49,45
blue,95,23,155,137,45,22,74,94,54,5
blue,144,74,151,9,128,159,23,110,17,45
blue,131,65,64,51,79,81,94,144,29,71
blue,18,78,129,50,53,88,86,26,147,96
red,107,61,37,29,80,90,84,41,9,119
red,43,58,2,17,53,107,38,64,24,100
blue,22,58,133,24,158,107,113,155,106,5
blue,81,134,68,24,93,107,113,125,69,45
red,74,58,121,29,119,36,78,6,51,70
blue,88,38,158,129,100,31,13,121,17,9
red,57,13,155,29,4,107,98,43,106,80
blue,43,102,2,76,139,91,46,151,15,123
red,77,65,121,109,108,74,111,138,9,128
red,35,111,138,51,153,134,141,121,136,93
blue,0,111,56,116,70,35,13,155,76,81
red,22,98,26,76,46,62,38,101,138,96
blue,2,60,151,76,71,0,38,121,51,119
blue,47,146,6,49,99,18,102,1,76,93
red,0,40,64,17,153,22,58,56,156,130
blue,0,23,150,51,45,91,75,2,129,128
blue,43,154,29,51,70,101,111,136,50,128
blue,43,40,56,85,12,0,75,140,17,119
blue,31,58,159,17,109,112,142,140,51,93
red,88,142,11,24,5,31,38,148,17,79
blue,112,86,2,133,93,110,87,56,150,53
blue,22,46,121,9,119,101,134,29,24,80
red,103,54,94,24,45,123,61,155,29,71
blue,90,13,73,63,109,146,58,133,29,14
red,18,142,23,109,82,0,13,29,51,148
blue,20,74,3,17,12,110,54,155,51,108
blue,0,26,148,116,70,142,65,21,49,5
red,62,30,11,8,119,37,77,29,17,45
blue,115,61,26,51,91,37,13,94,133,140
red,37,13,68,17,109,134,84,94,49,53
red,22,88,137,52,16,37,23,89,49,108
blue,37,154,23,106,4,134,13,121,76,119
red,20,38,121,133,108,35,60,105,116,119
red,135,142,148,109,9,39,98,1,51,14
red,107,46,71,109,9,43,60,10,76,148
red,102,98,143,109,9,103,154,121,50,70
red,102,75,136,109,9,47,107,87,49,148
red,102,58,143,109,9,43,154,37,133,71
red,103,13,122,109,9,110,146,19,52,128
red,43,23,2,106,14,127,98,155,109,9
blue,0,98,136,109,9,131,87,19,51,91
red,112,13,55,109,153,62,87,53,147,93
red,39,86,155,29,12,151,154,53,52,109
red,74,125,140,51,12,48,141,6,17,128
red,112,86,56,24,82,35,60,71,17,126
red,115,60,2,147,126,0,125,89,17,12
blue,115,46,73,69,119,151,134,143,8,124
blue,95,40,140,116,70,90,75,151,50,45
red,31,142,1,29,53,22,75,64,137,93
blue,110,40,55,49,71,47,97,144,29,118
blue,22,46,56,17,12,34,38,1,76,108
blue,43,74,7,51,14,115,65,151,50,79
blue,88,134,1,129,74,110,44,11,50,70
blue,0,87,19,24,93,95,46,148,76,70
red,115,60,6,129,80,18,46,121,51,45
blue,97,111,121,24,5,0,46,151,138,96
red,35,46,64,17,70,18,30,115,129,45
red,35,145,136,109,45,94,87,124,106,82
blue,112,60,94,51,160,35,91,32,129,12
red,74,142,21,129,100,31,46,55,17,12
blue,88,26,1,129,79,36,46,144,116,5
blue,88,23,0,29,128,155,154,91,133,109
blue,0,58,144,116,82,22,94,56,76,45
red,0,46,43,109,71,18,38,11,76,5
blue,103,58,151,41,15,74,97,143,116,14
blue,152,13,150,29,119,0,134,151,76,14
red,2,125,159,106,126,43,13,53,76,96
blue,37,44,71,129,82,135,26,136,24,4
blue,31,58,121,29,80,151,13,57,129,71
blue,107,75,151,29,45,150,23,64,133,119
blue,31,13,143,76,79,22,58,7,29,53
red,22,111,94,9,120,78,13,19,49,91
red,77,98,93,17,12,36,67,56,76,139
red,115,154,101,17,12,31,67,155,29,9
red,145,26,101,106,9,0,77,2,24,82
blue,103,61,55,24,53,131,40,138,9,70
blue,31,23,151,17,14,103,61,121,133,153
blue,107,61,87,24,100,102,142,144,63,45
red,72,154,150,24,109,144,40,155,50,70
blue,54,22,138,29,9,39,46,44,17,45
blue,22,60,125,29,148,35,74,44,17,70
blue,67,46,53,63,153,47,134,124,9,70
red,77,40,121,29,158,0,60,37,24,128
blue,77,98,121,50,128,22,86,151,24,79
red,0,102,6,106,128,77,28,125,76,82
red,77,30,71,24,148,0,60,54,49,93
blue,97,58,121,156,5,77,134,21,29,108
red,25,94,53,116,9,22,38,122,137,30
blue,72,38,144,50,14,77,87,122,76,66
red,47,22,120,106,45,77,23,29,51,153
red,25,91,120,136,79,90,113,63,156,82
red,77,98,138,17,53,112,38,11,29,119
red,56,141,2,29,119,77,13,143,147,153
red,77,75,7,106,82,134,149,56,137,45
blue,62,60,7,51,45,20,77,148,137,70
red,77,146,55,133,82,151,98,19,116,45
red,57,98,121,24,66,62,13,71,76,16
red,144,60,122,147,96,77,40,19,137,70
blue,38,154,121,17,71,77,23,155,29,126
red,117,58,1,51,153,62,87,122,116,12
blue,62,58,71,24,16,77,13,104,51,82
blue,90,146,105,54,66,77,60,144,24,16
red,77,102,6,17,153,18,130,144,51,119
red,62,155,122,29,124,112,154,121,17,140
red,77,142,150,29,53,0,86,72,49,45
blue,18,40,138,76,120,77,92,34,52,139
red,77,40,11,129,70,127,28,151,76,66
blue,101,23,3,138,45,77,142,148,49,109
red,0,40,62,54,153,31,141,136,29,128
red,78,134,125,150,72,35,102,71,109,80
blue,67,5,151,51,6,77,26,94,29,45
blue,36,98,121,106,100,53,84,139,24,128
red,18,26,56,49,80,57,98,1,17,108
red,131,98,73,52,96,57,78,151,49,93
red,0,61,121,9,120,22,60,136,29,45
red,0,65,89,116,124,112,94,1,106,158
blue,18,125,138,51,128,146,30,71,17,153
red,103,60,55,51,128,112,87,26,49,14
blue,107,13,3,17,120,101,84,143,24,93
blue,57,58,140,24,153,90,86,104,116,80
blue,47,60,71,17,93,123,40,138,76,158
blue,127,155,159,9,53,115,60,2,24,128
red,88,125,1,109,53,112,28,64,24,91
red,31,38,143,156,71,0,23,6,24,80
red,43,65,1,50,108,31,142,64,116,119
blue,151,61,143,24,16,78,40,136,106,99
blue,152,23,71,24,128,114,58,1,106,99
red,152,102,143,109,93,57,65,150,29,45
blue,107,154,43,9,16,112,54,143,51,93
blue,31,142,148,106,96,20,149,19,29,80
red,110,61,6,49,93,151,26,51,76,5
red,78,146,1,17,45,90,61,63,116,109
blue,47,38,105,51,70,115,102,144,76,93
red,31,98,19,24,96,74,58,140,49,80
red,36,154,3,76,128,81,84,71,69,93
red,67,46,94,29,9,43,142,143,106,14
blue,35,75,64,76,70,0,65,159,17,45
red,74,75,56,148,119,144,60,136,76,109
blue,123,13,109,17,119,0,46,1,49,45
blue,112,28,148,150,71,78,58,19,62,4
red,134,97,121,49,14,35,61,2,157,66
red,104,111,132,129,12,0,23,158,9,80
blue,0,61,1,137,100,3,40,55,29,153
red,101,77,124,116,53,43,67,11,17,16
blue,135,67,159,136,14,78,27,43,17,79
blue,90,60,43,76,109,134,58,148,156,14
red,115,149,140,24,128,31,65,121,106,82
blue,88,98,157,116,109,18,65,139,137,119
red,57,39,140,116,119,101,28,144,50,93
red,18,28,26,49,93,22,102,140,17,53
red,31,97,64,69,80,112,142,144,29,14
blue,88,98,121,51,128,97,134,56,49,148
red,95,54,151,69,79,23,97,73,51,159
blue,57,27,143,51,45,42,74,104,8,12
blue,22,40,73,29,45,154,113,125,49,5
blue,115,40,56,8,45,22,65,151,137,81
red,144,155,32,51,119,97,77,120,24,14
red,107,13,121,9,53,47,60,129,106,139
blue,47,38,121,116,12,0,46,144,51,5
blue,92,74,138,133,153,18,75,33,9,158
red,22,88,121,76,126,150,37,91,29,148
blue,22,155,19,17,128,58,38,121,116,108
blue,22,58,159,76,100,47,61,71,29,45
red,0,61,148,51,12,31,38,158,17,99
blue,110,74,3,69,160,37,102,140,29,53
blue,144,111,2,133,15,135,142,3,29,126
blue,90,23,151,76,45,58,13,105,69,80
red,62,40,121,29,160,20,23,150,9,128
red,18,40,19,9,119,62,102,151,138,80
red,3,86,53,9,126,115,46,143,76,45
red,115,98,136,9,128,101,65,150,116,109
red,2,134,148,29,109,115,154,143,9,100
blue,62,75,138,49,79,91,23,140,9,108
blue,62,47,78,116,153,95,38,120,9,158
red,22,38,56,29,45,78,92,151,17,53
red,34,142,29,120,5,151,97,56,17,109
red,43,13,157,9,109,0,124,121,69,93
blue,114,145,53,116,5,110,74,68,24,153
blue,0,142,121,29,12,95,38,159,69,16
blue,90,117,37,51,45,101,46,56,116,120
red,115,54,94,24,119,78,141,51,17,45
blue,43,84,121,85,5,22,40,15,29,153
blue,0,46,104,76,5,31,30,155,129,126
red,114,30,143,9,119,42,98,7,29,80
blue,103,38,73,129,128,95,113,1,51,93
blue,0,28,43,63,139,103,134,148,29,93
blue,115,107,143,133,153,81,30,2,129,70
blue,74,91,157,51,80,90,142,129,109,108
red,103,133,1,50,126,110,54,129,51,93
red,22,134,6,76,12,145,154,26,51,82
blue,43,40,143,50,119,48,78,158,51,93
red,62,97,57,24,45,74,54,143,9,81
blue,2,124,150,49,14,115,154,1,116,119
red,22,30,64,51,93,134,46,122,9,153
red,135,46,83,29,9,34,74,143,69,100
blue,91,154,6,51,119,35,97,41,29,81
red,43,46,56,17,70,18,134,143,69,80
red,144,46,122,17,66,47,27,34,116,93
red,144,13,121,133,70,103,111,132,24,14
red,0,13,15,51,109,115,27,33,76,148
blue,25,78,121,106,45,22,141,2,9,119
blue,95,92,143,133,70,78,88,138,29,41
red,144,75,79,29,5,134,98,121,106,153
blue,37,13,121,120,108,31,113,2,51,153
red,72,13,89,29,79,115,46,2,147,96
red,114,38,71,137,45,110,134,89,76,16
blue,25,94,140,24,119,110,13,2,29,120
red,0,13,55,137,53,43,111,11,106,70
red,44,74,94,24,45,145,26,56,133,14
blue,77,134,150,17,9,74,94,148,137,45
red,112,154,26,24,96,57,60,1,29,71
blue,134,130,1,24,70,88,97,55,63,9
blue,74,134,107,51,108,0,130,143,136,45
blue,36,30,6,76,45,22,87,55,29,12
red,115,13,121,9,128,113,40,155,50,45
red,37,13,121,8,119,39,40,104,133,45
red,112,75,157,17,45,91,13,138,76,118
red,18,98,144,9,70,90,58,121,133,153
red,137,40,68,63,70,90,38,124,136,100
blue,0,60,69,109,124,103,98,55,17,45
red,107,155,121,51,119,145,84,151,137,70
blue,115,102,33,51,81,74,54,121,133,70
blue,36,98,81,109,5,22,58,151,76,70
red,121,142,6,106,5,74,77,11,159,108
red,34,26,150,76,128,137,113,121,116,153
red,0,30,124,49,53,129,65,2,17,93
red,115,58,121,147,70,95,13,109,85,119
red,103,23,29,76,66,35,121,124,133,70
red,110,92,124,106,66,31,134,159,51,80
blue,95,40,55,17,53,0,154,121,29,160
red,112,130,150,76,68,88,75,120,133,100
red,78,27,124,17,45,103,87,3,138,53
red,101,28,121,133,70,110,38,155,51,128
blue,47,58,144,106,160,37,40,151,133,70
red,35,26,150,51,45,110,65,121,116,12
red,114,61,95,9,108,0,107,1,133,119
blue,22,58,121,17,70,47,154,95,54,79
red,37,87,125,51,110,57,61,122,129,70
red,0,26,95,51,148,101,102,122,29,139
red,57,130,95,29,108,110,102,42,17,45
red,117,102,95,51,123,41,13,151,29,93
blue,151,154,32,116,45,43,61,95,138,53
red,62,155,55,133,153,95,98,81,29,158
red,0,130,23,51,82,138,154,155,49,45
red,0,142,143,24,45,95,130,68,17,153
red,95,46,35,17,79,112,13,138,9,45
red,112,149,95,120,109,62,154,26,24,160
blue,95,58,143,51,128,94,40,55,50,70
red,95,27,93,49,74,115,13,155,76,80
red,114,60,155,51,93,22,40,138,147,45
blue,95,23,150,49,158,94,40,121,17,79
blue,95,38,121,51,9,42,46,56,8,119
blue,18,60,148,9,70,115,75,138,17,16
red,95,28,151,106,54,74,58,26,29,119
red,47,27,26,24,153,95,61,89,133,93
red,95,61,150,54,128,37,38,155,29,93
red,92,155,89,17,71,90,28,150,29,9
red,77,28,150,129,14,47,113,56,29,157
red,101,77,19,29,16,22,65,26,51,5
blue,95,46,23,17,45,150,65,83,49,100
red,110,102,139,136,119,18,40,140,9,109
red,90,154,155,106,100,110,134,150,124,126
red,110,97,56,116,70,88,107,10,133,128
red,115,154,29,137,93,110,102,151,17,54
blue,62,87,56,49,119,110,94,155,76,70
red,137,74,56,17,53,110,94,148,106,126
red,110,26,151,120,119,134,58,55,51,153
blue,44,40,121,29,148,110,58,89,49,14
red,151,28,120,76,80,78,134,34,29,153
red,22,67,143,133,80,25,40,140,69,53
red,83,38,55,51,119,110,44,68,116,70
red,110,26,94,116,80,31,115,2,17,54
blue,18,134,143,17,128,110,40,55,129,160
red,110,40,144,116,119,81,54,155,76,100
blue,131,23,155,76,119,47,26,101,17,158
red,78,155,143,29,100,48,40,124,50,153
blue,74,84,151,29,126,22,40,136,133,4
red,115,84,143,116,153,110,60,70,69,128
blue,110,60,132,50,70,47,65,140,133,153
blue,22,98,122,137,70,110,146,121,52,126
blue,38,154,104,76,9,31,94,140,24,71
blue,97,58,26,136,16,31,65,108,109,148
red,103,46,138,49,128,110,154,89,76,45
blue,137,13,144,9,80,47,58,81,29,120
blue,39,98,138,49,91,110,23,73,17,108
red,22,23,68,17,108,85,60,142,138,82
blue,31,155,6,76,5,110,28,143,49,108
blue,110,23,133,116,45,0,134,101,29,153
blue,110,27,21,76,119,88,38,143,106,82
red,110,91,122,133,80,115,84,138,51,82
blue,74,65,1,129,82,110,142,121,17,45
blue,0,46,56,136,81,31,110,138,50,70
red,110,65,2,133,70,74,134,71,76,5
red,0,98,144,83,80,110,107,68,29,153
red,110,58,56,133,70,0,65,140,49,80
blue,0,38,104,9,128,110,87,29,17,108
blue,110,46,144,136,79,18,40,104,133,80
red,59,154,91,147,128,31,77,110,9,70
blue,39,38,150,17,93,110,102,144,106,100
blue,67,58,150,51,82,0,65,121,24,119
blue,0,154,73,49,45,41,60,143,51,93
red,110,13,158,17,84,134,142,109,69,80
blue,115,40,54,29,79,0,13,121,133,45
red,35,102,73,156,93,78,145,110,85,53
blue,0,23,151,133,153,110,13,105,51,12
blue,131,23,150,76,93,47,27,121,24,12
blue,74,97,151,69,153,110,154,148,133,80
blue,22,97,1,137,109,78,60,94,51,82
red,78,87,94,116,118,110,75,155,137,9
blue,59,142,19,24,53,110,107,155,109,148
red,62,44,6,106,45,144,38,115,69,140
blue,115,102,150,49,53,110,91,7,129,160
blue,115,74,56,17,128,22,102,54,137,158
blue,152,23,143,76,108,97,104,21,17,71
blue,41,40,151,106,126,22,102,144,24,5
red,0,60,41,17,79,36,102,121,76,70
red,0,98,105,9,96,34,54,144,52,93
red,35,26,132,17,93,18,23,0,116,96
red,0,65,94,54,93,25,84,138,108,111
red,81,13,35,51,153,18,60,94,29,139
red,110,84,136,51,139,18,98,55,29,9
red,3,88,1,24,66,18,61,56,69,79
red,74,61,53,69,70,18,23,19,24,80
red,90,86,122,116,70,0,23,71,136,119
red,47,23,150,63,5,107,54,11,17,53
blue,74,145,1,76,96,47,75,121,85,80
blue,47,13,1,116,153,18,102,120,51,80
red,47,102,34,29,148,123,65,64,17,91
blue,18,27,138,76,66,47,13,34,137,80
red,47,130,55,29,153,78,134,151,63,119
red,47,141,143,49,53,36,61,1,17,14
blue,18,40,19,49,45,0,60,41,137,119
red,3,145,71,29,109,74,26,155,76,66
red,115,67,155,29,53,135,46,144,9,148
red,103,30,155,76,45,115,130,140,29,15
red,151,84,143,29,16,0,75,155,133,53
red,123,154,155,76,70,137,113,41,63,80
blue,0,145,44,137,70,103,60,136,52,128
red,22,134,155,63,70,31,98,136,76,9
red,47,60,155,29,15,110,141,121,63,70
red,25,130,2,69,45,114,0,89,106,82
red,120,155,140,52,128,31,111,159,106,148
blue,110,97,120,9,14,90,38,63,116,70
blue,0,75,53,24,70,31,60,37,108,109
blue,31,23,144,76,9,22,149,89,17,158
blue,78,87,125,29,70,81,26,155,63,9
red,57,38,136,69,126,112,22,148,29,96
red,151,111,93,17,15,35,77,64,76,53
red,31,27,103,8,108,131,40,140,17,66
red,0,30,150,106,14,81,60,32,24,119
blue,0,54,121,51,153,81,30,35,129,82
red,78,58,94,106,66,145,87,56,133,15
red,101,46,136,133,153,39,154,155,49,118
blue,151,98,121,133,153,110,141,2,17,93
red,67,94,19,17,128,47,97,56,137,45
blue,101,38,1,51,66,134,98,26,116,154
red,36,154,155,76,119,31,107,41,51,45
red,35,130,56,106,66,18,134,143,137,80
red,115,40,26,41,126,144,102,68,57,81
blue,115,75,143,29,54,18,40,120,49,9
blue,74,142,151,116,45,35,40,59,24,153
red,59,142,158,116,126,131,154,125,41,12
blue,31,30,150,29,66,158,134,155,106,96
blue,74,58,78,51,100,144,84,62,29,109
blue,0,13,158,8,93,103,65,1,106,128
blue,31,154,71,17,93,22,141,158,24,79
blue,114,74,129,106,119,36,30,158,17,80
red,22,125,144,17,45,62,44,155,29,79
red,151,13,158,50,148,81,28,155,116,80
red,103,27,56,50,5,0,134,158,29,12
red,150,98,158,137,70,88,155,140,76,100
red,47,54,158,29,33,72,145,151,106,81
red,103,58,1,109,108,142,46,144,29,12
blue,0,84,150,63,53,123,134,3,9,89
red,22,30,155,76,12,47,13,144,24,118
red,110,58,1,29,153,0,40,2,51,53
red,0,65,155,51,128,110,154,6,49,153
blue,0,58,11,137,118,9,141,121,51,128
red,0,13,78,51,128,31,61,6,17,66
red,137,98,140,24,109,62,13,89,76,128
blue,35,23,144,29,128,36,102,11,24,153
blue,18,78,104,17,128,31,146,19,51,99
blue,77,54,101,29,45,3,98,1,137,128
blue,78,142,125,136,148,115,23,19,51,128
blue,115,134,155,148,128,0,84,83,106,45
blue,101,38,55,51,14,78,44,61,129,140
blue,62,111,140,49,128,43,26,21,106,91
blue,18,26,136,106,128,78,13,134,29,12
red,0,154,11,76,99,47,40,56,24,128
red,22,94,71,29,128,125,40,2,49,41
red,3,86,33,17,74,22,23,43,29,100
red,77,117,144,138,119,2,65,43,17,70
blue,62,61,94,136,16,2,46,142,9,70
red,43,154,56,29,124,34,98,10,133,119
blue,91,75,121,69,123,78,13,43,137,15
red,92,75,155,138,4,48,113,43,54,119
red,26,40,110,106,53,104,134,43,51,9
blue,36,142,155,29,71,20,13,159,116,93
red,88,46,2,17,139,90,65,43,76,70
blue,39,38,2,49,126,0,125,56,29,100
red,47,94,121,24,158,117,107,71,9,16
blue,91,87,109,106,45,90,46,11,17,119
blue,90,87,2,106,14,101,67,136,17,45
red,0,87,1,51,158,48,98,144,137,153
red,78,87,94,49,153,62,30,150,29,45
red,154,142,19,17,45,47,87,120,116,130
blue,0,87,55,29,70,92,65,56,17,160
red,0,60,121,129,12,62,54,150,24,128
red,104,141,144,137,70,57,30,55,9,5
blue,31,61,121,17,70,43,5,56,136,93
red,0,28,2,133,70,107,113,155,63,45
blue,72,154,2,29,12,135,30,1,85,153
red,150,58,1,129,70,11,40,140,133,153
blue,77,113,7,29,53,117,87,55,133,109
red,57,40,18,49,9,112,94,55,76,5
blue,41,111,72,137,80,0,84,151,136,14
blue,53,154,157,9,119,18,113,144,76,45
red,43,113,151,109,119,0,30,121,51,93
red,18,113,139,29,153,78,23,150,76,33
red,77,113,143,29,153,44,30,144,129,100
blue,78,107,140,133,153,53,0,89,85,70
blue,36,107,29,41,14,154,61,159,76,12
red,43,78,144,29,108,110,23,94,147,153
red,43,107,121,116,12,18,154,151,50,80
red,36,77,155,109,118,72,102,121,69,80
red,34,155,2,17,100,131,102,71,24,15
blue,88,102,41,76,9,18,155,71,54,80
red,95,113,143,50,9,151,142,11,29,53
red,131,97,19,116,120,35,107,71,24,14
blue,31,87,144,17,45,47,46,21,9,70
red,2,142,159,9,109,78,98,6,24,108
blue,101,155,140,76,109,18,84,68,17,118
blue,0,134,71,29,158,36,46,121,52,119
blue,103,23,2,29,82,3,13,104,106,100
red,25,28,140,106,66,0,46,121,79,71
red,95,142,1,138,124,74,60,23,17,108
blue,37,60,89,147,96,22,40,140,50,5
blue,41,60,105,76,14,19,98,122,17,82
blue,94,86,91,29,153,57,13,68,147,100
blue,74,77,2,106,119,57,154,125,76,53
blue,18,23,136,50,70,31,124,53,76,99
red,36,155,2,76,12,34,142,138,51,30
red,22,154,2,51,119,115,38,55,76,83
red,152,130,121,51,53,31,86,11,63,70
red,115,87,143,17,9,110,134,83,76,118
blue,90,142,73,49,158,0,60,55,17,119
blue,110,30,88,17,16,134,102,144,29,53
blue,43,65,124,24,66,74,13,144,50,70
blue,146,87,150,51,70,83,46,120,133,53
red,18,46,144,29,93,83,65,26,49,45
blue,88,23,155,129,93,74,60,26,116,45
blue,35,27,140,133,119,135,23,155,116,53
red,88,97,122,17,118,114,13,15,133,70
red,0,142,143,17,139,134,61,121,49,45
blue,39,13,55,106,126,35,61,158,133,109
red,101,142,56,17,45,90,13,150,24,119
red,154,94,143,133,128,0,97,105,17,70
blue,150,142,143,17,53,151,111,7,24,109
red,150,40,138,49,9,31,154,139,24,93
red,35,75,1,137,119,91,60,140,29,74
blue,22,38,32,17,53,101,98,121,106,91
blue,123,134,110,106,139,146,102,2,49,153
red,18,40,56,9,12,146,38,71,29,53
blue,0,40,68,116,53,90,75,155,17,119
red,78,75,59,29,126,18,46,121,52,128
blue,0,134,155,29,15,112,111,109,24,148
blue,3,58,19,116,153,78,134,125,49,12
red,0,46,144,17,70,115,130,55,137,45
blue,47,130,151,109,118,110,134,121,52,100
red,47,98,61,109,70,22,40,120,133,153
blue,112,94,121,133,45,101,40,1,106,153
blue,36,13,125,54,15,22,134,150,69,53
red,0,134,101,76,93,92,75,148,17,66
blue,22,46,105,129,79,152,65,11,76,66
blue,101,141,109,133,148,103,40,6,93,53
red,115,65,73,133,93,110,13,121,75,153
red,0,40,159,29,9,31,46,2,76,80
red,31,46,144,29,12,103,146,121,51,79
red,0,46,11,29,100,103,23,149,137,123
red,35,102,101,136,82,43,60,2,24,128
blue,37,102,89,17,128,22,40,155,76,120
red,18,46,56,29,96,74,155,138,24,126
blue,103,58,1,89,153,72,142,37,51,119
blue,150,58,48,9,109,37,98,35,51,128
blue,35,134,137,51,108,107,67,81,76,93
blue,3,23,81,116,153,25,61,32,137,45
red,107,75,56,106,80,114,58,120,76,93
red,41,91,143,17,53,0,5,56,51,93
blue,74,40,1,51,14,78,102,138,129,70
blue,43,125,121,24,93,23,13,33,9,109
blue,43,13,144,17,15,145,125,155,51,53
blue,39,60,125,116,96,47,46,1,17,12
blue,88,75,89,9,53,48,125,143,24,96
red,41,125,129,109,128,103,145,55,49,119
red,57,125,91,116,45,94,23,74,29,119
red,112,125,143,49,14,47,86,56,9,153
blue,138,111,115,106,5,131,125,94,143,74
blue,22,102,21,17,70,0,74,83,24,100
red,77,60,138,51,53,0,65,127,24,91
blue,57,74,138,52,119,115,154,144,9,123
red,31,97,1,116,93,110,27,138,51,100
red,131,142,55,29,15,47,141,138,49,93
red,44,102,138,51,148,38,141,140,41,14
red,74,38,53,17,119,31,40,138,116,139
red,88,130,140,17,45,47,40,138,9,93
blue,78,145,81,137,70,115,38,138,76,53
blue,78,142,3,49,53,146,84,138,76,93
red,88,38,138,49,71,47,27,121,29,111
blue,135,88,151,17,71,146,46,1,9,70
blue,36,125,136,9,158,62,60,68,24,45
blue,43,124,104,143,45,73,60,138,9,158
red,131,40,6,9,53,0,146,73,29,109
blue,22,13,57,9,118,137,58,7,17,70
red,103,67,150,9,119,78,40,34,29,109
blue,57,26,3,133,70,43,142,94,9,119
red,43,154,63,133,108,115,60,121,9,14
blue,54,61,71,49,70,152,113,104,9,128
red,143,61,18,29,70,78,58,151,136,81
red,0,130,144,29,128,83,107,120,9,70
red,35,65,71,9,108,110,58,55,29,70
blue,117,40,143,137,153,81,30,19,9,108
blue,70,146,48,9,14,117,61,125,144,108
blue,0,40,159,29,128,110,60,83,49,160
blue,110,74,121,137,70,35,5,136,9,15
red,55,5,74,29,119,138,40,94,17,80
red,31,44,7,9,83,43,92,136,76,108
red,22,13,143,136,70,90,134,122,106,93
red,42,26,150,17,83,74,40,155,49,160
red,81,145,55,17,70,27,134,150,133,71
blue,151,102,37,116,53,74,130,122,137,45
blue,150,23,125,9,109,3,30,121,106,119
red,152,23,140,17,128,37,58,151,137,45
red,72,75,89,137,45,131,130,21,51,108
blue,121,130,0,76,66,19,38,6,50,119
blue,127,117,101,17,108,0,124,155,51,45
blue,0,37,150,51,53,31,60,121,76,1
red,74,38,158,51,139,115,46,1,76,128
blue,150,142,105,129,119,103,58,72,17,93
blue,144,142,151,76,153,112,67,91,69,80
blue,115,134,136,106,66,31,154,120,116,70
blue,62,155,68,137,79,88,30,1,29,153
blue,121,134,68,76,9,62,61,53,50,70
blue,43,134,138,116,12,115,113,19,129,70
blue,78,74,121,108,15,92,38,158,49,54
blue,152,154,32,129,53,42,78,89,69,80
red,31,13,132,51,128,67,23,94,17,45
blue,81,40,121,51,119,62,154,150,49,148
red,62,98,143,137,100,91,46,138,76,120
red,123,141,89,69,153,62,46,6,9,119
blue,19,141,129,52,45,62,102,1,17,53
blue,115,65,89,63,70,2,113,120,17,80
red,0,13,71,49,59,41,58,94,116,80
blue,91,142,55,50,79,152,23,150,137,128
blue,152,58,73,51,70,43,40,121,76,12
red,152,46,56,29,66,18,61,35,54,93
blue,31,60,19,29,153,152,30,150,51,100
red,0,26,56,133,119,152,61,55,54,93
red,110,26,104,106,4,18,88,121,63,70
blue,101,142,121,136,153,62,98,37,17,9
blue,90,38,6,49,148,62,134,121,29,14
blue,35,54,125,133,100,62,58,2,50,70
blue,62,125,138,17,45,151,155,43,49,53
blue,42,142,41,49,160,62,65,159,51,53
blue,62,65,3,109,93,81,98,121,137,158
blue,47,27,159,85,45,74,142,155,29,153
red,78,28,155,85,14,90,75,33,76,160
red,112,23,151,17,4,31,28,159,24,128
blue,22,75,62,51,158,36,40,143,17,119
blue,90,54,148,17,158,3,86,144,116,159
blue,112,58,71,51,70,0,26,94,129,4
blue,150,58,56,76,12,112,84,94,122,93
blue,130,107,120,49,100,90,23,155,133,82
blue,67,60,56,17,93,90,124,151,49,128
red,114,102,139,76,80,22,154,55,116,89
red,78,65,64,76,89,22,94,23,51,96
blue,22,28,148,29,12,88,98,121,17,89
blue,97,130,56,156,53,88,142,33,49,82
blue,91,154,150,109,118,101,58,71,76,70
blue,22,37,79,51,70,94,98,71,137,153
blue,112,54,155,137,158,43,40,73,29,45
blue,103,38,138,51,108,74,125,26,50,100
blue,78,102,138,9,100,72,113,59,29,53
red,146,107,56,50,70,78,58,140,129,153
red,74,94,150,8,12,110,97,52,63,45
blue,101,145,26,17,160,110,13,143,51,45
red,110,75,121,24,128,57,30,29,49,12
red,110,86,88,136,6,0,98,140,63,70
blue,2,46,71,9,14,77,142,23,76,148
red,103,60,121,109,108,25,86,23,29,9
red,20,97,151,69,128,103,98,23,24,70
blue,37,38,115,137,45,0,23,35,29,53
red,20,38,52,51,45,90,23,122,63,70
blue,74,46,56,9,70,77,60,23,41,82
red,54,46,23,17,119,101,41,110,49,126
red,110,67,143,133,119,94,40,23,17,45
blue,131,77,23,106,82,0,102,55,9,70
blue,101,102,23,51,66,74,65,133,147,45
blue,22,134,150,17,82,88,40,21,137,70
red,77,124,148,76,70,48,40,23,133,45
blue,59,46,21,137,128,88,23,109,69,70
blue,90,142,19,29,5,110,40,23,17,80
blue,151,40,23,106,4,115,38,120,51,45
red,110,40,109,76,118,88,75,23,49,158
blue,25,111,155,133,153,110,23,143,76,70
blue,19,40,94,69,53,78,65,151,133,153
red,22,46,23,51,5,0,130,71,76,128
blue,110,38,59,17,128,18,23,94,29,93
blue,152,78,23,24,80,31,65,121,54,93
red,74,142,1,9,139,134,23,158,106,4
red,131,61,57,63,82,22,75,56,29,45
red,47,94,121,106,45,72,65,144,76,80
red,2,102,125,63,119,78,46,132,29,100
blue,57,67,125,8,80,90,38,132,76,158
blue,88,38,64,147,128,57,98,125,85,70
red,57,94,140,106,82,146,125,68,137,45
red,112,28,125,29,66,42,40,11,51,108
red,42,58,125,29,153,18,40,136,76,93
red,90,154,125,50,70,112,107,21,76,108
red,95,13,2,17,118,78,60,125,29,71
red,114,38,34,116,118,78,125,121,17,79
red,90,142,136,76,80,151,98,125,122,81
red,72,134,125,143,80,0,60,48,137,45
red,0,97,71,29,9,18,54,125,51,45
red,90,37,125,29,119,42,23,6,54,80
red,67,38,125,29,53,47,88,132,51,93
red,115,134,138,133,53,48,28,125,116,15
blue,43,54,121,63,153,125,87,124,133,70
blue,31,46,125,54,45,74,77,71,116,119
red,0,84,125,49,79,101,87,73,129,76
red,154,134,125,51,9,135,60,56,17,119
blue,121,86,55,24,126,36,26,125,29,119
blue,19,130,136,63,70,59,134,125,17,128
red,115,61,132,76,53,134,125,55,106,120
blue,137,134,125,109,82,36,40,56,116,79
blue,18,125,73,49,93,22,13,119,156,100
red,35,65,26,51,12,114,130,125,106,80
red,131,134,125,69,71,11,130,43,49,119
red,134,102,56,24,100,110,58,125,116,153
red,36,142,125,49,71,90,124,19,136,9
red,90,124,125,106,71,42,38,155,54,45
blue,74,97,121,51,14,134,13,125,29,100
blue,107,5,144,129,108,0,125,6,9,119
blue,57,60,73,17,76,47,102,125,49,160
blue,35,134,125,150,80,42,146,43,49,9
blue,110,130,143,29,65,127,134,125,116,82
red,152,58,26,50,70,78,40,125,133,109
red,22,107,59,24,109,88,61,121,76,128
red,88,58,143,49,80,112,23,121,9,45
red,88,46,56,17,100,0,60,64,136,70
blue,43,107,1,137,119,72,142,143,106,93
blue,43,58,104,116,71,74,28,55,106,108
red,112,97,2,51,93,43,107,26,9,82
red,22,97,15,51,45,43,23,94,106,120
red,112,75,144,85,53,43,134,102,116,93
red,18,130,136,17,158,43,154,155,138,148
red,31,154,121,50,4,104,102,136,17,93
red,20,13,144,50,70,103,58,148,133,158
blue,112,38,144,136,128,78,146,125,50,93
red,22,60,156,54,45,43,58,151,9,93
blue,62,121,32,76,45,22,134,1,147,53
red,91,98,151,17,139,43,142,143,76,45
red,103,61,144,17,12,43,134,140,76,79
blue,78,75,151,29,14,18,60,140,76,74
red,103,13,144,76,80,37,40,139,8,109
blue,142,23,151,129,160,31,155,2,76,153
red,77,97,33,76,82,0,60,121,137,119
red,112,13,121,76,16,134,38,125,138,119
red,107,60,121,133,79,0,87,136,51,70
blue,43,154,120,106,82,92,61,140,69,80
red,88,38,43,17,5,83,130,150,51,12
blue,78,23,150,129,118,74,142,140,24,45
red,22,40,143,29,153,20,154,150,24,82
blue,3,107,26,17,119,78,102,138,76,82
blue,112,40,159,129,80,78,107,138,76,66
blue,78,98,155,51,53,110,54,64,49,9
red,78,61,26,116,45,0,98,144,106,14
red,78,30,125,116,96,22,134,79,9,53
blue,0,149,2,106,93,78,40,104,29,100
red,78,130,125,133,14,31,92,55,129,109
blue,88,23,125,52,128,78,58,120,9,70
red,78,134,150,106,93,31,40,121,8,70
red,101,78,121,129,70,115,40,91,147,96
red,0,141,121,116,45,22,87,73,133,44
red,115,13,26,138,4,88,124,143,29,158
red,110,54,94,122,76,77,124,148,9,45
blue,115,61,11,63,70,57,98,121,85,160
blue,18,142,6,116,108,34,46,144,29,70
blue,152,60,57,133,70,115,65,2,17,45
red,101,38,6,29,53,37,77,34,17,79
red,18,46,103,76,148,43,60,72,9,53
blue,31,77,136,29,9,110,38,122,133,153
red,110,142,138,49,119,101,92,150,116,9
blue,78,154,1,49,108,95,74,155,15,128
red,91,98,55,109,9,112,130,121,51,99
red,115,146,1,51,126,152,28,144,9,153
blue,101,61,57,49,45,20,92,1,17,53
red,78,75,139,17,148,35,46,55,52,5
red,74,65,121,49,148,131,60,7,76,53
red,77,27,73,133,153,22,111,64,9,148
blue,90,40,94,17,148,134,142,155,51,53
blue,78,75,159,51,70,90,40,68,116,148
blue,92,60,93,63,119,103,40,43,136,148
blue,62,92,143,17,160,120,40,56,147,148
blue,0,134,148,17,99,22,87,70,29,139
blue,0,75,151,136,93,37,141,91,137,80
red,33,94,139,106,126,0,142,105,29,71
red,151,142,1,76,81,59,111,68,137,91
blue,151,54,94,76,109,39,98,91,17,160
red,151,155,7,76,45,102,77,143,106,70
red,0,142,55,29,153,107,38,23,76,82
red,37,142,138,106,100,0,124,3,8,71
blue,78,40,143,29,119,115,60,89,76,108
blue,110,23,121,133,70,9,141,122,76,5
red,22,111,148,133,153,0,46,32,54,126
red,47,65,144,51,153,78,125,34,17,71
red,151,54,144,49,119,36,15,154,147,153
red,74,28,124,106,45,0,61,64,150,70
red,104,65,140,24,45,0,91,143,133,70
red,90,61,2,116,70,0,28,151,24,80
red,43,149,143,29,79,144,134,41,17,53
blue,77,54,109,63,70,101,102,138,76,108
blue,37,154,94,76,128,57,54,32,52,82
blue,130,40,143,24,12,90,75,71,76,6
red,43,30,150,52,158,57,44,155,129,148
red,144,61,19,51,82,37,113,1,29,99
red,31,77,56,9,45,26,97,138,49,158
blue,62,145,68,24,53,77,84,73,17,108
red,74,125,114,133,70,77,30,3,51,45
blue,74,38,11,116,53,103,23,150,49,100
blue,83,98,26,51,70,25,46,41,29,9
blue,134,27,26,147,96,110,65,56,51,82
blue,110,30,155,69,80,22,91,121,133,15
red,151,65,11,50,100,131,40,71,156,153
red,127,75,150,51,9,74,97,124,85,128
red,88,154,6,9,53,74,23,150,51,70
blue,120,46,89,9,108,31,145,159,29,158
blue,62,65,155,122,119,47,46,143,76,70
red,37,141,43,9,119,47,38,124,129,15
red,22,58,1,76,158,88,54,62,51,108
red,2,65,22,76,66,127,40,143,9,128
blue,22,134,144,76,108,103,142,55,9,139
red,22,54,43,76,53,135,146,7,136,4
blue,22,30,1,51,45,115,38,32,49,70
red,36,111,72,138,153,67,38,150,9,45
blue,72,87,55,9,70,151,58,129,17,74
red,31,97,140,136,70,0,44,121,9,79
blue,110,23,155,9,45,53,127,56,116,128
blue,90,133,150,109,71,135,84,2,29,16
blue,151,154,56,9,14,103,67,68,24,45
blue,31,58,121,9,70,110,40,144,17,80
red,151,77,121,116,148,72,5,150,106,45
blue,77,97,56,76,45,18,61,11,9,128
blue,92,74,151,9,148,57,40,140,76,66
red,88,75,136,9,53,22,46,148,133,70
red,22,146,32,9,128,110,5,136,29,53
blue,135,26,55,17,108,31,102,155,9,70
red,92,77,2,9,70,57,23,43,116,14
blue,78,107,121,137,91,0,40,41,9,108
blue,0,146,73,17,79,43,40,143,9,14
red,144,40,124,106,100,90,141,6,51,14
red,74,77,143,9,158,42,40,138,63,70
red,0,134,158,17,79,131,40,148,9,76
red,150,40,89,9,139,110,26,55,29,126
blue,135,130,120,9,70,78,142,55,76,128
blue,57,58,151,76,79,110,40,2,9,120
red,36,130,132,106,100,110,58,68,54,96
red,145,84,55,9,96,25,142,144,69,80
blue,110,102,1,136,118,101,84,138,9,45
red,90,102,155,17,80,22,23,133,9,15
red,22,23,69,137,70,36,91,55,9,80
blue,110,26,54,43,153,150,46,144,9,108
blue,134,130,140,9,100,115,46,1,51,153
red,0,28,94,24,45,35,61,83,9,119
blue,22,40,155,29,148,91,75,151,9,45
blue,90,78,56,24,66,127,154,2,9,100
blue,90,65,32,50,108,22,98,122,9,150
red,22,77,143,9,80,135,13,144,133,70
blue,137,154,56,9,66,72,60,151,76,153
blue,47,65,148,147,96,22,104,73,156,153
blue,57,58,56,9,128,90,98,150,2,96
red,20,46,55,24,14,130,124,151,9,70
blue,104,46,143,129,80,37,65,43,9,70
red,43,46,143,50,45,134,58,132,9,109
blue,13,23,151,24,119,150,87,43,9,108
red,0,58,55,116,153,18,145,26,9,128
red,110,27,71,9,118,146,87,121,29,153
blue,0,142,155,15,71,13,141,34,9,53
blue,90,38,121,76,109,18,91,19,9,70
blue,78,61,64,17,100,101,38,143,9,118
red,31,102,15,9,45,43,107,136,49,108
red,43,37,155,76,96,77,142,55,17,33
red,120,65,55,17,93,43,58,151,9,53
red,131,113,151,9,79,152,155,144,69,14
red,78,111,138,76,119,22,13,1,9,153
red,0,98,7,106,12,135,61,148,9,119
blue,115,61,124,9,93,91,142,89,116,45
red,31,145,68,9,126,90,134,129,8,108
blue,91,46,11,29,12,151,38,56,76,96
blue,20,75,140,69,119,142,87,143,9,158
red,0,145,155,106,126,72,40,121,9,153
red,127,38,121,9,153,101,97,55,76,99
red,35,98,151,9,70,37,84,55,17,53
red,145,107,120,9,70,78,94,143,49,139
red,42,141,108,9,126,101,111,7,29,100
red,135,61,143,51,158,88,97,6,9,71
red,57,141,148,9,5,36,74,140,76,153
red,97,58,71,9,93,144,145,1,136,119
blue,47,98,120,9,119,103,67,43,51,158
blue,90,84,121,29,148,110,107,136,9,70
blue,90,58,59,51,108,78,87,125,76,160
red,112,58,59,9,119,110,37,56,106,82
blue,110,65,143,9,148,90,13,105,49,158
blue,34,13,124,9,4,107,65,1,49,82
red,22,67,155,133,70,114,60,15,106,66
blue,135,23,143,136,70,0,46,1,9,79
red,90,5,155,9,70,34,142,150,138,100
red,151,23,120,51,154,57,58,15,76,96
blue,20,141,55,76,128,47,61,143,136,96
red,78,141,125,76,92,127,61,55,129,53
blue,78,142,151,85,96,22,38,144,24,74
blue,18,142,148,69,80,137,13,26,76,14
blue,0,30,155,9,96,110,75,2,147,79
red,72,75,83,76,66,3,58,11,9,109
blue,115,134,11,17,160,23,26,90,9,153
red,12,84,56,17,96,91,65,144,9,108
blue,97,98,55,9,45,103,107,43,76,74
blue,0,87,136,85,108,22,23,151,17,71
red,135,130,43,138,128,39,74,94,9,12
blue,92,60,138,116,139,78,30,94,24,12
blue,74,26,138,24,108,154,97,143,17,45
red,110,97,81,24,93,47,40,140,52,128
blue,31,94,148,137,70,18,30,56,52,119
red,22,65,73,29,15,78,125,121,17,82
red,57,38,81,52,14,47,142,144,51,70
blue,78,102,155,76,12,31,38,71,52,66
red,134,5,143,106,91,112,58,41,24,14
red,34,98,109,52,82,31,60,53,51,80
blue,0,142,41,76,45,135,91,73,106,82
blue,37,134,150,156,70,115,146,143,52,128
red,92,134,56,8,93,127,38,136,17,160
red,131,134,37,133,70,152,46,143,106,108
red,42,40,155,17,45,110,77,138,9,119
red,0,13,121,24,119,88,38,110,17,15
red,37,111,155,51,158,121,13,19,29,45
red,35,87,143,76,14,0,61,68,106,82
blue,91,26,150,51,12,137,58,143,17,16
blue,0,142,51,24,109,104,26,140,76,91
red,110,130,38,147,119,101,75,121,49,158
red,88,26,38,63,70,150,107,2,76,45
blue,90,61,138,109,12,36,28,53,76,16
red,88,84,136,106,100,134,146,143,17,158
blue,117,46,32,76,153,31,146,121,69,80
blue,136,107,144,29,123,43,37,143,49,80
blue,77,75,33,9,148,102,38,140,15,123
red,47,65,132,136,108,53,77,138,133,119
blue,22,98,56,50,79,77,142,6,9,16
red,88,142,104,116,53,0,60,57,49,45
blue,149,40,121,29,119,88,154,136,17,109
red,0,61,64,17,120,18,28,104,51,110
red,115,97,143,29,109,41,75,3,24,45
red,74,130,69,51,126,115,58,55,106,45
blue,68,142,64,24,70,103,65,105,29,53
red,42,61,121,76,109,20,77,131,116,93
red,62,46,121,17,71,135,149,1,116,70
blue,88,38,129,63,70,62,13,55,76,15
blue,79,40,155,17,71,74,54,19,76,108
red,37,77,35,9,93,110,23,121,51,45
red,22,130,121,106,153,43,67,133,9,45
red,34,30,93,49,9,72,94,56,17,158
blue,0,113,55,76,45,152,142,121,17,93
blue,0,87,81,51,15,22,74,143,76,160
blue,35,30,49,76,80,151,134,143,24,93
blue,91,67,155,147,128,112,30,43,51,153
blue,31,87,155,17,54,103,40,19,76,80
blue,3,75,26,17,71,114,94,144,49,153
blue,101,60,18,106,79,120,40,144,51,66
red,35,58,144,17,153,131,98,51,24,80
red,90,40,144,17,148,112,130,1,106,5
blue,97,40,125,29,16,35,134,155,138,80
blue,22,94,140,129,100,59,40,155,116,153
blue,42,58,43,133,64,2,28,150,29,9
red,114,40,0,51,120,78,91,143,137,45
red,0,40,68,150,82,22,134,155,51,128
red,22,40,143,9,109,34,60,89,133,70
blue,92,142,27,17,120,0,58,148,9,99
blue,37,40,6,51,93,77,26,150,85,126
red,31,40,144,106,45,0,58,33,17,83
red,103,40,132,51,118,112,98,88,120,130
blue,104,133,120,106,70,135,58,139,116,119
red,0,23,155,129,100,134,87,68,156,45
red,38,154,19,150,45,34,111,56,54,119
blue,0,134,73,133,70,72,23,151,51,153
red,110,58,143,24,158,78,125,21,17,160
red,43,97,7,106,66,114,60,115,49,82
blue,135,40,138,51,66,115,87,2,147,9
red,145,58,34,24,74,37,87,151,109,119
red,101,87,138,49,160,37,27,43,133,14
blue,31,40,56,29,53,18,58,121,147,120
blue,155,30,56,76,99,35,86,132,49,128
red,62,125,37,51,109,134,86,144,50,70
red,57,13,121,51,9,22,40,37,29,74
blue,25,75,144,51,4,74,40,32,156,153
blue,112,61,155,17,160,35,60,148,50,99
blue,110,28,133,63,108,22,141,144,51,153
blue,127,130,136,156,71,81,60,143,49,99
blue,144,40,155,116,45,62,67,109,24,108
red,34,58,43,138,76,144,26,150,24,82
red,149,58,6,76,96,150,37,144,129,45
red,43,134,56,63,153,144,13,55,29,160
red,57,130,155,24,45,42,81,144,17,80
red,31,94,144,49,14,59,60,150,51,79
blue,56,149,144,29,70,121,102,110,133,153
blue,55,30,150,63,119,144,60,3,52,128
red,144,30,155,49,81,91,111,1,129,14
red,1,58,101,29,53,94,75,144,156,158
blue,47,154,55,76,96,144,65,124,49,160
blue,22,141,64,17,91,144,13,26,106,82
blue,144,84,155,137,82,114,58,68,17,9
red,90,40,11,106,53,144,142,143,116,14
red,144,142,41,51,79,74,40,93,76,100
blue,144,155,64,133,153,101,23,6,129,70
red,144,13,101,116,74,150,23,43,29,153
blue,125,44,22,122,109,144,23,150,17,70
blue,88,107,3,150,100,144,98,155,116,119
red,144,142,125,106,118,57,75,104,49,128
blue,18,111,120,29,74,144,44,140,106,99
blue,43,113,132,17,109,144,98,2,9,100
red,57,97,51,133,70,102,58,71,17,45
red,0,27,151,49,45,144,60,150,29,93
blue,144,97,71,49,158,150,30,140,24,128
red,115,134,56,85,119,59,13,125,137,100
red,144,74,150,109,111,67,88,155,69,153
red,144,30,155,147,153,74,58,56,29,160
red,0,87,155,76,118,59,38,121,29,119
red,144,13,19,51,108,131,111,140,29,45
blue,122,67,47,24,80,150,98,144,63,15
red,90,46,143,54,128,151,145,2,137,66
red,31,23,155,63,100,3,75,2,49,119
blue,115,65,73,50,153,144,111,104,76,33
blue,144,5,54,76,119,0,61,19,17,153
red,144,58,1,9,93,31,134,55,106,45
blue,47,67,7,76,9,22,58,144,29,53
blue,144,134,94,29,53,110,91,55,69,80
blue,57,13,55,51,45,144,98,56,29,80
red,144,38,3,85,120,91,154,155,137,80
blue,92,142,120,129,70,74,46,144,76,45
blue,34,28,120,29,119,90,58,124,106,93
blue,112,134,55,17,158,43,98,120,136,70
blue,154,97,140,76,80,0,38,64,17,45
red,137,58,120,116,80,143,134,138,17,45
red,22,154,120,106,82,134,30,81,17,160
blue,0,30,150,51,100,134,146,140,106,139
red,110,38,140,129,93,18,74,121,24,80
red,90,134,120,24,79,35,142,43,138,71
blue,0,40,2,63,70,115,67,32,129,12
blue,20,154,121,29,108,72,142,64,9,45
red,72,141,1,51,45,0,145,37,106,100
blue,2,30,101,9,5,90,38,159,76,82
red,35,102,1,49,93,0,60,154,109,108
red,131,111,1,29,37,0,26,56,147,93
blue,110,46,6,51,96,137,58,121,133,70
blue,43,125,122,106,93,74,58,26,24,53
red,0,65,2,116,53,81,92,155,85,70
red,48,130,138,51,9,22,40,32,137,45
blue,74,60,71,52,45,90,65,144,17,119
red,110,65,57,17,148,0,98,23,133,53
red,130,142,56,17,119,22,30,68,29,71
red,112,125,56,106,93,18,94,143,24,80
blue,135,65,121,17,108,35,154,94,29,45
red,90,84,150,17,4,35,87,157,76,109
blue,115,134,155,17,53,34,58,21,29,45
red,3,98,89,17,9,95,61,143,51,6
blue,152,26,94,123,108,114,38,55,106,82
blue,18,88,55,29,9,77,86,129,157,71
blue,90,130,11,17,45,115,38,140,137,70
red,101,60,143,29,12,91,86,89,76,96
blue,0,26,2,76,79,151,130,121,116,108
blue,0,84,2,51,108,123,154,150,29,45
red,0,26,151,50,45,145,67,143,106,118
red,101,28,150,52,5,0,142,23,51,108
blue,114,98,71,133,66,37,141,34,137,15
red,0,26,129,54,79,115,75,56,24,5
red,103,145,121,51,93,74,13,26,17,70
red,110,38,56,51,153,78,13,101,106,14
blue,22,97,151,136,14,95,27,129,76,80
red,74,111,2,106,128,110,13,151,133,70
red,22,13,64,51,71,3,65,26,133,153
red,20,142,51,129,93,22,30,138,133,119
blue,115,84,31,24,128,131,97,2,51,45
red,110,87,120,50,70,136,130,32,24,100
red,0,58,155,63,80,22,39,32,69,70
blue,92,5,19,24,153,114,142,151,106,66
red,36,40,19,50,109,110,65,56,24,119
blue,74,75,79,156,66,78,102,71,24,100
blue,2,111,83,76,108,0,154,129,156,96
red,137,154,121,156,9,78,38,143,29,53
blue,38,141,121,137,12,0,87,150,156,71
red,115,26,155,156,66,43,65,122,9,148
blue,22,130,71,147,12,81,54,11,156,93
red,22,87,138,29,53,31,60,55,76,79
blue,143,60,131,49,71,72,13,105,156,100
red,91,87,51,49,139,74,23,140,17,128
blue,110,25,144,49,80,123,58,19,17,120
red,90,54,73,51,12,103,27,21,9,93
blue,107,94,51,8,53,37,92,155,17,70
red,103,94,53,17,82,22,142,155,54,5
blue,0,130,109,17,45,81,40,138,76,12
red,47,28,109,133,153,53,46,143,17,45
blue,110,40,109,76,9,62,58,143,69,16
blue,112,13,109,49,100,131,87,55,76,82
red,115,87,109,51,96,34,40,124,24,100
red,42,67,109,3,70,114,40,35,69,80
blue,135,46,121,29,45,47,77,109,17,53
red,47,13,19,49,45,0,30,138,156,153
red,110,46,2,17,109,74,130,155,76,70
blue,22,40,73,51,82,112,91,26,106,109
red,115,154,55,76,139,57,142,6,116,109
red,78,38,150,85,109,110,111,155,76,153
red,35,26,155,76,158,123,75,1,29,109
blue,35,141,89,137,109,112,102,87,51,158
red,78,74,129,49,5,22,154,144,133,109
blue,115,13,121,49,109,112,5,155,51,66
blue,135,65,64,17,100,110,149,91,52,109
blue,22,60,144,29,158,110,75,125,51,148
red,31,13,59,17,12,20,40,54,9,93
blue,34,87,2,24,14,22,30,55,51,93
blue,35,40,73,76,79,34,5,109,51,14
blue,34,102,78,137,158,90,154,144,29,119
red,112,61,53,50,118,22,13,55,49,82
red,112,23,19,106,108,3,5,56,51,109
blue,112,98,138,63,70,47,154,121,76,16
blue,22,58,55,106,158,112,111,104,17,153
red,22,65,122,137,128,35,60,144,156,70
red,22,61,19,129,12,110,26,125,51,53
red,22,154,3,29,71,115,54,151,137,119
red,151,26,53,129,9,110,23,150,51,12
red,78,26,94,50,9,112,87,138,106,91
red,3,61,71,9,82,77,65,68,138,119
red,127,142,122,29,9,57,146,1,49,109
red,107,30,132,76,108,0,98,155,133,118
blue,135,54,43,50,70,91,142,1,76,9
blue,37,133,119,51,66,112,94,124,52,53
blue,31,65,150,63,70,53,154,125,29,71
red,31,74,121,76,53,103,77,144,63,70
red,88,86,89,76,96,22,102,71,29,53
red,151,46,122,106,82,131,84,150,29,108
blue,22,40,143,69,119,101,98,56,147,96
blue,145,134,143,69,53,57,58,19,29,158
blue,92,40,143,76,118,18,87,3,69,108
red,22,65,11,8,70,31,13,122,69,158
red,78,145,26,76,160,47,13,1,17,80
blue,115,13,151,29,45,36,142,11,69,80
red,112,37,144,133,93,18,65,148,129,70
red,27,107,0,69,79,6,141,115,51,153
blue,47,134,19,29,53,22,26,140,69,118
red,121,26,0,51,66,112,87,34,29,45
red,36,102,55,137,71,90,145,151,69,53
blue,112,102,21,29,109,31,30,151,52,158
red,31,102,26,17,12,110,30,32,63,70
red,121,149,64,24,71,112,27,73,116,153
red,47,38,143,137,81,0,40,121,49,45
red,22,102,56,69,45,47,145,143,29,71
blue,78,133,143,76,70,0,86,144,106,91
red,31,102,11,24,45,0,60,1,109,108
blue,47,61,122,133,70,37,65,91,85,148
red,115,40,54,76,82,135,121,71,9,126
red,101,27,55,51,53,47,142,159,49,45
red,48,13,140,133,45,70,61,158,9,109
red,145,75,1,109,108,101,60,121,52,16
blue,0,102,155,109,12,47,97,150,137,45
blue,150,113,54,29,153,0,30,1,137,70
blue,0,65,144,76,153,31,27,6,17,45
blue,152,26,155,29,6,90,27,56,51,108
blue,43,27,140,136,45,92,111,6,51,128
blue,35,86,55,116,153,22,27,137,53,100
blue,144,149,19,49,71,3,27,7,51,153
red,34,111,56,24,108,107,27,69,133,70
blue,112,58,157,17,109,3,27,121,129,158
blue,88,23,121,17,71,91,94,89,50,100
blue,90,153,121,24,58,88,84,94,116,9
blue,151,28,144,29,53,131,23,121,49,93
blue,102,65,157,76,45,47,75,53,17,139
blue,83,75,121,150,158,37,65,157,133,70
red,134,91,68,116,128,42,65,138,9,14
red,0,102,121,123,108,35,26,55,29,100
red,47,38,2,17,79,90,28,143,9,53
red,78,58,136,29,45,145,102,148,17,15
blue,0,154,136,116,80,31,65,148,17,9
red,110,23,1,9,158,59,154,155,29,14
blue,22,46,1,17,79,110,141,73,76,139
blue,150,60,32,52,53,43,84,155,129,5
blue,101,60,122,49,12,137,38,155,51,128
blue,134,61,121,109,108,78,97,68,51,99
red,110,30,124,150,128,47,155,6,109,9
red,83,146,26,24,15,151,154,144,76,9
red,135,141,121,29,70,31,87,143,133,139
blue,78,40,155,106,66,154,46,23,51,93
blue,22,75,2,29,80,74,67,3,9,71
blue,67,75,155,129,108,88,38,64,137,96
red,74,134,48,24,5,19,130,121,49,153
blue,31,5,94,17,53,74,84,150,50,93
red,31,102,155,138,74,110,149,148,116,70
blue,110,58,7,52,128,59,154,29,106,93
blue,78,134,26,9,82,110,37,120,109,79
blue,90,74,104,51,82,110,46,32,116,93
red,110,74,140,29,148,39,65,155,133,153
red,3,146,121,51,66,31,67,108,9,128
blue,36,58,26,116,158,110,145,119,24,45
blue,78,130,56,17,154,31,13,0,136,128
blue,151,27,121,29,45,88,125,62,147,66
blue,0,46,68,129,5,135,44,121,29,96
red,34,65,1,29,108,31,142,136,17,119
red,134,74,124,51,108,78,60,64,24,128
red,88,60,143,17,12,112,134,140,136,118
blue,42,40,144,17,153,115,142,6,50,45
blue,137,84,151,52,128,134,92,155,17,119
blue,92,60,26,24,70,0,111,11,17,45
blue,155,28,56,76,14,146,60,136,51,4
blue,150,61,151,17,128,104,23,155,123,108
blue,152,30,150,17,108,0,97,89,29,45
red,18,46,68,24,128,47,130,140,17,45
red,114,141,144,17,66,151,30,89,49,119
blue,0,38,121,50,119,74,58,73,129,79
red,91,155,132,9,93,115,40,32,133,4
red,37,46,158,17,108,78,13,155,147,96
red,17,65,53,52,128,127,154,150,9,96
red,78,13,94,129,5,74,38,136,76,108
red,151,102,121,17,79,31,98,150,51,12
blue,68,40,94,9,109,22,60,55,49,45
red,151,40,121,17,80,81,46,144,51,109
red,3,46,121,76,118,31,13,91,129,70
blue,72,61,136,76,109,154,46,138,49,148
red,77,84,136,17,158,103,67,155,24,153
blue,78,22,33,129,54,35,46,7,116,4
blue,146,134,138,116,12,78,46,124,76,128
red,88,86,132,137,70,31,60,148,76,158
red,74,46,140,49,111,20,58,109,51,93
red,78,149,41,133,70,115,60,121,49,160
blue,107,65,55,9,119,62,149,41,17,53
red,22,46,73,116,70,31,40,120,137,14
blue,88,113,140,116,70,78,149,56,17,14
red,83,44,114,51,93,101,149,53,137,109
blue,31,142,2,9,54,74,149,155,51,71
blue,0,149,121,133,45,65,124,1,106,9
red,47,130,56,106,82,90,125,144,51,153
blue,74,149,140,29,16,78,86,89,51,128
red,151,23,54,51,128,0,60,121,29,53
red,101,87,148,29,74,136,149,104,76,66
blue,112,142,148,147,70,151,145,41,69,153
blue,103,5,101,129,133,31,130,1,76,118
blue,134,60,148,106,82,31,149,55,49,45
red,58,142,43,120,108,20,13,143,106,14
blue,151,61,155,137,15,43,130,68,147,6
red,22,23,55,49,9,152,142,143,136,45
blue,107,84,151,17,118,103,30,53,49,45
blue,31,23,93,137,158,0,142,73,50,119
blue,154,13,53,129,80,20,98,159,24,153
red,151,65,157,133,53,136,102,120,29,79
red,149,154,121,49,15,31,40,143,29,45
blue,78,97,150,29,96,22,98,120,106,70
blue,78,40,125,137,119,121,38,56,17,45
red,0,97,155,24,128,112,60,2,9,71
red,88,13,71,106,9,47,58,57,133,153
blue,144,91,53,76,153,42,141,64,29,45
red,0,54,2,29,128,88,74,64,17,45
blue,151,58,136,137,119,115,40,55,9,66
red,0,27,55,76,45,31,46,56,17,118
red,22,60,109,17,71,18,98,121,29,153
red,2,97,6,49,45,78,40,150,9,92
red,110,75,73,49,45,112,107,155,76,100
blue,0,77,3,76,5,152,38,158,137,12
blue,110,98,124,51,108,90,27,155,9,109
blue,22,23,73,24,82,90,58,144,150,79
blue,107,5,2,76,93,74,13,150,9,119
red,0,27,109,29,45,22,67,6,137,158
blue,20,60,29,133,153,37,142,136,17,70
blue,151,124,91,156,153,43,23,150,29,15
red,35,13,26,76,96,57,86,125,29,153
blue,103,154,58,17,79,25,107,55,29,153
blue,134,84,35,133,16,72,102,15,24,14
blue,112,142,37,116,66,138,74,1,24,100
blue,62,38,11,17,96,54,98,90,51,93
red,74,113,37,63,45,103,65,105,133,70
blue,22,38,37,24,109,152,102,26,156,153
blue,101,40,78,49,15,97,23,73,137,70
red,31,74,37,51,128,103,27,94,29,70
red,95,58,151,29,121,101,60,37,116,100
blue,110,94,12,24,80,22,67,56,17,100
red,0,61,37,109,15,104,13,2,9,70
blue,36,145,37,50,109,0,23,150,49,15
red,18,61,37,51,119,88,46,64,63,70
red,31,46,148,116,119,112,102,37,69,70
blue,90,75,55,17,53,135,23,64,29,119
red,74,23,151,29,109,0,92,121,51,100
red,97,44,21,52,128,43,77,133,51,79
red,74,13,104,76,119,0,23,94,63,70
blue,43,23,124,137,70,36,58,73,50,45
red,72,37,150,147,70,121,77,6,24,12
red,95,61,121,51,12,101,23,155,106,91
red,95,141,37,109,53,103,84,155,9,70
red,0,134,143,17,80,18,44,11,29,12
blue,0,40,19,24,80,110,44,71,49,109
blue,18,154,43,29,108,31,141,136,76,4
blue,88,23,7,76,119,2,142,78,129,14
red,0,23,43,51,5,31,130,143,69,126
blue,123,46,83,63,70,81,23,150,17,128
red,117,65,2,51,45,27,77,151,147,53
red,78,13,155,137,100,18,46,138,51,139
blue,22,75,68,9,53,0,65,1,76,74
blue,0,141,73,49,100,103,28,115,8,128
red,57,61,121,133,93,0,40,143,17,14
blue,47,86,68,49,158,57,13,121,51,128
red,35,61,155,76,148,77,40,68,29,118
blue,127,91,71,52,126,22,40,57,29,109
red,18,23,155,156,45,115,97,104,147,100
blue,48,28,121,29,153,110,40,138,133,100
red,103,154,89,76,120,0,13,11,24,100
red,78,46,120,29,9,36,142,151,144,45
red,95,142,136,17,71,43,40,138,129,153
blue,77,40,54,76,41,18,75,73,51,82
blue,146,97,55,29,9,18,130,71,17,53
blue,22,13,56,17,153,110,130,143,106,82
red,0,130,136,49,53,74,61,68,51,128
red,112,130,55,29,118,18,65,104,17,4
blue,57,92,138,24,12,117,130,139,156,45
red,56,130,148,129,53,0,75,119,50,80
blue,110,141,64,29,71,43,30,91,133,153
red,90,38,140,29,93,22,46,121,49,15
red,31,13,19,116,128,81,60,2,51,93
blue,57,87,83,147,119,0,121,43,49,45
blue,36,130,121,63,80,90,134,34,136,93
red,72,30,101,51,16,90,86,155,29,71
red,41,102,138,29,128,115,86,11,24,123
red,0,28,109,9,71,59,142,151,137,5
red,88,28,151,76,14,22,74,144,24,80
red,22,28,151,76,108,0,30,55,29,109
blue,43,28,78,9,120,74,27,151,106,93
blue,0,28,150,50,70,22,44,155,137,128
blue,150,154,159,9,128,92,28,63,49,53
blue,31,154,54,63,70,95,134,87,17,158
red,91,154,140,137,158,97,94,143,17,45
red,145,86,148,49,81,88,13,143,137,70
blue,103,13,93,24,15,36,28,1,9,53
blue,42,13,56,17,100,151,154,150,9,160
red,36,155,33,133,15,74,154,43,29,53
red,130,37,55,17,80,42,75,64,137,12
red,35,65,151,24,100,42,154,6,51,14
blue,121,30,138,76,45,103,65,6,9,80
red,103,125,32,49,100,36,28,121,116,118
blue,31,88,56,63,158,36,74,159,50,119
blue,22,23,151,51,126,0,65,150,54,119
blue,112,102,159,51,80,115,46,119,85,126
red,42,13,150,85,100,78,23,81,106,82
red,110,102,121,9,108,13,58,143,106,45
blue,88,142,138,63,70,43,84,7,9,14
blue,97,102,144,54,93,101,23,71,29,119
blue,127,145,11,49,79,31,58,55,51,93
blue,18,13,56,17,148,101,111,57,49,119
blue,47,38,154,76,96,131,13,68,51,6
red,115,13,21,69,80,90,38,143,76,66
red,112,26,155,51,158,43,13,94,17,12
red,22,13,2,109,108,18,97,68,156,9
red,78,91,120,133,109,131,13,144,54,119
red,31,38,19,76,153,134,142,143,29,82
red,31,65,94,120,15,134,40,140,17,45
blue,47,92,43,85,79,31,125,121,17,53
red,134,38,150,116,79,78,26,91,49,14
blue,43,98,93,51,74,110,134,6,129,80
red,152,13,2,49,82,62,84,151,54,53
red,0,130,124,138,93,35,134,6,76,9
red,0,134,64,51,5,35,142,143,76,79
blue,104,75,108,17,70,0,13,71,76,128
blue,0,23,155,76,71,90,94,150,138,108
red,90,23,94,76,9,35,97,56,17,93
blue,120,60,121,136,128,78,134,104,106,100
blue,3,13,148,49,153,150,65,144,133,70
blue,101,141,122,49,5,31,38,71,51,70
red,88,77,158,69,118,74,23,73,9,70
blue,123,28,1,69,16,154,23,138,129,128
red,134,30,33,17,128,81,23,152,49,109
blue,90,46,2,76,5,22,23,121,136,70
red,110,23,10,76,96,78,13,140,9,120
red,42,23,120,24,158,0,134,140,85,128
red,97,13,23,129,158,150,58,140,17,80
red,0,75,94,63,70,57,13,151,76,41
blue,47,146,2,9,118,65,13,143,76,82
blue,115,97,78,9,160,90,23,150,24,118
red,31,13,151,17,41,42,23,150,76,148
blue,0,23,150,133,53,36,13,1,9,66
blue,78,102,3,17,74,47,134,19,137,148
red,25,23,155,150,70,104,94,151,50,76
blue,31,5,143,17,45,0,134,1,24,71
red,88,13,56,51,100,3,134,136,17,53
blue,57,91,33,50,70,0,13,2,137,80
red,57,134,140,116,108,123,65,155,133,45
blue,74,111,143,52,14,34,13,33,76,53
red,0,13,148,54,158,115,141,124,116,119
blue,0,5,53,76,9,43,13,143,63,96
blue,112,134,56,76,119,121,13,155,69,80
blue,134,46,2,9,133,43,13,155,106,79
red,22,46,155,109,153,151,13,144,106,14
red,134,88,155,51,100,107,13,71,106,5
red,127,13,155,120,128,34,65,144,24,153
red,35,13,148,76,53,90,134,121,24,66
blue,3,78,150,106,74,47,13,17,69,80
blue,134,155,11,29,74,110,58,140,49,158
blue,103,97,143,116,53,0,67,29,51,14
blue,88,38,140,76,81,47,142,6,9,45
red,18,94,21,106,82,31,134,136,122,9
red,134,60,56,51,9,3,13,138,49,7
blue,47,111,140,29,45,64,102,23,136,12
blue,18,111,121,137,70,103,23,120,29,128
blue,90,58,143,29,153,0,60,41,24,100
red,0,60,20,29,153,62,26,143,51,5
blue,81,58,10,51,71,36,141,143,54,15
blue,81,26,34,29,53,18,46,3,54,9
red,112,46,144,63,119,81,65,71,49,108
blue,81,97,94,147,153,107,60,43,116,158
red,81,141,151,116,12,103,40,21,76,140
blue,81,38,144,51,66,90,75,155,138,45
blue,88,87,1,63,119,64,111,104,24,82
blue,0,38,140,51,45,36,155,1,76,80
blue,92,111,121,51,70,25,113,15,76,126
red,112,23,150,116,9,22,40,155,138,109
blue,144,13,19,136,119,72,60,121,17,70
blue,10,88,138,51,5,101,65,143,29,53
blue,22,60,20,8,108,101,58,55,49,53
red,125,5,121,76,53,0,60,55,29,128
blue,0,146,11,29,148,47,27,121,133,45
red,107,60,56,76,133,101,65,59,116,70
red,22,60,55,137,153,37,38,151,54,100
red,115,38,148,50,128,0,142,1,129,93
red,131,61,155,144,120,62,26,73,69,70
blue,81,65,34,76,160,72,88,55,17,70
red,43,97,26,15,12,48,28,81,137,70
red,37,13,21,106,4,22,40,71,109,46
red,31,142,19,51,128,152,38,121,138,108
red,62,23,68,29,119,155,27,91,49,74
red,0,145,109,76,108,12,60,122,50,66
red,115,60,121,51,153,0,142,159,50,96
red,18,74,43,9,119,115,38,138,137,14
blue,101,46,26,24,70,64,111,56,49,80
red,13,94,144,49,158,62,86,6,51,53
red,78,65,73,51,119,22,38,143,76,93
blue,131,60,56,17,139,25,141,140,129,93
blue,35,117,155,76,93,115,58,26,51,160
blue,22,92,55,69,45,37,13,151,76,153
blue,155,44,148,51,128,115,75,144,116,158
blue,90,142,140,116,79,112,13,23,17,153
red,77,111,71,137,45,112,102,1,76,70
blue,135,13,94,15,148,123,40,140,76,96
red,150,94,157,51,62,151,46,121,76,71
red,3,46,109,29,93,54,134,132,76,158
blue,43,60,11,17,128,59,40,55,76,93
red,37,102,1,133,70,74,13,138,116,158
blue,97,130,138,106,82,135,154,68,17,139
red,18,54,120,76,53,31,97,144,106,82
red,78,65,63,29,45,88,30,33,150,82
red,47,23,150,69,6,90,65,109,51,120
red,35,23,150,133,158,31,97,29,49,9
red,121,98,43,76,100,90,65,20,133,93
blue,95,46,143,69,128,81,60,121,49,45
red,0,154,144,54,45,107,13,56,137,100
blue,34,77,124,136,93,110,13,23,17,15
red,20,77,6,76,93,3,60,121,51,74
red,78,13,56,49,100,34,154,81,24,45
red,42,113,140,129,80,112,13,155,76,119
blue,31,61,122,76,153,115,13,1,29,158
red,144,130,155,137,70,22,58,53,133,45
blue,90,102,144,49,153,18,23,151,129,109
blue,88,58,155,106,139,31,77,121,76,158
red,59,94,43,133,153,31,23,155,116,74
blue,151,145,57,51,100,22,58,150,106,82
blue,35,75,148,17,153,20,98,155,124,91
blue,31,46,1,51,12,18,94,143,106,128
blue,90,23,150,69,153,92,46,64,133,108
blue,37,113,57,29,93,74,77,144,76,45
blue,77,142,43,148,30,22,13,158,24,128
red,110,145,7,81,14,0,87,29,24,119
blue,135,77,56,51,74,114,38,43,129,66
red,112,40,89,17,15,151,26,144,29,65
red,104,60,138,52,66,151,146,56,50,128
blue,151,23,34,116,66,104,86,19,49,53
blue,36,38,148,69,160,95,61,78,116,80
red,101,84,136,85,111,43,26,125,17,118
red,101,146,19,136,96,57,38,0,52,128
blue,31,154,41,116,82,47,107,68,49,66
blue,101,114,94,50,100,78,40,55,69,12
blue,88,13,2,116,53,36,75,1,120,4
blue,112,40,19,116,148,43,134,89,137,119
blue,53,87,124,51,71,47,102,144,129,109
blue,47,58,143,116,100,31,98,29,17,45
red,62,38,121,116,128,110,75,53,49,70
red,62,28,155,106,126,110,84,131,129,108
red,110,97,89,129,126,20,65,151,137,153
blue,31,75,6,106,66,9,142,53,129,126
red,47,46,125,129,126,77,58,1,17,109
blue,103,26,136,116,80,0,58,32,49,109
blue,154,84,70,133,153,18,60,56,116,82
blue,22,154,109,9,93,146,58,143,116,130
red,43,23,124,69,153,152,142,136,51,14
red,47,23,7,129,80,110,40,134,51,82
blue,2,58,132,129,100,110,87,55,17,45
blue,110,46,143,69,120,12,26,139,147,70
red,78,102,136,133,160,110,13,86,129,14
red,78,65,6,49,99,31,124,68,129,82
blue,47,154,11,17,100,81,30,143,116,82
blue,57,97,121,116,74,3,5,15,137,128
red,31,61,3,49,45,20,13,32,17,100
red,2,102,138,17,81,150,60,23,49,53
blue,115,58,150,116,126,114,130,56,69,14
red,0,154,23,29,45,90,58,121,76,80
red,18,40,122,49,45,112,97,11,17,100
red,103,154,136,150,100,107,23,122,63,45
red,78,117,129,133,126,77,134,41,76,45
blue,90,13,55,51,5,127,60,3,24,45
red,0,46,89,51,70,22,86,150,17,45
blue,41,60,125,85,71,97,134,143,51,45
red,115,38,19,76,128,88,30,140,49,53
red,152,38,140,76,45,0,142,121,49,153
red,2,84,138,133,100,22,46,144,137,128
red,123,111,1,63,70,115,94,140,133,14
blue,90,102,19,76,45,22,113,121,133,6
blue,151,146,140,69,45,43,91,21,9,53
red,36,87,140,76,100,22,23,61,24,158
red,83,23,150,106,4,2,102,152,133,153
blue,34,40,71,76,153,2,98,11,17,128
red,37,40,3,106,119,42,23,144,51,109
red,22,38,150,109,108,18,61,3,51,45
red,115,134,143,29,45,47,38,140,51,96
red,112,77,140,9,53,20,61,150,29,45
red,123,40,1,63,100,110,60,155,116,71
blue,71,23,0,106,96,19,87,150,85,148
blue,9,134,148,76,5,110,154,140,17,14
red,110,141,140,51,70,135,40,6,29,139
blue,144,26,125,51,70,35,111,73,17,53
blue,90,86,68,51,153,137,26,143,76,96
blue,35,58,54,69,80,137,61,20,17,45
blue,57,97,151,17,119,144,58,67,8,118
blue,135,26,158,17,4,131,87,6,29,53
red,101,27,155,17,71,115,154,140,24,119
red,151,154,155,76,153,142,75,83,69,4
blue,131,103,144,24,128,123,154,143,133,45
blue,151,154,55,29,153,110,142,6,17,45
red,110,146,19,137,76,78,98,34,17,15
red,115,61,121,133,70,0,40,55,129,93
red,33,91,121,116,109,151,102,159,9,14
blue,131,27,19,136,80,152,134,121,29,79
blue,0,30,144,106,45,152,44,143,17,93
red,88,97,73,76,119,110,84,21,49,14
blue,0,102,1,49,108,31,40,32,17,53
blue,151,30,0,136,109,104,40,131,51,82
red,0,61,56,76,66,90,154,68,137,128
blue,78,111,122,9,45,37,58,121,17,128
red,110,26,34,116,79,151,38,109,52,71
red,0,97,131,109,45,90,60,11,51,5
red,31,87,2,24,128,42,134,155,29,70
blue,62,58,56,76,79,91,111,51,17,74
blue,48,107,1,51,53,95,98,68,76,160
red,18,142,140,51,100,112,130,155,50,109
red,31,30,151,137,45,77,75,2,109,70
red,31,98,140,29,119,123,28,150,76,5
red,134,86,140,106,53,146,61,125,29,45
blue,31,40,1,24,82,0,102,67,76,100
blue,131,58,56,106,148,31,75,55,147,96
red,31,38,158,133,53,144,65,155,29,100
blue,112,40,89,49,148,31,58,56,76,14
red,110,65,140,116,79,31,23,122,51,128
blue,74,107,69,116,82,35,78,155,17,93
red,31,113,119,29,109,103,91,1,137,70
red,31,154,144,51,153,22,23,55,29,100
red,57,155,144,17,123,0,142,121,136,71
red,31,130,1,133,128,0,26,32,129,70
red,131,97,121,76,139,127,44,34,29,158
red,25,86,69,17,79,110,130,121,49,9
red,110,61,56,129,119,131,13,68,116,96
blue,43,60,19,129,93,57,97,21,17,80
red,151,142,155,51,100,31,46,120,29,160
blue,110,13,7,106,93,39,75,52,76,128
blue,78,142,2,51,15,81,102,1,133,45
blue,39,77,55,17,9,114,38,159,29,108
blue,22,58,143,76,70,78,111,2,50,128
red,88,107,143,85,93,0,40,144,49,119
blue,0,75,159,106,14,48,77,89,51,15
red,35,154,91,17,80,22,54,144,29,14
red,62,65,2,109,108,57,111,144,133,153
red,91,107,155,137,80,22,97,33,150,14
blue,18,67,43,63,158,31,102,121,17,108
blue,110,67,68,106,108,120,40,7,51,158
red,22,75,7,76,100,47,40,121,150,66
red,22,60,56,51,4,110,154,121,116,93
red,0,87,136,51,153,41,40,103,8,79
blue,22,77,155,41,148,54,107,152,24,15
red,88,107,71,29,12,117,58,159,116,9
blue,0,75,122,109,108,115,40,32,116,118
blue,48,65,2,17,118,0,97,121,9,80
red,0,107,155,109,9,48,40,144,51,118
blue,150,107,64,29,82,97,13,138,49,45
blue,112,65,121,24,15,88,107,11,51,128
blue,0,107,64,49,93,152,98,121,137,80
red,72,107,155,85,128,78,86,71,51,108
blue,22,107,144,51,89,145,23,150,76,99
red,22,107,6,76,79,101,75,55,106,128
blue,22,98,121,147,96,47,107,26,116,109
red,47,107,55,133,45,25,61,1,116,68
red,151,107,43,51,128,146,61,144,106,139
blue,81,40,129,138,53,47,75,55,106,93
red,31,107,89,17,70,81,13,157,138,119
blue,115,23,19,156,153,78,107,151,116,12
red,90,13,73,51,70,81,40,3,24,66
blue,57,40,1,49,45,35,134,56,133,70
blue,103,142,23,76,128,81,130,144,17,158
red,135,30,94,49,128,18,130,150,51,119
blue,101,23,155,147,128,0,74,94,129,109
red,43,60,143,51,128,144,86,151,76,71
blue,134,87,155,109,119,54,67,43,85,128
red,22,58,53,54,118,3,154,121,76,100
blue,43,44,11,116,158,22,87,148,76,160
blue,37,58,38,76,153,22,77,144,17,128
blue,57,13,157,51,80,22,87,138,116,45
blue,42,142,2,51,80,78,87,43,24,119
red,0,87,124,50,118,22,130,127,106,14
blue,18,87,59,24,153,0,58,155,109,82
blue,3,154,26,106,66,22,87,55,51,119
blue,110,58,159,109,108,22,87,56,94,126
blue,145,26,94,24,126,22,87,71,76,53
blue,22,87,155,133,70,120,44,144,137,45
blue,115,28,151,9,128,22,87,73,24,108
red,0,87,150,116,153,115,30,143,108,9
red,22,87,159,49,108,36,58,68,51,80
red,22,87,71,17,119,0,102,73,156,79
blue,57,98,56,137,80,35,23,132,50,45
red,62,28,56,50,119,0,98,55,129,4
red,103,142,68,51,128,22,37,150,29,79
blue,112,13,151,137,158,134,98,136,29,108
blue,22,141,73,49,128,107,130,2,50,70
red,22,38,53,137,99,47,23,132,133,153
blue,0,154,55,76,45,22,23,140,50,70
blue,35,98,54,24,119,22,23,139,50,53
red,22,75,68,17,53,112,146,143,133,153
red,74,26,140,76,53,25,134,155,29,160
red,22,86,144,17,79,31,13,68,52,93
blue,18,130,127,3,80,134,154,41,76,119
red,134,40,114,106,5,74,142,136,24,70
blue,0,60,55,137,45,81,46,155,17,71
blue,22,38,139,24,119,110,84,148,50,128
red,22,75,143,50,82,31,60,56,51,70
blue,114,75,121,51,66,0,58,155,136,53
red,18,130,32,76,12,101,65,56,17,80
red,112,35,143,24,108,22,91,56,156,160
red,22,27,151,137,153,36,141,2,116,70
red,22,58,3,106,66,39,145,57,51,12
blue,131,38,6,76,15,22,23,120,129,128
red,22,38,37,137,80,0,40,121,51,45
red,22,13,138,51,119,38,154,7,49,100
red,97,30,1,24,93,53,65,144,137,128
red,115,134,136,8,80,74,142,53,133,30
blue,36,98,73,106,71,74,134,121,63,53
red,36,65,55,17,119,154,97,142,116,71
red,20,23,150,9,80,78,65,139,116,53
red,74,54,151,24,14,90,98,1,76,70
blue,18,91,81,49,5,22,23,150,17,53
blue,31,87,41,156,70,47,154,121,106,45
blue,127,40,155,17,87,151,58,34,63,70
blue,135,38,26,85,126,125,141,19,29,12
blue,0,40,6,49,148,22,30,56,147,96
blue,38,98,11,9,79,145,61,139,24,45
blue,135,130,122,156,70,134,30,155,49,100
red,103,102,138,29,79,145,77,53,76,148
blue,151,102,56,29,96,31,60,20,9,153
blue,0,26,2,76,79,103,58,151,147,139
red,31,75,56,76,128,20,78,144,17,9
blue,90,38,140,17,79,22,58,71,116,45
blue,67,60,101,133,53,95,23,150,129,158
red,54,26,68,76,9,22,13,109,24,45
blue,90,134,155,63,66,74,75,144,106,158
blue,112,46,55,129,53,74,28,150,136,4
red,62,154,26,49,153,0,78,143,17,71
red,88,60,140,51,74,0,38,32,106,99
blue,25,65,143,106,9,151,97,64,17,70
red,54,74,56,133,70,0,77,63,106,79
blue,90,13,68,106,93,154,75,55,51,74
red,54,60,71,76,93,152,86,121,147,96
blue,78,75,106,24,80,54,46,150,116,119
red,3,46,148,17,93,54,30,34,24,119
red,74,60,158,29,119,155,27,19,136,12
blue,36,97,64,50,153,43,146,94,133,9
blue,0,65,121,147,108,57,86,151,8,70
blue,35,130,68,109,53,31,46,90,156,119
blue,37,40,138,17,108,115,142,24,120,153
red,107,58,71,76,108,90,98,114,17,109
red,110,155,143,24,45,42,107,26,29,70
blue,18,107,55,151,71,88,60,143,116,70
red,0,107,151,24,126,18,23,138,51,45
red,47,154,121,50,153,102,107,159,49,74
red,102,107,89,17,126,115,75,159,9,45
red,74,107,19,137,126,0,111,43,49,45
blue,0,38,143,76,139,31,111,54,69,80
red,92,58,54,137,80,31,154,144,109,53
blue,135,155,51,29,74,81,107,121,137,70
blue,18,65,144,76,45,101,75,2,51,126
red,47,98,11,9,45,123,75,89,17,153
blue,146,38,132,29,100,103,86,140,51,133
red,104,145,21,29,45,115,38,121,137,91
blue,22,46,144,51,139,101,87,120,17,45
blue,114,46,21,17,45,103,111,26,69,81
red,3,77,21,49,109,0,44,54,51,12
blue,18,46,55,51,45,0,75,155,138,148
blue,25,65,23,49,128,57,141,73,17,70
red,57,61,21,129,109,112,58,3,9,83
red,91,46,143,76,45,59,145,155,29,96
blue,107,113,73,51,153,36,130,21,52,128
red,107,142,37,76,128,31,84,143,137,108
blue,81,5,121,29,108,107,141,1,76,109
blue,103,134,143,106,108,53,65,144,76,71
red,103,65,143,147,71,18,26,89,76,14
red,31,65,55,106,109,134,97,144,24,80
red,22,98,121,116,153,151,60,148,50,119
blue,22,46,32,24,160,101,94,11,51,4
red,117,102,140,24,82,115,46,1,49,160
blue,151,60,121,116,53,25,26,150,9,108
red,25,40,0,29,9,3,28,121,51,80
red,3,77,71,9,14,43,74,32,24,4
blue,72,74,140,133,108,112,38,1,51,70
red,47,74,143,24,80,151,28,124,76,70
red,135,74,140,49,128,90,142,159,50,153
red,31,74,143,17,160,57,87,155,29,79
red,143,74,95,147,70,110,78,26,69,93
red,20,74,155,116,70,110,60,11,51,45
blue,0,74,11,29,153,43,154,143,17,109
blue,34,97,143,63,70,90,74,11,8,80
blue,62,74,148,29,108,78,58,143,129,9
blue,110,130,157,50,96,135,74,140,49,158
red,0,23,94,17,45,101,40,140,137,53
red,59,154,89,137,153,72,30,55,24,128
blue,81,44,159,106,82,95,23,94,29,153
blue,18,88,2,29,45,43,87,150,136,14
red,20,155,3,17,100,0,98,132,133,74
red,39,44,141,17,128,47,61,121,9,53
blue,110,46,57,50,9,77,23,159,106,66
red,18,28,89,49,108,0,38,93,109,74
blue,151,61,150,49,79,0,60,140,9,53
red,115,40,121,49,82,112,102,158,17,12
blue,135,46,11,17,79,18,67,121,49,9
blue,22,60,68,24,119,144,13,155,76,9
red,22,142,89,17,15,103,30,55,137,53
red,88,84,155,51,12,112,23,151,29,79
blue,62,58,64,54,5,22,13,109,76,15
blue,22,40,64,29,4,110,111,73,54,82
blue,110,58,73,133,79,22,146,64,49,158
blue,134,97,121,76,109,22,145,105,137,119
red,22,98,53,116,100,47,60,144,49,108
blue,43,46,109,76,108,22,142,121,17,53
red,22,74,35,51,108,115,28,55,129,132
red,35,23,142,147,108,22,60,56,29,119
red,35,134,20,76,74,0,26,143,137,158
blue,145,88,124,137,9,62,98,120,76,148
red,101,113,94,24,93,112,77,143,51,100
blue,110,26,144,24,91,88,13,143,52,126
red,78,40,109,24,93,90,142,21,116,53
red,152,40,32,69,80,22,154,155,29,71
red,72,102,140,8,153,18,77,143,133,100
blue,90,102,140,144,158,77,13,1,49,108
blue,112,102,89,63,70,90,60,71,8,45
blue,90,145,120,29,45,22,65,143,76,14
red,131,77,144,136,120,121,146,89,51,4
red,104,133,144,17,53,22,58,26,49,71
blue,22,58,138,51,66,110,97,55,24,80
red,18,58,71,133,153,142,40,114,29,93
blue,43,40,3,143,93,22,154,6,51,53
red,101,61,136,15,80,22,87,71,49,53
blue,74,75,151,76,128,90,30,21,17,100
red,121,38,20,9,93,107,125,159,63,80
red,131,134,150,17,93,0,75,105,69,82
blue,22,130,73,51,128,131,26,1,85,15
red,77,130,143,129,45,43,92,138,106,74
red,62,84,159,106,66,115,38,143,17,9
red,77,84,1,116,70,18,154,138,69,53
blue,78,98,62,129,45,97,60,6,17,71
blue,112,97,151,8,71,150,130,120,17,45
blue,145,146,23,24,99,78,130,143,52,128
red,110,124,7,133,70,3,75,56,51,99
red,115,78,121,133,70,18,87,56,106,108
red,0,78,121,106,82,18,92,21,24,12
red,59,94,150,17,53,90,13,109,50,57
blue,35,46,140,17,45,22,134,138,24,99
red,47,98,41,17,79,95,46,89,29,100
red,31,65,21,116,153,78,97,1,150,93
red,78,26,43,106,16,151,23,143,51,5
red,78,58,73,51,119,22,40,56,69,74
blue,78,97,94,133,9,0,27,73,29,100
blue,78,58,136,29,79,74,38,43,17,148
blue,2,107,150,137,12,115,125,124,29,128
red,35,134,121,51,82,31,87,150,29,45
red,39,75,101,109,153,91,23,150,85,70
red,0,38,151,137,45,134,40,94,129,70
red,123,142,124,106,4,101,40,151,29,15
blue,123,26,151,17,126,18,98,55,106,82
red,112,87,6,49,108,18,102,144,9,119
blue,101,23,39,69,66,74,142,15,106,93
blue,150,0,154,17,119,72,97,55,49,93
red,22,60,1,17,71,48,155,23,120,108
blue,47,46,68,17,79,83,75,154,76,108
blue,155,46,122,49,148,74,60,139,17,71
blue,101,60,6,76,5,88,154,140,17,79
red,57,38,158,17,53,90,65,140,51,96
red,81,65,73,76,45,110,98,1,133,153
red,112,54,94,49,66,145,58,106,129,153
blue,88,58,29,69,45,22,102,151,133,153
blue,101,97,105,69,80,115,46,143,17,45
blue,0,130,2,17,79,112,154,55,106,99
red,37,40,136,150,109,103,84,140,116,45
blue,150,23,34,138,158,0,97,121,29,71
red,43,154,19,106,14,74,27,143,51,12
red,74,142,21,76,158,88,60,73,52,82
red,78,97,94,69,80,36,87,150,51,154
red,151,23,1,51,70,0,60,125,29,153
red,0,13,11,17,79,33,88,81,116,153
red,0,86,157,85,119,34,134,68,76,5
blue,0,65,139,69,80,135,113,148,8,70
blue,110,13,144,76,82,92,38,1,29,100
red,2,86,56,106,100,101,97,120,133,128
blue,47,13,143,69,153,25,134,73,76,15
blue,31,113,56,50,119,137,84,151,85,45
blue,107,46,2,17,79,101,74,34,156,70
blue,0,13,140,69,71,74,28,57,17,108
blue,134,65,155,129,108,121,154,81,17,9
blue,135,26,73,24,119,25,23,150,17,33
red,25,27,151,129,14,135,60,56,116,79
blue,39,102,143,51,53,31,13,11,76,108
red,101,46,21,76,45,110,111,69,133,70
blue,37,23,43,51,96,121,13,35,133,70
red,37,65,121,29,100,3,46,143,133,108
red,115,134,155,24,153,135,77,148,76,89
blue,78,98,2,29,4,90,155,121,133,70
blue,0,38,155,29,148,74,154,1,24,4
red,18,40,2,9,96,22,86,29,51,15
red,22,28,155,120,80,0,134,26,17,119
blue,78,130,87,17,70,90,154,124,51,4
blue,57,60,140,29,93,22,30,155,76,12
blue,34,60,122,76,99,102,141,138,129,153
blue,0,65,140,116,93,37,92,155,156,45
red,110,155,1,133,45,145,40,64,116,119
red,18,154,155,137,12,72,94,150,76,160
blue,0,40,159,76,82,31,65,19,106,119
red,42,13,159,29,148,110,97,150,109,82
blue,78,60,87,69,4,22,134,55,29,128
red,57,146,155,106,74,35,44,71,51,70
red,135,38,94,29,90,110,84,121,137,128
red,74,67,94,17,5,0,155,32,69,80
red,135,130,33,137,74,78,67,65,106,66
blue,0,44,11,63,70,22,30,144,76,108
red,112,40,2,129,5,0,154,150,17,45
blue,134,65,1,52,16,78,86,155,17,71
red,18,23,155,133,100,137,91,114,69,80
blue,150,142,132,76,14,115,13,94,120,100
red,78,58,155,49,14,22,142,132,17,9
red,74,58,121,129,70,34,54,155,120,9
blue,74,58,136,17,158,34,113,155,29,9
blue,0,134,6,69,80,114,146,155,24,74
blue,39,98,155,49,45,123,91,159,50,74
blue,131,67,144,17,82,35,60,54,63,70
blue,3,40,136,133,70,47,67,124,51,4
blue,57,145,155,49,66,95,67,94,17,139
blue,22,38,121,85,5,73,77,35,49,70
red,112,142,6,24,128,42,111,155,17,79
red,90,60,124,76,5,112,155,132,49,4
red,0,30,155,157,128,22,84,23,50,70
blue,0,23,37,49,92,22,142,32,51,66
blue,34,75,143,76,12,110,86,19,129,5
red,101,65,81,52,96,0,28,2,137,100
red,154,26,29,137,53,91,58,1,17,93
red,57,77,94,17,100,38,40,83,51,70
red,22,102,109,49,70,97,61,159,17,71
blue,146,154,150,17,12,72,58,7,51,66
blue,36,54,94,29,109,123,61,89,76,126
red,110,75,140,157,80,64,111,142,133,70
red,22,54,125,49,100,33,94,138,29,14
blue,77,58,138,116,45,20,40,125,52,93
red,23,40,155,133,45,90,65,94,137,70
blue,110,23,150,49,118,90,75,2,24,108
red,20,67,34,76,82,74,46,121,129,119
red,20,75,151,147,153,35,130,121,106,82
red,123,27,68,129,108,103,60,150,29,70
red,152,61,144,76,99,0,26,158,29,9
red,90,13,150,17,109,144,40,155,51,93
blue,145,155,56,76,70,0,44,115,29,109
blue,121,65,155,76,9,3,87,72,49,53
blue,0,40,129,133,153,115,65,140,51,45
red,74,102,139,85,70,62,75,37,51,53
red,43,102,157,76,53,88,79,155,54,109
blue,151,88,37,106,9,22,40,19,150,80
red,0,130,6,38,70,101,145,1,29,148
blue,22,40,143,49,9,0,60,26,116,45
blue,112,38,143,133,79,88,28,144,17,93
blue,117,97,6,50,70,112,13,121,9,158
blue,57,58,55,133,70,0,154,11,49,45
blue,47,26,6,29,160,131,58,11,129,45
red,47,142,72,69,80,22,13,129,29,71
red,101,13,139,29,45,103,38,159,24,53
blue,151,91,144,17,45,48,142,155,54,153
red,104,141,23,17,119,150,46,121,29,153
blue,18,134,155,24,100,110,142,56,29,45
red,115,111,124,52,99,95,145,56,51,45
blue,3,23,150,9,53,112,78,155,51,80
blue,18,134,68,76,128,101,81,7,133,126
blue,35,28,155,69,45,0,91,64,17,108
red,47,5,125,51,93,35,58,23,106,6
blue,107,61,56,49,53,47,102,23,108,71
red,35,111,73,69,80,25,87,125,51,15
red,112,111,121,137,80,74,61,68,49,79
blue,95,61,55,24,80,115,141,2,17,12
red,104,84,91,76,45,90,23,68,29,53
red,101,142,35,51,82,81,134,23,76,148
red,102,86,155,9,74,72,97,91,29,82
blue,131,38,138,106,45,74,134,29,133,158
blue,74,58,23,51,80,0,94,143,29,45
blue,110,130,78,116,148,20,86,53,106,74
red,91,77,23,17,4,22,40,43,109,160
red,0,111,132,116,158,41,102,139,24,53
red,72,28,3,133,79,88,38,23,29,45
red,134,13,23,29,118,74,97,158,116,119
red,77,146,23,51,128,92,40,34,129,70
red,0,86,159,137,119,77,60,43,54,153
blue,95,28,155,51,79,112,30,159,76,53
red,114,92,121,24,109,112,28,151,38,15
red,0,5,143,116,93,78,27,55,106,9
blue,115,46,43,6,108,31,40,73,51,96
red,115,40,144,49,82,34,154,151,29,71
red,126,125,54,29,153,115,146,34,17,79
blue,31,145,19,137,4,0,61,11,106,45
red,78,134,138,147,80,0,124,155,8,45
blue,0,5,121,29,93,107,13,120,147,45
blue,41,58,55,129,100,115,124,11,137,53
red,0,60,148,51,128,31,102,53,106,120
blue,41,98,64,137,158,0,13,68,49,120
red,78,145,19,52,45,47,13,104,29,148
red,78,58,0,17,128,134,26,155,24,93
blue,74,13,105,17,79,37,75,69,54,5
blue,3,98,155,29,153,43,75,1,49,119
red,151,145,83,17,53,78,46,68,137,4
red,0,26,140,24,96,47,75,121,120,153
red,62,75,139,17,96,135,142,138,29,93
blue,94,46,64,17,5,92,75,56,29,111
red,110,30,94,137,128,0,145,56,76,9
red,115,75,140,54,100,151,26,125,76,80
blue,3,75,1,54,153,62,102,71,69,80
red,59,75,11,51,53,18,97,120,17,80
red,107,97,120,17,5,22,75,37,156,119
blue,78,75,121,24,93,57,58,71,29,66
red,127,60,54,49,71,131,145,155,138,93
red,103,75,87,76,158,47,141,121,17,153
blue,112,111,104,51,126,110,40,1,24,83
blue,0,130,23,51,80,134,75,73,29,14
red,18,149,121,137,53,78,61,43,109,9
red,43,117,6,76,15,0,154,151,50,80
red,115,26,155,50,128,77,75,159,133,93
red,95,134,26,50,100,37,91,155,17,79
blue,0,77,55,106,119,135,84,68,50,96
blue,0,26,125,50,9,152,40,150,29,45
blue,20,61,138,76,158,115,92,121,50,119
red,77,27,136,50,108,95,40,120,54,100
blue,151,154,138,137,14,36,134,125,29,53
blue,151,25,1,136,14,22,91,121,17,80
red,47,38,143,76,66,78,86,151,69,80
red,114,60,1,29,53,31,98,68,52,126
red,47,60,68,150,80,135,146,87,52,16
red,22,97,71,51,153,31,141,104,9,82
red,31,65,55,17,12,22,94,120,29,148
red,47,65,121,116,45,59,46,10,17,14
red,47,27,19,24,119,101,145,151,51,53
red,31,86,140,50,45,90,38,150,51,119
blue,107,58,132,17,139,47,145,143,24,45
blue,47,98,155,17,128,78,134,150,133,41
blue,48,61,2,136,123,110,60,44,76,79
blue,74,130,2,147,53,78,60,155,24,80
blue,35,91,120,116,53,47,94,55,24,45
blue,22,23,26,76,96,74,145,139,17,148
blue,31,154,121,51,37,117,84,140,24,4
blue,112,134,158,51,128,47,65,143,69,80
red,47,30,104,76,108,22,134,19,116,153
blue,43,154,64,9,93,2,130,138,52,128
blue,74,61,55,52,53,112,65,155,54,153
blue,34,23,138,51,153,112,142,121,17,71
red,20,141,109,51,93,123,145,2,9,45
red,2,60,68,24,70,53,67,129,133,45
red,57,141,2,29,12,112,65,55,137,45
red,130,38,159,24,99,62,134,89,156,45
red,77,75,2,51,153,74,102,151,138,91
blue,57,154,2,137,153,88,121,155,29,30
red,150,110,121,76,108,56,98,152,51,82
red,131,30,2,106,153,78,60,73,116,45
red,0,67,2,76,93,62,54,143,85,45
blue,18,60,53,24,153,2,75,6,116,45
blue,31,111,155,51,120,0,65,2,147,96
blue,2,94,33,17,133,110,58,32,137,111
blue,55,60,115,29,79,41,65,2,133,80
blue,37,113,64,24,82,121,65,150,116,119
blue,90,65,1,63,12,121,134,136,17,128
blue,127,60,121,24,5,112,58,2,17,153
blue,18,38,53,106,126,2,87,94,29,160
red,35,87,37,49,14,90,30,143,116,80
blue,151,30,43,29,148,127,46,121,9,14
blue,88,145,53,17,79,117,38,68,9,80
red,90,38,1,49,109,112,40,55,17,80
blue,47,134,151,133,70,144,102,91,51,12
blue,35,107,55,17,90,136,130,150,51,45
red,74,65,159,17,119,5,38,37,63,70
blue,2,65,57,76,99,0,60,105,24,100
red,3,13,11,50,153,152,125,55,51,70
blue,47,94,19,137,80,101,40,158,109,9
blue,154,23,150,29,71,77,60,34,76,148
red,0,28,94,106,80,77,46,150,156,119
blue,25,154,144,17,53,131,65,1,9,71
blue,31,23,150,17,80,114,38,2,51,4
blue,78,125,55,17,153,0,98,2,76,128
red,134,92,26,17,9,146,13,159,51,99
red,110,13,142,17,100,136,75,56,102,108
blue,35,145,68,133,153,115,98,54,49,45
blue,43,46,71,49,120,47,154,121,17,79
blue,90,46,71,133,45,18,78,140,17,70
blue,112,13,68,106,82,121,58,54,76,148
red,152,91,26,69,70,22,102,120,29,118
red,137,86,19,50,119,78,102,1,106,66
red,43,61,121,17,79,0,58,55,137,70
blue,90,141,55,17,158,41,40,150,51,45
blue,78,84,91,29,5,43,126,127,63,153
blue,31,23,125,109,126,39,58,121,24,124
red,90,28,126,24,9,25,54,155,76,74
red,121,77,87,52,126,0,60,144,51,4
blue,31,75,56,54,158,0,142,94,138,14
blue,47,142,2,24,153,48,75,56,17,71
blue,31,54,150,29,80,91,40,2,17,71
red,0,46,1,76,71,88,58,140,51,100
blue,135,30,73,49,12,59,13,132,76,45
blue,31,154,142,9,53,34,94,143,29,153
blue,78,61,120,49,45,0,94,129,136,9
red,35,111,144,109,108,41,91,101,137,100
red,0,91,71,49,45,137,30,94,69,80
blue,72,61,53,24,45,135,84,19,76,82
blue,88,54,94,76,79,101,65,32,9,133
blue,103,65,53,17,45,135,61,155,147,12
red,18,134,56,116,118,90,26,150,76,45
red,95,23,150,49,53,43,61,55,51,160
blue,59,44,151,9,158,34,40,124,49,45
blue,20,65,144,50,45,75,130,151,76,128
blue,107,38,120,9,93,131,40,133,24,45
blue,101,27,121,150,16,22,154,83,24,79
red,0,134,26,9,108,88,75,56,17,45
blue,103,94,55,9,133,22,23,150,51,159
blue,95,111,140,106,119,115,60,3,9,80
red,36,141,55,50,109,145,154,155,9,120
red,0,154,23,24,80,35,54,20,133,70
blue,36,54,56,29,16,90,75,55,85,130
red,115,87,124,17,96,34,58,138,133,153
blue,31,30,121,49,45,18,5,55,51,80
blue,74,87,64,51,96,62,23,43,133,80
red,57,130,55,29,153,74,40,56,50,158
blue,31,102,125,29,119,110,28,55,51,128
red,18,154,55,106,82,81,38,21,133,153
blue,110,75,56,147,70,72,65,55,24,154
blue,130,5,155,51,128,90,38,55,129,154
red,18,5,155,9,139,81,61,55,137,93
red,2,13,124,133,80,103,58,151,51,119
red,48,27,43,133,119,57,141,19,24,70
blue,127,124,144,137,14,43,40,55,29,128
blue,3,97,136,129,74,41,38,55,17,108
red,0,61,151,106,45,59,155,55,51,5
red,97,74,55,17,79,36,5,144,129,153
red,57,98,55,24,128,112,130,136,17,53
red,152,77,55,76,74,43,67,56,51,99
blue,36,58,121,63,9,112,23,55,69,80
red,112,87,55,51,93,22,61,19,136,45
red,43,87,7,133,93,83,13,94,106,82
red,22,87,33,17,109,115,134,148,63,53
blue,0,60,11,69,80,3,102,87,9,70
blue,81,5,73,29,53,3,87,148,17,45
blue,53,97,121,29,119,90,87,125,24,109
red,22,27,142,9,120,78,87,55,116,119
red,137,87,150,49,148,81,75,121,17,158
blue,22,38,21,109,9,78,87,56,29,108
red,131,87,94,129,45,81,67,155,51,9
blue,0,107,1,29,153,144,87,94,129,45
red,110,46,64,51,70,0,60,140,116,100
blue,112,38,148,49,66,110,28,140,133,153
red,31,84,44,137,16,0,97,142,9,66
blue,152,38,158,17,45,0,142,41,24,70
blue,110,13,19,51,153,90,97,3,9,119
red,48,98,2,109,158,35,67,124,17,119
blue,112,38,148,116,128,88,142,57,138,14
red,152,40,143,136,5,90,46,151,116,148
blue,112,65,11,29,120,91,113,56,17,15
red,34,125,120,17,158,110,28,57,49,126
red,78,111,122,137,45,72,94,120,49,91
red,107,125,158,76,79,112,142,3,17,9
blue,18,65,7,51,45,22,61,122,133,70
red,121,13,0,29,109,144,38,3,49,108
red,20,61,68,51,80,42,13,56,109,108
red,42,38,121,137,54,90,46,56,15,80
blue,48,65,138,106,45,0,75,68,76,70
red,41,30,151,129,80,31,92,144,109,160
red,110,23,155,51,45,135,75,11,147,119
blue,115,44,144,76,53,34,107,121,29,119
blue,0,142,2,106,126,117,38,55,129,4
red,91,58,7,51,45,115,40,56,17,93
blue,78,38,55,69,80,47,40,140,49,119
blue,31,23,150,76,119,62,141,148,129,128
red,72,97,11,137,119,103,58,32,63,70
blue,22,27,3,136,160,47,155,85,76,119
blue,83,61,37,17,99,112,60,56,9,119
blue,36,61,64,51,70,43,87,136,133,45
blue,92,40,140,49,158,39,38,6,137,45
red,151,77,56,49,9,0,130,120,24,45
red,101,134,155,9,12,107,74,7,76,14
red,43,154,143,24,14,57,39,94,51,91
red,115,38,43,109,133,22,74,148,9,45
blue,22,54,43,76,45,115,94,157,17,160
red,103,98,143,116,45,145,134,56,29,53
blue,81,142,6,51,14,43,133,41,17,9
red,31,154,71,17,96,134,84,89,52,128
red,78,30,3,51,45,62,74,148,129,100
blue,48,134,26,9,45,72,102,2,29,66
red,0,134,2,17,45,101,154,1,51,93
blue,31,58,132,106,14,131,26,144,17,45
red,31,65,124,29,14,101,58,6,17,93
red,88,94,140,49,14,22,149,121,29,71
red,115,38,150,17,45,90,142,151,24,100
blue,78,40,91,29,139,20,98,120,50,45
blue,154,75,158,17,45,2,38,32,137,119
blue,74,30,151,106,53,81,13,120,137,14
red,31,60,55,51,14,90,40,68,9,66
blue,3,58,140,116,100,131,38,55,129,45
red,95,58,72,116,53,22,13,21,137,45
red,114,111,155,54,153,78,125,140,24,99
blue,78,113,73,29,108,88,40,15,106,80
blue,0,84,19,17,139,31,58,64,29,9
red,35,58,138,51,14,34,97,150,49,71
blue,104,13,109,17,45,101,58,138,156,100
red,18,107,151,106,12,78,30,53,51,42
blue,72,60,64,51,128,3,58,56,106,82
red,57,142,136,24,12,23,77,140,51,99
red,78,58,56,17,9,90,67,64,137,80
red,107,58,2,9,16,152,97,144,29,153
blue,136,46,143,133,153,135,58,6,156,71
blue,105,60,150,51,96,34,28,155,106,128
red,31,125,55,133,70,90,58,136,17,119
blue,47,115,148,51,158,43,23,155,49,45
red,47,40,71,109,53,131,65,104,51,45
blue,90,13,139,76,108,151,61,19,29,100
blue,115,0,1,133,93,81,13,140,106,128
blue,37,13,68,49,4,0,30,155,106,128
blue,131,58,64,51,148,22,13,19,136,100
red,103,58,26,150,96,31,13,136,24,5
blue,0,40,121,51,158,114,13,140,29,53
red,35,13,26,106,128,0,61,121,29,12
red,0,13,71,17,70,20,102,159,49,83
red,0,38,73,137,111,90,13,71,133,93
blue,101,13,55,24,158,151,23,155,29,160
blue,36,86,151,51,128,135,13,124,137,96
blue,34,75,124,49,153,0,26,140,17,80
blue,152,13,124,120,126,47,87,55,116,93
blue,54,77,68,106,100,22,38,155,109,80
blue,110,75,34,52,119,0,97,124,24,81
red,123,40,121,49,153,78,142,144,63,70
blue,123,67,20,17,100,74,5,94,76,79
blue,123,13,3,54,74,146,97,121,137,158
blue,123,113,29,24,80,115,84,1,51,93
blue,137,46,136,133,74,123,60,114,106,118
blue,43,58,7,76,53,123,97,56,17,79
red,92,58,143,9,108,130,30,56,24,80
red,101,27,6,76,83,31,58,121,49,108
blue,59,30,91,76,108,0,60,132,51,96
red,74,61,143,9,108,81,142,120,106,53
red,22,23,125,76,108,0,13,106,54,120
blue,152,58,41,76,9,115,74,151,17,108
red,95,154,6,133,70,115,46,143,54,158
red,101,154,2,137,80,35,40,0,50,79
red,48,58,131,133,153,36,97,63,51,80
blue,62,61,121,137,153,18,60,104,29,108
blue,90,13,43,133,153,88,40,151,158,80
red,5,40,122,76,108,115,28,1,17,99
blue,107,124,138,76,128,90,65,53,17,12
blue,110,87,59,17,139,0,92,71,138,45
red,0,74,122,106,66,22,30,151,76,100
blue,34,38,89,29,153,0,40,11,49,108
blue,20,65,94,157,53,150,40,41,17,79
red,92,38,121,106,5,47,46,136,51,80
blue,78,26,19,29,9,115,5,150,49,99
red,92,30,2,24,14,47,75,56,17,80
blue,78,61,143,133,93,146,58,121,17,153
red,78,61,155,116,5,101,75,33,29,153
blue,137,23,155,129,100,92,38,56,49,109
red,92,77,87,51,158,120,111,148,50,82
red,92,75,158,129,53,47,23,43,133,71
blue,92,75,2,116,158,57,130,56,9,109
blue,0,79,151,9,70,92,77,11,133,45
blue,47,145,71,136,160,13,130,158,143,93
blue,101,74,143,116,158,47,154,125,76,153
blue,22,113,35,133,153,47,58,55,106,15
blue,131,26,73,17,53,22,97,120,9,119
blue,90,142,148,17,53,31,65,55,19,109
red,101,102,26,109,53,22,60,148,106,119
blue,101,134,136,76,70,22,30,150,17,109
blue,123,77,51,76,45,22,40,144,129,119
red,26,40,55,29,53,146,155,101,51,6
red,22,124,51,24,53,43,30,1,76,140
blue,0,26,148,49,100,74,60,122,24,82
blue,0,84,1,106,93,18,46,138,51,160
blue,18,87,6,51,119,43,26,138,76,79
blue,22,107,140,50,70,150,141,104,116,80
red,31,98,64,133,119,112,145,54,109,108
blue,47,23,121,133,70,0,97,55,76,100
red,148,74,145,51,53,137,98,64,9,153
blue,78,26,151,49,108,0,13,55,29,158
red,114,65,43,51,148,22,46,89,133,80
red,3,38,1,147,93,43,130,122,8,128
blue,90,40,19,76,126,110,13,144,51,41
blue,145,61,138,50,109,123,98,144,137,74
blue,104,142,43,51,80,112,154,101,116,45
blue,91,54,49,85,70,0,61,1,76,118
red,42,58,138,51,9,110,111,151,148,158
red,0,74,150,54,45,151,5,35,76,159
blue,90,121,150,133,153,35,78,2,63,70
blue,103,84,150,108,81,112,40,19,106,5
red,43,86,155,17,71,31,87,140,29,45
blue,22,13,159,137,70,72,130,151,17,80
red,35,54,68,24,80,47,97,150,109,5
red,37,77,122,17,93,103,154,155,24,71
red,115,26,101,52,120,78,28,155,150,108
red,123,142,1,29,108,151,107,104,24,5
red,150,67,20,24,5,74,38,35,54,80
blue,97,40,1,17,99,31,130,151,9,93
blue,59,30,48,29,53,91,60,155,76,71
blue,62,154,158,29,9,131,54,138,133,70
red,78,60,155,24,45,151,27,120,17,9
blue,47,94,120,17,45,18,98,144,147,109
blue,92,145,6,9,109,137,40,73,133,128
blue,110,44,19,17,82,97,60,55,116,45
red,101,38,71,24,45,31,154,6,133,128
red,35,58,64,116,79,103,107,121,29,96
blue,43,58,129,17,120,90,26,151,41,80
red,115,23,125,137,83,145,60,6,24,45
blue,22,58,133,137,74,127,30,93,17,71
red,151,58,120,17,109,2,154,150,29,158
red,103,84,121,24,70,154,46,143,49,100
blue,90,60,151,17,107,117,58,26,137,79
red,0,60,26,147,70,22,13,55,8,128
blue,35,142,138,29,158,78,75,159,51,128
red,43,102,136,29,15,78,60,125,120,74
red,88,60,114,69,153,31,125,159,49,12
red,22,125,1,49,12,137,84,94,51,148
red,151,23,138,69,80,36,75,41,54,100
blue,78,142,151,106,100,43,40,7,63,70
blue,3,77,1,76,96,83,102,68,29,9
blue,130,23,155,51,70,78,28,151,17,148
blue,72,58,138,8,45,134,154,2,136,53
blue,127,77,150,63,100,6,30,110,76,4
red,74,30,11,136,96,90,65,56,17,12
red,134,13,143,133,70,88,102,1,29,148
blue,35,46,34,148,93,22,27,71,51,96
blue,0,65,56,51,70,22,38,138,157,108
blue,114,134,55,133,158,103,97,71,9,96
blue,112,28,68,147,96,57,58,151,116,45
red,90,60,120,133,119,31,40,32,116,100
blue,103,87,68,17,45,0,154,21,106,128
blue,64,111,11,29,14,43,26,125,49,158
red,42,22,125,69,153,78,142,94,136,126
blue,22,102,2,8,96,134,87,140,29,108
red,110,40,121,136,158,22,27,155,106,82
red,90,40,56,138,119,135,111,21,17,45
red,95,40,2,137,119,22,87,1,51,53
blue,57,65,21,76,93,35,40,132,8,153
blue,77,46,1,150,158,18,75,140,49,9
blue,7,134,0,133,100,2,40,142,51,45
blue,31,75,121,24,12,134,40,73,76,128
red,91,87,155,52,82,31,102,138,76,99
blue,146,23,34,76,15,31,40,138,106,158
red,36,40,19,76,99,22,67,7,69,158
blue,115,40,6,9,70,101,44,138,51,108
red,35,87,109,17,54,62,40,55,76,5
blue,0,87,143,29,70,2,58,100,76,153
blue,0,130,87,29,119,43,38,56,137,108
blue,115,20,73,17,79,154,65,127,24,119
red,123,40,155,50,45,59,91,11,137,70
red,3,154,150,76,45,115,102,20,51,109
blue,57,65,81,76,108,152,60,143,8,45
blue,18,67,71,106,93,78,13,155,51,45
red,34,27,148,52,128,74,38,157,29,153
red,0,113,6,76,100,115,98,48,136,140
red,34,102,144,17,118,112,84,55,49,153
blue,92,77,155,51,71,149,40,159,129,153
red,31,44,124,51,45,53,87,150,54,70
red,43,88,68,51,118,22,87,155,17,71
red,83,20,155,24,5,135,38,74,49,68
blue,90,94,140,49,119,137,67,20,17,71
blue,91,74,1,49,53,3,65,56,50,68
red,115,38,73,17,68,22,58,121,137,80
red,47,58,68,17,93,113,38,121,29,77
blue,35,155,143,51,100,0,145,19,133,45
blue,115,58,26,137,70,22,38,148,76,108
blue,112,26,140,106,68,47,154,19,76,83
blue,78,98,143,136,9,114,77,124,50,119
blue,78,60,155,49,54,74,30,89,9,45
blue,77,46,138,17,158,114,65,71,76,100
blue,78,79,140,29,87,0,98,1,17,45
red,78,117,20,17,9,115,30,3,51,154
blue,43,113,158,9,93,144,86,155,29,71
blue,90,38,121,49,128,78,58,155,29,41
red,115,87,140,17,93,34,61,53,49,109
red,0,65,143,49,53,36,54,140,17,80
red,112,26,151,29,45,74,142,68,116,12
blue,0,102,71,133,153,112,26,124,137,70
red,13,86,114,17,83,112,65,7,49,139
red,0,102,155,133,148,114,86,23,17,119
blue,112,75,23,17,74,35,102,157,29,45
red,36,44,148,106,109,112,134,159,76,12
red,47,142,114,76,66,22,13,2,24,79
red,152,26,114,106,128,22,40,56,29,108
red,114,13,155,29,53,43,72,68,51,5
blue,78,13,143,52,14,112,98,122,17,79
blue,0,75,148,29,96,57,130,114,17,80
blue,78,58,77,136,118,18,65,114,69,80
red,134,40,89,49,100,22,46,114,17,9
blue,77,154,143,76,53,90,94,114,17,45
red,22,87,114,137,128,112,142,26,106,93
red,22,94,23,76,82,90,98,140,156,74
blue,114,13,73,24,100,112,40,54,51,74
red,35,60,124,129,30,110,133,23,29,119
red,18,44,23,150,119,22,87,19,108,109
red,43,84,124,8,148,22,87,89,129,53
blue,22,142,143,17,53,152,154,55,29,153
blue,57,88,53,106,128,152,98,1,17,153
blue,103,142,53,17,120,47,74,2,147,96
red,20,77,143,76,100,37,61,144,51,82
red,91,13,53,147,119,0,98,1,129,9
blue,25,84,81,49,100,48,30,136,76,45
blue,135,141,2,9,70,90,26,155,17,45
blue,25,74,121,17,79,78,38,155,49,160
red,135,0,155,51,93,91,130,131,106,16
blue,0,79,155,106,128,31,154,91,51,80
red,78,65,155,24,100,43,154,77,9,45
red,22,98,121,133,158,43,26,104,9,153
blue,150,23,132,9,158,36,60,19,106,5
red,18,141,138,29,158,115,134,71,17,91
blue,36,98,20,137,70,74,60,55,9,158
blue,31,130,2,17,160,35,117,87,9,158
blue,101,40,87,49,158,115,77,119,29,100
blue,47,142,121,8,118,88,65,87,156,158
red,18,38,87,29,158,101,40,71,116,6
blue,0,75,56,76,153,103,141,87,51,5
red,97,58,56,76,70,34,84,151,116,119
blue,134,40,6,137,70,115,130,2,76,128
red,144,40,140,29,153,0,142,136,76,80
red,112,111,124,106,91,2,60,120,133,96
blue,22,94,10,17,9,104,61,125,54,45
red,144,102,83,0,108,18,65,55,49,80
red,22,94,71,51,153,101,87,140,50,80
red,47,58,138,17,53,33,40,136,76,82
red,90,40,11,9,45,115,38,1,50,53
blue,0,75,73,76,66,88,26,143,51,53
blue,62,40,121,29,64,35,46,143,106,5
blue,35,27,139,50,70,103,26,61,51,45
red,0,88,114,106,53,101,40,73,63,128
blue,57,113,6,17,90,18,91,114,50,70
blue,18,98,124,129,128,90,26,144,133,70
blue,135,65,56,106,71,112,23,32,76,100
red,112,26,121,108,79,59,58,56,137,70
blue,74,77,150,52,66,22,26,43,76,83
red,97,46,132,51,82,18,13,19,63,83
red,112,88,120,9,80,43,77,68,17,15
blue,39,60,24,29,153,115,46,19,51,93
blue,78,94,34,69,80,35,88,71,76,45
blue,103,58,1,116,153,136,98,94,17,96
red,103,37,133,17,45,114,77,94,49,71
red,74,65,151,17,71,78,60,138,49,108
blue,121,154,3,51,79,74,97,151,17,160
red,47,154,1,24,93,144,75,155,29,121
red,101,154,138,24,91,78,86,151,76,74
blue,19,142,144,76,108,57,125,114,106,4
red,112,38,56,24,119,72,60,68,63,80
blue,74,84,94,106,66,18,65,32,24,9
blue,95,60,55,49,53,37,13,62,17,158
blue,0,65,140,106,74,123,38,56,109,9
blue,114,40,159,106,82,110,75,55,54,153
red,22,30,15,106,128,57,60,101,116,79
blue,35,5,11,17,139,101,142,144,133,70
red,0,27,155,109,12,107,111,96,129,70
red,135,102,35,51,70,152,27,91,29,93
blue,35,102,2,51,45,121,27,154,133,82
red,78,27,56,106,93,20,61,73,51,153
blue,142,27,2,137,80,3,13,159,138,44
red,18,27,151,129,70,112,65,56,51,128
blue,0,30,138,9,12,31,28,56,51,80
blue,137,111,150,76,160,110,60,35,29,12
blue,62,142,122,51,110,34,23,150,76,79
blue,135,46,32,129,79,62,30,43,29,158
blue,137,86,64,116,138,115,125,155,136,79
blue,0,30,121,51,14,135,102,157,109,79
red,131,28,7,76,79,47,26,144,49,128
blue,31,40,121,116,128,78,98,19,49,79
red,110,87,55,17,79,90,38,1,49,158
red,59,142,124,17,79,3,67,94,29,100
red,78,46,94,106,12,90,13,21,29,79
red,22,88,132,24,82,47,134,148,106,79
red,78,146,155,24,82,103,13,79,29,96
red,131,58,136,133,79,112,74,87,109,158
blue,131,154,143,24,53,43,58,32,17,79
red,154,38,55,17,79,31,124,140,49,80
red,95,40,11,29,119,31,102,26,49,79
red,25,23,151,29,71,103,26,55,133,153
blue,22,86,73,8,128,81,38,64,147,15
blue,22,146,68,136,153,90,13,144,17,71
red,103,98,124,24,79,112,60,159,49,9
red,34,87,140,17,79,36,145,64,9,158
red,110,60,79,49,96,112,13,121,17,14
blue,22,40,121,17,70,74,23,150,116,79
red,112,23,124,49,79,57,125,140,137,70
blue,22,27,43,24,45,47,65,155,49,148
blue,43,65,158,17,45,37,61,89,49,119
red,3,65,155,157,119,88,27,1,51,15
blue,22,124,57,108,70,146,13,143,133,100
blue,62,111,56,136,119,90,58,26,76,9
red,53,38,32,17,128,112,111,55,24,89
red,101,23,43,29,93,22,26,155,9,128
blue,127,75,120,29,93,22,102,6,51,4
red,115,46,1,24,4,13,28,35,106,108
blue,78,88,71,106,4,0,60,136,76,9
red,0,58,55,49,4,144,61,150,137,126
red,0,111,144,63,70,107,54,155,51,93
blue,22,142,140,136,93,34,67,0,17,15
red,43,142,143,51,128,34,97,121,109,82
red,78,149,155,136,4,101,154,150,15,82
blue,151,155,56,133,53,90,65,143,136,70
blue,31,23,155,106,128,0,65,143,136,14
blue,101,61,71,76,4,0,46,132,133,70
red,115,141,26,51,4,41,98,143,133,70
blue,3,65,140,137,82,0,97,55,50,128
red,22,87,15,29,4,110,60,138,9,119
blue,103,65,148,51,66,151,38,124,17,80
blue,53,67,121,133,5,151,60,140,76,100
red,34,40,56,29,158,18,61,121,76,70
blue,22,149,132,29,128,123,38,140,133,158
red,102,44,32,29,160,95,58,1,51,128
red,43,134,124,49,128,110,146,32,69,158
blue,146,113,35,29,128,152,130,150,136,66
blue,104,65,55,116,74,68,40,151,106,128
blue,20,124,101,29,53,150,23,81,116,70
blue,74,26,140,106,126,35,91,23,137,4
red,0,113,155,51,128,47,46,136,129,108
red,22,13,139,17,148,130,65,121,137,128
red,39,58,71,123,108,22,60,21,29,148
blue,90,134,38,17,79,22,58,120,29,128
blue,18,74,1,29,153,31,65,64,52,128
red,92,61,55,76,80,110,40,129,133,160
blue,90,155,68,17,4,3,46,55,51,82
red,3,107,1,147,53,31,5,54,49,158
blue,81,26,55,76,9,0,30,57,109,108
blue,77,40,55,133,119,103,111,144,76,153
red,22,30,109,51,96,47,58,56,69,80
blue,97,27,155,49,158,18,60,71,133,70
red,103,65,140,76,100,0,134,150,51,45
blue,112,13,121,116,99,74,86,26,76,118
blue,57,125,71,29,153,42,30,140,133,108
red,78,65,148,116,53,101,38,143,9,70
red,148,60,2,137,5,59,86,19,109,93
red,35,61,158,109,80,123,30,94,24,74
blue,134,107,43,76,96,22,46,143,24,74
red,0,23,34,49,66,112,107,150,50,109
blue,0,134,64,29,53,103,60,138,116,12
red,0,97,155,29,153,90,58,121,50,119
blue,0,38,68,76,53,78,77,155,24,45
blue,74,61,56,17,91,22,154,7,51,9
red,90,134,2,8,70,74,75,139,133,54
red,115,142,155,143,100,37,58,109,17,45
blue,53,87,64,24,109,0,38,148,147,128
blue,83,98,132,76,80,115,84,155,17,66
blue,104,74,120,137,70,114,134,43,116,9
red,90,154,124,76,45,31,60,121,17,79
blue,104,65,151,116,5,115,124,155,69,153
red,115,65,71,8,108,78,60,155,76,153
red,78,77,155,17,53,57,102,11,76,9
red,22,87,155,147,153,152,58,37,29,79
red,78,13,81,137,119,2,46,155,116,66
red,101,23,43,9,108,103,145,143,29,153
blue,20,142,64,29,133,0,23,94,17,108
blue,112,65,55,8,53,103,23,3,24,158
red,113,60,155,24,148,107,97,121,147,110
blue,110,30,64,9,70,22,46,121,17,96
red,47,27,121,106,66,113,28,155,76,16
red,113,30,155,49,45,31,13,148,51,118
red,37,65,94,137,79,36,38,56,29,158
red,22,60,55,51,158,35,77,119,76,79
red,90,28,150,129,71,145,134,64,29,15
blue,57,23,56,29,109,35,40,144,129,158
blue,112,98,2,17,119,91,13,151,54,45
red,115,97,144,29,108,57,142,55,76,53
red,22,65,55,76,79,88,58,43,17,119
blue,37,113,138,76,80,22,38,104,51,153
red,112,154,55,69,14,78,30,64,9,96
red,31,28,94,51,121,36,5,148,133,93
red,20,67,155,51,74,31,87,6,76,93
blue,36,23,138,51,93,35,28,1,29,128
red,130,154,151,51,108,78,60,7,49,128
red,90,28,23,133,70,134,5,19,76,9
red,134,142,132,9,82,112,75,7,69,108
blue,48,5,32,51,12,35,58,2,9,45
blue,110,60,104,9,100,22,77,132,85,66
red,9,134,144,76,109,20,98,55,51,16
red,74,75,121,9,53,101,79,73,43,100
red,133,102,125,9,70,112,46,55,129,100
red,0,134,56,9,153,31,58,143,137,70
red,36,30,150,51,109,112,78,43,9,128
blue,78,23,55,156,128,90,13,144,51,45
red,35,61,2,106,82,72,41,151,9,45
red,107,94,105,116,45,0,130,11,51,100
red,91,98,2,76,45,0,154,155,17,148
red,0,111,89,116,45,41,46,151,9,109
blue,31,46,20,29,124,144,111,155,76,96
blue,0,60,121,24,45,22,92,155,51,158
red,31,155,125,49,119,90,46,121,29,93
red,62,26,120,29,119,101,28,155,17,148
blue,43,23,155,51,119,90,13,150,29,9
red,88,40,1,139,108,37,134,155,133,119
red,134,124,155,29,66,145,61,43,109,118
blue,88,75,151,49,148,74,77,56,51,66
blue,0,113,155,76,46,92,60,158,106,128
red,77,40,121,51,82,97,23,155,69,80
blue,22,67,155,8,70,18,13,132,116,100
blue,0,111,109,29,100,31,58,71,106,158
red,43,145,155,29,70,136,97,64,50,71
red,151,87,136,51,79,47,102,11,49,124
blue,74,146,144,50,70,47,142,1,63,119
blue,47,13,73,69,126,38,60,55,137,128
red,144,155,150,51,53,57,102,151,85,119
blue,57,102,121,129,70,91,38,56,76,66
blue,18,102,121,129,108,47,60,1,29,80
blue,31,13,143,17,153,110,154,2,29,53
blue,115,154,150,9,153,112,38,1,51,119
blue,25,38,11,50,45,88,74,1,49,153
red,78,58,150,17,70,115,38,148,51,5
blue,90,98,140,69,71,135,75,7,51,53
blue,2,134,12,17,109,114,84,139,63,153
blue,110,61,89,51,100,22,111,138,49,93
red,0,38,131,106,53,90,111,151,17,15
blue,146,94,136,24,108,22,98,140,17,153
blue,91,111,56,137,80,35,65,6,129,99
blue,114,40,6,133,153,74,155,56,52,100
red,154,92,43,116,70,103,40,124,51,139
blue,18,141,2,51,46,83,117,148,76,45
red,78,141,2,49,71,22,13,121,9,148
red,62,142,2,24,153,57,88,120,29,53
red,74,141,2,106,45,114,58,122,69,80
red,78,142,2,29,118,110,23,159,49,70
red,112,26,150,29,71,0,13,124,17,5
red,36,141,2,133,153,37,61,73,137,160
blue,42,141,11,29,9,35,46,144,17,45
red,22,141,11,106,128,101,38,33,129,14
red,115,141,2,137,4,90,38,71,85,12
blue,135,141,2,76,9,102,44,53,116,79
blue,22,74,144,51,128,72,141,2,137,119
red,22,141,2,52,120,137,86,144,50,70
red,151,58,155,133,100,91,142,2,76,80
blue,42,61,144,49,99,41,75,43,116,153
red,115,46,68,156,45,154,75,11,51,79
red,112,61,46,24,15,37,87,144,9,14
blue,20,102,43,120,108,36,46,104,137,96
blue,0,58,1,76,5,101,46,158,17,79
blue,115,46,121,17,70,90,61,11,29,4
blue,48,46,143,52,45,145,38,1,76,118
blue,22,13,148,52,96,144,46,29,69,45
blue,57,111,55,51,119,91,46,136,8,126
red,151,46,26,9,45,0,67,121,133,153
blue,135,74,121,147,99,0,111,73,106,119
red,31,98,121,116,128,18,65,143,17,9
red,22,78,73,63,71,88,40,143,49,9
blue,22,40,132,63,80,115,86,143,147,15
blue,103,75,159,137,70,101,142,122,133,45
red,90,65,109,9,93,18,75,53,76,71
red,91,86,120,147,126,90,98,2,51,153
red,110,75,53,51,14,19,40,56,8,119
blue,67,102,140,51,108,0,40,89,136,70
blue,55,27,110,51,82,41,38,151,52,100
red,36,77,1,17,100,83,75,2,51,53
blue,88,142,56,76,5,78,58,121,116,100
blue,22,134,26,137,126,0,67,114,106,16
blue,134,84,2,52,82,117,141,53,129,79
blue,115,40,11,51,79,117,111,136,49,53
blue,43,117,144,106,100,31,28,32,51,4
blue,78,88,56,17,153,22,142,144,137,108
blue,72,58,120,51,108,112,145,121,17,74
red,57,23,101,129,153,31,39,140,52,4
blue,74,40,89,51,100,115,60,94,116,153
blue,47,130,71,106,82,145,134,89,116,45
blue,0,77,89,24,53,35,86,129,109,120
blue,142,54,89,63,70,48,77,121,17,148
blue,74,130,3,24,71,35,46,89,106,80
red,78,155,140,29,119,95,60,32,9,14
blue,34,13,139,17,71,112,130,2,106,5
red,36,142,89,106,5,43,54,1,29,53
blue,95,40,57,137,53,103,46,121,52,148
red,115,58,56,76,128,146,61,89,49,45
red,114,65,83,17,53,18,58,121,106,45
blue,134,26,29,63,153,18,130,89,116,128
red,90,98,89,116,100,22,30,155,17,14
red,77,46,143,76,100,31,38,89,137,93
blue,131,23,90,106,100,89,60,78,29,93
red,112,97,140,52,100,72,38,73,9,128
blue,0,133,144,106,109,103,134,1,76,119
blue,0,142,91,137,148,110,58,124,17,53
blue,22,111,140,137,108,151,13,138,29,9
blue,136,102,43,129,158,112,75,55,49,53
blue,34,97,21,129,158,78,75,26,29,9
blue,62,87,71,106,158,90,125,23,24,5
red,72,61,1,76,80,43,13,56,85,153
blue,151,13,114,133,158,36,154,56,17,71
blue,90,40,136,51,93,88,102,138,17,109
red,145,60,1,9,5,110,75,148,17,82
blue,151,40,1,29,153,0,38,55,9,45
red,59,75,43,9,119,85,40,68,133,93
blue,48,130,71,17,82,22,61,20,50,119
red,0,98,143,137,158,31,40,155,9,74
red,22,46,155,143,109,90,142,74,17,128
red,57,61,68,49,108,31,142,53,76,99
blue,72,40,19,150,100,22,54,143,51,149
blue,91,75,136,116,79,54,40,155,143,53
red,31,94,120,49,53,0,60,159,133,80
blue,57,65,155,17,100,35,98,6,51,82
blue,18,61,56,51,66,97,75,150,143,16
red,18,5,11,85,80,78,74,94,9,70
red,134,40,143,49,153,131,38,122,17,45
red,18,111,55,9,126,0,38,7,106,66
blue,9,75,124,17,119,33,94,55,49,12
blue,151,84,140,17,160,9,28,104,29,45
blue,34,154,136,106,45,41,81,105,50,128
red,134,77,121,17,9,41,58,6,51,160
blue,0,151,56,51,45,83,46,136,129,71
red,31,23,55,8,9,90,87,151,133,70
blue,101,84,89,50,45,25,61,71,76,119
red,144,61,132,63,70,103,13,26,24,66
blue,22,27,1,63,9,74,154,11,17,91
blue,0,54,21,147,96,18,92,6,24,158
red,43,60,151,17,9,83,40,6,49,12
blue,62,46,148,17,160,95,87,6,49,93
red,22,124,6,49,108,90,30,136,51,118
blue,101,60,138,8,119,47,107,6,29,79
blue,151,130,152,17,108,134,84,159,49,53
red,22,111,19,29,45,0,46,71,69,120
blue,88,23,70,51,119,22,46,143,50,53
blue,90,78,89,136,70,151,26,121,51,153
blue,97,65,64,17,45,123,23,150,137,79
red,112,75,7,106,82,22,26,140,17,45
blue,135,40,138,49,53,20,54,155,24,74
blue,88,134,136,147,9,112,87,64,137,70
blue,131,154,1,29,45,115,67,89,76,118
red,57,46,94,29,45,0,38,71,8,66
blue,115,94,68,51,109,22,30,55,9,70
red,131,142,6,133,70,47,46,138,9,45
red,31,111,73,24,80,114,154,144,63,70
blue,0,60,140,17,53,114,23,155,24,82
blue,74,58,120,49,66,88,13,143,9,82
blue,110,111,143,49,158,91,30,138,76,9
blue,101,38,26,51,45,35,46,143,49,158
blue,97,58,68,76,45,88,87,1,17,158
red,90,98,57,76,109,18,13,55,85,158
blue,97,13,43,29,71,22,27,56,63,45
blue,112,77,139,17,79,78,38,43,9,71
blue,72,40,56,63,53,103,134,43,76,9
blue,112,130,143,133,14,78,26,43,12,108
red,112,130,43,51,70,22,60,19,29,86
red,103,102,54,51,93,104,23,125,17,153
blue,18,23,143,76,70,72,88,124,133,54
red,72,23,32,17,45,42,40,125,150,158
red,18,23,120,133,53,145,40,73,137,70
blue,110,154,55,106,100,36,23,29,136,119
blue,131,88,138,106,96,90,23,94,116,160
red,110,23,124,24,158,114,13,104,63,70
blue,78,13,3,63,53,103,65,140,9,158
blue,43,61,1,116,45,103,98,140,19,9
red,88,58,1,106,14,127,65,64,29,9
blue,117,98,11,133,80,22,87,144,85,9
blue,31,102,121,157,80,144,67,125,29,109
red,92,38,155,63,80,103,98,109,50,70
red,114,30,56,17,109,115,130,104,51,12
red,103,40,155,137,16,150,92,26,24,9
red,103,74,71,17,128,31,58,125,136,80
red,3,130,105,76,53,103,142,155,106,99
red,103,27,68,29,108,77,86,136,17,119
red,62,75,138,51,119,103,40,120,73,12
red,131,40,19,50,126,103,154,155,29,109
blue,3,26,43,76,82,35,142,73,9,109
red,22,113,144,9,4,115,60,2,133,96
blue,18,30,151,17,45,0,23,19,9,158
red,145,65,144,137,45,22,40,109,51,53
blue,0,74,109,76,96,41,142,73,24,12
blue,115,38,73,133,70,31,67,32,9,128
red,144,102,104,51,70,81,134,63,9,158
red,31,60,121,9,80,90,58,26,138,109
blue,67,38,3,116,153,115,155,127,9,108
red,88,154,151,49,6,92,84,152,137,53
red,135,98,121,133,70,115,58,1,9,109
blue,34,142,71,29,123,0,23,91,150,139
blue,115,154,150,54,108,134,74,124,133,80
blue,22,142,143,50,12,101,13,2,133,70
red,90,27,56,51,128,41,47,151,50,120
blue,22,113,143,137,70,95,154,157,133,153
blue,101,30,150,51,70,81,154,34,133,100
blue,131,40,143,29,9,47,65,72,133,70
blue,47,38,41,133,71,22,40,104,150,93
blue,110,111,121,133,80,78,58,125,116,15
red,131,5,68,133,70,135,54,3,51,108
blue,59,46,151,116,153,81,65,39,9,160
blue,103,58,73,29,53,144,23,150,133,70
red,18,46,94,17,153,62,40,119,133,80
red,102,23,64,133,100,31,28,132,106,119
red,72,145,151,133,153,117,86,144,51,96
blue,101,58,64,17,119,57,86,121,133,16
blue,146,13,105,133,153,18,28,140,76,118
blue,123,28,155,29,16,18,86,55,133,70
red,77,26,91,133,70,113,88,140,156,153
blue,91,97,144,136,45,43,23,155,133,119
red,22,154,91,51,66,37,102,78,29,109
blue,31,91,53,17,14,11,40,3,69,80
blue,22,28,138,129,9,2,46,73,17,79
red,138,113,120,17,119,22,130,71,24,153
blue,112,46,11,51,80,150,40,155,129,100
red,62,61,11,133,100,90,124,109,24,93
red,62,79,19,133,53,0,40,109,8,128
blue,22,102,155,76,80,158,78,1,106,45
blue,112,86,94,109,108,90,111,26,17,45
blue,114,28,11,17,108,101,65,140,133,119
red,121,46,21,51,128,72,98,140,129,66
blue,117,5,143,106,100,101,102,73,17,45
blue,74,58,71,17,119,103,65,19,29,108
blue,2,155,140,76,128,35,58,56,54,82
blue,135,28,56,51,5,0,155,83,29,70
blue,101,60,121,147,70,0,111,138,51,82
blue,112,79,140,137,70,90,142,53,136,71
red,112,46,56,17,80,22,39,33,63,70
red,135,134,73,29,153,36,28,144,8,5
red,123,75,56,106,128,57,40,33,51,70
red,103,5,120,51,14,34,117,56,24,45
red,57,13,143,76,5,31,46,73,137,70
blue,112,40,151,29,80,0,98,56,137,12
red,0,145,91,17,79,34,84,56,76,66
red,47,61,56,76,53,137,145,157,29,70
red,66,142,56,69,108,41,113,19,137,119
red,154,102,155,9,133,134,30,1,17,118
blue,110,38,68,73,53,18,65,56,76,14
red,22,27,94,17,45,31,40,144,49,148
red,22,154,150,17,118,152,58,121,133,70
red,22,30,109,137,158,78,40,71,29,99
blue,34,98,2,129,126,22,125,32,137,108
blue,151,40,55,8,53,22,130,121,17,80
red,103,88,125,51,148,112,26,11,29,79
red,0,38,1,69,14,31,146,143,116,133
red,3,13,26,51,66,35,58,37,106,128
blue,47,130,143,51,82,0,78,157,129,80
red,91,125,121,116,6,36,142,131,9,53
red,18,13,59,51,93,151,132,109,17,12
blue,74,102,136,24,120,67,13,143,133,153
red,31,91,143,106,80,0,149,144,17,100
red,35,13,104,51,99,22,65,143,29,79
red,88,97,55,24,45,119,46,11,17,160
red,88,44,1,52,5,112,102,53,17,100
blue,35,102,10,29,100,91,84,148,106,120
blue,18,58,2,76,93,110,75,120,109,108
red,35,87,143,51,93,47,142,2,133,153
blue,22,111,132,8,53,34,107,121,49,119
blue,117,102,114,29,119,137,84,68,49,139
blue,18,107,120,17,153,90,60,121,69,80
blue,74,75,155,137,12,115,13,88,133,158
blue,22,111,26,133,80,0,65,144,29,119
red,18,40,155,144,160,110,65,121,136,70
blue,18,30,138,106,14,35,23,34,85,119
red,74,46,143,17,80,22,154,119,49,158
blue,135,113,11,51,100,112,65,144,137,45
red,115,65,138,29,12,2,38,64,17,45
red,112,102,155,54,80,74,75,148,51,119
red,91,154,34,17,71,0,155,148,76,139
red,78,77,81,50,133,103,86,56,106,91
red,152,58,105,29,93,131,97,2,49,91
blue,2,58,93,106,70,31,87,155,51,53
red,131,65,138,51,119,35,60,140,17,128
red,22,13,26,116,119,18,27,56,133,14
blue,151,54,155,51,128,18,60,26,24,45
blue,138,111,115,76,153,78,77,94,29,119
red,135,84,94,69,53,22,58,122,51,4
red,3,94,121,29,80,115,30,138,76,45
red,22,142,15,116,153,20,65,150,137,96
blue,105,97,155,137,128,74,13,136,9,158
blue,18,65,2,137,80,115,97,140,76,153
red,117,87,144,51,153,97,98,136,106,5
blue,22,27,155,17,12,0,58,68,24,53
red,57,141,145,17,148,74,98,71,49,9
blue,22,23,43,51,128,104,65,1,133,70
red,137,134,138,106,119,74,38,55,85,4
blue,101,27,55,49,119,0,40,71,24,14
red,77,154,121,76,80,72,60,138,29,109
blue,72,54,150,85,126,22,65,143,133,108
red,103,154,93,51,15,18,13,10,137,70
red,103,54,41,133,70,121,134,143,49,82
blue,137,46,150,49,108,92,60,140,133,118
blue,115,67,124,76,93,18,60,33,133,70
red,97,77,3,29,79,135,142,71,17,82
blue,22,7,138,17,128,78,77,101,49,12
blue,107,38,41,29,119,151,46,148,51,82
red,0,97,55,24,45,137,145,150,148,71
red,0,67,136,29,5,135,13,71,133,70
blue,112,13,144,54,80,123,142,73,29,108
red,57,125,101,24,82,37,38,151,17,109
red,0,98,32,69,82,90,26,129,24,119
blue,77,38,155,109,120,115,60,140,24,158
red,36,98,73,63,15,0,84,33,76,5
blue,112,130,1,108,93,0,134,26,51,82
red,48,13,64,29,5,25,38,94,41,153
blue,39,65,109,76,14,0,107,138,49,108
red,74,13,151,76,109,22,38,26,17,45
blue,53,98,64,8,82,43,125,32,17,93
red,36,38,21,29,128,110,154,1,76,91
blue,101,60,19,116,118,103,30,43,106,66
red,101,75,120,49,53,130,40,121,29,160
red,119,98,34,76,82,33,67,81,137,70
blue,131,94,122,150,9,22,60,151,54,45
red,48,27,43,133,153,0,46,6,76,80
blue,78,125,144,51,119,43,46,140,17,118
blue,78,154,94,29,82,0,67,1,51,9
red,43,154,155,109,80,34,58,120,29,148
blue,25,54,11,9,108,112,74,53,133,119
red,91,13,155,106,5,34,74,56,17,100
blue,36,134,120,136,79,22,40,132,76,80
red,112,97,143,51,82,115,40,56,116,100
red,103,22,56,51,45,0,23,150,17,153
red,74,130,21,51,14,110,60,11,24,53
blue,31,113,43,9,53,74,40,35,76,80
red,103,98,122,106,82,67,5,34,116,45
red,18,74,2,29,12,36,113,150,76,119
blue,134,113,155,136,70,135,30,150,106,5
blue,47,61,140,9,45,43,87,144,50,80
blue,72,58,43,29,9,18,60,140,24,93
red,22,130,55,17,160,91,77,26,76,5
red,34,154,139,29,82,78,65,143,147,128
red,0,97,55,17,158,151,58,143,49,70
red,18,30,121,49,45,74,40,10,76,70
red,0,60,6,137,53,127,142,55,133,128
blue,103,5,11,9,93,146,23,150,51,70
red,110,40,121,157,118,131,145,151,116,158
red,151,145,63,29,9,22,75,70,76,80
red,114,145,121,24,45,78,40,150,85,119
red,110,26,7,17,45,42,13,138,76,53
red,112,107,1,17,45,74,134,94,49,53
blue,81,86,3,132,45,22,46,140,76,70
blue,90,134,140,133,100,22,54,155,24,45
blue,31,30,124,41,108,0,87,159,24,100
blue,0,111,101,17,148,103,40,157,63,80
blue,92,13,122,17,108,117,75,73,116,45
blue,135,65,73,24,45,34,154,56,106,80
red,0,58,73,24,158,35,40,144,129,5
red,101,154,138,51,118,110,23,148,133,53
red,0,44,11,24,148,2,98,143,54,4
blue,31,134,143,133,107,112,87,151,69,70
red,22,142,7,76,79,135,154,143,17,153
red,18,142,11,49,12,115,60,120,51,158
red,77,102,19,51,120,0,60,21,137,108
blue,22,87,29,51,9,43,134,129,17,12
red,74,65,71,24,1,78,88,0,29,53
red,112,77,1,129,53,0,13,32,116,70
red,121,5,1,29,108,35,98,109,24,45
red,144,84,155,17,71,112,65,122,29,128
red,81,60,140,54,45,0,65,73,9,74
red,114,61,43,76,160,90,142,140,29,118
blue,36,60,109,137,119,110,97,2,29,70
red,22,102,140,133,119,35,54,139,76,45
red,31,91,71,17,79,103,97,64,29,12
red,152,46,11,76,100,22,58,122,29,80
blue,115,142,55,17,118,88,107,140,29,128
red,114,130,71,137,5,142,102,133,51,45
red,22,141,159,17,93,121,65,143,29,45
blue,110,58,114,51,4,112,46,6,106,45
blue,114,65,55,69,80,31,46,155,106,45
blue,18,88,63,29,100,146,86,121,116,12
blue,43,142,140,17,109,110,154,151,29,148
blue,25,58,139,138,45,112,142,57,29,53
blue,74,30,53,51,96,42,149,144,69,45
blue,112,13,20,49,120,130,30,94,51,5
blue,92,98,109,147,159,90,77,140,29,128
red,0,154,122,17,99,25,38,56,24,5
red,74,61,136,29,45,20,134,122,17,53
blue,135,102,122,76,45,112,46,89,24,80
blue,0,154,144,69,79,97,13,2,133,80
blue,57,154,2,76,153,110,23,43,106,128
blue,35,23,43,129,80,0,102,59,29,96
red,91,125,73,76,66,135,102,43,133,70
red,136,60,1,76,14,3,94,143,106,148
red,74,87,20,49,79,62,26,43,51,128
blue,37,92,150,76,45,36,145,81,17,79
red,88,87,94,106,153,18,38,105,24,79
red,150,97,22,136,70,48,40,43,109,53
blue,112,142,94,63,70,44,40,68,51,128
blue,6,87,34,8,70,57,125,32,133,118
blue,7,28,101,133,45,20,87,55,106,153
red,22,30,94,29,120,110,60,6,24,119
red,78,87,155,156,158,110,88,43,116,128
red,43,87,93,29,53,47,149,121,76,128
red,91,74,64,17,71,47,46,143,49,120
red,131,142,121,133,153,35,40,144,109,5
blue,74,134,2,76,93,90,60,56,51,66
red,47,38,51,151,93,62,155,140,29,12
blue,53,61,94,133,93,138,75,101,17,100
blue,78,65,121,63,53,18,61,26,9,5
red,74,97,6,116,9,18,142,148,17,119
red,114,134,150,122,108,110,75,124,49,153
blue,90,23,144,17,119,95,5,89,49,66
red,31,98,68,9,80,151,142,148,17,158
blue,146,61,55,24,114,47,38,140,51,53
blue,67,75,136,51,80,62,84,56,24,93
red,62,88,26,85,45,22,130,56,69,14
blue,56,155,21,17,82,107,26,3,51,109
blue,112,141,150,133,153,155,13,56,51,53
blue,37,155,62,17,120,74,134,150,69,80
red,22,65,2,17,15,134,155,151,51,70
blue,101,155,121,51,15,151,154,2,9,153
blue,78,74,155,116,119,135,65,89,17,71
red,37,155,104,76,45,78,97,138,9,15
red,48,39,144,49,93,115,38,155,51,128
blue,78,155,144,8,93,22,102,2,51,153
red,39,37,155,17,140,31,77,151,106,111
blue,22,154,56,29,53,115,60,155,49,80
red,0,154,155,51,74,78,102,131,24,80
red,20,28,155,137,160,0,61,89,29,119
blue,90,60,55,50,126,144,155,143,29,45
blue,62,23,155,76,99,110,134,57,51,45
red,135,155,109,54,79,134,142,121,49,80
red,22,111,121,29,158,115,67,155,129,108
red,115,30,155,76,80,65,58,94,109,160
blue,112,67,138,24,96,37,75,55,109,108
red,127,40,143,17,53,57,58,155,76,82
red,22,65,1,76,153,74,98,155,17,100
blue,47,146,138,29,153,88,58,1,49,80
blue,130,13,151,129,15,47,30,133,51,93
blue,90,58,56,49,118,57,5,109,17,80
red,11,88,71,9,109,3,134,138,29,80
red,115,87,26,136,93,43,86,64,29,100
blue,22,124,26,51,93,34,154,121,137,153
red,0,86,121,51,79,18,92,125,138,96
blue,20,145,129,116,126,22,38,19,138,4
blue,35,23,131,116,53,145,61,1,138,80
red,18,46,56,116,9,74,30,121,69,45
red,22,154,1,9,153,25,75,121,49,126
blue,22,86,71,147,5,146,30,83,24,53
blue,39,87,32,76,100,47,58,138,109,9
red,91,40,143,9,118,0,60,64,137,70
red,81,60,2,29,153,57,58,53,129,100
blue,134,54,1,24,45,35,44,159,49,12
red,31,58,121,69,53,0,111,71,49,45
blue,121,142,68,29,119,78,149,140,51,45
red,150,87,143,76,70,43,58,79,49,45
blue,19,87,101,51,82,135,65,73,52,45
red,57,46,144,29,9,137,40,55,63,70
blue,22,30,148,137,153,47,142,26,51,74
blue,35,60,21,29,96,131,13,144,76,14
red,115,58,140,29,128,0,75,121,76,79
red,31,27,143,9,79,0,134,54,50,45
blue,110,60,121,49,93,115,38,120,17,79
blue,123,134,73,52,128,22,77,143,137,79
blue,36,65,148,63,53,103,67,143,17,79
red,41,154,150,116,153,18,38,144,76,100
red,57,142,143,29,118,135,40,64,17,153
red,88,98,124,156,158,3,155,64,129,109
blue,110,134,129,24,71,22,13,1,29,53
red,34,88,121,63,153,150,46,143,17,45
blue,47,13,3,29,53,115,58,138,133,93
blue,31,58,114,52,96,92,102,138,29,153
red,20,60,138,116,100,0,23,155,136,45
blue,43,40,138,29,9,110,97,1,17,53
red,57,141,140,106,14,112,65,1,133,82
red,2,60,55,76,160,0,87,3,17,79
red,104,65,157,137,53,64,111,144,51,66
red,43,23,157,63,70,145,38,71,116,53
blue,0,29,38,30,15,88,74,121,49,80
red,81,98,55,29,45,31,40,56,137,70
red,31,141,120,137,45,36,154,68,76,14
blue,22,58,7,137,70,151,130,138,106,53
red,135,67,121,137,70,31,77,140,156,53
red,0,38,73,76,70,151,5,43,29,153
blue,90,60,11,76,153,22,44,120,52,74
blue,131,67,94,133,70,110,44,151,51,74
red,110,58,73,106,70,42,77,89,49,66
red,42,54,91,51,79,134,154,64,17,71
red,78,26,151,133,153,74,37,155,8,119
red,47,97,73,17,79,34,113,21,24,5
blue,22,46,120,17,4,78,58,159,49,80
red,110,60,68,129,14,22,88,120,17,128
blue,0,58,94,29,121,112,28,155,120,79
blue,0,88,56,51,4,134,61,109,116,91
blue,151,58,136,51,124,0,84,94,17,70
red,151,40,26,29,9,42,102,56,76,158
red,37,92,144,76,158,135,111,155,138,45
blue,151,98,150,143,4,145,58,43,17,14
red,37,142,71,29,66,114,65,143,106,99
red,94,113,73,17,53,22,86,143,29,80
red,137,113,143,106,96,35,67,144,29,153
red,0,154,127,129,80,35,111,155,17,126
blue,112,97,150,109,74,95,155,37,29,81
red,112,65,143,63,158,18,97,144,116,9
blue,112,26,151,24,71,77,38,109,17,45
red,35,142,55,156,53,112,130,121,9,108
blue,134,142,83,76,96,112,87,89,51,119
blue,57,142,1,147,80,112,75,19,49,9
red,22,84,43,137,9,112,60,143,85,93
red,135,154,1,50,153,112,110,87,29,158
red,112,79,21,133,5,151,75,6,147,153
red,115,40,7,51,12,90,30,71,17,45
red,0,65,68,116,12,114,146,43,133,70
red,144,58,56,106,12,22,26,132,123,108
blue,39,75,15,51,12,81,28,23,76,108
blue,39,134,71,76,12,47,13,91,109,118
blue,152,13,56,116,5,101,58,19,85,12
blue,78,40,120,147,12,152,75,136,17,45
blue,105,141,144,49,9,135,60,71,17,12
red,81,60,143,136,12,57,5,155,106,128
red,78,65,53,29,71,112,88,138,63,9
red,90,88,56,52,5,35,60,159,137,70
blue,0,88,6,136,119,115,23,3,8,45
red,22,38,11,24,53,47,74,1,63,70
blue,78,28,140,17,119,22,26,1,69,71
red,88,113,150,136,70,39,145,122,76,100
blue,31,46,7,9,45,22,134,89,69,70
red,3,145,93,8,71,88,38,2,133,45
red,78,46,29,24,70,18,13,140,136,45
blue,144,111,94,9,160,112,91,73,133,119
red,53,58,155,63,45,74,60,19,9,80
blue,88,65,35,49,109,150,23,155,29,53
red,92,61,6,51,100,36,65,56,76,128
blue,42,13,26,29,153,31,102,148,52,93
blue,18,102,133,148,120,135,107,143,17,128
red,18,97,105,69,128,110,102,159,49,80
red,39,107,19,106,82,151,13,83,51,70
red,117,38,140,29,9,136,40,120,63,158
blue,117,142,71,17,153,112,40,55,137,70
blue,47,77,55,29,12,43,60,26,133,153
blue,137,30,121,9,45,112,38,94,116,54
blue,103,111,35,51,128,0,60,73,69,126
blue,18,28,140,17,71,150,65,19,76,128
red,62,46,19,63,128,35,58,7,17,153
blue,18,87,3,76,80,78,60,94,137,119
red,115,60,136,76,81,39,107,139,51,128
blue,35,125,89,116,79,18,60,1,109,82
red,37,102,143,106,128,35,88,7,29,53
blue,20,141,56,17,126,0,142,143,76,128
red,35,142,56,133,100,0,13,59,76,53
blue,137,141,6,138,153,90,30,151,76,80
blue,72,30,73,9,93,22,23,3,138,54
blue,41,65,89,17,119,137,58,35,106,70
red,18,111,32,51,153,0,60,143,17,53
red,90,154,121,51,80,36,38,33,76,128
red,22,54,56,17,96,137,102,143,29,119
blue,31,30,109,29,100,90,75,121,17,119
red,47,130,41,116,100,43,97,144,106,12
red,112,77,144,76,14,39,124,94,51,45
blue,107,26,155,51,53,33,75,150,69,108
blue,90,13,53,76,70,88,30,120,24,45
red,115,61,56,133,153,34,94,11,49,12
blue,112,38,55,133,100,104,142,73,129,12
red,127,125,94,49,148,144,23,155,76,53
blue,88,26,151,63,96,43,58,23,29,71
red,22,30,155,51,45,130,67,142,143,9
blue,103,142,7,29,119,134,67,144,106,53
red,150,97,140,69,108,91,107,136,76,5
red,88,37,91,9,70,112,60,159,133,53
red,110,40,159,24,70,18,60,143,109,45
blue,43,65,55,17,119,34,98,159,51,71
red,31,65,32,52,4,95,60,159,51,70
blue,2,142,109,106,82,101,84,136,76,99
red,101,145,121,9,70,25,60,155,49,153
blue,42,87,11,9,158,78,26,49,76,93
blue,110,87,121,9,109,18,23,26,50,70
red,18,38,29,49,108,36,87,68,116,15
blue,90,87,2,49,100,103,26,121,17,53
red,110,13,64,41,4,152,92,57,123,108
red,31,145,136,17,79,43,60,6,49,53
red,18,58,2,29,119,57,74,144,24,14
blue,94,86,138,109,108,31,38,157,24,14
red,110,54,144,51,96,62,26,150,133,70
red,62,102,144,17,82,90,134,151,133,99
blue,47,111,138,17,5,74,28,151,116,148
red,31,134,1,133,12,38,75,157,106,79
red,42,142,144,29,81,18,58,121,9,119
red,114,102,143,51,53,47,134,159,29,153
red,47,142,151,139,158,101,134,56,133,70
blue,114,58,55,51,82,47,26,71,150,70
red,131,27,1,63,70,127,40,144,116,79
red,74,60,138,17,14,150,145,72,29,53
blue,35,46,159,51,126,25,154,148,9,153
red,150,46,21,106,109,110,40,143,76,45
red,78,46,132,49,108,47,102,151,51,153
blue,91,46,1,133,153,78,28,48,76,100
red,22,130,21,51,71,101,97,1,106,109
red,145,88,71,17,66,81,77,20,137,12
red,0,107,136,17,71,74,91,94,54,53
red,43,130,68,17,153,72,154,150,29,139
red,103,13,155,54,9,0,44,132,129,139
blue,0,124,158,133,126,37,61,19,129,153
blue,110,141,20,69,80,88,23,158,17,9
red,18,40,151,76,66,146,102,101,49,100
red,77,75,3,63,153,123,40,158,133,80
blue,36,142,1,49,53,74,87,148,51,4
blue,150,58,143,133,82,115,67,151,49,148
red,31,75,73,51,153,47,65,132,136,108
red,37,125,54,147,90,13,60,19,50,70
blue,48,154,41,133,153,115,28,55,137,53
red,19,60,56,137,53,115,46,71,17,41
blue,43,58,11,76,93,83,107,56,29,70
red,34,30,141,137,139,131,58,43,9,70
red,110,5,64,76,80,0,74,6,17,83
blue,22,46,33,49,74,146,58,144,76,90
blue,135,84,19,17,66,39,58,151,49,160
red,43,40,19,24,153,88,98,23,76,148
blue,90,88,55,24,153,31,30,139,133,70
red,78,40,55,76,153,22,65,1,29,119
blue,92,145,121,17,120,115,154,89,24,14
blue,150,141,1,24,79,131,65,143,76,153
red,34,58,26,17,128,114,25,109,133,80
red,131,13,54,69,80,81,44,143,137,45
blue,0,86,64,17,82,42,5,144,133,70
blue,36,87,56,29,9,34,98,13,54,45
blue,123,155,1,63,70,36,67,2,51,82
red,151,134,103,24,45,34,154,56,17,53
blue,144,27,150,76,9,73,23,22,29,45
blue,134,98,54,122,119,42,145,150,76,126
blue,2,142,6,29,45,31,27,1,24,80
blue,0,58,103,71,45,145,30,17,120,126
red,18,102,132,49,45,137,149,32,76,153
red,18,125,155,138,45,22,65,56,17,5
blue,88,46,159,116,82,18,40,143,69,89
blue,131,84,23,24,139,42,142,133,49,45
blue,18,142,148,51,82,31,102,143,116,45
blue,95,146,143,108,126,31,74,56,133,119
blue,72,0,105,133,118,18,113,150,116,45
red,103,23,41,17,45,145,97,32,106,120
red,112,23,150,76,100,107,134,155,17,45
blue,0,23,43,133,118,103,107,56,17,45
blue,104,107,151,29,5,123,142,68,17,45
red,22,86,37,17,45,12,58,89,106,153
red,90,141,19,76,109,35,40,121,17,45
blue,110,30,56,17,45,115,86,121,29,139
blue,74,125,41,49,108,35,44,56,17,45
red,110,154,127,116,108,0,141,109,50,45
blue,130,26,15,29,118,22,60,136,49,45
blue,72,40,121,76,153,78,102,71,137,45
blue,43,5,103,133,70,144,13,35,76,4
red,74,97,148,106,93,154,28,143,17,126
blue,36,13,120,51,45,47,107,124,129,70
blue,0,117,41,17,91,47,107,120,50,139
red,36,60,138,17,91,152,75,56,106,153
blue,103,142,144,49,12,35,46,57,17,45
blue,135,67,151,29,119,43,141,2,17,45
red,35,86,144,17,45,72,146,150,85,5
blue,115,74,155,50,70,57,58,121,17,45
blue,22,134,124,17,82,115,145,68,76,45
red,151,23,150,17,70,78,86,68,29,45
blue,112,134,2,76,45,0,46,143,116,93
blue,112,142,132,51,82,78,23,150,9,79
blue,78,61,104,51,158,31,25,150,129,82
blue,37,40,56,106,82,18,98,148,76,80
red,47,107,89,129,128,57,61,139,9,153
blue,22,60,140,76,139,149,5,124,129,82
blue,90,154,55,76,153,53,13,139,63,70
red,74,86,89,93,158,145,65,10,29,45
blue,1,134,90,136,128,95,67,155,49,45
blue,39,98,143,24,5,90,75,114,17,71
red,135,75,1,51,82,35,61,121,136,93
blue,103,154,151,137,53,22,26,125,24,93
blue,110,23,124,17,45,103,46,1,76,41
blue,22,75,1,52,128,110,149,155,15,153
red,115,13,136,52,128,117,102,155,138,45
blue,36,97,56,17,126,22,60,94,63,70
red,47,92,121,54,108,115,142,71,147,9
red,115,38,1,76,93,22,58,71,49,53
blue,36,142,64,106,5,144,102,48,133,148
red,65,74,155,106,148,151,92,55,51,15
red,151,74,121,106,79,90,75,1,137,82
red,120,75,121,76,153,83,87,79,109,108
blue,22,154,71,106,153,0,46,55,136,96
red,151,30,121,51,70,62,155,87,76,158
blue,42,77,55,150,99,57,40,121,106,82
red,150,13,55,24,15,121,40,95,51,148
blue,90,23,150,116,119,22,30,151,133,153
red,47,87,2,51,3,145,102,122,29,76
blue,43,26,140,137,119,74,98,150,76,158
red,103,125,11,76,12,78,40,68,106,79
red,151,27,19,49,45,43,30,10,129,89
blue,72,58,55,106,128,107,65,144,133,100
blue,31,13,140,76,6,110,142,148,17,9
blue,22,44,56,76,5,62,88,11,3,71
red,0,46,144,24,14,59,65,6,76,108
red,103,98,71,106,100,110,60,83,29,53
red,22,107,55,49,93,57,23,34,106,1
red,25,40,56,63,70,0,84,61,76,122
red,0,30,140,129,109,43,141,32,9,71
blue,31,87,133,76,45,0,60,56,137,71
blue,36,78,158,85,122,35,141,56,49,128
blue,47,60,93,17,132,31,98,2,29,122
red,22,26,29,17,118,34,61,55,76,108
blue,74,30,140,17,93,117,38,138,76,70
red,25,60,19,137,100,53,58,155,76,45
red,117,23,34,76,45,31,130,121,69,80
red,48,13,32,137,128,115,54,55,76,100
blue,47,74,121,85,45,57,30,1,49,53
blue,57,38,55,17,5,22,46,121,52,128
blue,34,142,129,41,108,31,84,121,49,53
blue,83,30,120,137,70,43,84,121,106,118
red,83,86,1,49,120,136,141,3,17,93
blue,117,58,121,50,70,22,113,19,51,37
blue,22,60,78,9,70,150,67,121,137,53
red,77,38,1,76,5,112,40,143,133,80
blue,0,46,55,49,108,41,86,1,17,109
red,102,88,71,51,45,22,30,1,19,9
red,135,154,121,109,108,62,28,19,29,118
blue,78,113,151,17,158,42,54,121,147,45
blue,47,142,64,9,53,102,125,121,29,80
blue,31,30,155,49,158,0,154,121,129,109
blue,35,134,56,49,45,41,145,155,29,109
red,102,0,143,50,160,22,142,138,17,53
blue,39,60,89,29,126,135,155,148,76,119
blue,91,60,1,51,45,103,98,155,109,100
red,74,60,155,76,80,22,30,56,147,119
blue,90,60,43,76,108,59,154,155,24,119
red,154,23,150,116,74,115,27,124,51,14
red,20,134,155,17,53,115,40,32,51,70
red,135,61,155,54,70,34,40,32,24,148
red,101,38,19,76,119,78,40,94,24,91
red,114,58,121,137,96,90,102,143,24,82
blue,35,13,148,24,66,77,26,151,51,153
blue,22,54,155,76,9,35,58,140,50,119
red,110,142,68,147,53,35,60,64,136,108
red,35,13,53,76,120,57,142,43,106,128
blue,35,75,19,24,93,43,40,54,29,53
blue,35,27,150,17,158,34,60,104,63,53
red,35,58,121,9,108,90,46,143,24,158
blue,18,97,138,51,53,35,60,71,76,93
red,0,46,83,9,45,35,97,11,50,14
blue,146,40,143,106,14,35,38,32,49,96
blue,36,74,143,129,70,35,23,19,137,128
blue,31,58,73,136,96,35,94,120,51,15
red,35,130,55,76,74,88,46,144,106,45
red,35,13,71,69,128,88,26,94,129,93
red,110,146,159,116,118,115,5,32,147,120
red,110,130,7,136,109,115,61,121,29,71
red,74,98,143,106,128,115,117,121,129,53
blue,107,75,138,120,128,115,40,143,9,108
blue,22,155,159,106,99,151,40,132,51,119
blue,0,46,140,9,70,74,88,124,85,119
red,0,54,144,51,80,92,47,3,29,153
red,22,142,55,17,130,103,111,37,51,93
blue,95,65,1,24,70,22,60,129,85,80
blue,47,58,2,106,70,22,26,155,17,45
blue,22,91,55,49,45,0,28,1,106,5
red,37,67,1,29,128,22,40,144,150,79
red,114,102,56,147,128,22,141,94,85,9
blue,57,38,94,51,96,22,107,151,24,53
blue,35,40,155,76,66,22,141,121,54,148
red,22,38,124,85,128,151,155,121,29,66
red,145,111,143,29,96,78,141,155,51,66
red,115,60,21,76,45,22,40,1,106,80
blue,67,65,155,29,119,90,141,1,49,45
red,121,107,151,49,93,62,113,155,76,53
red,115,40,94,17,79,151,58,122,133,53
blue,43,30,121,150,53,72,54,151,24,119
blue,39,87,155,133,70,0,30,136,106,15
red,35,40,155,137,16,110,75,1,49,82
blue,115,13,144,76,108,131,77,75,109,53
red,35,58,20,116,153,72,97,54,51,82
red,114,88,120,133,70,35,75,159,51,16
red,88,26,103,49,5,18,13,121,136,119
red,64,111,1,51,5,74,13,110,49,80
red,146,23,73,106,5,67,30,155,29,53
red,41,125,155,147,5,59,75,43,51,81
blue,18,107,19,29,82,151,149,143,137,74
red,42,87,55,76,74,115,58,73,9,119
red,112,155,71,29,109,62,75,148,49,14
red,47,65,121,147,12,62,23,151,129,128
blue,12,81,120,24,80,115,107,140,129,71
blue,110,46,15,49,109,72,75,140,106,158
blue,152,5,89,51,14,101,23,138,29,45
red,112,75,140,129,96,78,102,89,133,70
blue,135,27,53,51,9,31,67,150,129,80
blue,114,38,26,136,45,134,77,71,129,9
red,18,97,63,51,12,36,75,136,49,5
red,31,30,89,51,128,90,58,94,19,5
red,31,107,138,29,148,112,97,103,51,9
blue,90,125,122,129,14,34,38,55,147,158
red,115,5,120,76,70,35,65,73,17,71
red,39,155,23,17,15,74,145,19,63,70
blue,115,141,155,129,70,0,40,124,137,119
red,42,102,55,133,158,37,40,136,52,5
red,103,111,144,51,45,25,98,121,137,96
red,95,40,94,51,80,22,75,121,52,70
red,152,145,94,157,93,88,54,150,51,128
blue,152,13,55,17,79,18,26,143,106,15
red,88,75,155,19,15,101,13,6,29,79
red,20,44,155,50,80,91,113,32,76,118
blue,0,13,1,49,45,101,60,144,76,80
red,20,58,56,133,79,115,113,43,116,99
blue,43,97,73,136,158,135,75,148,49,109
red,131,130,157,29,100,47,75,140,51,96
blue,57,130,109,17,79,0,142,11,51,128
red,57,130,157,76,4,90,13,2,52,66
red,0,142,155,17,160,150,26,120,49,109
blue,62,28,151,24,14,104,65,19,106,66
blue,31,86,124,24,80,0,154,11,17,100
red,143,26,155,17,108,31,75,148,85,53
blue,115,46,89,17,148,131,125,55,9,68
blue,151,13,11,109,153,90,86,143,17,128
red,133,125,0,76,148,22,154,155,106,153
red,114,67,155,17,70,121,38,29,109,108
blue,3,60,125,133,109,114,27,151,49,45
red,114,87,121,9,53,62,142,148,76,5
blue,0,28,124,69,114,151,142,55,120,80
blue,114,61,55,51,9,35,75,144,24,66
blue,150,98,57,106,82,114,13,151,133,153
red,78,134,125,106,148,114,155,144,156,109
blue,114,40,150,49,71,115,60,1,129,100
red,114,88,43,17,45,78,146,18,106,109
blue,112,141,121,17,99,114,30,143,76,66
blue,74,102,121,49,12,114,155,158,17,139
blue,114,67,143,49,80,90,141,2,76,9
red,88,154,121,24,128,18,58,144,51,45
blue,110,40,120,29,153,88,30,73,51,70
red,151,155,136,51,14,20,28,94,49,79
red,114,86,144,49,126,74,125,143,51,82
red,78,92,6,51,119,35,65,19,24,128
red,101,142,144,49,109,110,98,11,17,128
blue,31,98,136,17,93,18,87,33,51,139
blue,91,40,120,49,9,37,117,55,50,70
red,43,98,56,69,80,72,65,121,29,90
red,37,28,32,76,109,112,75,143,106,119
red,31,102,155,51,66,0,28,55,49,93
red,81,87,155,136,153,127,58,121,133,96
blue,22,145,3,63,70,81,65,120,8,6
red,0,154,1,49,71,62,38,143,76,108
red,43,28,78,52,148,19,5,59,76,99
red,137,155,151,29,71,107,134,91,52,80
blue,18,130,73,109,108,0,13,148,52,126
blue,0,84,94,129,45,112,113,136,29,93
blue,31,141,19,76,99,0,154,37,129,119
red,43,134,121,9,119,114,60,155,76,79
red,131,134,78,49,12,72,75,121,51,119
red,110,142,121,51,158,90,134,64,76,119
red,77,40,139,69,82,25,134,119,76,160
blue,110,77,19,137,160,112,134,32,85,119
red,134,60,148,51,119,135,111,104,156,53
blue,22,58,121,54,80,131,23,83,50,119
blue,88,67,71,17,119,134,60,56,63,70
blue,20,23,81,76,119,150,84,56,24,70
red,78,142,143,29,53,112,94,136,51,153
blue,115,13,129,109,119,18,94,55,29,153
red,151,141,143,9,45,123,38,55,17,12
red,103,111,94,129,74,115,38,124,76,153
blue,0,28,150,29,108,78,94,62,9,45
blue,103,84,6,129,70,114,134,55,137,93
blue,117,142,0,137,14,22,23,155,133,74
blue,145,154,142,133,153,22,141,159,24,119
red,0,40,114,148,45,43,23,120,51,93
blue,0,60,136,116,126,77,65,37,49,93
blue,37,87,136,129,126,115,40,143,29,153
red,110,27,125,136,108,0,46,43,54,45
blue,90,26,19,76,82,20,155,3,109,45
blue,74,23,89,51,70,95,75,19,129,119
red,151,92,124,17,79,110,67,150,116,53
blue,112,23,129,29,111,36,77,144,120,12
blue,35,141,55,63,70,36,23,151,24,66
blue,34,87,148,116,96,115,92,56,133,70
red,0,92,144,52,99,43,58,155,17,148
red,72,23,150,76,93,48,133,56,106,14
red,151,92,144,9,70,78,13,152,51,82
red,0,145,124,50,119,90,58,150,51,71
blue,146,26,23,137,6,31,46,124,76,100
red,151,26,155,109,9,48,75,56,49,153
red,103,104,150,136,4,18,145,151,51,138
red,0,67,158,133,70,43,92,124,49,80
red,113,92,124,49,70,57,40,63,76,82
red,74,58,143,24,100,145,154,151,137,119
blue,145,125,32,29,118,90,40,56,51,128
red,151,77,121,76,45,101,23,150,106,82
red,55,58,151,9,100,19,154,57,76,160
blue,74,58,124,51,120,117,87,109,116,93
red,150,61,122,76,126,133,75,144,106,153
red,115,61,64,51,96,110,134,7,133,158
red,0,61,121,109,45,131,38,155,54,71
blue,131,61,53,29,44,151,77,138,137,45
blue,43,102,64,51,100,81,61,71,50,79
blue,104,61,6,76,96,112,130,11,24,80
red,22,155,26,29,12,135,61,68,69,120
blue,78,61,122,17,12,88,142,124,76,109
blue,20,154,48,49,153,0,61,56,17,128
blue,101,102,139,17,53,35,61,6,49,82
blue,0,61,121,76,79,152,40,56,116,119
red,110,111,121,133,153,101,61,151,76,118
red,55,98,91,29,118,2,142,56,49,93
blue,151,46,143,76,109,115,111,32,24,45
blue,112,102,2,63,93,36,154,121,106,82
red,131,23,71,41,9,110,125,122,8,119
red,31,142,55,136,109,37,38,117,17,108
blue,31,154,121,17,9,78,142,151,51,16
red,2,134,1,106,5,43,97,56,76,119
red,115,154,121,51,12,34,142,140,76,53
blue,90,124,68,106,110,34,154,150,136,45
red,78,58,121,137,158,112,87,68,76,14
blue,151,154,64,24,79,34,113,150,106,119
blue,57,60,151,133,45,150,102,32,147,153
red,134,102,121,76,119,90,26,34,116,14
blue,0,97,143,137,74,134,40,2,51,153
red,103,58,148,52,74,39,154,144,129,5
red,22,60,121,49,9,31,46,151,17,99
blue,90,142,121,51,74,115,134,150,17,153
red,150,154,89,116,12,74,30,151,106,14
red,150,61,143,136,139,77,28,155,9,12
red,59,142,150,109,12,43,46,19,50,70
red,101,40,150,106,80,0,102,121,9,30
red,34,37,150,51,119,127,74,89,76,45
blue,121,60,56,116,53,151,44,144,29,119
red,77,38,21,109,53,72,40,29,106,15
blue,103,23,155,51,99,37,38,150,49,71
blue,134,61,56,49,53,104,58,143,52,128
red,3,40,121,9,71,151,67,2,76,93
blue,2,154,150,52,9,35,84,56,129,53
blue,36,60,121,17,12,74,58,1,51,108
red,103,130,1,51,128,112,23,55,76,74
blue,115,28,155,129,45,77,134,159,63,70
blue,134,86,32,51,9,0,130,159,63,70
blue,54,86,15,52,82,91,23,34,17,79
red,54,65,157,106,80,72,67,73,69,160
blue,34,13,89,69,93,54,98,155,29,5
red,41,60,101,76,16,31,134,71,133,82
blue,95,75,71,49,82,31,44,53,17,66
blue,81,58,103,49,153,42,40,121,137,112
blue,112,92,55,17,70,74,94,56,49,139
red,48,23,150,49,100,112,13,55,29,45
red,35,61,55,49,153,0,13,32,133,70
blue,31,65,52,69,153,3,13,121,29,45
blue,43,38,19,8,128,47,155,124,76,9
blue,31,67,151,9,14,107,26,35,136,126
blue,47,97,1,156,45,92,61,56,106,160
blue,103,30,144,50,70,18,26,21,51,119
red,22,113,44,137,100,90,26,155,116,119
blue,43,28,55,52,14,0,30,129,133,100
blue,43,154,56,106,80,114,134,19,29,79
red,151,130,71,17,70,36,40,143,137,45
blue,92,60,150,106,96,0,117,41,49,109
red,0,130,120,9,15,77,40,144,106,100
blue,0,154,109,133,74,47,130,122,76,82
red,62,60,122,29,128,43,75,140,137,108
red,74,60,144,17,15,0,146,124,109,108
red,43,26,2,29,82,42,91,144,129,119
red,0,26,57,51,45,77,142,148,49,126
red,31,98,148,137,70,115,26,155,29,82
red,18,134,144,29,120,115,26,64,106,82
red,22,61,3,51,160,42,26,143,116,153
blue,110,92,68,17,153,127,60,2,29,45
red,0,26,159,29,79,78,98,32,76,153
blue,131,26,33,76,41,0,98,150,29,5
red,90,60,6,52,119,77,5,144,17,79
red,35,134,151,24,80,115,60,56,51,12
blue,72,130,7,29,119,154,60,73,24,80
red,81,75,144,29,109,88,154,120,76,119
blue,112,46,56,24,70,74,111,64,9,108
red,154,60,124,63,12,110,26,89,109,9
blue,144,130,121,17,9,78,13,94,106,119
blue,34,125,56,29,70,88,40,1,133,153
blue,0,26,142,116,158,77,60,122,51,119
red,37,60,138,133,70,18,74,144,29,158
red,90,75,138,17,45,0,97,144,76,12
red,62,60,56,24,45,18,23,155,29,153
blue,31,30,159,24,66,22,97,144,76,83
blue,57,97,144,52,128,78,60,121,9,100
blue,110,98,1,29,153,0,65,144,69,80
red,36,97,56,17,93,2,94,155,137,153
red,101,58,120,106,93,127,86,144,76,80
blue,2,134,142,76,119,121,27,81,137,16
red,134,88,23,51,16,123,130,138,24,9
red,107,98,144,51,79,0,146,62,29,148
blue,42,130,143,20,108,35,58,1,137,160
red,78,60,63,147,53,43,97,7,114,45
blue,0,58,151,106,30,43,60,26,8,153
red,22,86,56,17,45,88,145,2,50,158
blue,22,65,2,69,80,78,75,121,49,71
blue,103,125,144,51,99,90,26,19,24,14
blue,0,38,56,51,45,110,145,140,50,80
blue,57,113,91,133,70,0,130,140,9,109
blue,0,28,32,49,96,22,60,1,29,45
blue,110,26,121,76,45,38,124,144,106,120
red,0,44,121,24,15,131,60,132,29,93
blue,97,58,71,50,66,0,130,136,147,82
red,0,60,143,29,109,42,142,148,76,70
red,150,154,11,137,70,47,60,124,17,71
red,110,60,140,24,80,151,74,32,29,14
red,0,60,140,24,119,35,61,23,76,148
blue,35,111,104,85,153,107,60,56,51,118
red,36,60,56,116,71,18,102,122,29,74
red,144,65,151,76,82,34,60,56,116,70
red,88,60,56,116,119,134,111,140,133,153
blue,39,46,56,9,45,88,60,138,76,74
red,31,30,139,137,128,0,23,32,147,96
red,25,154,148,85,82,88,23,150,137,45
red,134,154,121,116,96,145,130,140,51,118
red,3,38,121,133,82,31,155,105,24,96
red,103,65,139,51,5,101,130,109,76,108
red,22,30,75,17,153,115,46,121,136,45
red,90,154,142,129,128,117,141,109,17,153
red,57,58,142,69,91,135,61,148,76,96
red,110,130,56,137,128,62,40,142,50,79
red,142,97,144,51,99,145,65,136,76,79
blue,22,142,144,76,153,112,61,143,109,108
blue,90,38,144,29,121,127,142,125,50,119
red,0,142,121,49,153,112,65,148,156,70
red,115,40,140,24,15,81,27,55,51,53
blue,152,26,143,137,45,90,75,105,17,119
blue,0,38,20,129,70,95,134,138,137,119
blue,35,154,34,136,100,0,97,71,29,118
blue,88,74,63,137,158,151,130,2,76,71
red,0,46,105,29,119,34,65,1,24,100
blue,22,65,136,52,128,18,28,44,106,93
blue,47,75,144,17,100,0,60,136,133,128
blue,47,145,148,17,5,78,91,26,24,93
red,74,40,136,76,45,34,125,63,81,118
blue,18,145,155,41,15,37,130,143,24,5
red,18,75,144,17,158,47,113,43,76,66
red,18,142,138,76,53,47,154,140,69,80
blue,74,40,1,24,45,77,86,3,106,120
blue,78,23,2,116,80,91,38,138,106,74
red,121,40,94,69,70,18,98,127,24,148
blue,22,98,114,29,148,74,38,93,49,53
red,62,87,138,24,120,0,97,121,76,45
blue,142,60,37,29,70,19,58,143,49,12
red,90,13,157,133,70,31,40,109,63,15
blue,95,98,53,76,153,35,38,143,133,9
red,18,60,143,51,93,47,27,71,49,153
red,112,111,64,76,45,131,84,20,51,128
red,107,97,159,29,80,78,27,43,52,4
blue,62,155,122,133,108,152,98,71,17,119
blue,22,154,143,29,148,74,26,1,51,93
blue,35,141,55,9,126,112,86,140,51,148
blue,62,26,89,49,148,18,30,109,116,80
blue,0,28,2,136,70,57,38,81,76,74
blue,92,102,120,29,70,135,40,71,129,100
red,154,27,43,51,128,135,98,140,29,153
red,0,30,55,29,45,36,154,148,76,108
blue,2,98,121,29,93,22,23,155,133,80
blue,78,97,150,76,82,115,13,55,54,93
red,42,97,120,116,119,90,107,121,147,96
red,0,23,150,24,80,110,141,89,136,108
red,22,86,138,17,100,72,54,143,137,153
red,114,87,19,29,45,145,46,138,147,96
blue,150,97,144,137,82,103,65,140,76,93
blue,48,102,122,51,45,110,87,143,76,12
blue,0,142,56,156,119,81,97,55,51,70
blue,112,102,104,76,153,88,97,143,136,100
blue,36,23,155,137,93,0,97,32,52,126
red,88,102,57,17,79,112,87,55,50,80
blue,90,65,155,136,158,135,97,121,17,108
red,135,61,55,52,5,0,87,159,9,53
blue,137,27,55,49,119,136,87,29,17,14
blue,43,40,138,137,70,47,60,159,29,109
blue,115,26,43,17,133,110,23,143,49,159
blue,37,87,19,76,53,47,44,143,129,5
blue,135,28,127,17,108,78,97,136,24,12
red,123,124,148,85,128,78,130,6,129,66
red,0,142,138,133,80,9,46,143,51,71
blue,90,65,55,24,80,18,98,138,76,79
blue,18,97,1,129,91,34,46,68,51,70
blue,125,97,68,49,148,144,23,93,17,119
red,90,97,71,51,109,134,86,83,69,16
blue,0,102,121,116,45,43,97,124,49,4
red,25,60,150,29,109,22,5,19,133,108
red,34,134,68,133,128,114,46,132,76,14
red,90,23,151,29,9,88,102,56,76,14
red,34,46,155,137,128,20,154,71,51,14
blue,57,46,2,49,14,81,111,19,50,79
red,151,13,73,51,14,35,97,83,24,108
red,110,40,121,49,14,112,58,94,69,80
blue,101,146,143,14,74,81,154,71,49,53
blue,2,54,43,50,45,22,40,34,138,14
red,43,58,55,17,128,57,60,129,24,66
blue,107,38,1,106,100,0,58,121,17,14
red,107,91,139,29,128,86,60,122,137,14
blue,57,40,73,29,108,20,60,143,138,14
red,22,91,43,138,14,97,75,6,116,126
red,81,13,148,24,14,103,3,121,51,70
red,31,130,144,49,14,135,40,64,137,70
blue,107,58,2,29,80,57,97,26,50,118
blue,146,130,121,106,74,110,58,136,51,153
blue,43,155,2,147,80,36,102,140,137,119
red,0,141,71,116,160,31,46,144,24,76
blue,151,134,124,85,158,78,58,121,76,118
red,135,107,71,49,108,43,60,140,54,53
red,135,154,68,133,119,78,30,151,17,148
red,135,13,23,29,108,22,58,121,106,128
blue,135,30,130,106,119,151,98,124,76,153
red,18,78,93,17,100,77,155,125,76,119
blue,57,102,138,137,153,74,46,56,29,5
blue,90,155,129,137,71,78,61,56,106,45
red,34,60,15,106,82,74,40,144,116,109
blue,57,87,144,133,153,35,102,73,137,45
red,92,77,121,29,158,36,154,150,106,70
red,110,23,104,137,14,90,98,155,51,99
blue,31,97,121,8,153,2,13,56,29,45
red,31,102,121,17,123,104,65,143,76,14
red,18,23,90,51,14,144,98,68,129,45
blue,34,97,1,29,9,151,26,155,133,153
red,150,98,144,136,100,57,40,158,51,14
blue,142,75,140,133,70,135,58,121,49,100
blue,115,97,144,51,160,112,75,89,137,82
blue,131,134,157,76,9,115,75,64,17,79
red,36,75,143,76,12,74,134,55,9,45
blue,35,75,129,24,128,121,61,150,9,70
red,88,5,55,156,128,110,154,148,9,53
blue,0,44,148,17,70,115,94,56,9,158
blue,151,38,23,51,158,101,40,1,52,100
blue,115,154,122,49,108,150,27,136,106,128
blue,103,141,159,17,53,88,97,64,49,153
blue,90,75,109,49,53,77,58,132,17,119
blue,151,27,144,137,153,25,40,57,116,70
blue,72,130,144,76,79,151,27,94,106,5
red,36,75,6,54,9,35,87,109,51,91
red,78,61,125,129,153,0,26,155,58,66
red,117,86,63,116,100,22,88,140,133,153
blue,0,79,131,29,15,88,5,2,24,128
blue,151,142,120,24,93,97,60,73,17,79
red,110,142,55,24,108,74,102,144,17,53
red,47,40,83,9,12,43,84,11,17,45
blue,57,28,125,106,4,78,58,94,147,30
blue,115,142,23,63,128,112,67,94,106,66
blue,131,154,43,24,70,135,102,140,106,109
red,123,38,120,17,53,135,30,121,24,70
red,78,102,140,106,100,135,142,148,29,109
blue,22,102,56,137,128,57,40,89,24,153
red,110,155,140,106,12,143,154,138,49,160
blue,36,142,140,147,100,81,26,155,133,109
red,90,58,56,85,153,103,87,41,17,16
blue,103,46,155,148,9,18,75,120,49,70
blue,57,60,56,54,5,112,98,127,51,45
blue,78,142,56,29,74,77,130,109,108,126
red,42,60,56,49,14,152,38,121,50,53
red,22,60,56,69,80,107,134,144,49,93
blue,42,28,68,17,93,110,130,56,91,66
blue,37,13,140,17,119,43,75,56,120,82
red,101,60,56,109,128,48,23,94,76,79
red,145,149,56,29,93,103,26,140,69,80
red,34,65,159,69,45,22,142,136,29,9
red,37,65,6,85,93,18,130,56,120,14
blue,152,58,56,51,14,110,155,1,9,111
blue,2,60,48,49,45,112,13,121,17,79
red,103,40,56,51,108,110,28,34,106,153
blue,31,13,136,51,14,110,60,151,50,71
blue,20,154,56,133,70,127,60,132,17,128
red,22,23,151,29,100,135,13,158,116,119
blue,22,26,155,76,81,36,58,56,29,119
blue,20,40,144,133,66,42,54,33,106,91
blue,77,102,32,133,71,123,40,121,17,148
blue,97,60,140,49,93,88,111,143,136,91
red,35,61,2,29,80,135,60,144,136,27
red,88,46,55,133,53,20,65,56,29,139
blue,59,102,121,29,14,115,86,151,116,153
red,22,141,120,51,70,110,30,56,17,12
red,36,40,56,29,79,0,84,94,24,66
blue,43,60,56,106,66,31,91,151,9,79
blue,95,142,121,49,158,34,98,56,24,160
blue,0,141,7,156,158,115,23,151,116,9
blue,18,61,121,29,14,34,46,56,76,45
blue,22,111,148,24,71,74,13,56,49,80
red,18,60,138,76,71,104,38,136,123,108
blue,88,58,136,50,108,22,141,2,51,74
blue,81,77,136,133,45,112,142,140,17,118
blue,22,154,19,76,53,112,142,136,49,108
blue,103,74,89,17,53,81,46,136,76,45
blue,134,60,144,29,109,43,26,151,133,153
blue,22,141,56,76,118,20,133,53,17,128
blue,103,5,55,8,153,22,98,56,133,109
red,31,23,41,51,139,37,40,101,116,108
blue,22,26,94,51,153,136,58,89,9,45
red,43,130,104,8,53,18,134,140,76,80
red,36,58,143,52,100,110,86,140,106,126
red,37,134,150,17,4,102,107,125,106,91
blue,115,74,73,106,82,43,142,71,147,108
blue,135,46,140,106,96,36,74,121,76,119
red,90,58,71,17,153,31,130,144,137,93
blue,81,38,6,51,93,114,65,53,9,71
red,90,154,2,116,119,35,60,64,76,160
red,31,97,2,29,70,62,102,139,49,12
blue,31,40,159,106,119,151,78,71,50,70
red,22,130,6,109,108,78,134,150,133,74
red,112,38,143,50,74,0,111,2,51,96
red,135,58,2,49,108,22,77,136,69,80
red,131,154,2,17,119,36,102,109,51,80
blue,0,65,56,76,70,3,154,2,29,126
red,72,98,140,51,82,47,97,2,133,153
red,90,75,2,129,12,115,130,144,49,128
blue,43,134,2,51,119,78,97,131,133,70
red,110,142,56,129,5,115,134,2,133,66
blue,88,86,121,106,5,78,130,41,51,80
blue,103,28,71,69,80,78,87,2,106,128
blue,22,154,32,52,70,115,78,2,133,158
blue,144,23,2,50,128,74,130,56,133,153
red,115,141,2,49,93,57,98,56,51,128
red,31,67,2,156,109,0,26,56,51,153
red,90,5,2,51,9,42,65,144,133,12
red,47,142,148,129,71,112,30,2,17,9
blue,59,75,148,49,79,103,98,2,51,128
red,127,141,32,29,128,35,60,140,76,153
red,74,154,143,137,70,22,23,121,9,53
blue,43,60,159,49,70,3,58,2,17,119
blue,22,102,143,156,158,117,134,151,144,45
red,31,60,143,17,71,43,44,138,24,118
blue,74,38,55,51,4,146,88,143,106,148
red,146,145,151,49,79,20,75,136,17,80
red,103,75,133,49,160,35,84,143,50,109
red,31,107,121,116,157,110,98,19,76,126
red,114,155,139,51,5,135,65,159,17,45
red,114,75,144,17,71,88,102,73,116,108
blue,78,40,143,51,153,42,146,148,9,53
blue,135,65,114,17,100,0,130,109,29,119
blue,17,61,114,116,81,144,40,33,63,153
blue,101,98,144,116,82,103,13,114,17,71
red,114,27,155,51,82,35,65,144,9,5
red,110,60,144,106,100,112,84,155,17,108
blue,112,30,143,17,45,43,84,1,49,80
blue,37,67,55,51,93,43,84,150,29,80
red,43,84,159,69,80,81,102,2,76,15
blue,0,23,64,76,9,47,84,138,17,108
red,67,142,148,50,128,47,111,122,137,15
blue,0,58,91,54,5,78,75,56,133,71
blue,0,75,55,129,160,90,142,56,24,71
blue,18,125,2,24,108,77,60,155,139,12
blue,78,75,89,52,93,0,102,34,133,109
blue,91,86,103,122,108,74,38,93,24,124
blue,37,26,71,116,119,36,65,6,51,93
blue,43,40,120,116,93,134,88,2,76,80
blue,10,13,154,51,96,78,23,18,137,93
red,19,38,115,51,93,0,87,33,76,79
blue,0,134,144,69,158,103,27,155,29,93
red,43,5,121,76,93,0,88,1,106,153
blue,115,154,150,24,148,62,40,68,49,53
blue,35,94,72,17,5,78,155,144,76,79
red,152,154,150,17,71,0,38,148,137,45
red,35,75,11,17,71,88,87,2,9,79
red,0,38,150,109,79,135,40,11,29,82
blue,112,54,125,50,45,151,84,155,49,5
red,110,23,143,50,93,22,142,121,17,14
blue,90,60,140,17,70,57,40,37,76,119
blue,3,60,143,106,82,13,84,122,9,119
red,130,142,119,17,109,22,40,143,133,54
blue,150,23,68,49,12,59,142,155,133,45
blue,0,154,94,147,139,127,60,73,116,109
blue,62,30,73,106,93,110,13,11,51,4
red,22,113,121,9,153,110,46,155,63,80
blue,88,44,143,76,108,22,60,11,51,80
red,0,23,155,136,9,48,40,2,17,119
red,115,141,150,69,37,114,155,61,49,93
red,41,145,43,69,45,59,38,7,137,119
blue,37,134,51,17,79,91,28,155,50,53
blue,74,65,1,136,158,37,13,11,51,14
blue,57,107,122,137,118,135,154,6,106,15
red,115,141,121,133,119,0,102,19,29,53
red,57,61,144,29,93,37,98,121,137,45
red,37,98,136,54,153,88,23,129,51,70
blue,110,94,2,17,80,57,134,0,9,109
red,135,65,19,137,14,88,102,1,54,82
blue,34,102,94,15,53,110,23,43,51,128
red,74,149,121,137,93,115,145,157,51,45
blue,88,102,121,24,79,74,111,157,17,153
red,115,67,143,133,153,151,97,89,49,96
red,115,88,104,116,70,112,44,121,106,139
red,101,30,56,52,128,146,102,94,51,45
blue,78,75,3,129,45,0,102,55,133,53
blue,38,13,56,76,45,37,75,54,7,51
red,112,58,55,76,82,103,154,144,29,128
blue,41,28,155,17,153,135,38,136,29,12
blue,110,40,56,129,128,31,154,143,17,53
red,35,141,140,29,79,103,30,71,17,45
blue,22,0,122,51,70,18,30,56,133,158
blue,62,142,56,17,45,22,74,55,29,153
blue,22,40,7,17,83,78,98,56,51,158
red,43,117,56,76,53,79,58,136,50,121
red,62,38,56,17,45,20,61,64,63,91
blue,112,113,56,51,80,22,13,121,106,160
blue,57,67,43,24,108,90,98,120,9,45
blue,0,58,121,133,45,78,23,150,76,93
red,112,26,43,133,160,31,60,143,49,66
blue,34,91,140,116,66,112,102,3,29,148
blue,0,46,121,49,66,110,61,26,106,99
blue,151,77,133,24,99,78,38,143,17,66
blue,0,141,7,29,81,79,13,71,49,93
blue,18,30,150,136,79,90,142,68,76,66
blue,150,142,87,106,66,136,84,101,85,99
red,142,154,159,51,66,35,130,89,137,70
blue,136,102,2,76,118,78,58,26,51,99
blue,78,46,109,76,160,86,94,7,54,14
red,0,145,19,50,70,9,142,1,29,12
blue,115,30,33,157,93,23,141,89,51,53
red,74,13,143,133,70,2,28,151,116,45
blue,103,91,144,52,79,112,13,33,29,123
blue,42,46,143,133,93,110,149,56,51,82
red,22,154,144,129,108,103,141,143,76,53
blue,127,65,1,50,119,103,102,148,116,45
red,103,86,143,9,126,31,58,7,50,45
blue,135,46,64,24,100,0,98,151,71,80
blue,110,23,150,9,119,18,38,143,129,45
blue,47,26,55,129,93,110,60,7,17,45
red,103,13,155,15,108,120,58,26,17,45
blue,78,102,73,76,9,41,86,81,137,70
red,43,23,19,29,12,22,142,136,17,119
blue,18,26,138,69,128,77,111,159,129,80
red,152,46,33,29,109,145,23,91,49,45
blue,144,67,150,17,53,145,26,155,29,119
red,18,26,55,106,79,150,23,52,8,123
red,85,23,155,9,70,107,111,109,76,99
red,89,81,134,17,160,110,142,31,129,123
blue,110,23,32,76,82,74,142,81,133,108
red,150,74,136,29,119,151,26,2,116,100
red,74,60,144,137,45,22,81,132,76,53
red,59,23,93,29,53,35,154,2,50,120
red,0,26,109,49,128,135,125,104,29,160
red,103,23,1,133,79,47,117,140,29,160
blue,62,58,136,24,5,0,155,113,29,153
blue,72,46,139,156,153,78,0,151,137,70
red,18,58,71,133,70,78,146,143,29,12
blue,42,92,73,63,70,47,58,37,17,45
red,135,58,37,50,9,103,141,136,106,70
red,112,26,143,116,108,151,154,155,109,70
red,37,13,57,137,100,123,145,79,17,128
red,31,26,33,17,80,150,23,94,76,45
red,22,58,37,51,99,88,67,2,54,70
red,18,58,37,129,126,0,38,19,50,5
blue,20,38,121,24,99,18,102,26,17,108
blue,135,58,73,29,148,78,65,143,17,79
blue,0,54,73,133,108,90,111,148,17,71
red,59,40,55,49,108,130,67,121,29,81
red,62,30,106,76,45,135,58,71,51,70
blue,25,23,43,29,9,90,111,143,133,153
red,42,58,104,129,118,107,87,140,85,153
red,144,58,37,17,93,22,54,151,49,9
blue,34,40,73,17,15,144,58,143,76,96
red,90,58,68,17,148,107,141,79,129,158
blue,36,142,155,157,9,121,30,112,54,108
blue,112,13,68,106,66,110,46,143,69,82
red,78,88,150,51,153,77,23,37,147,80
red,43,40,56,133,70,115,58,37,76,9
blue,22,111,104,24,82,43,58,0,17,160
red,135,154,120,106,100,78,58,19,17,99
red,112,58,37,106,99,110,60,20,116,80
blue,110,58,139,24,4,112,38,109,51,80
blue,146,58,37,29,93,114,97,150,106,14
red,37,58,2,133,46,151,142,121,63,99
red,34,23,73,51,153,112,58,148,129,45
blue,37,58,2,69,91,44,97,144,17,119
red,146,102,6,51,128,77,58,37,29,93
red,90,142,132,136,53,78,58,1,50,45
red,31,30,120,24,45,74,58,138,129,70
blue,48,58,121,24,153,135,26,106,85,93
red,57,26,151,106,153,81,84,140,8,45
blue,78,67,121,24,100,72,58,89,49,70
blue,31,26,143,24,9,107,58,155,17,12
blue,0,102,37,49,96,115,58,104,116,153
red,103,58,2,51,82,57,142,139,24,110
blue,0,46,143,51,45,92,58,148,29,83
blue,31,58,124,137,96,35,60,132,63,160
red,35,58,6,106,45,0,13,120,137,53
red,47,58,122,76,119,2,107,138,106,128
red,48,102,121,122,158,31,23,155,51,5
blue,37,46,155,137,108,31,58,94,122,118
blue,22,58,11,51,153,37,134,155,24,53
blue,103,65,148,9,128,134,58,55,133,153
blue,2,13,148,29,139,115,23,37,24,82
blue,115,134,143,51,9,90,58,64,76,15
blue,0,46,87,17,99,130,28,55,50,30
red,41,13,144,63,70,134,58,158,69,80
blue,37,58,89,133,91,81,23,143,51,70
red,37,58,139,24,70,3,30,7,9,148
red,35,22,143,17,119,103,134,68,76,53
red,31,84,6,116,53,44,38,2,9,158
blue,31,154,55,50,45,2,40,151,76,100
blue,81,154,53,17,120,103,155,68,9,70
blue,90,40,143,24,53,110,5,55,17,71
blue,22,84,6,129,119,18,111,144,24,100
blue,112,5,140,76,70,145,106,2,51,128
red,120,141,3,51,81,90,134,140,63,158
red,47,75,140,51,45,0,28,55,29,71
blue,0,154,56,76,128,134,30,73,51,79
blue,35,60,143,29,93,112,102,11,51,100
red,151,46,159,133,80,18,111,56,51,108
red,31,84,23,51,80,22,60,121,150,79
red,31,28,143,51,80,0,26,121,17,41
blue,37,124,33,69,80,155,142,109,51,160
blue,114,145,3,133,71,43,60,122,76,159
blue,113,142,11,50,93,0,54,58,51,66
blue,114,87,129,51,45,36,142,138,29,53
red,47,26,155,133,70,0,60,143,147,119
blue,62,5,121,133,66,110,98,109,76,91
blue,110,130,1,109,108,22,58,143,133,126
red,110,111,55,51,126,20,124,73,136,148
red,110,124,121,133,93,22,37,1,50,70
blue,110,111,1,129,96,112,28,6,106,82
red,35,98,143,9,93,110,87,120,116,118
red,90,74,143,116,119,145,84,149,76,109
red,34,46,155,83,53,110,65,68,24,45
blue,34,46,64,24,128,18,5,139,52,127
blue,62,130,159,51,82,22,124,154,49,128
red,22,154,150,136,93,36,38,120,29,148
blue,34,67,143,133,12,131,154,144,24,128
red,131,149,121,49,45,62,5,34,54,80
blue,62,124,55,133,45,31,130,150,63,119
red,112,60,151,54,158,34,75,155,24,15
red,62,28,155,49,53,12,141,43,129,139
blue,101,38,104,106,66,22,86,143,109,108
red,62,97,56,51,9,137,75,140,76,158
red,62,102,157,9,100,34,154,158,76,70
blue,135,98,150,9,133,35,102,143,120,93
red,3,27,89,17,46,37,102,143,137,153
red,127,58,143,116,100,22,23,71,17,96
blue,48,134,148,49,91,112,125,71,51,80
red,35,78,41,29,128,31,40,15,9,12
blue,78,94,150,76,66,0,60,143,51,109
red,35,155,129,137,158,62,142,143,106,100
blue,104,60,159,51,126,78,40,3,17,80
blue,37,27,152,51,119,78,60,138,24,158
blue,22,111,55,116,108,112,13,109,17,45
red,91,13,55,106,5,18,87,3,54,153
blue,41,57,55,17,153,31,13,143,52,79
blue,57,75,55,17,70,88,124,10,76,128
blue,90,130,22,147,45,78,58,138,137,153
blue,150,97,43,109,153,124,58,22,106,128
blue,43,75,83,29,100,47,30,94,52,96
blue,144,142,143,49,100,43,94,56,29,14
red,62,67,94,76,30,77,40,121,147,108
red,101,87,148,24,66,144,141,34,29,160
red,43,27,55,137,80,146,107,150,106,37
blue,103,23,148,49,53,115,28,56,29,119
blue,151,154,150,156,93,74,130,143,137,124
blue,0,60,136,51,70,35,38,55,137,82
red,62,87,93,137,119,22,46,122,76,112
red,42,133,122,137,70,123,154,155,69,80
blue,137,107,3,51,79,74,30,26,49,93
blue,37,58,121,137,119,22,40,21,116,79
red,145,134,155,147,96,101,77,56,137,70
blue,22,134,41,49,153,78,13,155,137,45
blue,62,46,32,76,119,43,98,55,129,70
red,47,91,143,133,128,83,154,150,85,79
red,103,13,68,51,158,47,75,136,29,45
blue,101,58,71,49,148,34,38,56,109,108
blue,119,142,101,29,124,43,125,140,17,5
red,90,58,11,106,91,47,134,125,29,33
red,31,65,32,76,12,115,154,150,133,15
blue,123,142,94,8,53,31,22,32,17,153
blue,78,92,81,17,53,0,125,32,106,66
red,0,13,32,133,153,36,102,2,9,148
red,22,87,43,76,66,18,124,91,41,153
red,79,67,155,17,128,90,38,41,51,45
red,134,5,155,50,153,41,75,125,54,118
red,107,87,143,17,120,78,26,151,69,80
blue,88,61,91,29,100,115,28,38,51,5
blue,74,113,150,29,160,18,46,144,69,119
blue,152,30,139,63,45,90,142,6,17,70
red,22,98,124,150,100,0,60,7,24,96
blue,146,155,150,51,160,22,97,71,29,93
red,112,134,148,137,96,31,142,122,109,128
blue,151,26,89,133,126,36,60,136,24,70
red,112,94,121,51,158,67,40,144,133,126
red,88,5,119,85,45,35,60,53,76,100
blue,36,13,159,9,119,0,97,121,137,108
red,104,30,56,76,79,91,40,1,17,45
red,31,154,125,51,4,88,77,136,29,108
blue,74,65,55,51,153,145,26,129,17,45
blue,62,30,6,50,153,107,142,124,24,45
red,74,146,101,137,93,103,141,55,9,14
red,3,141,73,29,118,92,154,144,51,45
red,18,113,144,51,100,77,65,56,76,93
red,18,97,155,49,139,31,154,33,17,108
red,97,65,133,116,53,95,23,144,51,79
red,95,102,2,17,119,103,27,122,29,108
red,31,65,64,50,70,78,130,155,156,118
red,154,38,139,51,53,146,40,151,137,15
blue,134,154,11,29,14,19,60,143,133,110
blue,43,154,150,29,119,2,13,91,133,45
red,130,154,56,24,118,22,97,139,51,54
red,57,88,3,133,91,22,30,2,17,100
red,31,142,19,29,45,62,154,55,24,14
blue,110,102,56,29,153,62,87,19,133,70
red,135,23,56,17,53,0,154,19,51,100
blue,97,60,68,116,153,154,38,150,52,128
blue,95,154,71,52,153,135,65,41,51,100
red,112,154,121,29,12,150,60,55,49,66
red,62,142,151,76,5,0,154,6,9,153
red,22,60,73,9,109,110,38,2,76,12
red,117,154,2,116,80,135,38,1,24,108
red,43,154,122,29,118,42,67,41,24,14
blue,67,134,81,24,80,22,13,19,63,70
red,127,40,121,51,70,95,28,105,52,119
blue,43,134,151,17,44,131,154,7,106,153
blue,53,130,151,116,158,145,113,109,29,119
red,152,77,6,29,120,31,141,55,51,70
red,110,58,21,24,153,0,54,55,129,93
blue,0,145,73,49,148,103,40,104,52,100
blue,112,67,109,76,12,34,145,121,15,108
blue,39,102,55,137,100,0,67,150,17,53
red,121,58,62,29,45,0,38,143,106,82
red,54,28,151,136,158,74,58,39,109,108
red,12,145,122,128,133,42,86,143,83,91
blue,0,67,94,147,59,25,65,148,49,96
blue,110,142,121,50,153,74,46,144,133,158
blue,31,75,121,120,14,135,46,19,106,119
red,3,26,155,51,70,112,23,148,106,82
blue,12,97,155,54,91,88,142,19,51,9
blue,78,91,19,69,110,88,28,120,106,14
red,34,142,19,17,158,22,37,138,9,80
blue,91,40,19,76,5,115,28,151,109,108
blue,112,86,143,51,126,78,60,104,137,70
blue,74,61,19,17,80,115,54,89,76,100
blue,78,77,120,29,5,114,134,19,9,148
blue,43,134,29,51,14,101,67,122,85,158
blue,135,91,1,9,45,22,40,121,137,70
blue,110,38,132,29,80,2,142,19,106,91
red,19,58,151,137,45,43,60,148,69,70
blue,77,86,19,133,45,59,40,151,76,70
blue,22,58,140,52,53,43,155,19,17,93
blue,90,13,19,51,158,127,91,3,106,160
blue,110,5,19,56,80,115,13,11,76,9
blue,151,141,56,129,93,18,13,19,49,153
blue,53,40,138,51,12,22,28,105,147,128
red,22,124,94,49,71,43,38,23,17,76
blue,0,134,55,133,82,115,98,56,29,153
blue,127,146,19,9,79,110,124,56,76,128
blue,115,13,55,133,66,74,61,56,137,15
red,104,134,132,123,108,22,61,56,76,148
red,110,154,56,106,66,34,94,73,51,119
blue,131,65,140,133,70,36,154,56,51,82
blue,81,88,140,17,159,110,27,151,136,128
blue,22,23,38,17,109,134,65,138,50,45
red,0,38,121,17,70,74,60,71,49,158
blue,59,38,94,9,12,110,107,124,29,66
blue,31,23,56,136,53,134,38,124,51,12
blue,74,38,122,17,80,34,46,121,123,108
red,57,60,136,147,96,22,23,155,17,119
red,3,125,136,17,100,0,23,11,51,118
red,78,40,136,49,93,36,84,26,17,79
red,78,60,138,133,70,90,23,1,29,148
red,78,141,94,17,108,146,97,143,137,70
blue,57,61,143,17,12,78,154,94,85,80
red,57,98,121,116,71,0,40,151,17,9
blue,114,58,116,17,7,134,98,143,76,71
blue,20,134,121,106,66,135,13,2,17,5
blue,90,23,150,147,66,135,27,34,106,5
red,135,23,34,9,5,78,102,136,51,119
red,135,74,144,24,5,22,142,140,106,79
blue,74,141,56,52,15,135,133,11,147,5
blue,78,58,18,69,45,22,61,55,76,5
red,90,97,121,76,45,18,155,122,106,70
red,0,38,56,29,128,57,61,89,76,66
red,78,5,1,106,70,90,92,56,76,153
red,101,28,26,76,93,42,154,150,51,119
blue,110,98,55,147,160,81,27,26,133,70
red,22,44,144,9,4,74,154,151,50,119
blue,22,5,64,76,12,90,40,1,49,119
blue,2,102,57,129,153,74,65,136,76,66
blue,151,145,1,51,53,115,27,2,129,70
blue,135,130,121,51,153,74,75,150,52,16
red,0,13,68,51,53,97,91,132,17,93
blue,43,13,157,51,9,97,94,120,69,80
red,97,142,138,17,9,57,145,62,129,100
blue,55,28,43,85,82,37,40,3,106,16
red,97,102,143,136,158,35,86,122,133,70
red,35,60,121,76,119,42,78,150,133,70
red,135,40,55,137,160,0,130,151,76,80
red,53,75,55,29,128,57,154,7,137,158
red,3,30,56,24,5,22,46,143,51,108
red,78,142,121,85,93,18,98,1,9,109
blue,110,58,55,51,66,0,28,20,9,45
blue,13,54,43,129,119,62,23,103,52,158
red,37,38,52,49,128,18,77,138,85,108
red,3,142,19,52,15,112,155,57,137,79
blue,131,97,159,137,153,18,61,56,136,128
blue,115,58,159,49,76,77,60,56,85,119
red,78,145,143,106,99,90,30,62,17,66
blue,18,154,89,17,53,146,107,144,116,45
blue,25,28,1,9,53,72,40,64,133,70
red,123,22,55,24,100,57,134,103,17,66
blue,152,102,148,17,14,34,22,121,106,12
red,90,98,38,76,6,59,22,155,133,153
blue,107,58,143,133,153,22,91,71,24,80
red,25,91,150,133,70,115,67,57,49,153
red,57,91,71,76,45,150,133,159,147,160
blue,78,60,33,29,93,112,30,104,133,53
red,18,154,55,51,14,110,28,157,24,128
red,78,98,155,147,80,115,13,1,17,71
blue,135,134,148,8,153,78,23,11,129,99
red,78,28,150,133,139,95,141,55,106,100
red,112,134,140,17,53,22,60,144,129,70
red,36,46,2,136,53,48,102,62,76,70
blue,123,40,148,49,158,112,154,140,147,153
red,135,154,144,156,119,152,102,114,76,153
blue,115,155,56,24,71,36,38,109,50,158
blue,0,124,94,76,119,112,134,6,133,153
blue,2,26,53,29,82,0,65,105,24,119
red,90,58,7,29,96,136,60,155,9,70
red,104,65,140,24,128,107,142,159,29,158
blue,112,38,138,85,70,22,30,56,50,33
red,107,30,144,49,108,81,58,19,52,53
blue,145,97,34,133,80,35,60,140,129,119
red,150,5,140,9,153,145,46,43,24,160
blue,146,13,26,133,100,43,61,121,49,109
red,78,98,73,137,45,35,134,148,156,153
red,22,46,122,9,70,90,13,21,50,99
red,22,87,143,106,128,74,97,148,8,93
blue,18,30,26,49,153,110,154,155,29,100
red,90,117,63,24,70,22,97,143,29,82
red,41,65,49,51,66,74,60,121,17,128
blue,88,94,150,106,82,107,75,68,17,9
blue,134,154,35,51,93,18,67,73,133,153
red,18,58,121,69,80,112,40,1,49,96
red,18,102,129,54,93,0,40,109,29,118
blue,34,102,136,85,148,152,98,55,133,118
blue,74,84,155,76,45,0,61,120,51,108
blue,110,60,55,49,153,112,141,140,9,45
blue,0,5,43,106,9,47,141,143,129,91
red,90,13,55,157,45,31,111,71,17,70
blue,88,58,138,17,45,34,102,143,76,128
red,0,54,136,17,93,110,67,155,106,80
blue,95,111,26,76,133,102,60,139,29,153
red,20,142,148,17,139,42,60,11,76,153
red,112,75,143,9,93,88,84,152,133,153
blue,151,102,143,17,45,112,23,125,109,80
blue,114,40,150,51,96,0,13,87,29,12
red,72,38,94,17,71,0,77,150,9,158
blue,81,155,120,133,153,112,142,19,49,12
red,112,13,143,76,153,0,46,136,17,71
red,114,46,19,76,108,22,58,87,116,153
blue,120,13,81,51,45,55,87,0,63,158
blue,22,111,81,129,12,155,13,120,137,53
blue,38,60,144,130,96,115,84,104,49,93
red,145,60,19,9,80,78,130,121,69,93
red,123,65,158,49,120,114,40,19,133,118
blue,2,40,34,69,108,115,88,73,19,53
blue,37,58,94,148,80,114,141,19,51,128
blue,112,79,63,51,81,0,23,46,50,153
blue,35,60,89,50,158,18,134,19,17,128
red,0,13,32,106,99,57,60,150,147,96
blue,135,142,56,52,5,22,58,104,51,33
red,36,60,56,69,66,135,72,143,51,45
blue,22,134,56,63,70,78,40,125,9,154
red,151,78,124,9,45,135,54,150,137,66
blue,25,13,143,76,100,18,37,38,51,45
blue,18,67,155,29,12,83,38,2,106,82
red,22,97,148,76,80,131,111,57,24,70
blue,91,84,101,29,71,22,23,150,17,80
red,0,74,6,69,80,36,111,121,49,91
red,115,97,143,69,128,2,65,151,52,82
blue,78,38,6,29,148,31,65,1,129,14
blue,143,28,81,51,153,114,65,140,133,70
red,22,87,71,76,118,0,46,68,116,70
blue,88,84,143,49,153,22,102,71,51,114
red,74,40,122,51,108,31,84,55,49,33
blue,43,130,155,85,70,36,102,143,69,45
blue,112,40,21,49,119,34,130,121,109,80
blue,90,60,143,69,153,47,44,54,29,91
blue,43,44,151,133,5,3,13,148,51,9
red,114,44,6,116,45,57,145,124,63,70
blue,134,65,121,63,70,57,44,1,51,93
red,90,44,1,29,120,62,111,140,74,108
blue,90,23,68,24,160,74,65,38,51,100
red,0,102,1,123,108,47,27,155,76,109
red,110,58,53,106,82,112,102,157,8,79
red,151,142,138,76,153,97,38,120,116,111
blue,127,130,32,85,100,2,38,68,116,70
blue,74,38,68,137,90,18,102,57,52,128
red,150,154,121,85,70,22,23,43,24,120
blue,77,23,138,133,70,144,58,89,17,5
red,22,13,138,133,158,37,40,140,51,45
blue,112,60,157,9,45,74,28,19,76,66
red,22,40,155,29,158,72,23,150,17,53
blue,134,40,143,133,153,151,60,144,51,45
blue,78,142,144,24,16,9,40,110,49,45
red,127,98,81,29,139,42,23,43,63,153
red,92,77,136,49,54,112,60,83,29,70
blue,90,38,1,137,66,112,13,120,69,5
blue,36,154,144,137,153,90,23,155,76,45
red,107,102,23,24,91,151,154,38,129,119
red,152,61,121,9,79,144,65,143,76,93
blue,81,13,143,106,80,115,46,121,51,100
blue,78,102,64,24,100,110,124,155,76,74
blue,74,54,157,17,93,146,58,155,29,15
blue,91,154,142,51,126,110,30,151,133,153
red,22,54,21,29,80,134,142,7,17,158
blue,47,145,109,24,70,72,46,143,76,153
blue,22,67,140,133,153,145,98,104,116,128
blue,31,102,122,51,128,18,87,138,85,153
blue,22,13,140,49,119,150,38,129,109,6
red,31,154,143,17,128,140,65,43,8,45
blue,90,98,23,76,148,0,61,121,17,158
red,31,58,140,49,80,43,134,132,51,82
red,41,23,150,76,158,121,134,155,129,119
red,31,107,151,17,119,78,77,73,137,70
red,91,117,144,17,70,62,30,11,24,96
red,88,60,6,137,91,101,13,56,49,74
blue,74,146,33,63,70,22,141,144,133,153
red,115,146,121,24,70,145,30,150,17,118
red,134,97,143,137,70,37,60,1,76,93
blue,112,124,150,69,70,18,44,122,29,119
blue,81,58,120,133,70,47,13,26,49,139
blue,35,65,143,51,71,61,154,122,106,70
blue,18,65,56,17,53,91,111,71,51,70
blue,31,60,140,106,126,22,75,32,17,45
red,0,134,120,17,79,37,130,94,137,109
red,57,46,56,51,45,43,75,79,137,70
red,131,102,2,17,79,31,142,71,147,96
blue,31,111,53,85,16,74,54,109,133,70
blue,57,97,143,106,153,24,23,124,51,82
red,31,97,138,51,96,88,40,151,24,128
red,110,98,1,17,70,31,30,64,150,45
red,88,142,71,69,12,36,40,151,17,153
red,78,154,131,76,119,72,65,140,147,70
red,0,102,64,49,119,137,154,71,133,45
red,62,65,7,106,120,22,60,1,133,153
blue,78,46,81,133,153,72,30,94,63,70
red,0,38,121,76,66,3,58,89,52,158
blue,31,60,121,49,109,0,98,71,76,99
red,115,40,56,51,100,78,74,35,116,119
red,18,125,136,9,12,47,13,138,76,80
red,134,26,120,76,53,78,38,89,17,79
red,0,46,89,49,45,35,65,143,76,80
blue,134,154,150,76,66,112,30,94,137,126
blue,22,75,21,17,5,31,67,23,54,108
red,151,30,105,106,45,74,65,143,50,153
red,22,134,159,29,153,136,46,144,133,158
blue,152,97,122,51,153,78,13,150,76,119
blue,78,142,140,52,73,103,98,122,76,153
red,36,142,121,76,93,3,84,144,85,45
red,110,40,144,29,139,78,75,151,76,80
red,0,60,6,24,93,150,27,144,76,45
red,144,46,143,51,82,36,98,64,116,158
red,20,77,144,24,12,43,58,151,157,153
blue,18,38,143,51,109,115,102,1,129,14
red,117,28,151,116,45,74,58,140,51,4
red,88,154,151,106,93,112,13,144,129,91
blue,57,65,151,29,45,0,154,140,136,139
blue,31,46,122,51,66,0,44,143,85,5
red,110,87,26,76,100,78,46,2,106,93
blue,43,74,87,85,158,144,97,150,49,148
blue,143,58,48,24,45,90,60,2,17,79
blue,135,130,68,51,74,35,60,87,17,71
red,151,28,87,129,14,22,26,155,9,70
red,56,91,121,116,16,0,86,148,85,109
red,31,145,87,51,82,103,134,150,147,118
blue,110,26,0,133,71,91,46,121,17,82
blue,103,75,71,51,93,145,134,87,29,45
red,24,28,87,17,120,115,98,136,156,153
red,97,67,150,144,160,39,130,68,147,80
red,22,58,143,137,100,0,92,87,17,74
red,88,58,2,51,96,22,74,87,137,126
blue,0,97,144,147,70,114,13,148,17,66
blue,57,142,143,17,119,36,125,121,51,79
blue,103,23,140,17,119,0,13,148,24,45
blue,78,58,73,133,71,74,61,151,17,45
red,36,13,2,17,100,150,130,68,52,128
red,57,142,91,52,120,117,40,2,109,108
blue,90,60,87,106,68,47,86,121,129,108
blue,112,38,143,51,119,36,60,93,29,79
red,120,149,150,51,82,62,26,55,29,93
red,0,91,55,51,82,90,77,121,76,70
blue,90,27,125,29,70,42,142,55,51,82
red,31,74,53,129,82,112,40,62,41,79
red,150,38,121,76,53,18,65,20,51,82
red,78,58,125,29,16,90,75,37,51,15
blue,110,23,157,29,158,22,58,144,51,96
blue,112,58,6,76,45,22,121,23,129,158
red,102,98,129,157,45,0,154,143,29,66
blue,110,40,55,133,153,102,46,143,24,70
red,97,40,15,17,128,102,130,143,29,70
red,102,87,104,106,128,2,142,64,133,119
red,144,26,125,29,119,110,58,143,76,153
red,102,27,49,76,45,95,86,144,29,160
blue,48,58,11,102,108,39,65,3,9,70
red,22,40,144,52,70,115,61,105,17,90
blue,152,61,150,136,100,95,40,1,133,153
red,37,142,51,106,70,88,54,150,50,82
red,22,23,151,133,70,57,28,94,51,130
red,0,28,71,24,5,77,102,132,133,76
blue,78,58,73,17,108,112,102,104,106,12
red,42,102,23,137,45,20,107,24,133,96
blue,0,27,143,49,119,2,60,136,133,70
blue,43,102,6,116,53,47,77,155,17,45
blue,78,65,124,17,45,37,102,138,41,108
red,151,102,138,51,81,47,23,150,9,16
blue,131,154,148,24,14,35,102,157,116,128
blue,131,107,19,106,96,22,102,91,9,153
red,2,142,151,29,74,101,102,68,51,96
red,72,154,71,116,81,39,38,55,51,153
blue,115,46,43,9,119,97,102,56,109,108
blue,150,75,23,24,80,107,102,89,116,160
blue,115,38,138,51,45,101,46,87,116,158
blue,90,58,140,76,53,34,102,143,133,45
blue,134,46,151,17,128,59,102,81,76,93
red,31,58,121,76,100,107,13,19,17,128
blue,134,97,51,156,53,35,102,89,133,120
red,2,58,150,122,108,131,38,71,51,82
red,115,13,136,76,153,78,65,140,24,93
red,115,77,104,29,53,43,154,155,51,14
blue,47,60,41,51,5,22,13,56,76,70
red,104,154,143,17,119,117,54,144,137,80
blue,0,97,1,51,45,18,87,56,106,82
blue,117,5,144,76,9,97,58,26,17,74
red,103,13,120,76,9,151,60,68,63,79
red,25,60,143,24,139,0,117,54,51,82
red,74,58,1,9,96,110,94,82,76,93
blue,123,5,26,106,30,22,46,155,54,80
red,25,97,121,17,53,88,30,1,24,100
red,22,130,56,133,45,77,60,23,50,96
blue,78,142,1,49,96,20,125,151,51,109
red,97,155,143,24,66,78,38,120,137,130
blue,97,60,143,133,12,22,77,144,17,148
red,110,98,64,49,100,0,13,144,106,80
red,59,38,55,147,153,0,27,6,29,66
red,18,38,56,76,158,42,146,138,129,108
blue,95,141,55,133,119,115,13,140,76,70
blue,22,13,15,17,148,103,79,68,133,100
red,104,40,148,116,15,107,65,43,136,80
red,151,142,89,49,148,22,146,143,136,70
blue,18,87,2,150,148,144,13,124,69,5
red,83,141,116,122,148,0,77,39,106,96
red,152,40,23,17,148,103,91,2,29,158
blue,151,134,1,76,148,90,28,103,147,119
blue,47,142,2,17,148,88,107,73,116,93
blue,64,111,141,51,148,18,92,26,147,80
red,22,142,136,29,148,78,46,140,76,96
blue,31,38,143,133,148,0,102,6,49,119
blue,22,60,121,137,80,101,75,157,93,153
blue,18,60,143,76,15,0,155,120,51,45
red,22,154,56,51,100,72,102,150,17,70
red,47,134,151,54,53,115,154,120,76,45
red,103,38,55,54,148,35,26,83,49,119
blue,101,154,56,133,70,121,38,155,29,119
red,90,60,121,29,9,86,54,129,17,70
red,42,98,140,106,99,101,28,6,150,45
blue,137,38,143,24,80,22,40,19,51,53
blue,115,58,15,17,119,78,40,151,76,45
blue,112,154,1,106,66,134,113,150,137,153
blue,0,155,125,137,119,22,40,122,49,139
red,48,134,155,76,82,88,23,59,137,66
blue,47,154,124,17,118,137,40,148,129,153
blue,115,60,55,133,70,0,40,7,76,153
red,103,23,121,76,96,57,60,155,133,82
blue,35,102,71,116,5,0,145,56,49,158
red,41,130,144,129,119,43,82,48,34,35
blue,72,65,2,29,108,121,97,150,85,79
red,31,92,129,49,128,0,142,143,133,160
red,112,40,151,51,93,34,60,2,76,120
red,0,65,89,49,6,43,77,56,133,153
red,31,65,7,50,45,0,67,150,51,70
red,36,154,140,133,153,0,149,143,29,119
blue,134,75,140,29,12,22,44,120,76,9
blue,59,134,155,9,71,57,87,150,133,6
blue,36,67,155,106,128,90,133,53,116,99
blue,22,40,122,24,91,123,58,120,76,53
red,74,141,155,51,93,22,28,43,76,82
red,144,65,26,29,153,22,30,125,49,71
red,77,23,155,51,82,0,26,151,133,153
red,2,102,151,63,153,158,107,35,17,74
red,137,107,155,50,153,90,58,7,29,119
red,0,5,121,29,153,74,94,6,129,128
red,78,60,144,51,153,47,154,143,29,12
blue,22,75,2,133,153,110,23,132,51,66
red,22,46,139,116,153,0,23,150,69,80
blue,145,27,7,106,153,103,154,2,147,45
red,134,65,1,76,80,131,26,138,147,79
blue,35,98,140,49,45,110,130,159,76,119
blue,0,60,140,137,81,90,46,56,156,153
blue,88,97,10,52,153,72,27,143,76,119
blue,43,38,109,29,119,0,61,144,123,108
red,31,97,0,24,153,112,130,143,137,66
blue,0,154,2,52,65,115,145,143,116,153
red,35,107,143,51,153,0,61,83,49,128
red,34,13,144,116,100,131,78,158,29,111
blue,74,94,140,63,70,110,145,121,50,153
red,86,65,132,133,153,0,134,33,63,12
blue,31,26,121,76,153,115,40,0,106,4
blue,22,75,1,129,93,112,40,68,17,153
red,22,40,140,17,100,45,113,153,147,108
blue,0,40,26,29,153,112,13,143,17,126
blue,135,58,73,24,15,31,97,56,51,153
red,135,40,73,76,30,22,97,56,29,153
blue,101,65,121,51,119,151,30,132,137,45
red,39,58,155,54,153,37,77,150,51,12
red,144,38,155,49,82,22,54,138,137,153
red,47,124,83,51,139,18,40,68,106,82
blue,43,87,23,116,80,115,98,91,17,71
red,77,23,35,106,5,2,84,155,76,80
blue,78,23,94,29,45,110,102,143,49,100
blue,69,141,121,106,80,110,38,89,76,158
blue,22,146,140,129,119,110,130,151,24,160
blue,150,28,143,76,12,0,58,138,49,119
red,112,142,143,17,153,72,102,56,76,53
blue,115,38,56,49,119,112,65,144,76,53
red,115,40,138,49,82,110,130,6,17,12
blue,31,46,6,137,96,0,13,26,76,128
blue,35,13,94,76,30,103,142,6,49,148
blue,18,65,143,17,45,31,58,6,29,30
red,150,13,59,133,80,62,27,155,116,108
red,91,75,21,106,82,31,27,15,29,153
blue,47,60,148,8,79,110,84,143,24,16
blue,35,94,55,52,128,101,40,20,49,66
blue,101,60,2,76,74,142,88,89,51,153
red,78,38,150,51,139,34,23,73,24,119
red,123,58,121,76,100,22,61,23,50,153
red,131,94,157,51,91,18,145,155,76,96
red,31,102,7,106,119,142,134,155,138,100
red,107,133,56,138,153,47,87,136,51,14
blue,31,149,2,76,160,0,60,26,106,100
blue,0,30,44,51,100,152,13,1,106,82
red,72,125,1,76,100,57,155,140,50,79
blue,31,98,115,9,148,90,111,155,106,82
blue,31,58,140,29,153,115,40,56,116,16
blue,90,111,68,17,93,33,58,121,76,108
blue,95,40,151,17,79,112,111,155,109,9
red,131,107,159,137,70,72,23,150,116,93
red,22,74,89,76,158,31,133,132,24,153
blue,20,75,55,147,118,35,97,142,49,119
blue,37,23,150,69,93,47,141,33,137,80
red,135,133,140,106,82,42,141,138,29,148
red,57,77,53,49,14,101,141,73,133,139
blue,91,130,1,49,4,151,26,121,29,9
blue,101,26,150,85,15,134,46,62,69,80
blue,112,54,94,29,70,103,130,121,76,118
red,0,38,144,29,79,31,97,143,17,93
blue,22,60,150,51,45,34,39,125,76,15
red,0,60,159,17,71,47,154,124,51,9
blue,146,84,155,51,80,145,130,120,17,108
red,103,5,109,29,76,22,28,151,17,16
red,123,58,140,50,45,115,38,73,9,108
blue,72,134,124,29,111,18,142,144,76,109
blue,120,154,155,9,119,57,46,20,133,70
red,154,60,144,76,53,18,146,90,17,79
red,112,75,121,63,70,123,23,151,150,45
blue,85,23,33,76,119,43,75,121,49,53
blue,102,134,42,129,126,0,125,55,29,119
blue,112,75,144,9,119,136,94,19,116,148
red,43,130,129,109,119,134,26,136,24,93
red,22,74,64,29,119,152,130,19,17,93
blue,78,102,71,51,100,135,145,157,17,53
red,47,75,89,63,71,144,107,57,151,128
blue,77,65,19,29,128,43,102,20,17,79
blue,151,111,132,106,126,88,13,71,76,93
blue,31,54,150,17,16,101,13,57,29,93
red,150,30,132,76,45,104,65,2,8,93
red,48,40,143,147,93,36,75,89,137,153
red,31,145,68,147,128,134,38,124,51,100
red,112,102,144,50,45,22,38,19,51,118
blue,18,141,105,17,79,110,40,56,133,158
blue,18,27,109,76,108,103,124,143,17,45
blue,35,145,150,109,15,31,134,19,24,119
red,42,154,2,49,71,115,98,136,51,108
blue,88,58,140,133,70,0,145,56,17,71
red,22,58,41,109,148,134,23,157,150,128
blue,135,60,143,17,119,91,142,148,76,45
red,3,141,132,54,93,47,23,94,116,108
red,34,130,143,9,70,151,97,2,49,120
red,72,74,140,147,118,34,58,138,24,108
red,34,46,148,51,45,41,134,155,17,82
blue,90,38,64,133,76,74,77,122,29,70
red,77,27,150,156,45,115,133,55,24,93
blue,57,97,19,85,70,131,60,71,106,82
red,144,60,32,106,33,112,75,122,51,15
red,90,130,143,50,128,74,75,140,51,14
red,0,27,15,76,5,135,98,136,51,109
red,101,13,19,17,71,92,146,121,76,158
red,101,67,11,133,93,115,40,143,69,80
red,38,87,138,106,108,88,111,150,29,80
red,88,27,55,116,108,112,40,132,51,153
red,0,58,122,24,9,92,54,71,147,45
blue,43,61,71,106,109,22,154,21,9,160
red,0,65,94,147,120,107,61,143,29,153
blue,115,86,138,106,93,34,40,120,147,128
blue,78,23,150,49,153,134,97,68,147,80
red,34,125,57,9,107,78,142,148,63,70
red,38,154,121,106,4,78,60,35,29,97
blue,0,84,150,147,139,101,145,56,17,109
blue,72,145,151,106,108,47,130,143,24,109
blue,95,23,48,29,45,22,111,125,51,74
red,152,75,155,147,74,67,145,138,17,93
blue,123,149,89,69,16,37,40,1,29,80
red,135,102,140,147,53,3,13,143,76,9
blue,22,142,26,147,5,0,46,143,54,108
red,151,46,68,129,128,97,134,136,17,45
blue,78,40,132,129,120,135,134,55,147,80
red,131,26,155,76,5,72,65,150,29,108
blue,0,26,94,49,108,150,23,129,147,71
red,18,141,155,76,71,151,58,55,29,53
red,115,102,32,147,158,103,60,140,106,128
red,62,61,121,49,9,113,65,143,133,153
blue,31,154,155,76,100,101,87,121,17,79
red,115,40,1,29,153,34,142,144,137,119
red,0,13,6,51,82,22,28,34,29,9
red,37,142,136,106,124,151,30,1,51,100
red,33,60,69,24,99,18,65,121,133,70
blue,47,38,71,137,108,3,113,64,49,93
red,42,75,6,49,80,103,61,2,9,74
blue,151,65,121,85,128,101,60,6,29,158
blue,31,58,6,76,33,22,97,55,51,80
red,150,23,6,76,128,107,94,121,17,158
blue,0,75,121,9,119,78,58,6,51,158
blue,110,23,121,51,128,135,130,6,137,45
blue,35,5,56,29,158,34,61,6,24,119
blue,43,97,122,51,14,110,141,155,54,158
blue,110,107,54,76,153,22,87,6,52,82
red,115,28,155,51,53,47,75,6,17,27
red,78,145,6,49,108,31,154,140,50,119
red,31,46,104,116,53,0,111,121,9,119
blue,90,142,122,50,119,103,13,55,137,14
blue,22,28,81,54,108,112,87,150,51,14
blue,22,141,143,51,108,78,130,56,133,119
blue,144,75,91,49,14,81,65,78,29,108
blue,110,61,91,50,4,78,65,6,51,119
blue,35,67,143,9,93,78,61,6,69,82
red,77,125,29,51,41,137,155,151,24,71
blue,22,130,144,116,79,114,111,55,29,128
red,134,142,53,29,93,67,149,155,147,82
blue,81,38,133,121,108,77,40,106,51,82
blue,135,23,140,49,158,18,30,151,76,45
red,34,146,144,133,82,47,142,6,106,100
blue,3,65,144,29,6,36,102,73,17,148
blue,83,134,43,76,15,78,26,62,137,70
red,92,26,122,76,108,67,134,132,116,82
red,0,84,144,17,128,47,26,143,29,93
blue,112,87,71,9,5,90,60,7,50,119
blue,90,141,158,17,53,115,60,55,24,79
blue,144,61,7,17,82,22,98,73,29,96
blue,34,134,143,133,108,57,46,7,17,82
blue,35,111,7,17,148,114,30,150,133,70
blue,115,111,55,129,7,0,60,120,76,153
red,123,60,7,136,70,74,65,68,106,66
red,90,5,7,76,9,36,149,157,52,160
red,22,40,7,63,82,105,98,151,29,100
blue,151,154,23,76,70,18,107,144,51,128
red,37,77,7,123,108,103,75,109,50,70
red,67,86,143,106,93,78,60,144,51,120
red,78,97,56,50,79,91,28,151,17,9
blue,78,28,10,137,73,72,38,150,51,14
red,78,40,71,76,79,39,58,7,49,5
blue,90,75,55,106,5,117,102,68,116,158
red,90,58,55,24,16,47,134,89,116,74
red,103,141,144,41,66,35,77,55,69,16
red,112,102,55,51,93,134,30,41,29,12
blue,0,75,7,116,148,74,65,140,106,93
blue,36,154,121,24,99,134,40,55,69,16
blue,20,142,83,24,82,77,28,148,9,45
blue,115,65,68,49,128,2,13,55,17,82
blue,47,23,7,69,45,2,40,129,17,66
blue,74,133,57,51,126,88,107,158,147,14
red,36,134,7,137,70,145,141,144,51,160
blue,0,13,11,24,70,18,60,19,101,80
blue,22,58,140,51,66,0,26,32,17,45
blue,158,13,136,133,82,155,26,72,76,153
blue,74,60,21,51,79,85,87,64,106,82
red,112,40,104,106,82,145,111,121,76,9
red,47,23,150,24,128,151,88,143,17,119
blue,22,154,104,106,82,37,142,155,133,77
red,120,134,155,17,79,135,102,33,24,96
red,135,87,64,106,82,137,84,11,150,45
red,110,92,144,49,14,90,98,121,29,79
red,77,134,55,49,14,112,23,56,29,82
blue,20,58,44,49,74,154,40,150,106,14
red,113,58,55,76,14,35,23,26,116,99
blue,110,134,55,29,14,127,142,9,116,148
red,146,65,56,9,14,18,58,138,76,5
blue,112,65,150,49,14,0,98,144,76,80
blue,31,142,129,120,153,130,30,151,136,14
blue,103,26,125,29,128,22,37,150,136,14
red,131,77,6,49,14,22,60,26,17,158
red,123,46,121,76,108,131,23,56,51,53
blue,18,77,73,49,108,120,107,155,76,128
red,22,75,155,76,128,112,124,140,52,45
red,18,23,150,76,128,42,134,64,29,119
red,22,5,144,76,100,110,65,21,147,128
blue,74,26,15,24,93,90,61,104,76,128
blue,31,134,121,49,128,102,23,155,76,82
red,22,60,51,76,100,134,77,125,52,128
red,68,40,78,24,128,37,38,43,133,74
blue,35,102,121,69,158,78,113,1,106,100
red,90,130,55,137,74,43,46,138,136,153
blue,144,65,35,76,128,110,146,155,9,109
red,95,142,124,76,128,110,26,143,51,45
blue,151,130,138,51,45,36,28,89,106,96
blue,135,60,124,49,119,74,58,55,50,128
red,101,141,19,9,96,97,154,1,76,128
red,90,58,143,9,128,127,113,3,52,66
red,115,58,143,49,128,0,91,2,29,158
blue,57,23,150,76,82,151,154,148,54,128
red,134,27,150,50,53,57,75,140,129,128
red,103,67,55,129,128,115,54,143,17,4
red,74,13,2,17,128,53,111,120,29,12
red,131,30,95,9,128,110,23,125,17,79
red,144,46,136,17,128,47,44,143,24,5
red,20,26,155,76,128,0,111,121,49,53
blue,151,107,81,129,128,135,98,138,76,153
red,90,130,143,50,70,22,28,150,29,108
red,110,75,109,51,4,31,23,89,29,128
blue,74,75,140,29,153,110,124,94,133,82
blue,103,75,89,52,126,131,65,151,109,45
blue,13,84,151,49,153,34,75,138,50,70
blue,88,102,53,129,14,101,28,1,106,99
red,43,13,136,129,158,59,154,144,49,76
blue,110,142,143,49,153,18,28,2,17,79
blue,36,46,143,50,66,115,75,1,51,119
blue,22,146,43,76,12,47,13,143,145,108
blue,57,86,122,76,79,152,75,26,29,109
red,43,102,121,51,45,47,13,136,76,93
blue,90,102,155,76,158,0,13,32,133,70
blue,110,58,7,120,153,0,13,148,17,121
red,150,13,32,17,79,43,46,139,129,108
red,22,28,101,116,45,31,13,143,51,80
blue,90,98,144,24,80,35,28,21,51,45
red,18,98,121,76,66,90,13,20,17,109
red,78,23,151,51,70,74,13,121,17,45
red,0,142,26,9,153,103,28,155,52,100
red,151,28,155,51,109,152,130,143,76,100
red,152,130,139,106,128,20,13,148,76,70
blue,151,23,55,156,119,6,5,18,52,66
red,31,60,148,17,126,90,130,124,24,9
blue,90,13,121,136,53,88,38,124,137,93
red,43,124,103,49,79,81,27,89,17,45
blue,34,28,151,137,70,78,98,124,133,153
red,137,125,143,17,82,18,60,124,24,45
red,131,46,124,76,119,36,58,19,106,14
red,150,130,124,49,119,22,60,143,76,93
blue,137,110,124,17,12,22,130,143,136,158
blue,91,46,124,17,66,18,30,151,49,9
blue,90,38,143,106,66,135,145,124,76,153
blue,138,30,124,106,15,25,23,125,17,71
blue,22,98,144,129,45,127,61,124,17,123
blue,115,75,89,136,12,97,84,26,49,119
red,101,154,124,17,71,144,130,64,76,45
red,22,58,124,17,70,39,130,57,76,158
blue,57,65,32,76,53,97,98,124,51,119
red,43,58,144,137,128,90,13,124,63,14
blue,135,5,26,49,119,110,154,124,137,53
red,0,97,124,137,153,43,134,55,106,45
red,152,145,140,17,109,90,98,124,51,79
blue,74,97,122,106,66,150,78,72,24,128
blue,83,38,64,133,80,35,92,32,50,66
blue,115,13,93,54,80,112,40,140,147,96
red,20,46,55,76,66,90,111,143,137,160
red,131,44,121,17,158,25,58,124,147,119
red,34,58,124,106,93,35,134,73,76,45
blue,35,58,139,17,91,77,61,124,76,45
red,124,27,151,51,128,135,13,143,109,45
blue,113,142,15,51,9,43,91,124,17,80
red,110,23,124,50,80,35,40,1,9,70
red,43,23,138,24,91,34,87,124,116,109
red,59,38,43,69,45,135,30,124,106,93
red,43,97,143,106,66,35,88,23,132,158
red,134,142,124,116,93,31,145,121,133,153
blue,88,65,37,9,109,34,124,148,116,66
red,101,98,124,9,158,121,60,143,137,74
red,31,28,94,24,66,112,40,63,49,82
red,22,27,56,116,66,18,46,143,76,128
red,34,113,121,51,70,145,107,124,29,79
red,145,65,155,49,148,0,98,55,129,66
blue,90,102,1,133,12,18,30,138,137,119
red,88,30,157,129,96,101,5,64,106,158
red,31,125,120,41,108,0,58,34,52,109
red,3,134,143,17,118,107,58,64,76,128
red,0,60,68,137,74,103,142,154,76,153
blue,34,61,1,76,71,115,13,55,106,14
red,134,40,7,17,79,2,92,150,116,99
blue,47,61,1,85,45,112,13,37,24,53
blue,95,60,150,106,100,131,141,23,76,93
blue,2,77,53,156,9,131,60,73,138,148
red,101,28,1,116,12,151,30,143,49,9
blue,62,91,56,50,109,37,142,51,24,119
red,115,134,71,51,119,151,60,144,29,53
red,81,30,34,76,160,9,65,6,63,53
blue,121,60,6,85,70,78,113,155,29,153
red,3,86,55,76,45,36,60,139,24,14
red,47,97,121,24,100,72,46,109,150,153
red,42,60,143,116,153,22,125,159,133,45
red,78,98,155,29,100,101,40,1,133,45
red,31,134,71,137,16,74,141,143,29,153
red,22,13,144,24,118,0,134,34,157,79
red,101,92,1,24,45,134,28,151,52,128
red,90,60,159,133,96,43,40,26,129,93
blue,18,102,121,63,158,44,88,55,51,70
blue,0,40,2,137,139,103,78,158,29,153
red,18,154,48,133,153,0,141,144,129,80
blue,81,107,57,54,80,22,75,140,136,93
red,47,40,71,29,45,37,46,6,51,70
blue,112,155,68,137,12,72,60,159,69,160
red,112,154,120,137,9,47,77,26,133,15
red,67,74,19,76,99,77,141,144,29,82
red,22,91,122,108,12,74,154,143,17,100
blue,134,77,148,51,9,0,13,73,29,133
red,35,46,138,129,119,115,23,131,133,80
red,112,142,6,106,82,135,23,132,49,5
blue,110,30,151,9,16,91,60,43,49,120
red,74,141,139,129,53,47,61,2,17,27
red,22,30,122,49,158,103,88,21,51,119
blue,136,46,121,24,80,57,40,138,29,93
blue,0,154,68,29,4,41,74,94,85,15
red,18,30,68,137,109,31,98,144,133,14
blue,35,94,37,24,45,135,98,68,17,118
red,117,67,68,17,158,57,154,121,150,93
red,57,13,121,133,153,42,40,68,51,128
red,48,5,55,51,53,110,58,143,137,45
red,77,46,143,51,74,72,37,86,29,108
blue,77,60,83,76,9,18,40,136,63,100
blue,154,38,37,75,5,112,142,89,51,119
red,83,142,77,116,119,47,13,155,9,79
red,77,38,155,109,53,22,23,150,76,79
red,47,98,23,9,70,77,65,11,29,153
blue,81,38,138,116,70,77,60,140,156,158
red,37,58,1,17,111,131,107,89,129,14
red,47,74,143,133,79,112,141,11,52,108
red,97,142,111,29,54,77,28,94,137,128
blue,77,130,121,8,82,127,40,55,76,70
blue,130,5,121,69,158,77,38,140,51,80
red,77,38,140,147,70,142,98,155,85,120
red,20,38,136,8,148,62,86,120,9,128
blue,112,30,11,106,66,62,134,121,116,53
red,90,75,2,9,89,35,134,26,76,16
blue,115,130,155,137,80,152,77,64,24,45
red,78,38,11,129,82,43,142,57,29,128
red,115,60,103,50,119,67,40,87,24,158
blue,47,46,136,133,100,78,65,120,137,119
red,67,154,150,49,14,115,141,56,17,119
red,34,134,1,29,128,74,30,144,24,100
red,0,58,144,116,14,91,30,94,71,9
red,0,154,109,17,5,112,23,150,9,70
blue,110,23,1,17,121,78,130,21,51,66
blue,127,40,71,51,45,78,77,32,49,82
red,110,37,56,133,158,112,102,143,76,20
red,35,23,151,29,148,103,46,144,17,133
blue,13,92,63,76,45,0,154,1,136,70
red,107,23,11,29,153,135,38,20,85,79
blue,134,60,158,137,160,151,154,11,49,79
red,57,141,11,29,153,31,142,2,76,82
blue,37,130,150,52,126,134,58,11,51,93
blue,151,40,1,129,158,134,13,11,9,70
blue,22,97,11,106,82,57,5,65,116,128
red,131,134,143,137,108,112,78,29,138,128
red,131,58,55,147,93,90,30,154,76,80
blue,95,60,124,24,160,31,141,121,76,80
red,112,60,55,49,74,19,77,43,29,93
blue,31,154,43,52,45,152,130,155,9,139
red,31,84,151,106,119,36,145,122,133,153
red,101,13,155,76,109,36,58,55,129,128
red,90,142,48,54,12,74,58,124,17,45
red,18,30,157,133,70,144,86,1,49,93
red,103,97,132,106,96,115,60,2,51,12
blue,18,26,64,17,118,145,133,124,76,9
blue,2,145,148,50,96,81,13,55,17,66
blue,90,130,56,63,70,22,102,11,51,53
blue,110,54,56,76,93,155,130,51,52,119
blue,137,28,125,63,93,103,46,68,50,153
red,110,28,104,51,153,25,154,143,49,99
red,90,65,1,51,153,62,74,55,17,139
red,131,28,143,85,153,115,87,73,76,160
blue,22,28,7,106,45,43,154,26,137,153
blue,88,149,32,133,153,43,65,89,137,96
red,18,23,121,51,153,134,13,155,116,45
blue,22,91,140,51,153,112,74,55,147,80
red,57,91,7,116,153,0,141,2,50,80
red,22,65,150,143,79,115,54,131,76,153
blue,10,133,22,137,45,144,60,43,129,74
blue,101,38,109,52,5,144,13,47,17,119
blue,36,154,150,147,12,88,155,2,17,71
blue,3,102,150,137,109,78,60,34,49,96
blue,3,46,53,29,12,34,61,39,116,109
red,0,94,23,24,123,77,98,109,76,70
blue,95,145,132,136,153,59,98,94,106,123
red,35,87,94,29,148,102,46,2,76,82
blue,35,154,150,133,91,115,38,143,29,93
blue,20,46,55,51,7,43,92,89,24,99
red,146,46,26,129,128,72,28,3,17,53
blue,131,23,151,50,80,123,13,140,63,70
blue,95,13,109,69,80,34,84,56,51,53
blue,77,134,109,51,54,35,84,1,17,9
red,152,46,143,9,70,103,23,55,76,93
red,151,46,120,133,153,31,38,116,29,53
blue,33,28,57,76,80,110,13,143,24,128
red,0,155,140,17,79,74,98,2,51,119
blue,20,98,91,156,119,74,75,159,49,148
red,48,60,109,51,71,34,28,107,17,4
blue,18,154,124,116,153,74,145,56,137,99
red,0,97,37,17,128,103,111,71,137,109
red,48,38,0,109,118,137,67,29,129,128
blue,43,134,32,17,12,25,102,26,156,153
red,43,84,140,49,93,23,98,154,17,79
blue,22,102,71,109,108,115,94,55,17,70
red,43,98,89,109,108,114,13,3,116,120
red,18,102,26,116,70,0,87,68,17,53
blue,43,97,2,76,96,110,61,11,109,108
red,34,30,121,29,109,78,58,155,133,93
blue,134,30,1,17,4,18,154,68,133,153
blue,110,142,140,44,93,22,107,6,133,109
red,101,155,55,51,96,112,75,122,106,70
red,88,40,148,51,53,22,58,122,17,12
red,31,87,56,69,160,0,124,10,133,45
red,18,84,120,8,12,77,98,129,17,160
red,22,65,26,76,160,36,46,68,136,9
red,31,54,136,17,45,3,98,1,76,74
blue,47,111,71,24,45,112,40,55,76,93
blue,97,154,150,129,96,34,60,121,29,66
blue,90,28,140,76,158,62,102,1,133,70
red,130,75,55,133,45,20,65,1,51,153
blue,0,23,151,51,160,110,30,140,120,108
red,74,65,138,29,70,91,87,11,106,96
red,0,154,56,106,160,47,142,143,76,45
blue,103,46,89,17,45,47,58,81,137,160
blue,37,142,140,51,158,62,40,125,147,96
red,127,58,55,49,45,19,141,101,17,71
red,31,38,6,17,99,42,40,56,50,126
blue,117,20,53,76,70,18,74,1,69,96
blue,18,40,143,133,53,103,124,10,29,5
red,78,40,89,52,16,123,46,143,9,100
blue,151,134,136,137,153,95,97,101,49,45
red,72,146,143,76,15,121,75,120,129,128
red,18,46,120,50,45,25,98,138,147,93
blue,110,58,143,51,70,90,30,49,129,100
red,112,23,155,17,70,78,58,56,51,5
blue,35,65,122,17,12,78,44,143,24,100
blue,47,44,2,49,99,90,91,56,51,66
red,48,26,144,51,80,112,30,38,76,96
red,154,142,71,76,16,20,102,132,116,153
red,78,107,19,8,66,135,65,56,133,128
red,70,65,23,29,96,22,67,64,106,9
blue,0,26,62,76,120,88,28,7,17,9
red,22,26,144,76,96,43,154,91,49,93
red,90,13,143,76,99,107,130,56,85,53
red,22,23,150,76,5,151,65,56,51,70
blue,107,77,71,137,70,110,142,7,63,53
blue,0,154,7,106,5,43,40,143,17,80
red,0,23,104,24,5,146,142,35,50,70
red,35,28,1,9,158,110,130,2,17,128
blue,145,94,122,106,128,0,38,56,51,96
blue,34,58,121,50,45,81,46,144,106,96
blue,112,102,143,51,158,78,23,71,76,108
red,112,86,89,133,70,74,13,148,49,53
blue,33,38,121,147,96,123,58,34,49,158
red,22,60,121,29,148,0,23,143,133,70
blue,146,40,155,51,9,151,130,143,17,74
red,152,46,56,76,100,114,13,71,106,109
red,31,23,89,24,70,146,111,143,51,14
blue,135,58,121,29,79,62,97,83,17,123
blue,150,142,104,156,45,90,84,143,69,80
red,20,13,144,51,109,112,154,56,137,119
blue,110,58,120,51,53,43,60,139,9,96
red,3,60,144,76,14,43,78,159,24,66
red,3,97,150,51,158,110,111,71,85,96
red,152,141,148,52,128,127,40,151,129,16
blue,47,28,138,29,153,0,141,120,50,70
blue,101,23,56,17,70,146,13,136,116,15
red,72,60,11,29,70,43,77,19,116,119
red,101,28,71,29,128,57,65,19,147,9
blue,31,155,11,109,53,34,84,121,24,70
blue,112,60,1,50,5,25,38,2,136,70
blue,25,107,55,133,70,0,40,121,54,158
red,101,5,71,133,70,18,155,105,120,158
blue,78,27,135,106,82,137,67,155,52,128
blue,34,30,150,49,45,0,142,140,29,109
blue,42,134,43,24,79,1,142,101,50,96
red,35,97,144,24,14,103,142,143,17,66
red,101,65,121,85,118,145,84,103,9,53
red,35,46,2,24,158,62,134,143,49,80
blue,91,44,144,50,45,90,61,132,29,153
red,47,142,19,133,70,2,40,138,29,128
blue,146,67,150,24,100,31,134,2,49,158
blue,101,40,55,85,5,115,102,151,54,45
red,91,38,151,109,53,62,26,138,51,108
red,18,60,144,116,158,90,102,140,9,70
blue,31,60,68,50,109,74,142,148,51,66
blue,151,54,155,63,109,103,5,121,24,154
blue,36,60,155,138,80,101,97,136,76,128
blue,43,134,121,138,118,34,145,120,17,45
blue,103,30,23,116,153,110,130,43,138,45
red,74,60,121,157,45,31,97,151,24,15
blue,78,46,2,138,9,112,97,87,24,158
blue,22,67,155,29,45,90,40,151,49,108
red,69,75,109,29,153,25,38,136,24,45
blue,77,38,29,157,53,47,154,51,76,45
blue,104,98,155,15,80,154,60,55,17,128
blue,112,111,158,137,82,22,61,71,120,128
blue,62,23,2,17,53,47,28,55,29,9
red,22,77,143,109,108,151,27,136,17,153
blue,18,60,136,116,153,22,134,1,106,66
blue,47,145,151,76,15,22,97,19,69,80
blue,31,60,124,63,153,19,65,34,76,70
blue,115,134,6,24,108,31,13,143,38,96
red,90,142,19,9,45,22,98,121,147,120
red,95,58,83,76,119,25,30,7,17,126
blue,110,40,140,133,153,95,30,138,17,82
red,78,102,125,17,118,88,37,150,51,70
blue,74,141,64,24,93,81,65,121,129,126
blue,18,75,121,85,93,154,23,151,24,45
red,31,60,148,24,119,78,98,110,133,9
blue,88,40,138,17,9,3,111,140,133,153
blue,88,98,11,156,74,90,60,37,29,14
red,88,134,136,51,108,114,98,143,129,15
red,0,154,49,137,14,72,58,11,123,108
blue,26,87,73,76,80,0,142,136,9,45
red,115,28,120,49,158,72,88,138,29,148
red,0,46,159,24,80,77,26,64,133,119
red,146,98,20,129,124,104,65,150,51,128
red,20,102,140,51,154,137,67,143,76,45
red,90,38,56,116,70,88,111,55,85,109
red,31,60,124,137,158,144,40,139,76,128
red,115,23,155,49,108,0,65,121,133,153
blue,74,38,151,17,126,90,86,148,51,158
blue,152,30,32,106,14,88,65,71,50,53
red,18,38,140,109,9,62,26,150,24,128
red,0,46,57,147,9,81,154,155,137,70
red,78,60,129,76,79,34,23,89,17,71
blue,90,38,68,133,153,59,141,94,49,53
red,151,54,121,50,128,78,58,104,17,79
red,43,141,121,129,93,22,58,105,9,70
red,72,40,121,29,12,47,46,1,54,9
red,88,97,121,133,158,90,26,7,17,45
red,57,26,121,17,126,107,46,7,116,118
red,20,58,71,69,80,31,38,121,52,5
blue,115,60,120,51,80,18,102,144,76,5
red,31,102,21,148,14,0,154,140,76,45
blue,101,154,55,49,119,127,111,3,106,82
blue,57,124,148,133,70,112,102,143,76,119
blue,34,94,73,51,53,102,23,150,109,9
blue,110,60,3,51,128,0,102,56,76,66
red,35,154,155,17,53,103,102,121,136,93
blue,81,102,121,29,153,114,23,88,133,128
blue,34,154,71,24,45,0,102,122,109,93
red,37,65,142,106,109,78,102,2,17,45
blue,101,102,43,116,109,2,58,110,29,148
blue,43,102,132,51,108,42,5,32,19,148
blue,90,38,143,17,45,115,102,1,24,119
blue,78,145,43,9,128,62,102,56,51,12
blue,0,38,64,52,45,34,65,94,54,153
red,74,77,132,17,53,0,146,121,76,66
blue,112,60,55,137,53,115,84,155,133,126
blue,151,77,144,52,128,22,142,140,63,70
blue,115,154,6,9,153,114,65,139,52,158
red,0,86,122,156,158,35,54,143,50,9
blue,35,38,138,76,79,112,77,136,49,12
red,57,86,120,49,148,112,40,159,51,16
red,137,46,121,116,148,142,23,1,129,70
blue,115,26,94,17,91,18,149,148,116,12
red,121,77,148,17,5,81,86,73,49,119
red,47,77,121,49,9,101,23,151,133,153
blue,81,134,15,8,14,48,77,114,69,80
red,47,86,139,29,45,0,46,89,106,153
blue,47,77,55,51,158,150,38,121,85,119
blue,97,88,144,52,160,47,65,155,49,80
blue,18,77,1,156,108,37,88,157,24,70
blue,48,65,151,24,93,57,142,140,29,12
red,53,75,129,24,82,18,77,143,51,9
blue,115,142,21,29,4,47,77,140,24,70
blue,90,154,6,133,70,22,60,140,17,160
blue,22,67,101,50,153,47,23,55,17,70
blue,110,61,144,51,82,115,60,120,29,9
blue,42,75,140,133,70,78,13,121,49,93
red,151,87,122,106,5,101,60,1,17,45
blue,72,28,7,69,128,151,87,148,17,79
blue,110,94,19,24,119,104,40,139,17,153
red,121,60,56,136,14,144,65,23,57,79
red,88,134,148,76,53,39,58,1,29,108
blue,112,142,157,9,128,90,60,68,24,108
blue,90,54,125,106,99,74,60,51,29,120
red,43,60,55,29,119,22,40,155,54,153
blue,101,60,143,29,82,0,78,1,116,153
blue,34,13,26,133,80,134,60,144,24,128
blue,101,40,140,51,9,39,60,150,133,153
blue,74,133,121,129,9,90,60,71,54,100
blue,152,130,109,133,70,20,46,55,29,153
blue,22,91,132,63,53,107,102,155,51,45
red,22,154,143,137,119,145,77,122,106,74
blue,103,86,1,106,82,0,60,140,9,128
red,43,154,121,49,119,112,102,120,17,148
red,135,23,121,76,93,22,54,155,51,153
red,0,134,1,133,119,146,98,143,116,70
red,72,102,150,157,80,31,98,41,76,45
red,42,155,132,147,96,110,75,6,51,30
red,18,40,33,116,100,47,46,143,50,128
blue,159,154,150,51,45,43,78,143,137,100
red,90,46,157,133,80,31,23,3,24,71
red,20,134,155,49,153,47,91,87,76,118
blue,110,145,3,24,153,47,13,140,69,100
red,62,13,1,8,16,35,142,106,76,9
blue,0,23,140,150,45,77,60,26,41,100
blue,36,65,26,136,93,81,113,34,17,79
blue,43,40,159,106,45,78,91,2,49,128
red,43,44,120,29,82,35,30,144,17,12
blue,25,67,140,76,108,43,142,0,17,79
red,0,113,43,17,74,134,37,155,137,80
red,18,97,104,51,128,39,26,38,106,118
blue,143,60,43,106,45,41,46,56,17,100
red,57,67,21,133,45,88,13,10,29,9
red,43,58,136,9,80,103,46,159,106,118
red,0,58,138,106,119,135,111,121,17,158
blue,121,130,2,106,120,72,60,140,49,15
red,74,141,51,17,79,90,40,55,63,53
red,90,91,120,133,126,39,130,29,137,80
blue,78,60,151,123,108,0,98,56,17,120
red,47,40,155,29,153,73,154,75,137,100
blue,43,142,138,106,96,137,77,140,17,70
red,43,130,70,133,53,22,40,11,63,108
blue,74,65,19,116,99,0,145,43,129,82
blue,18,23,132,76,100,31,130,83,106,45
blue,3,142,56,51,70,34,5,110,116,119
red,43,107,121,76,45,62,13,10,17,119
blue,43,40,144,49,66,22,141,121,51,93
red,43,124,144,106,66,37,38,121,76,99
red,22,40,140,51,99,35,154,143,156,70
blue,31,88,2,106,14,110,65,143,76,16
blue,31,154,109,29,119,101,40,53,51,108
blue,74,154,150,51,93,110,111,55,116,119
red,43,58,133,54,99,36,60,136,17,9
red,18,28,151,106,99,43,75,21,63,70
red,20,94,151,29,83,31,125,68,17,153
red,53,30,144,116,99,130,23,125,17,79
red,0,142,144,116,109,115,141,151,76,83
blue,47,77,139,29,99,146,154,89,50,4
blue,95,28,26,17,16,83,124,132,24,128
red,22,44,71,24,4,31,28,94,51,53
red,53,74,20,29,4,78,142,10,116,119
blue,145,142,51,63,70,114,111,109,133,16
blue,130,46,155,50,128,42,142,43,133,139
red,152,13,121,51,99,0,60,119,136,80
blue,150,46,55,51,128,35,40,89,133,80
red,54,125,89,29,4,115,38,155,106,79
blue,146,38,20,17,79,134,28,68,106,53
blue,90,30,32,29,66,115,77,148,17,79
red,35,154,143,9,83,0,86,11,17,99
blue,0,130,29,54,83,57,87,155,17,158
red,131,146,138,54,83,97,40,140,8,160
red,151,13,143,51,70,134,40,155,50,126
blue,0,154,121,17,45,18,38,11,129,100
red,41,154,94,137,119,90,84,55,24,45
blue,152,58,140,52,66,74,23,143,116,108
blue,0,87,2,29,153,74,102,56,51,91
red,42,134,49,51,153,62,60,21,17,70
blue,115,88,57,51,154,97,40,143,17,119
red,42,44,132,129,91,77,38,2,50,128
blue,137,60,1,17,128,134,40,140,129,80
blue,74,61,120,24,81,22,154,125,17,70
blue,0,13,152,50,153,3,125,59,136,68
red,90,141,55,24,128,101,92,148,133,153
blue,12,58,131,157,53,152,98,155,138,9
blue,18,60,139,133,70,74,125,71,147,93
blue,115,65,127,24,148,18,58,159,76,119
blue,18,61,140,17,128,78,13,56,76,127
blue,18,142,120,116,93,0,155,144,85,153
red,18,130,103,54,109,31,5,138,106,82
red,151,142,122,29,66,18,5,55,76,96
red,72,102,151,136,14,101,5,57,76,93
red,131,26,151,76,5,31,65,160,69,16
blue,43,154,91,156,153,18,98,1,17,109
blue,31,5,71,29,80,41,124,83,129,100
blue,31,98,51,24,5,18,46,136,76,160
blue,74,111,19,49,80,77,61,121,24,14
red,31,37,0,76,93,135,65,159,116,74
red,0,88,53,63,70,102,154,159,76,93
red,47,13,151,17,79,107,46,55,29,70
blue,31,54,121,49,82,72,13,73,17,119
red,115,23,35,76,9,131,113,73,147,45
red,131,102,73,29,119,0,134,2,69,153
blue,2,117,122,17,79,78,60,108,29,45
red,20,111,55,106,82,115,65,144,156,79
red,77,5,121,76,119,90,65,89,49,45
blue,43,97,140,51,45,31,134,120,49,41
blue,43,149,122,24,45,151,46,55,51,80
blue,94,75,71,29,108,3,142,11,133,70
red,130,65,144,24,45,47,141,159,133,53
blue,18,40,143,49,5,110,60,148,17,158
blue,115,46,140,76,158,127,102,91,51,120
red,22,102,10,49,158,37,155,94,52,139
blue,88,30,155,29,99,74,23,120,17,158
red,107,149,144,137,158,72,26,133,116,153
blue,112,61,155,17,139,90,46,144,49,158
blue,104,13,79,76,158,3,141,155,29,153
red,131,67,121,85,158,25,142,55,49,153
red,22,28,7,17,158,57,40,11,50,53
red,62,142,11,17,158,81,38,55,29,9
red,135,13,103,50,158,101,74,114,76,66
red,78,13,94,8,158,131,121,150,116,119
blue,78,38,2,85,153,37,46,151,29,158
red,115,23,121,76,158,92,60,56,17,119
red,0,38,2,76,119,22,26,55,24,158
red,131,74,63,137,158,112,40,73,50,9
blue,110,40,83,136,158,36,13,121,17,120
blue,75,44,56,24,121,152,40,155,49,158
blue,150,134,26,49,82,34,23,15,29,158
blue,88,75,94,76,158,35,145,34,50,160
blue,74,30,94,24,119,22,40,11,29,158
red,35,40,89,49,158,0,67,71,76,12
blue,110,154,150,133,158,0,40,56,29,93
blue,57,60,2,106,96,0,13,6,76,158
blue,102,40,159,51,79,90,75,121,49,158
red,72,13,155,49,158,130,58,68,17,133
red,20,65,121,29,158,57,60,133,51,70
blue,146,130,144,63,128,112,102,56,76,45
blue,78,65,56,49,66,47,67,94,137,100
red,151,65,105,137,80,43,60,144,17,45
red,31,154,53,106,82,36,38,19,69,16
red,57,102,1,137,148,145,154,121,29,53
red,18,27,148,51,108,90,155,143,76,99
blue,18,65,68,137,70,31,142,148,29,74
blue,57,38,122,129,93,123,46,55,17,119
red,101,60,105,29,83,97,141,150,109,108
red,62,60,132,29,9,103,13,121,51,80
red,115,40,120,17,109,142,88,56,147,80
blue,31,142,121,50,53,92,38,68,69,93
red,130,28,131,147,70,97,40,56,49,12
blue,115,40,121,138,9,57,97,120,17,45
blue,115,58,81,137,119,74,97,132,69,108
red,110,97,55,106,5,18,46,151,78,70
red,88,97,120,17,81,137,154,56,116,93
blue,110,40,148,106,66,34,97,143,50,70
blue,74,97,2,51,158,81,134,104,76,148
red,115,97,2,76,120,72,107,21,24,5
red,107,97,68,24,119,37,142,150,17,79
red,39,97,55,17,80,115,134,157,24,158
blue,39,13,150,51,80,37,97,120,133,119
red,47,97,139,29,128,115,154,68,51,79
red,103,23,150,106,120,37,78,144,50,70
blue,31,54,1,137,118,101,97,32,76,45
blue,0,97,89,133,93,18,5,19,137,70
blue,152,88,121,51,82,101,97,124,49,93
blue,117,97,120,51,158,91,130,41,150,119
blue,57,77,74,133,70,103,97,157,69,158
blue,97,141,151,138,158,47,130,143,116,45
blue,18,97,122,63,70,74,149,136,51,123
blue,39,154,56,133,70,35,97,55,17,45
red,77,97,68,9,45,114,141,159,29,74
blue,145,107,136,17,160,35,97,132,9,148
blue,3,40,140,9,158,97,141,104,69,80
blue,115,65,104,76,80,53,97,143,116,158
red,3,134,89,147,93,90,141,151,76,139
red,112,154,19,49,93,78,44,159,51,96
blue,101,65,68,136,70,150,149,1,17,158
red,110,40,144,51,109,101,58,79,137,99
blue,0,46,29,133,9,22,38,144,129,158
blue,39,61,2,17,71,88,23,103,49,153
red,74,38,132,49,119,115,107,1,69,93
red,112,88,55,137,119,115,97,19,76,93
red,112,130,55,147,109,81,23,121,106,45
red,35,74,155,24,93,115,102,143,147,9
blue,115,61,64,50,108,57,75,2,49,158
blue,22,44,138,76,45,57,27,143,129,108
blue,74,154,2,17,108,57,5,35,133,153
blue,20,130,150,51,14,31,87,7,85,118
red,31,86,122,106,82,36,40,143,29,9
blue,34,46,97,106,96,144,154,91,49,119
blue,42,23,150,51,128,78,102,155,29,153
blue,0,84,6,9,109,103,26,151,52,70
red,22,86,121,116,109,104,142,55,29,153
blue,151,38,140,116,5,104,60,1,51,153
blue,88,142,91,136,158,35,146,151,49,45
red,152,26,37,129,93,57,28,151,50,66
red,115,154,121,17,15,81,38,2,76,5
blue,37,61,24,17,93,110,28,97,106,128
red,105,130,121,137,118,74,26,151,116,153
blue,0,67,34,133,158,101,98,121,63,108
red,54,145,122,76,158,43,75,57,51,148
red,0,23,69,49,158,18,13,81,140,148
blue,112,38,121,51,128,43,27,109,116,9
blue,144,26,150,51,93,136,5,43,116,9
blue,57,77,157,24,93,103,65,144,29,14
blue,78,27,150,116,70,90,113,138,51,93
blue,103,40,43,17,159,31,145,1,50,93
red,57,102,70,29,153,41,65,138,17,9
blue,41,65,34,17,79,150,61,144,76,118
blue,110,60,57,49,71,0,142,140,29,118
red,22,65,121,116,126,88,46,34,76,139
red,107,38,26,9,70,88,102,140,50,119
blue,57,134,151,17,16,43,142,132,156,70
blue,154,102,26,106,82,0,84,140,85,45
red,114,77,132,85,153,43,154,68,17,100
red,43,13,148,85,74,0,28,121,106,16
red,57,134,101,76,93,112,60,55,49,5
red,57,84,94,76,14,12,61,41,129,5
blue,37,38,71,89,110,72,23,121,17,14
blue,37,38,155,76,126,127,154,43,29,53
red,37,40,155,51,70,119,145,87,76,97
red,110,46,143,17,12,101,134,150,129,119
red,22,61,140,49,12,137,134,26,69,80
red,127,28,151,29,72,35,117,140,129,70
red,91,102,148,51,82,34,88,124,69,80
red,18,149,144,133,82,137,46,56,50,70
blue,72,40,94,109,80,115,13,160,133,53
blue,22,54,138,129,74,18,134,151,49,79
blue,72,40,157,133,80,0,26,62,136,53
red,115,46,152,139,82,47,58,71,110,108
blue,0,154,136,106,100,103,28,78,50,70
blue,62,75,151,29,148,91,58,139,54,9
blue,43,97,56,29,53,0,58,2,137,45
red,151,97,19,9,45,37,39,121,136,100
red,43,60,73,17,9,31,97,1,24,80
red,31,26,143,51,82,135,28,155,76,81
red,57,37,129,17,100,101,111,55,9,126
red,72,142,37,147,53,18,130,89,133,108
blue,135,97,56,17,91,90,38,155,9,54
red,115,107,129,138,160,90,134,152,85,12
blue,150,77,105,29,93,34,58,37,129,74
blue,22,26,94,50,45,0,54,140,106,66
blue,145,141,79,17,96,31,97,1,116,45
red,18,54,26,76,153,103,61,68,109,5
blue,88,61,57,116,91,72,38,71,137,70
red,18,84,43,29,53,88,60,159,76,45
blue,144,58,89,17,66,112,60,1,133,93
blue,0,40,55,24,12,23,107,94,76,96
red,144,77,136,29,148,36,111,53,50,45
blue,0,75,56,51,16,57,154,155,76,128
blue,144,28,32,76,128,42,113,34,69,108
blue,20,107,150,133,153,53,13,144,76,70
blue,62,65,56,51,66,90,40,73,76,108
red,103,5,15,24,70,22,65,1,51,14
red,31,26,51,133,80,34,142,71,76,15
blue,35,74,6,49,45,34,146,26,29,108
red,0,13,89,29,3,22,74,55,76,153
red,112,134,56,24,80,135,75,32,17,119
blue,22,23,94,51,148,0,154,56,29,119
red,25,40,151,29,100,47,23,73,17,108
red,36,58,136,17,119,134,67,48,24,158
red,90,60,53,76,96,146,40,136,54,119
red,103,145,155,24,120,112,98,143,133,70
blue,18,154,35,51,9,101,145,7,49,120
red,78,98,57,17,82,110,154,26,9,119
red,90,67,19,51,128,88,154,56,76,66
red,62,13,151,24,80,123,154,48,116,120
red,110,154,91,29,108,0,145,132,133,70
blue,127,38,121,133,70,115,40,148,49,15
blue,130,127,121,76,93,18,38,6,116,70
red,0,38,11,106,93,22,28,6,51,100
red,107,60,55,51,93,115,28,155,116,70
red,35,75,140,49,158,114,98,136,17,79
blue,0,149,148,137,82,103,23,57,49,93
blue,112,38,157,69,80,146,30,71,51,99
red,104,38,151,137,100,41,154,56,9,126
blue,90,86,140,24,74,35,44,120,50,53
blue,0,65,124,76,5,102,125,148,49,153
blue,115,107,121,29,153,131,40,151,63,70
red,92,13,19,49,148,112,102,122,138,108
blue,77,60,148,137,112,18,40,34,51,80
red,130,154,125,76,158,35,61,1,51,66
red,0,145,159,17,124,146,142,55,76,128
red,101,142,124,76,66,135,141,2,133,82
red,62,154,143,133,153,18,74,120,29,109
red,112,134,26,50,70,74,65,143,49,53
red,110,134,143,9,109,0,23,11,133,70
red,74,134,2,133,5,0,91,121,51,15
red,107,46,155,17,16,112,37,159,24,80
blue,150,134,56,76,74,131,154,144,51,128
red,31,117,43,106,14,110,26,7,116,100
blue,39,98,1,133,100,74,134,54,51,119
blue,77,26,55,129,70,154,13,71,54,119
red,103,65,19,51,93,90,46,11,106,79
blue,78,58,94,51,71,22,65,55,76,9
red,0,65,124,106,83,22,60,139,51,70
red,152,65,121,109,108,22,94,1,137,16
red,135,58,73,116,66,37,77,155,17,93
blue,22,65,132,76,79,43,98,89,24,45
blue,0,65,64,76,70,18,61,56,49,53
red,112,46,144,50,118,115,26,104,49,82
red,110,145,139,24,121,95,88,143,49,93
blue,81,74,34,76,120,88,44,151,109,118
red,78,98,121,38,158,62,26,32,76,118
red,18,114,2,51,118,127,84,159,49,99
red,0,40,56,29,12,104,154,64,76,118
blue,74,40,157,137,70,114,107,151,29,153
blue,36,77,143,29,53,43,98,159,50,45
red,135,61,68,133,93,112,38,73,51,66
blue,74,40,138,9,70,110,107,158,137,4
blue,107,111,56,137,45,131,67,73,133,108
blue,2,13,104,29,12,31,40,73,49,108
blue,74,5,150,133,70,22,40,159,54,9
blue,90,154,55,49,128,18,40,122,137,93
blue,110,5,121,120,96,134,38,140,147,70
blue,112,40,19,129,9,121,141,151,76,71
blue,67,40,33,76,9,90,60,121,49,53
blue,57,38,56,116,82,36,77,55,76,71
red,95,40,11,24,79,115,60,55,106,93
red,110,94,148,24,45,48,28,151,54,80
red,57,130,155,106,100,110,77,56,51,82
red,2,58,150,24,45,35,40,144,116,9
blue,22,146,159,17,119,88,28,1,24,45
red,81,28,138,51,128,0,130,122,106,108
blue,1,40,3,49,80,37,60,68,156,70
red,88,87,94,9,53,34,77,35,129,158
blue,74,40,35,49,132,62,44,94,116,158
blue,120,145,124,116,70,68,40,35,76,108
blue,57,58,121,29,45,35,40,159,24,9
blue,115,13,148,137,153,103,77,35,76,5
red,144,77,7,51,80,97,98,143,52,158
red,115,87,1,129,119,103,40,68,133,70
red,0,94,70,116,82,22,40,55,106,93
blue,110,54,34,29,5,43,40,2,49,45
blue,47,77,144,29,153,25,40,11,85,70
red,151,142,143,133,5,9,77,140,29,15
red,103,130,109,137,79,107,154,150,85,16
blue,31,130,151,51,153,90,27,150,29,12
blue,43,38,159,129,70,0,130,56,17,139
blue,81,65,56,116,93,135,40,121,120,79
red,150,38,89,29,153,36,46,122,106,119
blue,110,67,121,116,45,42,142,150,51,14
red,37,154,56,50,45,31,107,121,49,53
blue,0,28,150,54,119,36,86,155,136,45
blue,77,142,101,69,82,31,65,57,24,45
red,0,28,155,51,45,31,40,138,106,82
red,18,58,56,76,14,22,130,150,29,53
red,72,46,148,76,108,115,65,71,116,74
red,83,60,41,129,9,115,65,151,76,148
red,135,40,121,63,128,22,28,94,49,70
red,135,40,151,69,45,91,61,121,76,5
red,57,145,138,106,160,34,40,91,51,93
blue,114,58,2,17,53,110,40,144,76,45
blue,18,13,35,136,109,90,77,56,24,158
blue,0,98,43,109,82,112,40,83,106,158
blue,47,65,121,49,82,78,13,71,17,79
red,123,40,56,50,153,35,58,120,116,118
red,18,61,144,51,99,35,113,34,76,158
blue,34,13,122,109,9,101,26,56,29,119
red,103,60,32,51,66,43,113,140,49,148
red,47,65,71,69,108,72,40,1,76,93
red,36,141,157,24,53,102,58,138,49,45
red,78,134,91,29,53,34,130,55,17,80
red,43,86,150,9,53,110,30,144,24,80
blue,77,65,19,49,119,146,54,21,51,53
blue,150,27,121,9,70,36,40,109,76,93
red,90,98,140,116,53,43,154,136,51,119
blue,81,38,159,50,53,113,46,138,8,108
blue,47,28,43,51,99,144,13,158,137,53
blue,20,46,143,17,80,74,86,37,133,153
blue,121,23,48,29,53,150,97,140,51,82
red,101,23,150,17,45,35,58,143,54,108
blue,151,23,34,85,109,35,26,155,29,53
blue,78,65,120,137,70,20,60,73,29,158
blue,74,26,143,106,79,0,142,144,51,14
red,62,154,121,76,99,34,75,32,51,70
blue,0,142,53,29,160,42,61,6,17,45
red,0,154,71,123,108,90,84,3,138,14
red,0,46,148,76,74,110,107,138,51,45
red,18,86,26,9,153,0,65,71,52,66
red,72,65,136,51,66,135,75,121,9,16
blue,20,142,121,29,5,34,130,138,116,100
red,74,75,71,24,96,110,40,68,76,93
red,81,77,2,116,70,145,61,138,9,53
red,88,30,55,9,93,145,154,158,17,118
red,115,26,89,137,93,31,97,81,17,15
red,78,97,150,29,153,31,38,6,106,82
blue,97,13,143,106,100,72,61,2,50,70
blue,81,38,121,51,128,0,134,144,29,79
blue,0,45,111,8,153,74,67,151,76,66
blue,39,98,155,106,53,152,38,122,29,70
blue,120,102,132,69,128,37,97,151,49,158
blue,18,88,148,29,109,115,30,1,106,82
red,22,155,32,51,158,0,23,124,150,37
blue,0,23,75,116,80,22,107,140,29,70
red,0,23,150,17,45,101,60,6,116,128
red,135,38,150,17,71,37,154,34,147,96
blue,0,40,121,51,70,112,86,150,109,96
red,107,23,150,52,4,22,87,43,54,80
red,112,13,151,76,120,2,58,148,52,126
red,110,141,2,51,74,62,58,121,85,119
blue,22,58,151,49,80,3,91,2,51,99
blue,81,125,143,50,100,90,94,150,137,82
red,77,67,150,51,93,135,60,91,29,45
blue,43,74,159,147,96,22,23,19,63,15
blue,127,67,150,63,158,115,40,41,51,79
blue,131,13,137,63,70,31,40,1,17,108
blue,114,142,121,29,153,152,98,6,24,90
red,115,98,136,9,45,90,60,120,137,70
red,92,98,56,49,70,115,77,11,51,99
red,67,142,3,29,15,0,65,6,49,120
blue,150,30,56,69,119,110,154,143,17,71
red,43,154,56,76,93,20,40,71,24,12
red,81,113,94,51,80,35,67,148,106,45
red,0,134,143,109,93,22,94,73,17,79
blue,78,46,140,76,108,130,102,20,29,45
blue,78,125,159,129,108,112,54,152,29,9
blue,31,30,21,51,158,43,40,121,76,108
blue,151,40,15,76,54,22,30,122,29,153
red,47,61,53,17,79,62,102,144,106,128
red,43,26,143,29,12,0,58,56,24,41
blue,145,26,150,123,108,0,154,11,24,12
red,41,58,138,76,108,0,87,150,106,5
red,101,28,7,137,153,90,141,89,106,45
blue,2,30,94,17,9,151,111,68,106,99
red,55,58,19,49,79,101,40,43,8,53
blue,37,84,150,51,14,35,40,140,17,159
blue,110,146,148,51,93,0,5,143,106,100
blue,74,27,43,129,93,34,40,33,76,120
red,81,27,2,51,93,152,84,64,29,91
red,137,23,3,129,70,144,40,56,29,108
blue,34,125,159,51,45,35,154,143,76,99
red,151,60,121,49,148,72,5,143,116,45
blue,37,94,155,129,70,114,77,23,49,53
blue,22,28,151,122,128,62,58,109,24,80
blue,90,38,136,137,80,22,40,143,51,148
blue,31,65,157,49,96,59,38,155,69,80
blue,22,134,1,106,124,62,46,122,147,96
blue,103,107,143,24,70,145,130,139,51,93
red,115,65,150,69,109,34,75,73,76,128
blue,0,102,138,137,128,97,30,155,51,45
blue,35,75,140,116,82,0,30,143,9,119
blue,151,58,158,50,53,47,30,54,106,45
red,69,58,114,106,4,152,94,89,50,79
red,36,38,148,116,80,127,60,54,76,53
red,53,142,7,106,82,105,94,155,133,70
red,35,65,140,51,154,47,27,56,17,93
blue,0,26,143,51,153,78,87,55,76,70
red,103,142,143,52,96,115,91,93,50,132
red,22,30,150,9,108,43,86,19,52,148
red,31,30,121,17,128,36,26,155,76,80
blue,151,97,55,138,4,74,46,121,116,153
blue,95,13,68,24,5,151,58,26,133,80
red,57,74,125,51,4,36,91,140,106,123
red,102,154,104,17,109,36,46,139,76,70
blue,81,58,138,85,15,43,111,2,106,80
blue,107,58,143,76,71,81,67,57,17,74
blue,37,134,1,63,70,43,38,144,129,126
blue,107,46,56,17,53,57,40,3,76,148
red,110,23,1,106,9,107,86,11,17,118
red,57,87,79,63,158,88,107,159,49,96
red,110,46,143,106,99,112,30,43,51,108
blue,31,154,121,29,9,72,142,37,17,14
red,57,27,143,106,99,135,111,73,147,9
red,57,125,143,17,53,114,23,150,106,128
red,57,78,155,17,126,103,87,120,76,71
red,92,30,34,9,70,110,154,26,51,128
blue,20,154,129,69,158,135,30,94,116,100
red,112,113,136,51,128,110,60,68,133,27
red,31,37,155,52,128,88,26,73,51,45
blue,25,44,7,29,158,31,142,155,136,70
blue,104,141,148,17,70,43,46,19,24,15
red,47,58,29,63,70,18,134,71,147,44
blue,154,30,129,76,5,0,134,143,9,45
red,48,30,21,106,82,150,38,143,51,80
blue,78,46,43,8,33,131,98,143,51,30
red,90,102,55,50,45,121,74,3,17,53
red,0,60,143,17,80,137,97,2,8,153
red,35,142,2,144,74,22,23,121,52,128
red,42,61,136,76,53,72,130,122,24,5
red,0,77,55,137,70,57,46,94,133,153
blue,130,84,38,138,96,0,23,19,133,70
blue,78,98,7,17,45,134,102,143,76,82
blue,88,98,121,120,12,43,60,139,51,4
blue,35,154,55,51,119,135,13,157,133,70
red,78,38,143,137,45,0,67,1,50,5
blue,39,142,121,24,74,110,23,150,17,70
red,135,60,15,106,6,47,142,1,116,16
blue,3,145,143,137,153,31,142,140,29,41
blue,78,84,151,49,74,35,142,11,50,109
red,31,58,120,109,118,35,23,26,51,158
blue,22,46,143,51,80,74,141,144,156,108
red,62,87,73,76,80,18,13,2,51,70
red,90,40,1,137,80,35,154,121,133,153
red,151,40,33,24,80,18,154,51,17,70
red,47,30,51,109,82,74,77,144,76,80
blue,131,154,55,76,80,36,60,1,17,109
red,42,130,104,76,80,0,30,38,136,119
red,110,38,120,106,80,101,44,19,52,109
blue,0,67,122,9,160,22,38,34,109,80
blue,90,23,55,29,120,31,94,7,49,119
blue,43,134,37,76,160,78,67,34,85,80
red,53,154,10,137,70,57,13,1,17,80
red,150,13,33,51,96,22,75,140,29,148
blue,36,27,156,17,109,0,58,140,9,158
blue,20,30,0,147,53,77,58,71,136,80
red,144,13,121,76,14,101,102,73,133,70
red,42,13,2,120,53,110,60,124,129,100
blue,72,102,3,9,153,43,13,55,69,118
red,37,13,120,17,128,38,40,73,29,93
red,115,67,38,9,70,34,134,136,51,5
red,103,13,55,133,80,0,142,121,17,93
red,145,27,26,133,70,2,40,122,49,153
red,18,84,71,29,53,41,38,132,17,82
red,22,23,150,106,128,74,60,140,51,45
red,103,54,55,29,108,74,60,148,69,80
red,0,23,34,49,160,31,117,121,129,119
blue,57,134,19,156,80,74,46,1,129,82
blue,47,40,1,51,6,72,65,129,157,109
blue,151,60,1,76,108,0,40,140,129,80
red,74,30,155,129,80,18,13,55,51,66
red,110,13,0,17,160,31,60,144,49,45
blue,57,134,15,49,9,0,13,133,106,158
red,90,154,94,49,80,22,97,143,76,66
red,101,74,143,76,53,19,141,150,29,79
blue,36,46,155,76,119,54,97,6,70,133
red,131,141,121,29,71,85,74,57,51,5
blue,121,130,150,136,83,43,46,144,17,79
red,131,5,144,133,100,31,111,120,63,70
blue,88,61,155,76,5,150,75,46,51,70
blue,0,145,104,76,99,134,130,54,69,70
blue,112,26,138,49,158,114,94,159,137,53
red,81,13,11,76,153,78,44,144,17,9
blue,115,61,121,9,118,31,154,6,17,119
blue,22,154,64,24,93,18,65,144,17,12
blue,0,23,155,17,128,107,65,77,51,45
red,112,107,56,51,109,22,30,18,17,53
red,112,58,1,17,111,114,146,121,85,108
blue,112,134,1,106,99,36,38,144,137,93
red,74,134,151,76,53,131,67,10,17,139
blue,115,58,143,17,53,31,38,144,24,45
blue,115,102,109,24,45,81,97,43,17,70
red,78,46,81,76,14,135,145,155,17,160
blue,0,30,1,24,45,2,65,11,17,119
blue,91,65,19,69,80,62,98,15,116,119
blue,22,87,120,133,153,74,26,159,129,4
blue,22,86,73,51,53,72,125,150,133,74
red,135,65,140,29,16,22,75,94,51,53
red,90,60,121,147,74,35,141,21,49,93
red,74,145,71,129,93,110,155,154,49,148
red,74,40,138,29,15,112,130,143,133,70
red,74,107,55,76,70,110,30,143,69,153
red,123,46,68,69,74,90,130,137,29,16
red,127,75,56,17,70,37,58,104,24,74
blue,57,130,150,147,45,90,142,32,76,74
blue,57,94,35,137,96,74,13,139,51,66
blue,91,46,121,49,5,74,142,1,17,79
blue,110,142,158,129,118,151,130,144,76,74
red,18,111,104,76,74,22,75,23,52,100
red,47,91,57,76,74,0,125,55,51,153
red,35,67,151,133,80,22,60,144,137,45
blue,121,26,159,136,5,0,77,94,76,74
blue,110,58,55,76,74,107,86,91,137,82
red,0,107,64,76,74,31,61,94,138,158
blue,31,117,159,52,153,35,75,121,133,80
blue,39,154,124,17,93,43,75,138,49,108
blue,0,98,140,50,158,57,77,81,106,15
blue,34,111,122,71,108,0,5,7,51,158
blue,37,102,136,116,153,137,40,6,24,128
blue,110,75,157,24,45,22,141,143,49,126
blue,107,23,83,9,108,22,142,143,137,80
blue,95,134,87,51,66,43,130,56,147,96
blue,112,142,71,76,74,22,87,121,17,99
red,0,87,11,129,70,42,107,1,17,45
blue,0,98,2,17,15,62,87,37,51,4
blue,95,40,19,29,9,34,87,11,17,79
red,101,87,143,9,148,88,27,23,50,108
blue,0,58,19,29,93,25,60,140,51,66
red,47,102,55,51,96,78,46,121,24,80
red,145,142,55,51,128,120,94,132,76,66
red,123,145,64,51,74,137,97,121,29,108
blue,0,46,121,24,128,18,111,143,51,99
blue,59,40,150,50,96,130,58,144,51,99
blue,110,87,143,29,153,91,142,55,8,53
blue,0,102,138,116,100,110,40,154,29,148
red,48,117,6,17,153,134,98,148,137,100
red,0,74,121,24,119,115,134,122,157,80
red,19,87,129,133,118,0,98,1,137,70
red,22,134,140,147,109,72,98,139,133,66
red,36,130,143,29,128,35,60,140,17,79
blue,91,46,57,24,15,110,60,71,9,82
red,42,54,140,76,66,74,60,148,51,158
blue,22,141,138,76,100,104,60,157,106,82
blue,31,98,55,51,70,0,60,2,17,45
red,154,27,155,24,119,31,54,150,136,124
red,142,60,140,17,70,152,28,43,133,158
blue,101,84,56,133,80,137,154,55,24,5
red,47,58,71,51,109,90,60,138,133,153
blue,131,23,91,52,128,114,60,19,51,108
blue,22,28,155,116,16,75,154,3,54,80
blue,110,26,144,106,100,121,23,114,24,119
blue,97,38,93,76,100,131,60,6,51,45
blue,57,58,73,106,82,0,46,55,76,90
red,31,60,64,29,9,57,111,18,24,70
blue,90,60,144,137,158,31,134,71,63,148
blue,31,60,143,76,45,0,58,26,133,70
red,113,60,82,116,123,43,115,1,29,126
red,34,134,43,49,71,123,60,121,51,79
red,78,60,155,51,119,20,40,29,8,45
red,39,60,150,133,80,110,117,23,106,139
blue,72,111,151,51,158,121,60,23,29,16
red,112,23,151,50,96,101,61,15,29,45
red,31,60,132,24,93,74,98,32,51,82
blue,42,60,59,129,9,0,30,136,69,45
blue,18,141,56,51,93,41,98,101,54,53
blue,18,13,73,29,16,77,98,122,50,128
red,112,5,129,50,126,42,61,91,29,108
red,72,74,136,147,98,152,107,124,29,108
red,74,75,140,17,128,137,23,122,29,153
blue,22,133,143,51,15,44,97,144,76,119
blue,131,97,11,8,160,31,23,71,49,153
red,31,142,56,95,70,103,65,151,51,128
blue,88,97,49,76,128,78,75,2,95,71
blue,135,87,26,95,126,22,5,138,49,119
blue,131,94,140,76,5,101,102,143,95,45
red,34,134,11,49,128,35,133,89,9,119
red,0,145,15,17,148,34,134,93,29,74
red,35,54,151,116,108,62,107,143,9,17
blue,112,142,132,106,93,115,23,1,51,9
blue,18,107,136,51,119,43,58,33,9,158
red,81,133,144,17,70,0,30,143,51,45
red,78,107,155,76,160,74,23,138,2,9
blue,131,134,144,129,93,101,61,94,106,99
blue,117,91,11,156,158,22,13,136,49,93
red,126,141,26,51,70,137,58,89,52,9
blue,47,40,124,109,108,115,145,71,69,70
red,74,145,94,116,118,151,98,90,17,53
red,74,145,143,116,96,47,154,144,9,16
blue,90,142,68,147,93,74,58,139,50,45
blue,22,134,55,133,153,146,30,156,49,108
blue,47,146,11,147,108,0,97,124,51,45
blue,62,87,136,109,118,102,146,140,76,66
blue,110,58,159,49,45,90,146,21,17,12
blue,131,124,109,116,46,31,146,2,133,128
blue,91,40,53,133,153,47,146,121,49,100
red,101,146,64,63,119,103,87,155,24,160
red,90,146,155,52,99,151,26,150,63,70
blue,146,46,34,138,153,0,84,35,24,126
blue,115,134,124,17,158,151,146,2,24,100
red,110,92,89,116,45,131,23,121,133,70
red,31,40,144,76,153,110,58,155,15,108
blue,19,58,150,76,93,134,13,121,29,148
red,83,58,155,17,160,151,102,68,147,45
blue,57,75,71,137,70,0,13,1,150,128
red,43,58,55,76,14,101,40,151,116,70
blue,74,40,7,49,80,114,77,71,9,119
blue,3,60,56,106,128,18,111,55,29,33
red,22,141,55,9,70,114,46,43,106,126
blue,0,134,138,137,79,120,46,55,133,70
red,101,133,55,76,93,103,28,71,17,128
blue,110,102,140,29,109,115,58,55,76,91
blue,90,58,89,49,9,130,102,68,133,126
blue,81,130,55,51,82,0,102,56,8,158
blue,103,28,55,106,158,36,30,18,133,53
blue,103,13,55,137,119,88,40,143,17,70
blue,91,23,121,24,45,35,5,106,109,80
blue,152,27,53,51,70,123,145,55,9,139
red,88,97,89,76,128,78,102,138,150,45
blue,114,149,64,9,160,103,142,55,76,119
blue,34,58,3,129,108,81,97,143,137,153
blue,121,38,42,49,71,34,46,55,50,80
blue,103,84,55,50,80,57,142,151,38,108
red,112,27,56,150,70,22,13,55,133,153
blue,143,40,43,71,79,117,102,94,144,14
blue,74,102,121,116,153,78,65,19,9,53
red,18,65,26,133,53,103,87,143,17,70
blue,43,13,143,9,111,72,134,144,51,45
red,151,142,23,50,70,34,5,121,51,53
red,34,146,71,17,160,3,65,144,51,14
blue,47,60,122,17,119,34,37,150,76,82
blue,135,125,34,109,120,151,67,132,116,99
red,20,40,53,50,119,151,60,155,51,70
red,151,26,93,8,158,59,40,124,106,14
red,35,154,159,116,70,0,142,136,76,108
red,78,155,140,137,100,35,98,68,106,90
blue,35,125,120,52,108,0,5,148,9,45
red,90,54,21,51,5,22,58,109,138,153
red,0,38,109,137,120,115,67,94,76,110
red,18,60,132,17,160,22,77,109,29,153
blue,2,75,129,24,45,72,58,155,133,153
red,151,94,148,150,96,78,86,2,17,53
red,146,104,151,51,153,3,40,140,29,119
blue,43,77,151,63,70,131,38,120,49,53
red,103,125,121,51,93,115,65,151,24,53
red,110,23,151,29,9,22,77,109,76,120
red,74,61,71,41,53,72,46,1,76,5
blue,0,74,15,49,12,47,40,41,29,119
red,62,30,56,41,119,70,88,29,106,93
blue,47,46,68,29,53,43,38,41,51,128
blue,123,155,3,138,100,90,60,143,133,153
red,115,97,6,51,70,131,65,64,52,128
red,127,44,94,116,45,22,141,64,76,153
red,115,60,143,29,119,78,30,125,120,108
blue,31,98,11,76,93,115,61,155,17,80
red,22,38,89,106,15,0,77,7,69,9
red,72,107,55,29,9,47,38,148,120,128
red,22,154,55,17,118,36,130,148,137,153
blue,74,130,143,29,53,115,111,71,9,108
red,101,142,55,106,45,115,154,121,49,91
red,0,145,19,51,70,43,77,55,133,100
red,36,124,157,116,109,72,44,150,50,45
red,90,86,73,137,79,107,58,19,51,126
blue,0,28,155,24,80,90,86,144,29,153
red,36,38,68,49,160,112,141,143,156,45
blue,18,40,55,29,93,90,46,151,8,119
red,37,142,23,52,128,47,130,155,51,109
red,74,87,144,106,99,22,142,121,69,80
red,31,58,122,8,93,57,46,151,9,118
blue,115,28,121,106,82,135,87,150,52,100
red,0,130,143,137,14,74,23,151,49,82
blue,59,38,55,85,45,57,107,151,24,70
blue,72,38,121,51,119,39,28,7,116,45
red,103,84,142,9,70,135,97,89,24,96
red,18,74,26,116,153,97,46,120,137,15
red,22,46,26,133,70,78,74,150,9,53
blue,22,26,62,29,7,31,98,94,17,45
blue,78,65,56,63,70,18,124,26,29,153
red,3,74,26,51,99,150,58,67,133,153
blue,110,154,157,63,160,3,130,26,17,79
blue,18,13,71,129,12,101,27,155,29,133
red,146,23,157,133,80,35,46,143,76,70
red,0,28,157,106,82,130,154,109,49,96
red,3,97,143,63,118,110,98,71,51,82
blue,135,145,157,17,79,74,38,155,63,71
red,62,58,105,133,109,112,149,148,76,80
blue,42,78,56,69,119,135,107,159,17,5
red,18,28,49,52,71,135,46,148,17,100
blue,72,97,11,106,15,22,46,143,147,74
red,67,38,3,9,128,90,154,55,29,108
red,22,113,55,24,148,115,46,71,8,45
blue,34,40,140,133,93,0,98,151,63,70
red,31,141,104,52,128,151,142,121,85,70
red,0,23,121,133,96,78,107,57,76,30
red,72,124,150,51,5,78,38,121,156,70
blue,22,23,139,129,158,151,61,150,52,128
blue,25,125,71,17,14,151,28,150,29,79
red,151,134,71,29,74,22,60,144,50,108
red,151,46,55,76,80,158,134,44,150,9
red,151,58,121,76,89,88,46,148,9,100
red,78,38,155,116,15,22,13,145,24,53
red,65,130,109,24,154,151,60,11,76,93
blue,151,60,144,29,45,101,5,73,17,118
blue,151,146,89,116,93,134,60,10,106,82
red,151,146,6,109,108,3,67,120,69,80
blue,0,61,120,137,53,134,92,94,17,66
blue,72,60,35,129,139,146,134,7,17,66
red,90,155,53,51,70,36,113,37,17,45
red,34,154,139,51,66,131,124,68,76,5
red,18,107,91,51,66,31,40,142,8,53
blue,34,84,64,106,128,150,28,151,51,66
blue,34,67,19,51,119,110,134,56,133,70
red,88,67,33,29,119,110,61,94,54,45
red,22,46,121,29,119,35,23,94,51,53
blue,110,154,2,129,5,146,46,143,133,45
blue,123,154,155,129,74,78,77,144,76,45
red,31,146,148,29,45,110,155,56,85,153
red,35,65,144,156,45,34,75,32,51,158
blue,131,25,53,76,45,37,79,64,17,160
red,78,98,19,76,130,101,46,1,69,110
red,77,154,32,106,128,18,38,91,76,71
blue,90,38,124,137,74,81,58,32,9,128
red,2,86,3,147,53,34,40,78,133,153
blue,103,46,148,116,53,101,154,138,17,119
red,138,111,10,17,70,137,141,19,9,45
red,110,141,140,51,9,151,87,138,49,153
blue,43,5,151,136,81,57,58,1,129,4
blue,58,38,41,69,14,81,84,121,116,100
blue,88,98,148,17,153,91,84,151,51,119
red,74,28,103,51,119,135,77,55,76,96
red,36,40,103,116,80,2,65,79,52,128
blue,131,60,43,79,82,22,142,140,49,71
blue,74,84,150,51,93,90,60,140,133,153
red,90,84,136,17,79,107,65,122,85,93
blue,110,40,56,156,70,112,141,120,133,153
blue,42,26,144,116,123,25,28,150,50,70
blue,41,65,125,9,128,22,84,89,17,81
red,103,87,140,133,153,101,154,120,63,70
red,12,84,150,51,108,115,79,68,106,109
blue,35,75,124,63,70,78,40,1,106,5
red,103,124,71,9,128,92,30,37,17,45
blue,112,26,23,76,96,146,13,55,17,153
red,134,58,143,129,128,72,154,132,69,153
blue,114,107,159,147,126,78,98,155,51,70
red,22,74,26,29,108,78,75,155,17,45
blue,135,149,140,29,108,90,155,121,76,153
blue,90,67,155,106,128,59,107,110,24,93
red,114,142,71,51,96,103,102,138,116,100
blue,43,146,143,49,158,31,84,155,51,153
red,43,134,122,106,14,48,77,143,9,100
blue,151,142,68,76,160,134,44,2,116,99
red,0,86,57,138,160,43,38,56,49,109
red,117,27,56,116,108,57,65,41,129,66
blue,36,113,56,17,153,39,40,150,9,70
blue,135,75,1,24,153,151,65,144,51,80
red,0,102,144,51,96,81,40,121,137,153
red,90,97,121,24,12,151,65,2,85,96
red,42,65,9,51,93,0,134,143,136,139
blue,115,87,93,8,100,152,65,148,106,82
red,42,84,121,116,153,150,58,65,76,68
blue,130,75,37,137,53,107,84,43,138,93
red,0,61,121,76,70,130,60,55,17,45
blue,103,142,53,116,109,31,60,144,50,70
blue,36,13,55,106,128,103,98,144,29,153
red,103,40,26,129,82,0,65,155,51,100
red,22,107,155,24,12,0,30,33,51,9
red,22,30,155,24,128,130,28,71,133,153
blue,131,13,55,24,70,42,134,143,51,100
red,112,26,55,17,118,2,142,122,8,79
blue,121,13,155,17,118,92,98,122,49,66
blue,57,75,143,51,45,115,98,121,29,79
blue,31,65,143,120,158,42,102,122,29,9
blue,62,37,56,17,45,0,23,140,108,126
blue,57,75,140,133,153,101,60,71,129,100
blue,0,75,55,17,160,42,46,3,29,45
blue,151,46,148,29,9,43,107,145,49,45
blue,72,67,143,133,70,114,46,140,85,108
red,110,154,140,29,153,151,46,120,54,91
blue,107,40,138,49,9,42,38,90,51,122
red,22,46,122,17,71,112,142,68,50,158
red,25,145,143,76,100,3,92,32,106,102
red,3,65,143,29,153,101,23,2,76,91
red,101,54,140,133,70,150,27,159,29,79
red,103,87,121,17,4,151,102,144,9,160
blue,134,28,155,133,82,101,84,7,51,128
blue,112,142,26,9,120,127,23,150,51,66
blue,135,134,148,49,74,110,23,155,9,71
blue,112,46,151,8,119,88,60,6,9,153
red,115,60,155,51,139,35,141,150,109,108
red,104,134,89,24,82,97,61,144,51,133
red,112,46,54,85,133,22,134,91,51,158
red,35,28,109,76,66,115,23,121,51,4
red,0,74,32,51,45,145,27,94,120,119
blue,78,155,32,51,79,35,130,124,29,66
blue,90,75,138,85,70,95,134,121,17,158
red,0,65,1,29,5,144,58,155,106,126
blue,39,13,150,29,53,0,141,120,85,128
red,101,102,2,85,14,22,13,144,116,41
red,22,13,93,51,153,78,107,143,29,108
blue,59,86,51,9,126,43,26,155,106,45
red,110,126,143,85,45,18,58,69,9,74
red,115,26,69,106,14,101,155,158,50,70
red,135,26,43,29,158,57,60,41,116,12
red,35,134,43,147,138,90,58,56,51,153
blue,31,30,124,147,91,77,44,26,106,54
blue,20,60,144,49,82,78,54,43,29,93
blue,0,142,7,109,99,134,28,150,51,160
blue,115,46,11,76,99,34,134,122,69,119
red,22,60,87,54,99,0,40,32,69,119
blue,101,58,1,49,128,78,87,109,76,99
blue,145,40,155,49,71,37,88,103,76,99
red,0,111,120,29,99,110,91,143,51,74
red,55,107,43,51,93,47,27,136,133,91
red,110,102,51,133,70,101,40,151,76,128
blue,90,77,121,137,109,31,60,26,51,4
red,18,61,56,51,5,101,60,21,76,96
blue,74,86,151,137,93,127,60,140,76,5
red,62,38,159,50,79,110,46,2,76,158
red,103,38,2,143,100,36,13,155,116,119
blue,43,23,56,29,119,53,102,91,17,82
red,120,65,94,24,148,144,58,138,76,100
red,35,28,2,129,82,22,75,138,106,93
red,0,141,121,24,80,22,40,26,76,5
blue,107,30,2,116,45,22,141,55,51,153
red,35,38,68,63,119,110,111,143,147,80
red,115,13,155,29,45,42,58,2,51,93
blue,35,67,43,24,100,78,75,155,62,120
red,115,60,143,129,70,135,28,51,106,14
blue,115,38,148,76,109,101,94,143,29,80
red,31,88,55,106,153,110,13,144,29,74
blue,152,25,157,29,9,115,87,139,76,93
blue,137,38,6,29,70,110,46,19,136,80
blue,90,40,140,106,99,151,87,120,85,66
red,0,28,124,9,12,101,111,138,76,100
blue,0,60,68,49,15,35,65,148,52,128
red,18,65,1,17,82,22,142,121,69,16
red,22,87,151,136,118,90,46,104,76,139
red,120,86,150,17,153,22,46,144,69,14
red,115,130,56,17,70,43,142,143,29,119
blue,115,98,64,49,153,104,142,125,9,119
red,137,111,121,150,82,115,40,55,29,153
red,25,60,136,106,5,18,145,140,9,16
blue,90,84,150,109,93,115,141,144,17,45
red,110,91,56,17,45,131,58,26,106,70
blue,34,111,144,49,93,18,58,150,29,148
red,0,142,55,147,109,42,86,138,51,79
red,115,94,148,76,80,77,28,144,133,153
blue,47,60,150,51,53,37,102,55,76,109
red,107,13,55,54,45,72,141,138,51,70
red,110,46,55,29,93,42,38,144,147,153
blue,31,58,35,69,30,18,102,148,49,74
blue,121,75,140,9,158,72,146,105,133,70
blue,110,60,138,76,80,36,54,150,116,16
blue,90,58,2,24,109,48,46,144,51,128
red,152,28,6,136,53,47,91,105,17,70
red,34,121,144,133,74,78,102,1,106,153
red,39,75,150,29,128,35,27,144,50,45
blue,47,26,144,116,108,107,46,121,49,12
red,18,13,143,156,74,120,154,43,17,128
red,151,65,89,51,158,0,111,121,29,53
blue,64,111,138,76,45,0,60,35,51,158
red,150,125,19,76,80,0,40,143,51,9
blue,0,26,11,133,118,134,98,144,52,45
red,31,75,151,29,45,102,88,89,106,70
blue,97,67,151,51,118,42,58,7,24,45
red,43,111,33,106,82,110,124,151,9,79
red,115,142,159,50,70,0,38,144,129,82
red,131,111,120,8,80,41,38,56,76,119
red,12,38,56,29,148,0,142,2,63,70
red,144,38,56,106,5,78,40,94,137,100
blue,155,23,143,106,5,77,113,144,51,14
blue,62,46,2,17,80,88,60,1,9,89
blue,104,13,157,106,80,117,141,6,116,158
red,31,13,144,85,119,0,154,21,49,109
blue,0,65,101,133,118,34,23,53,24,80
red,34,13,121,85,119,0,74,144,76,70
blue,103,155,23,106,66,97,117,148,76,82
blue,90,28,155,129,109,103,26,91,51,79
blue,103,67,56,76,9,0,91,159,54,123
red,22,58,132,17,108,43,60,105,51,148
red,112,155,132,136,53,74,61,32,51,154
blue,90,38,140,17,9,22,98,132,69,53
blue,47,38,56,138,9,22,87,132,49,45
blue,101,141,143,17,158,78,98,132,24,45
red,35,23,155,137,45,129,146,115,51,96
blue,78,40,150,76,153,35,155,32,50,119
red,0,40,155,120,45,112,134,132,29,80
blue,35,26,15,49,45,43,58,132,8,119
blue,101,75,89,50,82,110,60,132,15,53
red,135,154,56,106,119,88,134,1,51,100
red,90,155,121,137,45,130,5,144,69,14
red,135,75,42,136,108,78,98,21,50,53
blue,135,54,38,106,153,112,142,73,24,119
blue,67,46,151,17,53,127,145,132,133,119
blue,47,142,2,17,66,22,58,132,109,118
red,19,98,55,24,9,35,84,132,136,53
blue,74,23,125,29,118,47,107,132,76,53
red,90,154,143,24,45,34,87,132,17,119
red,110,13,32,50,70,42,40,132,116,153
blue,42,23,132,29,93,145,40,94,76,15
blue,78,75,17,106,70,42,40,132,133,118
blue,115,26,62,24,82,42,46,132,17,79
blue,114,65,148,8,45,110,13,155,106,139
red,103,26,64,69,80,42,60,140,133,53
blue,88,58,155,76,109,103,111,139,51,119
blue,0,23,151,129,14,77,26,138,106,119
red,42,28,55,49,82,37,91,94,24,53
red,135,46,159,24,45,120,104,43,17,9
red,114,98,150,76,119,135,44,121,51,128
red,135,142,55,76,119,0,87,124,85,153
red,35,111,121,9,119,145,97,43,120,71
blue,42,67,43,29,100,68,28,101,17,128
red,112,38,140,116,100,42,98,144,109,9
red,42,67,144,24,12,57,58,136,137,70
blue,81,98,121,106,93,90,46,144,116,119
blue,144,77,2,76,100,90,98,81,95,93
red,43,102,2,17,9,37,111,21,129,96
blue,135,26,62,147,15,144,98,2,51,119
blue,110,58,148,129,128,43,28,151,106,100
blue,57,113,155,116,45,43,26,3,51,119
blue,47,38,136,133,90,78,23,155,49,119
blue,110,54,155,24,158,43,145,121,29,128
blue,0,27,56,8,79,112,141,64,133,119
red,103,102,55,137,74,18,141,144,106,9
blue,42,94,132,76,91,83,46,2,129,79
blue,151,23,89,137,70,42,102,132,116,82
blue,42,38,132,41,91,110,130,6,76,128
red,42,98,132,76,82,103,107,143,8,79
blue,37,154,150,8,128,42,155,132,24,91
red,42,40,132,29,82,0,130,140,9,76
blue,131,130,151,17,79,42,13,132,49,144
blue,24,26,68,76,5,42,146,132,49,108
red,42,60,132,24,153,73,149,151,9,160
red,78,37,94,51,5,47,98,140,106,119
blue,38,50,121,76,45,18,44,91,109,108
red,112,39,68,29,45,137,111,124,129,128
blue,90,94,57,9,45,101,23,138,24,80
blue,90,142,129,51,9,83,94,11,106,4
blue,115,5,121,116,99,151,94,19,49,82
blue,22,60,19,29,12,135,125,11,17,148
red,0,154,155,129,148,110,115,94,124,91
blue,22,61,68,69,79,95,87,32,76,71
blue,43,87,121,129,70,145,97,139,76,5
blue,146,67,83,8,128,3,30,35,106,108
blue,101,60,121,9,70,31,142,64,52,99
blue,42,40,57,29,126,74,104,1,50,128
red,42,146,143,50,70,90,102,7,76,80
red,22,87,19,49,12,78,94,1,133,45
red,77,130,43,54,9,112,58,159,29,53
red,115,26,151,9,53,91,97,155,17,70
blue,34,97,121,49,153,112,40,138,29,70
blue,62,154,151,17,79,22,88,140,24,128
red,48,13,121,116,81,129,38,1,24,153
red,90,60,136,29,148,18,30,138,133,9
red,78,75,94,24,16,110,27,125,147,93
red,135,30,140,29,119,131,124,34,63,70
red,48,13,71,49,53,144,28,94,24,118
red,151,88,55,29,160,74,111,11,116,93
blue,91,111,32,76,121,90,141,49,120,160
blue,112,58,121,29,53,135,40,43,76,160
red,88,111,143,133,80,78,58,56,116,93
red,97,60,109,116,45,143,46,43,76,70
blue,135,87,136,76,82,2,67,150,116,119
blue,0,58,64,17,153,22,46,136,116,100
blue,0,124,57,116,158,22,46,64,137,70
blue,97,125,132,116,119,0,38,10,63,70
blue,90,94,124,136,14,43,98,21,137,16
red,62,74,11,51,128,57,102,93,49,153
red,78,155,11,69,82,31,40,136,54,45
red,59,28,56,52,66,90,87,140,85,70
blue,57,92,9,51,14,112,65,1,116,119
red,18,60,1,51,100,125,92,122,76,126
blue,145,38,3,49,45,35,46,143,137,100
blue,101,23,81,50,108,22,46,1,129,126
red,91,97,56,116,45,43,134,150,17,153
red,90,98,143,49,5,0,134,109,69,128
blue,112,13,150,106,80,22,154,140,49,45
blue,115,28,68,51,119,34,75,56,137,80
blue,22,13,71,49,53,78,61,64,24,100
blue,0,75,94,85,65,22,145,56,17,80
red,103,75,33,8,108,72,130,121,150,59
red,88,13,150,138,4,135,154,7,17,121
red,35,75,144,9,70,20,97,143,76,100
blue,137,134,159,9,100,90,13,150,138,80
blue,88,60,148,147,15,103,75,43,17,71
red,144,75,155,51,153,0,141,2,17,89
blue,101,46,1,154,76,0,75,121,133,96
blue,150,27,140,51,66,43,75,2,109,41
red,34,75,1,51,79,36,98,132,76,153
red,83,97,89,136,108,3,75,87,120,119
red,131,75,19,51,53,57,86,22,76,153
red,127,75,157,17,70,34,46,56,29,109
blue,127,75,151,49,79,112,154,73,17,70
red,103,75,143,17,108,151,13,138,76,45
red,137,75,121,9,96,25,46,140,49,93
blue,35,67,159,29,158,74,75,120,24,96
red,78,13,121,17,79,115,40,152,147,108
red,57,75,143,24,45,131,40,56,51,93
blue,2,75,150,69,5,143,91,35,51,93
blue,0,28,21,24,71,57,75,150,29,70
blue,13,78,55,51,45,110,75,155,120,12
red,101,75,56,51,118,131,46,94,69,148
red,3,155,124,63,70,150,13,55,49,66
blue,78,134,155,17,79,74,13,64,106,82
blue,112,65,109,17,82,81,26,120,137,99
blue,37,26,151,116,119,43,13,56,50,128
blue,57,40,32,24,79,0,26,34,51,93
blue,40,37,23,133,9,131,75,6,51,159
red,110,154,140,133,153,34,13,26,116,119
red,131,46,29,49,118,22,13,148,76,9
red,127,87,120,133,70,36,13,138,17,108
red,74,13,150,76,70,127,142,15,17,80
blue,92,13,148,8,118,22,75,120,17,53
red,90,13,1,50,118,36,74,144,136,45
red,20,13,62,9,70,47,40,32,137,100
red,18,13,121,76,5,110,142,2,8,45
blue,22,141,144,51,9,74,75,143,76,53
red,31,28,155,133,70,151,75,124,9,158
blue,13,27,55,133,111,2,40,151,17,82
blue,120,75,46,6,45,123,13,56,137,153
red,84,134,43,29,45,135,75,144,138,12
red,37,13,150,85,71,34,84,131,50,79
blue,0,67,143,51,119,90,84,11,17,74
red,150,37,7,133,93,3,75,158,109,120
blue,107,75,121,51,70,42,37,150,137,100
blue,42,77,73,106,5,78,75,121,85,128
red,0,46,73,51,70,72,75,143,95,160
blue,78,97,37,24,160,0,75,1,133,15
blue,47,98,1,49,160,151,13,143,116,9
blue,90,154,19,51,128,91,75,56,147,9
blue,110,75,59,9,99,127,97,89,106,128
blue,152,92,143,51,14,110,141,158,9,93
blue,131,26,151,76,15,22,13,64,9,70
red,25,91,89,51,74,95,75,55,76,66
blue,42,75,64,54,119,18,30,51,138,66
red,123,75,144,133,70,101,27,54,116,45
blue,34,67,11,133,100,104,75,1,136,70
red,78,5,150,76,128,115,75,103,50,153
blue,35,38,56,63,160,90,75,7,49,93
red,42,107,3,29,80,0,130,142,136,14
blue,22,46,73,49,90,130,75,143,17,79
blue,0,67,140,8,80,37,75,151,54,93
blue,3,107,155,106,82,115,75,119,133,70
red,78,154,94,63,45,72,13,29,17,53
blue,110,60,121,106,139,25,75,93,51,128
blue,103,75,32,116,109,37,40,155,76,45
red,0,61,138,29,80,18,107,139,17,79
blue,137,75,55,116,45,115,111,121,133,119
blue,36,40,121,9,76,134,13,54,17,79
red,127,75,56,17,9,48,60,71,49,119
red,47,75,148,147,159,18,77,3,157,108
red,47,75,2,51,79,3,87,140,49,12
blue,127,65,55,137,14,115,142,140,76,12
blue,152,75,55,52,126,0,46,121,29,9
blue,101,91,23,133,80,72,86,64,76,153
red,18,130,124,129,45,95,40,148,147,96
red,112,149,83,150,4,31,26,155,106,45
red,22,25,132,24,120,36,40,148,54,80
red,72,58,56,17,71,47,142,32,29,93
blue,112,45,71,49,79,22,87,101,106,158
blue,31,38,143,76,9,97,141,56,17,45
red,115,77,55,24,119,43,58,122,69,128
blue,115,38,121,106,82,78,155,43,51,66
blue,115,91,136,69,53,62,26,140,29,15
red,74,58,22,17,119,121,40,34,24,153
blue,47,77,54,76,66,112,86,159,17,45
blue,35,154,103,51,158,31,5,55,76,91
blue,78,75,94,129,128,0,154,121,51,108
blue,134,40,155,17,12,54,107,11,50,45
red,31,46,143,50,9,135,154,56,24,80
blue,34,142,56,29,128,134,38,71,51,53
red,72,65,55,133,119,22,142,1,76,96
red,127,65,43,85,119,112,13,151,51,82
blue,134,75,109,129,119,110,142,1,49,120
red,47,65,144,29,108,151,107,73,106,66
red,22,23,155,17,91,110,60,150,63,126
blue,22,26,144,137,45,135,124,0,17,53
red,120,44,157,29,80,0,74,68,24,109
blue,110,44,70,24,15,134,124,43,17,108
blue,134,23,150,29,108,47,44,71,76,9
blue,57,75,19,29,9,18,44,122,76,82
red,57,38,150,109,93,103,44,121,9,148
red,88,44,33,85,126,112,28,120,133,12
blue,35,102,103,19,126,88,13,143,106,118
red,3,111,55,85,126,22,38,121,29,79
blue,112,77,56,106,126,78,40,55,116,93
blue,35,102,56,15,66,114,75,33,52,70
red,35,130,2,24,119,48,40,32,17,70
blue,62,44,121,50,70,35,142,140,116,45
red,137,142,19,9,45,146,130,150,76,120
blue,37,23,150,51,80,34,40,6,116,128
red,101,75,140,63,126,57,65,124,51,45
blue,83,102,89,76,91,112,134,155,133,148
red,0,134,144,76,128,112,58,139,137,108
red,55,58,20,24,128,121,28,129,51,53
blue,22,102,155,120,66,95,38,121,147,128
red,47,40,144,29,119,107,46,15,8,153
blue,0,38,55,147,12,83,87,73,51,80
blue,123,107,121,9,53,72,58,19,129,126
red,123,102,71,133,153,22,92,140,49,108
red,123,88,103,120,109,114,97,43,17,53
red,78,60,26,29,53,123,141,94,147,109
blue,31,67,1,156,9,123,58,55,51,45
red,123,40,140,50,70,2,60,43,116,153
blue,123,97,19,133,9,57,54,22,76,119
red,123,77,56,52,128,42,65,148,49,100
red,123,67,151,129,66,112,38,73,8,45
red,123,154,2,51,128,41,60,55,69,153
blue,25,146,155,51,91,123,142,55,106,82
blue,43,28,3,76,9,123,30,34,51,100
red,123,124,34,49,153,31,58,3,137,93
blue,72,75,55,49,12,88,58,71,133,119
red,123,58,143,137,153,57,65,56,69,80
red,22,13,2,49,99,123,124,64,17,119
red,22,58,155,76,158,123,111,101,129,66
blue,22,79,148,76,12,123,102,121,137,14
red,121,102,1,106,128,123,58,72,76,80
blue,43,84,2,106,82,0,38,89,133,126
blue,2,98,89,51,130,34,154,56,129,81
red,151,142,2,137,53,97,130,26,109,93
blue,43,145,124,76,119,57,60,121,50,111
blue,43,28,1,49,14,78,23,150,50,158
blue,20,58,143,29,93,117,40,56,116,45
red,78,60,56,51,15,115,154,121,129,14
blue,137,74,144,24,5,3,130,56,76,82
red,0,142,144,76,16,115,58,23,9,119
red,0,98,56,63,82,103,87,94,109,148
blue,48,23,34,133,9,56,58,6,51,128
blue,36,134,56,106,45,90,58,32,116,9
blue,112,134,56,106,99,34,91,121,50,139
blue,152,97,23,133,45,31,13,56,29,108
red,35,13,56,52,126,20,38,19,17,148
blue,22,46,120,76,83,0,117,121,29,119
red,47,154,26,76,53,110,77,83,106,153
red,78,46,144,50,70,115,141,121,49,128
blue,72,134,88,106,96,0,40,109,17,133
blue,0,38,144,24,80,62,88,109,17,108
red,104,46,94,116,33,91,146,56,17,93
blue,134,60,121,29,109,127,46,140,9,74
blue,110,87,121,51,93,22,74,56,24,80
red,112,61,89,17,119,103,142,21,9,93
blue,92,60,2,24,12,110,26,94,17,80
blue,112,75,121,106,153,36,26,143,51,160
blue,31,26,143,24,100,112,75,55,49,158
red,31,26,143,29,80,81,13,144,17,109
red,2,155,150,106,70,110,134,26,133,93
blue,35,61,125,49,120,0,28,26,106,5
blue,145,75,56,106,74,0,28,26,24,93
blue,88,40,26,24,45,22,141,83,76,5
red,110,154,26,137,93,88,142,143,49,109
blue,47,28,26,29,119,57,27,55,17,139
blue,57,40,26,17,80,91,46,56,49,71
red,150,74,158,29,90,0,26,155,156,153
blue,115,141,26,51,128,127,58,143,137,74
red,135,26,64,133,93,62,58,1,71,108
blue,57,146,55,24,82,18,38,26,136,93
blue,0,61,7,50,12,91,26,155,136,93
red,112,60,26,50,45,90,113,64,133,70
blue,90,92,143,69,80,0,141,26,106,100
blue,35,97,68,17,108,88,142,26,76,158
red,115,142,26,106,79,74,77,143,9,12
blue,57,23,26,51,45,31,30,139,17,160
blue,155,87,26,116,53,135,77,15,137,153
blue,78,75,150,63,45,112,154,26,24,80
red,112,111,26,52,15,115,87,151,76,80
blue,72,77,57,76,100,0,141,26,137,12
blue,78,88,104,51,119,127,107,138,8,109
blue,134,26,64,116,153,74,38,140,109,108
blue,146,75,136,49,100,145,134,121,133,119
red,115,40,121,64,133,31,102,56,50,70
red,31,102,71,51,119,110,40,133,129,53
red,22,102,143,29,153,59,142,140,106,119
blue,47,84,6,24,45,72,102,55,17,93
blue,95,149,64,51,126,102,30,155,17,70
blue,22,102,81,29,79,74,0,144,9,70
blue,110,102,2,29,139,62,65,143,51,119
blue,22,102,120,49,79,3,46,10,17,80
blue,47,60,2,76,148,18,107,144,29,54
blue,110,13,121,54,5,150,61,44,29,99
blue,115,67,155,129,128,151,142,154,17,54
blue,31,130,76,54,87,154,38,2,17,70
red,78,111,143,69,54,31,13,56,137,108
red,35,154,121,133,80,18,87,155,29,9
red,91,40,32,133,153,115,78,121,29,5
blue,151,60,89,133,158,35,102,138,24,5
red,38,77,148,51,15,0,94,68,17,93
blue,120,102,89,76,14,0,46,55,49,80
red,37,38,1,76,158,18,102,138,9,82
red,65,27,1,17,70,78,75,26,51,80
red,36,87,2,133,9,110,27,150,24,80
blue,103,26,147,49,14,2,86,155,15,9
blue,22,61,11,133,119,110,97,101,120,108
red,22,125,131,137,153,101,92,2,9,79
blue,25,130,138,29,45,22,94,136,116,148
blue,36,38,56,8,82,145,46,143,24,119
blue,97,134,150,133,70,13,30,51,15,80
red,0,154,144,49,9,110,107,53,137,70
red,35,154,1,133,70,151,145,56,29,148
red,43,40,3,133,70,0,134,121,106,96
red,110,87,19,24,66,74,141,3,29,12
blue,72,97,2,24,158,131,154,23,17,15
blue,18,142,2,54,9,110,23,125,133,70
blue,25,142,140,116,9,72,46,63,133,45
red,131,38,19,129,100,78,142,56,133,153
red,22,67,91,106,4,0,155,10,17,79
red,18,97,56,116,5,35,25,104,9,96
blue,18,60,121,136,9,144,125,1,49,158
red,18,54,101,106,82,3,65,79,47,70
blue,31,113,136,109,118,18,23,81,133,70
red,92,13,2,49,45,78,60,3,76,53
red,36,121,55,147,16,90,77,7,156,5
red,35,142,55,24,128,57,77,148,51,119
blue,136,13,55,51,153,112,75,1,17,99
red,31,58,122,9,153,74,102,43,52,126
red,31,23,109,137,107,34,46,33,49,74
blue,47,92,151,106,79,18,77,139,76,53
blue,42,58,82,106,109,35,61,155,136,81
blue,22,38,1,51,14,90,98,144,49,148
blue,135,60,138,51,45,95,65,2,52,46
red,0,133,64,106,160,74,58,55,129,109
blue,34,30,132,129,9,90,65,19,49,108
red,115,102,157,85,9,152,65,122,133,148
red,131,98,90,143,9,44,40,121,137,160
red,155,23,56,29,15,43,58,143,129,4
blue,103,58,148,29,12,112,102,150,49,44
red,151,23,144,137,9,0,60,103,143,111
red,112,97,120,24,99,88,134,136,17,92
red,112,154,140,106,119,62,155,94,133,12
red,112,142,155,120,128,103,23,150,51,80
blue,0,142,105,120,53,43,40,56,17,15
blue,43,58,140,116,119,112,94,56,120,108
red,143,40,43,85,53,74,130,26,24,45
blue,103,61,144,17,118,18,84,26,137,153
blue,90,130,143,76,108,62,13,120,85,82
red,31,145,121,76,108,72,74,56,49,128
red,112,154,155,138,100,78,142,91,133,119
blue,0,58,140,51,66,41,46,150,106,128
blue,48,13,144,24,93,31,61,1,106,74
blue,107,67,79,76,133,31,58,144,109,108
red,112,102,1,17,120,78,149,6,50,70
red,114,125,143,17,45,104,133,56,29,153
blue,62,27,140,17,71,88,98,138,29,9
red,59,111,115,49,99,39,40,73,76,153
red,90,40,26,49,158,53,142,34,136,74
red,88,30,2,9,96,18,142,138,85,153
red,112,26,143,116,100,22,25,55,49,93
red,92,111,32,63,160,110,13,140,136,9
red,77,84,155,137,109,25,46,148,76,12
blue,74,88,6,9,45,31,77,144,29,100
red,39,97,56,29,148,58,75,73,106,14
blue,22,111,20,50,158,36,98,120,49,133
red,112,130,79,156,80,81,26,145,29,153
blue,131,134,150,49,6,18,67,34,8,70
red,0,23,155,49,93,90,75,104,9,96
red,62,26,148,49,79,22,67,32,156,71
blue,48,86,144,85,45,83,40,121,49,158
blue,110,145,55,9,45,37,40,129,116,70
blue,110,87,59,17,16,90,0,132,29,109
red,115,37,150,49,119,112,141,1,106,128
blue,18,149,140,51,27,0,134,6,17,128
blue,134,40,148,116,80,81,65,19,51,100
red,73,98,120,51,5,107,142,91,116,79
red,110,67,103,133,126,22,107,68,106,153
red,150,46,139,106,4,103,98,20,116,93
red,78,65,68,106,82,135,46,19,63,70
blue,110,121,150,109,9,134,58,1,106,80
blue,22,61,1,137,153,0,40,83,9,128
blue,107,58,151,106,4,36,154,140,51,5
blue,31,155,138,51,119,110,5,56,17,128
red,47,23,143,51,119,115,27,150,29,82
blue,77,46,64,49,45,107,98,56,17,109
red,103,38,140,51,45,2,23,150,29,9
blue,31,102,97,50,128,112,54,138,85,126
red,115,13,64,133,12,62,134,26,17,70
blue,90,13,155,9,45,74,102,56,17,119
red,18,130,2,17,139,90,27,151,133,71
blue,112,75,140,49,108,83,130,136,51,14
red,151,28,140,133,74,34,23,17,9,128
red,90,88,1,29,53,36,40,57,76,100
red,0,46,43,52,96,144,26,71,29,153
blue,22,58,140,9,70,47,23,121,133,128
red,47,26,52,109,96,72,154,87,51,80
red,90,39,26,106,128,22,60,120,109,108
red,74,77,43,76,160,112,87,1,106,128
blue,39,145,140,29,148,103,98,101,54,160
red,115,111,155,17,41,110,54,94,51,53
blue,62,38,19,137,15,115,40,21,51,82
blue,131,26,89,17,80,47,154,129,29,124
red,97,13,71,24,80,137,58,155,136,118
red,36,94,151,51,100,127,65,143,17,45
red,154,5,155,49,80,114,141,68,17,126
red,34,58,68,17,71,112,117,150,29,79
blue,20,142,143,17,45,18,154,150,76,53
blue,95,75,20,17,158,110,13,140,137,119
blue,0,40,134,8,79,131,75,154,116,99
blue,31,134,71,137,153,151,30,1,51,158
red,22,125,138,24,153,78,154,139,29,93
blue,110,27,43,17,45,57,98,136,76,66
blue,57,92,121,63,93,90,102,2,116,100
red,0,98,11,29,118,31,86,56,17,71
blue,36,58,2,17,45,22,60,56,51,119
blue,62,75,121,17,71,22,97,1,76,119
blue,78,107,81,17,71,18,142,138,51,100
red,90,60,1,116,100,152,107,81,17,70
red,110,113,73,17,70,155,30,43,50,158
blue,88,87,49,51,45,31,60,32,106,53
blue,22,111,155,76,118,88,30,151,136,119
red,0,107,150,138,108,103,111,1,133,93
red,0,134,143,76,119,112,60,144,63,70
red,151,102,19,129,99,57,75,138,17,15
blue,48,60,29,49,80,74,86,17,24,45
red,115,113,129,76,93,31,86,136,9,148
red,22,94,144,106,5,134,61,155,29,15
red,20,141,32,51,82,120,94,149,76,71
red,131,26,155,29,111,145,38,74,76,119
blue,67,60,43,137,16,90,46,138,51,53
blue,0,88,155,148,53,38,26,138,51,70
red,25,40,138,51,128,47,27,155,29,45
red,135,23,150,106,99,72,60,144,85,82
red,22,84,7,51,53,18,58,148,76,4
blue,22,146,21,17,53,39,46,73,51,45
red,43,5,104,49,80,34,30,140,136,70
blue,144,38,86,137,96,55,46,34,50,80
blue,39,46,3,8,80,107,145,155,51,96
red,92,97,140,147,80,110,102,62,106,108
blue,101,146,89,137,4,90,30,1,52,80
blue,110,58,1,147,80,18,146,138,76,109
red,152,154,136,69,80,42,124,55,52,5
red,57,97,121,133,80,112,13,109,76,14
red,34,60,138,116,80,151,87,20,9,119
red,36,154,132,51,45,18,84,1,17,80
red,110,154,89,50,80,43,78,68,137,70
blue,135,67,96,85,70,36,40,68,17,80
red,107,23,0,49,80,90,58,151,109,100
red,90,13,120,129,80,31,40,143,29,93
blue,90,130,64,17,71,107,13,120,69,80
red,135,37,121,50,80,57,38,69,76,5
blue,104,130,69,52,12,31,111,55,17,80
red,74,58,94,69,80,34,38,35,116,82
red,127,117,53,69,80,78,141,57,29,128
red,115,141,140,17,119,41,13,55,63,80
red,151,40,143,136,80,115,38,20,156,108
red,35,134,124,85,158,107,145,144,147,80
blue,112,60,140,51,93,72,38,94,54,80
red,123,46,144,137,80,35,28,53,51,45
red,102,94,62,138,108,35,38,68,17,70
red,103,94,89,137,70,78,40,143,49,66
red,34,13,64,24,45,57,98,122,150,80
blue,0,113,68,76,15,31,75,148,63,119
red,92,46,143,49,82,35,88,121,29,80
blue,115,92,68,49,82,0,75,1,129,108
red,145,84,94,9,119,34,46,143,51,109
red,78,146,1,116,158,74,145,152,76,15
blue,47,79,73,85,119,0,134,1,17,45
red,135,58,71,133,70,103,141,143,9,109
blue,72,40,155,76,109,34,145,1,137,45
red,22,61,104,49,148,0,46,159,51,45
red,36,46,55,24,45,35,65,143,133,128
red,103,145,55,49,12,81,130,144,50,160
blue,0,146,89,17,80,131,40,1,50,119
red,81,58,11,17,16,47,23,1,76,66
blue,22,61,124,29,9,62,40,54,69,53
blue,0,142,138,133,153,150,98,56,51,45
blue,62,142,136,133,153,22,58,143,29,100
blue,123,130,55,29,118,22,58,2,17,119
red,134,13,144,116,139,90,26,1,69,45
red,134,40,83,133,158,53,5,143,116,93
blue,43,141,144,9,109,145,91,83,133,119
red,150,44,83,133,5,6,46,155,24,119
blue,18,78,2,76,80,90,60,1,51,12
blue,0,154,150,54,153,110,23,6,49,100
red,101,102,68,17,148,136,46,1,24,128
blue,78,102,121,29,153,110,134,120,24,14
blue,31,154,139,29,108,18,46,1,116,126
red,91,67,33,69,108,131,141,140,29,158
red,18,74,140,49,9,103,13,2,116,119
red,0,134,103,49,53,151,5,132,69,93
blue,47,92,148,29,70,22,154,143,129,108
red,3,23,140,17,153,144,154,125,49,12
blue,90,98,56,121,153,88,102,68,137,119
blue,22,91,2,49,118,90,40,89,17,80
red,25,40,68,24,153,74,98,1,133,70
blue,74,38,138,129,128,120,98,94,49,9
red,90,38,64,133,53,0,40,140,29,153
red,43,58,143,17,79,0,38,121,116,93
blue,0,58,140,109,108,144,38,1,49,120
red,110,38,138,50,70,151,5,150,133,153
red,78,38,121,76,91,35,60,2,106,71
red,90,38,144,106,66,34,58,1,29,119
blue,47,60,155,17,45,90,5,144,85,71
blue,131,92,33,136,119,2,102,1,51,70
blue,48,61,64,51,70,36,142,143,133,128
red,0,61,1,76,45,151,65,144,51,128
blue,59,142,43,49,128,146,58,120,9,70
red,47,124,1,106,82,22,113,157,76,119
blue,58,40,1,49,79,150,84,155,17,119
blue,123,40,143,51,93,131,26,33,150,79
blue,31,102,56,129,70,41,74,155,49,5
red,39,65,155,69,128,101,13,41,76,119
red,135,98,6,137,53,114,102,140,63,70
red,25,67,155,24,82,90,13,2,17,45
red,34,54,132,116,80,83,60,138,52,74
blue,22,0,155,69,12,34,87,26,76,82
blue,115,60,136,17,53,48,38,143,9,12
blue,146,91,158,50,45,57,154,138,76,66
blue,131,111,93,76,126,135,30,121,49,128
red,78,46,34,133,53,0,134,2,116,70
blue,22,46,157,8,53,57,98,129,136,70
blue,90,13,122,17,108,88,38,148,29,153
red,88,38,56,76,93,25,13,143,116,53
red,134,58,56,147,119,78,102,143,29,15
red,110,26,56,76,119,144,102,150,49,108
blue,81,30,151,24,80,3,28,144,150,45
red,151,97,89,17,45,150,13,11,9,119
red,31,65,89,17,79,115,102,56,133,120
red,22,13,68,69,109,134,88,151,156,14
blue,103,74,55,69,119,36,60,15,24,71
red,34,87,138,24,82,35,40,144,49,93
blue,34,40,143,133,70,41,145,159,29,45
red,0,87,2,49,160,62,58,120,24,158
red,39,111,55,137,153,35,58,41,50,80
red,134,155,64,137,9,88,23,143,51,108
blue,131,65,140,51,153,151,13,71,29,118
red,31,28,55,49,153,101,75,1,17,45
red,0,23,143,76,4,91,40,139,8,45
blue,34,84,69,29,153,0,125,144,133,160
blue,150,130,2,17,9,0,98,144,133,70
red,0,13,56,17,128,115,92,143,29,80
blue,110,58,159,50,70,31,60,143,76,119
red,145,58,143,29,148,110,154,73,51,9
blue,53,87,143,156,153,0,75,144,51,45
red,0,134,138,49,12,114,65,150,76,148
red,110,98,155,136,148,135,26,1,50,108
blue,81,87,151,17,128,0,155,144,51,14
blue,135,46,150,24,15,0,54,151,49,158
blue,102,84,143,17,108,0,27,94,76,45
blue,13,146,100,24,96,0,26,68,147,158
red,0,154,121,51,93,67,40,103,17,108
red,34,107,136,24,80,31,142,140,69,5
red,0,5,56,76,108,47,13,151,109,9
red,0,38,159,136,148,135,60,1,50,70
red,0,155,56,136,119,5,134,144,49,12
red,22,61,89,106,9,90,40,105,29,153
red,31,54,155,76,9,90,65,1,50,108
red,0,44,32,133,119,53,60,1,50,100
red,104,145,94,24,158,0,141,109,17,12
red,103,142,148,49,128,134,141,155,54,79
red,103,40,157,8,66,35,77,120,17,108
blue,35,40,7,76,108,103,107,2,129,80
red,103,27,120,116,9,35,28,122,49,108
blue,103,23,19,17,15,72,40,144,76,128
blue,81,130,140,76,80,110,40,54,24,45
red,90,149,143,29,108,74,146,121,49,79
red,112,84,155,8,16,134,38,1,24,100
blue,91,113,89,106,82,90,154,144,24,45
blue,112,75,124,133,93,123,38,144,17,70
red,22,23,91,76,158,88,102,154,49,93
red,39,13,35,50,70,78,134,143,147,80
blue,0,98,68,116,74,115,107,21,76,82
blue,92,107,144,8,158,115,134,2,116,70
red,57,77,1,17,118,22,113,143,50,70
red,78,38,159,29,119,0,13,122,49,80
blue,22,5,56,76,99,101,98,122,29,153
blue,22,142,71,76,160,115,134,150,29,80
blue,22,111,73,106,128,135,87,3,17,80
red,110,87,144,76,53,3,23,121,29,45
blue,78,60,94,52,14,48,27,53,51,15
blue,0,97,151,51,53,110,130,83,17,79
red,135,65,151,120,93,78,40,155,24,153
red,110,67,122,137,93,0,28,35,106,81
red,22,86,139,24,14,88,46,144,17,79
red,18,27,1,51,70,137,142,79,29,119
red,31,40,11,76,45,115,154,1,129,74
red,77,58,136,49,74,110,102,26,52,5
blue,22,86,33,63,12,31,60,26,69,45
red,47,27,6,106,66,22,87,143,17,70
red,74,134,91,8,109,22,145,132,9,148
red,0,146,144,17,53,137,111,55,76,109
red,101,23,143,133,160,115,40,150,76,126
blue,0,111,48,120,108,62,75,81,76,126
red,57,46,91,137,14,48,154,121,9,79
red,0,13,9,76,109,20,111,120,8,15
red,54,145,144,17,109,135,40,56,76,119
blue,114,30,150,9,126,22,65,73,76,45
red,136,142,6,76,66,22,61,56,51,37
blue,88,87,56,69,93,101,67,13,133,100
red,34,86,2,29,100,110,145,43,129,45
red,22,60,121,116,70,34,58,120,109,119
blue,22,77,155,157,71,90,40,3,51,128
red,151,58,138,133,153,114,86,55,51,128
red,62,87,136,51,80,78,142,140,76,89
blue,97,30,157,129,45,130,58,144,51,80
red,90,98,73,51,45,144,130,120,17,108
red,3,60,121,17,79,36,46,120,9,109
red,22,27,94,51,70,35,75,91,76,71
blue,38,142,151,17,45,48,77,55,50,70
blue,90,67,150,137,119,22,87,120,51,148
red,47,124,138,17,93,43,26,32,29,80
blue,0,30,37,76,71,43,94,104,119,109
red,22,23,150,76,70,90,94,148,24,139
red,101,40,136,150,14,103,94,32,133,70
blue,137,87,143,49,153,78,107,152,17,120
red,151,94,2,52,82,131,154,19,106,128
blue,48,13,63,133,45,34,94,159,17,53
red,110,134,138,147,9,0,102,19,29,74
red,31,94,1,9,74,34,141,26,63,93
blue,47,87,155,51,148,43,94,35,109,9
red,137,94,37,76,100,3,141,120,51,53
blue,0,94,68,9,128,57,40,155,17,108
blue,22,40,7,41,111,78,94,155,156,153
blue,88,40,148,51,82,57,94,140,29,45
blue,47,61,121,9,71,22,23,150,106,100
blue,90,92,121,137,45,112,154,21,51,109
blue,101,60,151,76,108,0,97,43,29,71
blue,102,38,23,133,153,101,58,1,137,82
red,110,60,120,51,14,47,61,143,29,4
red,35,154,73,76,45,0,111,155,136,128
blue,43,30,49,133,70,0,60,11,29,53
blue,110,65,122,17,93,90,142,140,29,153
red,90,91,55,69,53,110,38,26,133,9
blue,115,60,33,106,82,112,61,109,63,53
blue,74,111,140,116,45,136,26,144,29,108
blue,64,30,150,129,93,43,74,55,49,53
blue,43,111,143,17,148,135,92,122,24,100
red,18,77,2,129,12,131,40,144,24,158
blue,0,102,122,51,100,95,97,2,29,53
blue,31,141,138,76,80,0,154,89,51,96
red,18,65,121,17,100,46,40,56,9,70
blue,78,141,144,54,108,112,60,2,24,139
blue,90,27,55,76,153,22,142,2,106,93
blue,43,13,155,137,79,22,38,143,76,80
blue,0,149,26,17,79,78,87,151,76,5
blue,0,149,26,29,16,81,40,73,129,70
blue,59,98,155,116,45,22,60,43,76,9
blue,72,142,109,137,153,31,46,89,106,70
blue,134,86,129,106,93,91,65,151,136,126
blue,31,87,109,50,70,90,102,143,63,158
red,103,142,19,52,45,22,58,26,51,124
red,22,60,155,109,9,90,5,136,29,79
blue,114,46,64,49,153,34,13,68,136,138
red,18,38,11,63,70,35,13,148,133,82
blue,22,58,1,76,99,135,40,104,50,128
red,150,154,64,116,79,115,46,68,133,109
blue,107,37,159,106,45,115,98,143,137,53
red,72,98,150,17,53,103,65,55,106,126
blue,18,60,155,133,66,112,75,140,24,119
blue,22,37,155,49,53,78,98,68,137,70
red,35,154,142,29,53,90,23,150,137,70
blue,110,30,124,106,5,35,28,104,133,53
red,121,130,101,24,66,97,58,150,9,70
red,88,58,148,17,93,90,38,33,54,5
blue,110,84,7,9,108,101,87,143,49,71
red,0,88,148,9,53,90,154,140,29,100
blue,2,102,140,49,148,112,113,71,17,53
blue,131,26,155,123,108,88,23,129,147,66
blue,90,61,2,50,70,39,44,155,137,53
blue,0,38,121,51,66,81,40,71,50,5
red,95,154,68,52,70,110,98,121,50,15
red,31,154,56,147,108,81,102,148,51,153
blue,151,40,37,49,79,78,58,6,24,128
blue,68,91,6,9,5,102,87,71,137,45
red,36,40,110,129,70,0,30,121,133,5
blue,72,65,54,147,70,31,13,120,133,153
blue,150,86,87,51,93,90,154,49,17,53
blue,110,58,132,29,158,22,154,151,9,71
blue,25,117,19,106,53,127,40,155,137,158
blue,90,58,7,116,53,43,113,19,106,4
red,31,154,150,49,89,19,134,73,17,128
blue,78,102,151,76,119,47,46,143,51,107
blue,65,28,109,69,96,47,61,138,72,12
red,0,154,132,29,126,47,23,34,106,82
red,47,134,143,137,74,90,5,1,51,82
blue,47,111,19,129,82,0,87,55,17,9
red,72,145,143,147,96,57,5,144,17,74
red,47,40,143,50,45,134,58,53,17,158
red,47,44,143,76,109,18,58,120,29,148
red,110,67,155,106,99,47,40,1,51,45
blue,91,142,120,85,153,62,58,1,137,5
blue,72,61,120,52,128,115,75,81,76,45
red,35,130,120,29,45,110,40,21,51,108
red,90,61,1,76,119,22,124,53,9,108
blue,81,13,155,17,71,48,61,113,106,126
blue,110,5,32,49,45,91,30,19,51,160
red,43,86,87,76,158,110,37,124,24,82
red,78,28,125,52,80,145,142,19,29,108
blue,22,58,151,29,15,0,40,132,51,70
red,112,134,71,76,100,3,65,89,29,93
blue,115,23,15,63,70,150,87,120,17,53
red,22,0,125,144,53,81,38,159,51,66
red,20,46,56,129,128,35,87,89,76,153
blue,18,102,89,29,53,110,65,55,129,128
red,31,23,94,129,128,135,77,143,150,153
red,78,146,121,51,14,112,26,7,129,53
red,22,30,120,17,53,107,130,81,106,121
red,74,134,122,51,53,115,13,148,49,80
red,150,58,57,29,53,83,60,155,51,128
blue,135,145,140,106,100,18,98,150,29,53
blue,110,74,64,17,128,135,40,143,116,45
red,136,142,55,129,153,90,65,71,76,160
blue,134,61,143,29,80,57,145,140,76,53
red,47,102,1,24,124,34,46,132,69,12
red,127,125,158,29,79,112,13,140,85,93
red,74,141,159,106,82,114,46,89,76,148
red,110,46,37,17,82,127,26,155,9,80
blue,90,75,2,29,66,47,142,136,49,108
red,90,58,81,116,100,0,142,140,106,108
red,90,23,55,49,148,103,46,159,76,100
red,20,23,19,49,100,90,40,121,24,153
red,90,98,143,76,100,34,86,68,49,53
red,90,5,1,49,100,53,98,32,50,153
red,20,65,1,49,120,0,38,155,50,70
red,20,154,121,95,108,90,40,151,133,100
red,0,141,73,69,93,90,46,10,106,100
red,115,142,26,133,108,72,86,55,29,45
blue,62,28,143,51,139,78,26,140,52,100
blue,134,130,143,76,45,88,107,34,51,80
red,34,142,159,137,128,103,155,37,51,9
red,34,27,109,137,12,107,154,143,51,93
red,110,30,37,8,126,34,102,144,147,70
red,115,141,34,157,119,151,142,1,76,92
red,0,23,34,137,5,77,46,159,51,153
blue,53,26,34,133,96,2,13,0,51,5
red,34,84,37,49,30,135,111,120,85,158
blue,3,107,43,138,45,34,60,37,116,118
blue,91,145,144,24,119,151,154,34,63,108
blue,152,102,56,106,160,71,40,121,17,119
red,42,107,34,116,80,47,154,56,29,153
blue,78,65,144,137,80,18,145,34,51,158
red,34,77,37,76,45,0,27,55,136,71
red,34,127,37,51,82,103,61,155,29,79
red,78,61,34,51,71,131,134,7,116,158
red,152,84,73,9,158,34,77,26,29,71
blue,81,154,53,133,119,74,61,32,129,128
blue,47,142,155,51,158,37,88,71,133,119
blue,78,65,94,51,126,22,91,143,9,5
blue,0,28,7,137,100,31,107,121,150,70
red,90,74,143,133,70,146,46,148,17,79
red,78,154,3,137,118,90,58,120,51,70
blue,18,38,155,52,109,117,65,56,49,79
blue,107,149,139,63,70,31,38,6,137,118
red,131,102,105,133,45,112,60,43,24,100
red,72,75,151,137,128,57,65,150,51,119
blue,146,28,142,49,128,22,65,55,17,119
red,127,87,43,137,128,101,145,56,49,53
red,91,107,56,9,128,145,58,140,49,153
red,78,155,159,137,128,110,107,18,51,119
blue,90,107,37,17,128,78,97,136,51,9
red,110,38,19,137,70,35,23,91,138,53
blue,74,84,151,51,158,0,87,121,63,70
blue,72,94,143,137,70,31,13,71,29,148
red,112,75,73,29,96,88,13,23,17,53
blue,112,13,159,76,5,101,65,73,50,126
red,110,23,140,106,158,88,40,68,51,128
red,41,40,51,69,79,43,142,2,106,9
blue,31,130,37,116,45,150,154,120,106,96
red,120,111,143,106,80,101,40,139,51,119
blue,43,91,1,137,153,42,130,56,8,70
red,150,154,3,52,108,18,40,109,17,5
red,0,130,143,106,108,22,98,121,137,70
blue,20,38,94,137,53,62,26,125,133,12
blue,110,60,11,76,80,78,111,143,54,109
blue,38,134,68,69,53,110,142,140,85,80
blue,151,23,2,133,119,20,28,155,17,108
blue,36,97,120,51,160,37,61,143,133,45
blue,109,97,89,54,9,91,40,120,51,108
red,136,30,55,106,74,125,75,159,137,99
red,136,102,120,17,93,135,154,2,106,14
red,0,30,1,106,82,78,75,155,148,5
blue,104,40,155,133,153,43,130,140,17,119
blue,81,26,43,69,80,0,13,2,116,45
red,91,77,121,116,74,101,30,43,29,118
red,47,87,155,8,30,88,146,110,76,9
blue,144,46,26,137,70,43,65,143,49,128
blue,74,97,138,69,80,43,155,148,49,79
blue,31,5,144,49,9,110,98,121,116,70
red,110,142,43,19,9,74,28,55,150,120
blue,110,107,43,49,153,62,98,144,51,27
blue,36,46,91,9,158,35,107,43,129,100
red,43,107,56,52,5,65,130,143,29,128
blue,57,154,101,147,158,110,130,43,133,160
blue,47,130,54,51,82,78,134,150,76,9
red,20,130,43,29,15,92,65,138,76,4
red,62,23,43,85,119,19,75,120,51,5
red,90,40,43,137,153,36,141,121,147,70
blue,43,154,104,29,148,22,134,2,76,45
blue,43,60,144,106,93,103,145,148,76,5
blue,47,46,56,29,93,43,67,155,76,128
red,43,75,143,29,119,81,54,140,24,70
blue,78,58,148,29,158,53,13,121,150,96
blue,0,58,94,51,119,36,98,43,76,128
red,22,65,43,54,110,151,23,155,51,153
blue,2,155,151,133,153,43,26,132,51,128
blue,110,40,43,136,74,78,155,150,17,148
red,22,46,138,76,158,74,23,43,49,45
blue,91,87,151,137,100,43,134,122,116,128
red,37,41,43,49,14,101,65,56,29,153
red,43,91,55,137,128,107,28,56,17,5
red,2,102,43,76,118,121,61,94,54,53
red,47,28,1,137,158,0,155,43,54,66
red,48,107,56,50,70,135,60,43,8,9
red,78,67,89,106,66,97,134,43,85,70
blue,115,77,1,147,128,43,13,144,156,120
blue,110,38,20,29,14,43,82,71,17,109
blue,127,91,122,17,66,74,58,43,156,100
blue,110,38,1,133,70,0,26,43,9,153
blue,35,46,43,51,45,42,54,94,129,128
blue,31,154,138,29,158,0,38,1,116,119
red,78,30,43,17,93,31,23,97,29,53
blue,0,54,43,51,126,152,65,140,63,74
red,144,58,127,51,108,134,65,43,69,80
blue,0,141,56,116,5,114,111,43,106,93
red,36,40,43,24,158,110,26,0,137,71
blue,0,102,148,129,70,91,146,121,9,119
red,101,74,98,51,160,43,44,32,76,12
blue,74,40,140,69,80,47,58,144,24,100
red,0,142,122,50,118,47,38,11,29,128
red,36,67,94,17,71,22,107,121,51,15
blue,144,145,55,147,120,34,40,43,137,79
blue,152,98,56,50,70,35,87,68,76,80
blue,36,134,155,29,118,22,30,144,116,45
blue,22,26,105,116,82,112,58,121,51,16
blue,112,78,115,76,100,135,142,37,17,71
red,112,87,97,17,108,115,91,150,29,153
blue,112,130,151,9,71,115,142,21,17,74
blue,112,23,155,116,153,127,40,7,24,5
blue,7,141,124,116,96,90,13,11,29,53
red,74,65,11,76,93,34,38,143,106,96
red,112,84,122,133,12,34,40,1,29,119
blue,34,65,1,51,99,90,92,143,76,70
red,112,61,121,106,99,151,40,105,116,153
blue,112,38,89,54,119,0,27,151,133,153
red,39,107,150,116,80,112,88,64,76,158
blue,43,102,148,50,70,0,78,143,76,82
blue,88,65,105,76,82,131,130,55,29,148
blue,48,38,121,109,71,112,26,89,9,53
blue,150,134,69,71,109,0,40,2,52,53
red,112,54,151,76,100,110,46,53,24,5
red,37,65,56,69,80,112,46,143,109,108
blue,112,102,121,17,126,35,13,104,109,114
blue,112,13,121,69,96,151,130,33,54,93
blue,112,65,33,116,96,18,124,93,76,41
red,72,27,93,52,14,112,78,3,51,100
red,34,13,120,9,14,112,46,143,129,96
red,88,40,104,123,108,22,38,68,76,139
red,22,155,121,109,9,110,38,11,17,12
red,103,38,154,109,4,47,84,143,17,53
red,103,38,2,51,93,74,124,43,76,153
red,103,60,140,8,128,131,38,124,129,80
red,104,38,144,17,71,90,142,73,24,80
red,31,38,55,76,45,103,13,159,51,93
red,43,102,120,17,53,59,38,143,52,82
blue,36,65,157,8,14,34,38,1,17,71
blue,130,38,143,9,70,107,13,151,29,153
red,0,130,143,137,30,74,141,121,24,82
red,103,78,104,24,126,151,154,94,29,112
blue,35,38,159,17,12,103,102,143,52,5
blue,90,40,6,133,70,0,44,151,76,5
blue,119,130,150,109,108,74,134,151,9,45
red,0,92,11,29,12,22,78,151,123,108
blue,107,58,121,17,4,37,40,56,29,9
red,135,58,53,122,4,18,84,142,24,66
red,135,27,94,52,5,0,28,150,51,159
blue,88,75,105,52,93,146,26,155,9,12
red,59,92,6,24,128,135,46,1,136,148
blue,36,65,121,63,66,112,74,159,137,70
blue,18,65,105,51,158,31,74,94,9,100
blue,12,65,159,109,108,90,98,1,76,158
blue,22,142,144,52,37,90,98,2,17,53
blue,91,149,7,24,153,74,38,2,17,71
red,91,23,155,150,45,0,27,101,51,74
blue,0,61,121,157,128,38,65,68,76,93
blue,151,13,64,8,110,45,149,121,51,74
red,112,65,89,156,119,34,155,143,116,12
red,151,38,2,51,82,0,94,148,143,110
blue,31,141,133,17,79,37,65,143,136,53
red,151,142,90,41,71,135,13,1,17,82
red,47,38,120,129,99,57,46,56,76,95
red,110,65,89,109,108,118,38,124,17,71
red,101,107,121,150,99,36,30,144,85,12
blue,47,23,1,76,90,18,75,124,24,93
blue,57,40,140,116,53,31,134,2,29,109
red,151,134,124,133,119,0,142,2,51,14
red,0,13,109,17,71,43,107,64,129,93
red,47,38,143,76,71,34,154,64,51,12
red,101,74,19,29,53,12,13,64,17,82
blue,135,98,143,116,41,35,141,26,109,153
red,45,78,55,51,82,103,142,68,109,127
red,45,60,64,52,82,0,86,55,76,119
blue,52,58,64,17,79,59,141,121,76,93
red,0,60,55,116,53,47,38,11,49,158
red,2,65,104,29,71,18,87,140,17,70
blue,151,40,19,24,128,74,65,121,136,45
red,103,46,26,17,53,39,130,159,8,128
blue,31,38,140,116,12,103,78,1,29,93
red,0,46,151,157,12,18,38,143,50,128
blue,18,44,37,150,12,74,65,140,69,66
red,0,124,19,116,12,135,67,129,52,100
blue,115,13,120,24,12,114,94,121,17,53
red,59,154,94,76,12,0,54,150,129,93
red,151,142,144,116,119,114,38,150,76,41
red,151,23,150,17,12,22,65,120,9,96
red,150,84,129,76,45,3,141,55,52,93
blue,151,84,131,116,74,53,141,124,8,119
blue,22,65,11,109,119,151,88,53,76,108
blue,151,75,104,17,80,45,142,19,29,121
blue,151,154,119,76,153,78,155,143,106,100
red,151,67,37,106,96,45,134,121,133,108
blue,151,77,120,150,118,135,40,143,116,153
red,53,130,121,76,119,151,26,91,109,82
blue,151,13,89,76,45,115,125,55,109,158
red,151,38,121,54,53,92,65,55,76,80
blue,112,130,19,17,71,151,74,11,29,53
red,151,61,155,157,12,3,46,143,51,82
blue,151,74,35,109,82,31,46,105,51,53
red,151,98,122,9,70,90,38,53,52,82
red,150,88,64,133,70,151,40,68,29,5
red,59,134,62,29,53,151,38,55,136,93
blue,36,134,64,109,108,150,38,121,133,93
blue,88,65,124,85,118,151,84,121,76,5
blue,150,40,124,76,153,0,44,59,133,7
red,151,44,121,76,16,103,38,89,51,82
red,151,75,1,76,9,72,40,55,8,100
red,151,125,144,137,45,74,142,121,29,108
red,31,38,140,17,45,151,124,33,51,93
blue,107,65,121,133,45,151,44,83,51,160
red,151,54,121,17,71,31,154,2,106,133
red,47,91,143,50,120,151,65,11,76,12
blue,18,40,64,29,53,47,38,143,17,27
red,135,98,1,156,66,151,124,140,116,153
red,150,87,1,29,53,36,38,54,109,108
blue,150,54,75,76,153,121,40,120,106,108
red,151,60,19,24,5,112,23,53,157,93
blue,31,77,2,133,153,151,74,120,8,128
blue,135,38,150,157,108,118,27,151,133,93
blue,74,13,73,29,118,151,124,121,17,71
red,18,77,157,17,71,112,154,143,106,82
blue,151,67,143,9,100,112,125,94,54,80
red,47,65,20,52,5,151,26,43,50,100
red,151,60,35,109,93,0,142,1,156,119
red,74,61,144,24,100,42,117,124,106,14
blue,101,13,150,136,120,22,44,143,85,96
blue,18,38,139,29,158,115,46,121,17,119
red,18,78,121,76,5,114,40,109,9,158
blue,114,38,89,51,12,48,149,143,116,118
blue,150,149,2,9,93,53,38,59,29,96
red,27,141,88,50,70,0,91,1,8,99
blue,145,46,11,9,70,22,67,120,133,93
red,155,88,89,69,41,90,78,68,24,80
blue,0,40,159,52,93,43,102,64,69,80
red,22,141,140,156,153,115,40,122,147,109
red,53,38,94,76,100,112,40,121,69,153
red,104,13,150,9,100,0,92,2,17,5
red,152,142,121,116,128,90,40,1,52,14
red,7,38,140,147,158,78,134,86,51,14
blue,0,65,90,24,9,101,142,19,51,66
red,81,88,121,52,14,107,74,151,76,4
blue,36,84,34,29,9,88,61,89,49,148
blue,112,79,151,116,100,36,38,26,51,66
blue,103,65,33,17,53,101,58,124,136,100
red,107,23,151,116,80,91,78,34,133,70
red,43,142,124,24,82,88,92,2,150,16
red,88,92,109,52,93,35,154,26,133,82
blue,88,142,64,52,82,127,77,150,129,45
red,72,46,148,150,100,109,77,2,29,118
blue,90,38,11,29,119,53,142,54,129,5
red,72,58,143,24,14,112,84,0,29,118
red,91,65,56,157,158,42,125,11,51,82
red,154,124,155,76,5,107,77,140,54,108
blue,110,13,144,17,128,0,26,155,29,53
blue,18,78,150,116,148,0,67,43,17,12
blue,47,61,104,52,82,92,38,109,24,100
blue,27,65,105,52,82,0,74,121,76,100
red,27,38,101,52,93,2,125,110,116,70
blue,0,142,68,76,41,37,91,121,106,82
red,18,60,121,76,9,102,142,1,109,108
red,142,149,159,52,5,92,38,143,76,119
red,57,111,94,106,4,31,102,138,129,93
red,2,40,0,109,118,34,67,31,51,82
red,0,134,121,106,93,131,38,19,49,53
blue,59,113,115,106,93,107,13,137,116,80
red,102,107,33,76,80,95,92,143,51,100
blue,51,142,124,76,91,72,23,150,52,14
blue,101,54,68,116,70,2,84,94,106,74
blue,131,13,120,116,108,126,88,2,137,70
red,47,149,109,116,53,131,65,105,17,45
blue,88,141,83,52,128,45,134,94,116,12
blue,43,125,138,8,70,74,38,56,17,53
red,59,38,129,116,45,0,130,2,133,66
red,0,13,143,52,66,44,78,125,17,53
red,35,78,121,52,128,102,65,11,76,82
red,0,124,94,52,53,151,65,1,133,158
blue,72,98,143,116,12,90,30,35,76,100
red,115,75,121,116,45,90,84,101,133,118
red,0,134,121,106,99,59,38,140,9,4
blue,18,154,132,116,53,59,38,2,76,118
red,91,102,53,69,80,0,77,122,116,82
red,37,142,56,8,108,47,44,121,69,80
blue,104,60,91,116,148,7,46,103,51,74
blue,43,60,1,8,82,151,65,122,9,100
red,18,154,109,116,5,0,84,122,137,82
blue,18,130,3,116,118,0,65,151,54,9
blue,110,92,154,9,108,88,74,56,76,99
red,0,38,2,52,100,107,65,121,76,80
blue,103,40,19,116,158,38,13,121,133,100
blue,88,154,155,157,53,135,40,120,116,119
red,47,46,59,116,53,112,61,33,8,128
blue,0,75,158,17,119,43,40,89,116,118
blue,101,40,157,76,108,145,60,143,29,128
red,47,125,143,116,100,114,142,1,52,82
blue,18,124,68,17,53,0,58,1,109,123
blue,88,26,151,109,93,31,86,2,17,71
blue,115,13,1,8,45,43,134,121,17,12
red,35,78,151,51,133,112,38,121,17,71
blue,74,40,19,137,12,146,117,89,51,93
red,43,98,124,129,96,0,13,64,106,100
blue,97,125,140,9,70,115,60,64,76,66
blue,44,65,121,76,82,0,13,1,133,16
blue,151,98,55,76,118,105,61,62,69,153
blue,62,26,143,133,9,59,65,142,29,12
red,74,13,121,123,9,88,155,150,138,70
blue,22,142,143,29,118,112,102,2,24,93
blue,90,58,1,133,12,0,98,19,51,99
blue,91,65,150,122,66,112,46,2,24,118
red,36,27,64,76,99,112,142,68,106,4
blue,47,61,151,116,109,72,60,22,19,45
blue,112,65,140,24,66,59,61,94,106,45
red,137,134,121,17,81,112,40,138,116,53
red,112,58,56,41,53,131,40,1,85,100
red,31,125,68,76,14,112,46,2,52,66
red,112,38,124,133,93,18,65,53,8,114
red,112,38,64,17,100,34,134,121,133,158
blue,110,142,132,69,128,112,125,2,24,82
red,31,27,121,52,93,22,23,151,156,158
red,53,142,125,54,80,0,149,132,137,108
blue,47,38,2,147,96,107,54,150,76,158
red,22,91,143,29,70,88,154,121,17,71
red,88,38,55,109,108,0,117,124,51,74
blue,90,38,155,133,99,114,102,94,150,53
blue,0,65,143,106,93,144,38,151,76,96
red,22,130,122,9,4,59,98,71,106,126
red,0,28,94,49,5,59,65,124,69,118
blue,47,40,2,76,5,0,142,124,9,12
blue,2,125,1,17,71,67,13,0,29,153
blue,22,130,140,29,100,19,149,65,52,128
red,0,142,150,54,99,31,38,121,137,70
red,35,13,143,17,53,47,75,121,109,108
red,0,141,143,129,82,135,27,11,24,66
blue,158,38,155,157,96,22,44,19,17,100
red,114,142,121,17,80,22,26,148,49,53
red,31,27,154,49,53,146,84,155,137,119
red,22,61,19,9,118,90,40,109,17,5
red,22,38,124,116,14,47,74,2,52,16
blue,22,13,115,148,53,0,130,55,76,80
red,114,65,124,76,119,35,38,2,52,53
blue,22,65,1,29,119,90,78,129,17,100
red,47,40,62,17,100,134,102,121,116,82
blue,22,141,148,17,12,39,142,3,29,82
blue,47,38,26,9,93,43,74,124,17,12
blue,22,13,2,106,99,25,40,140,7,108
red,22,61,121,35,87,112,38,1,9,100
blue,151,86,159,133,100,47,13,1,17,45
red,59,125,159,8,118,22,75,124,52,87
blue,22,38,121,116,99,137,13,1,109,108
blue,22,74,56,29,128,59,13,34,51,45
red,42,26,35,76,14,0,104,94,24,139
red,22,84,94,156,53,31,65,21,17,119
red,151,23,150,133,70,47,130,121,76,45
blue,22,134,129,24,120,0,40,53,137,139
blue,22,65,140,52,100,37,98,11,76,93
blue,22,75,11,17,71,97,65,33,52,128
red,47,38,143,29,108,31,107,11,49,153
blue,135,142,143,8,128,47,44,151,24,66
red,88,78,11,50,119,47,65,54,17,70
blue,34,155,68,49,148,0,54,35,17,14
blue,22,142,56,29,53,0,38,143,17,71
red,22,87,53,50,70,18,38,89,8,128
blue,31,65,59,17,79,22,84,151,24,66
red,53,141,151,19,12,47,91,124,9,120
red,112,98,121,116,45,22,91,1,24,108
blue,22,65,33,137,100,35,38,120,54,82
blue,47,125,121,24,118,12,46,11,29,53
red,22,40,140,76,100,0,130,2,51,119
red,0,38,104,106,82,2,142,11,17,45
red,22,38,1,8,70,88,61,89,49,53
red,34,60,26,51,82,22,13,64,24,74
blue,31,149,140,19,70,22,75,143,8,100
red,91,107,56,47,158,90,54,3,17,12
red,94,84,150,116,82,22,91,158,51,93
red,22,142,68,8,70,0,65,1,17,12
blue,0,38,139,24,100,22,87,121,51,96
blue,31,77,11,156,53,22,46,159,49,93
blue,47,74,133,24,53,0,40,1,109,93
red,22,23,155,8,128,0,74,1,76,110
red,151,97,143,29,82,115,102,138,8,53
blue,48,84,109,133,153,151,54,125,29,93
blue,151,67,93,52,108,22,61,120,109,66
red,151,65,2,51,5,0,44,11,133,114
red,0,40,37,76,70,151,13,26,49,158
red,151,125,14,9,64,103,54,155,17,119
blue,151,38,140,69,70,19,77,2,51,158
blue,47,54,150,29,74,151,23,94,51,99
red,47,27,32,52,29,18,67,138,85,93
red,151,141,138,49,93,104,117,121,133,37
red,18,134,11,9,53,0,86,124,133,143
red,88,26,91,129,15,151,74,2,133,37
blue,145,130,26,116,108,151,107,159,50,5
red,37,46,150,17,12,151,145,132,76,93
red,150,117,2,54,80,18,141,33,116,108
red,151,46,121,17,71,39,38,11,135,108
red,115,117,144,9,109,47,54,155,102,44
blue,22,98,143,17,71,112,38,151,109,45
blue,74,98,155,109,118,112,125,64,17,5
red,31,78,159,51,82,39,88,131,133,70
blue,0,40,121,136,82,22,145,132,8,16
blue,18,46,1,133,53,35,65,19,17,71
red,112,46,2,9,70,12,60,121,76,71
blue,20,13,143,17,64,151,27,33,50,53
red,74,142,2,29,53,78,65,64,51,82
blue,74,13,151,76,82,35,142,159,150,93
red,114,149,55,116,108,74,38,124,17,93
blue,90,61,140,50,70,74,65,11,17,53
blue,90,141,11,17,118,88,78,124,24,82
red,101,38,140,8,158,97,107,151,133,70
red,62,38,140,133,45,0,98,64,76,5
blue,114,40,56,116,70,34,149,121,24,82
blue,39,134,121,109,108,74,102,19,17,53
blue,0,38,143,109,108,74,23,2,24,93
blue,114,98,155,8,71,0,26,11,51,100
blue,112,58,136,9,45,39,47,151,29,14
blue,115,60,121,116,123,45,141,140,133,53
blue,0,61,121,106,82,88,77,143,109,16
blue,81,125,104,106,112,114,40,53,51,108
blue,88,46,140,76,82,37,61,56,8,100
red,37,38,89,147,5,43,61,121,29,118
blue,36,125,121,85,153,88,78,19,52,128
blue,0,40,56,76,128,31,102,143,106,14
blue,0,38,37,106,93,131,40,124,49,108
red,22,142,143,129,66,72,134,151,52,82
red,62,124,7,106,5,0,78,121,85,108
red,88,74,140,150,108,35,61,121,156,12
blue,62,134,159,76,12,74,58,11,9,158
red,37,130,143,150,82,18,92,1,76,118
red,22,65,120,17,41,103,46,1,54,66
red,110,60,2,138,153,37,38,43,76,82
blue,112,61,132,129,70,34,86,121,133,148
red,0,141,55,138,93,90,77,121,63,70
red,37,125,143,24,93,74,124,132,29,9
blue,22,107,11,49,153,18,102,143,106,66
blue,0,77,104,116,70,62,102,11,109,5
blue,22,84,94,106,27,114,38,151,76,93
red,114,124,101,24,93,74,155,55,147,96
red,22,60,121,51,96,57,40,154,116,108
red,78,44,129,8,66,115,113,56,106,74
blue,36,141,132,17,100,112,46,124,52,53
blue,115,65,19,116,119,59,13,121,49,158
blue,103,40,139,50,45,62,154,143,120,158
red,59,98,151,106,5,0,125,104,116,153
red,112,46,33,24,45,47,40,56,76,82
red,34,27,56,24,99,90,38,68,76,100
red,115,84,151,17,82,112,125,104,69,80
red,112,46,54,24,45,18,134,151,119,82
blue,78,40,19,51,128,88,92,81,76,5
blue,37,134,155,147,158,18,141,68,51,5
blue,37,38,143,17,100,22,92,56,24,93
blue,31,13,41,8,5,112,38,121,137,16
red,62,107,121,76,12,103,74,151,109,119
red,37,38,150,49,12,90,74,120,17,9
blue,22,77,1,50,93,34,134,121,49,148
blue,36,13,90,17,118,37,92,150,116,45
blue,25,54,151,76,108,59,38,55,9,119
red,43,13,19,17,45,59,65,140,49,53
red,31,65,109,129,45,47,40,143,63,70
red,78,142,26,9,4,107,77,120,51,82
blue,114,13,109,52,74,115,88,136,116,53
red,115,125,129,19,53,31,78,151,69,80
red,150,77,121,76,153,0,46,64,51,99
blue,107,26,151,69,80,18,84,150,129,148
red,59,77,151,9,119,31,130,121,24,4
blue,31,28,43,69,80,114,142,155,157,96
blue,37,40,150,24,100,103,38,124,109,53
blue,42,130,121,109,12,107,102,143,8,148
blue,31,60,11,116,70,0,78,155,17,53
blue,47,125,2,109,45,97,154,159,85,118
red,45,38,11,9,82,115,40,85,52,126
red,74,65,1,8,66,103,98,121,50,93
blue,131,74,159,116,93,72,26,150,9,100
blue,39,141,151,116,153,91,124,150,129,4
blue,45,40,2,24,14,110,125,143,133,16
red,25,125,68,76,82,101,60,56,29,53
red,35,130,121,24,45,115,30,52,116,119
red,43,74,143,76,82,0,30,151,150,128
blue,0,23,155,49,119,81,60,140,17,45
red,110,130,122,17,71,107,134,121,150,93
blue,135,65,124,51,128,112,125,121,76,71
blue,101,142,1,17,71,81,65,136,76,93
red,101,65,121,133,74,0,13,2,129,45
blue,0,38,1,29,53,90,40,2,17,108
blue,101,40,121,17,45,37,23,94,136,14
blue,59,46,1,51,158,0,54,151,136,148
red,92,88,68,52,128,103,23,150,109,108
blue,154,23,150,85,119,104,13,101,147,70
red,74,65,120,49,148,31,124,94,76,66
red,0,58,155,120,158,2,87,151,133,153
blue,0,44,143,8,5,47,26,150,116,53
blue,36,23,101,116,53,47,40,72,51,126
blue,31,38,121,50,158,18,141,143,52,82
red,35,98,140,17,119,101,65,68,133,27
blue,18,13,33,17,71,78,130,151,76,53
red,131,65,68,17,70,34,23,43,76,93
red,103,87,1,69,80,131,92,109,116,119
red,110,38,143,116,119,43,107,35,133,12
red,0,67,155,17,93,110,38,148,54,80
blue,90,65,121,17,79,35,141,150,54,93
red,74,141,121,17,66,36,91,2,116,128
blue,137,13,89,8,119,22,107,55,9,100
blue,22,46,151,109,53,90,54,150,24,74
red,103,26,151,109,118,62,54,155,50,119
red,103,74,143,9,100,91,40,59,106,93
blue,22,84,142,116,100,151,40,143,76,5
red,101,38,120,17,4,137,26,151,129,70
red,107,38,143,9,93,142,46,121,106,100
blue,31,65,121,49,119,2,40,151,109,108
blue,158,23,129,116,74,31,40,143,24,128
blue,145,77,89,24,119,103,40,154,133,158
red,0,38,64,17,53,43,84,143,9,148
red,0,38,143,69,118,135,154,121,8,158
red,53,38,148,52,14,127,155,120,76,4
blue,146,65,11,52,5,107,38,139,76,153
blue,123,23,150,49,118,103,13,143,133,159
red,103,54,94,133,93,78,86,155,106,100
red,91,124,53,76,66,131,46,19,50,82
blue,35,141,0,19,74,135,40,124,76,100
blue,37,38,2,9,93,103,54,150,24,99
red,131,38,1,136,119,114,78,48,69,80
blue,36,38,2,120,108,78,54,150,17,74
red,0,54,94,8,128,43,61,55,51,99
red,18,77,89,17,53,115,46,150,41,82
blue,78,91,34,76,45,74,40,144,24,119
red,90,38,124,76,108,0,60,105,29,53
red,90,38,1,17,71,155,124,43,51,96
red,135,124,55,116,9,112,87,26,8,70
red,135,54,94,24,9,34,154,64,116,70
blue,112,141,121,17,80,18,38,124,29,53
blue,36,26,94,63,159,103,40,132,116,70
red,34,38,64,9,53,135,46,89,17,118
red,115,86,75,54,93,144,40,124,116,12
blue,131,40,150,109,53,72,130,71,29,12
red,0,46,11,17,153,2,40,151,116,53
blue,31,102,56,17,119,101,67,94,116,70
red,112,92,53,8,9,39,98,120,76,96
red,158,65,64,17,118,47,13,11,109,4
blue,118,65,2,24,71,115,124,155,69,80
blue,31,142,64,24,45,74,141,143,17,80
red,36,40,64,17,128,0,61,121,69,80
red,88,141,143,76,70,0,65,1,29,159
red,35,58,143,109,93,41,60,53,51,121
blue,31,54,155,9,108,0,125,159,24,96
red,0,46,148,51,14,43,102,132,76,70
blue,36,65,143,76,45,88,60,6,116,158
red,34,13,121,69,80,135,75,89,116,119
blue,112,38,64,137,70,12,13,2,17,53
blue,78,130,122,8,71,88,40,89,9,53
blue,43,134,1,29,80,53,65,151,24,74
blue,146,91,104,52,5,0,92,11,24,100
blue,48,13,122,52,9,90,38,71,8,14
red,0,84,121,9,70,81,134,21,17,71
blue,0,40,140,51,82,18,38,121,9,45
blue,45,40,89,17,109,0,13,121,49,53
red,146,124,151,9,123,59,46,155,24,128
red,3,46,9,51,53,103,125,10,147,14
red,88,13,121,9,66,31,61,19,76,158
red,112,74,120,51,99,88,130,53,76,12
blue,144,141,103,8,128,22,37,26,150,96
red,107,124,151,17,119,101,61,11,49,53
red,143,13,150,8,70,34,141,121,17,119
red,0,23,150,76,70,137,104,151,51,66
blue,47,65,11,50,70,35,91,26,17,71
blue,101,60,11,9,70,0,141,159,116,108
red,112,154,140,17,71,90,75,89,24,128
red,101,142,6,109,108,18,65,136,76,118
red,53,141,11,51,99,36,88,89,52,128
blue,41,145,0,52,100,151,26,148,76,71
blue,74,141,148,69,80,151,107,121,76,45
blue,59,38,64,49,53,31,13,2,17,70
blue,72,142,1,8,128,0,26,158,24,14
blue,110,124,2,17,108,36,44,90,24,93
blue,88,65,154,109,93,2,142,158,129,82
red,18,60,121,29,93,31,98,148,137,96
blue,37,141,154,157,66,36,78,155,17,93
blue,0,130,121,52,66,88,58,143,17,16
red,144,141,53,51,128,59,77,3,24,93
blue,103,27,140,63,70,90,44,151,29,66
blue,0,40,109,9,108,41,77,94,116,12
blue,53,74,121,76,110,41,26,151,49,82
red,3,78,151,49,148,41,38,19,76,45
red,88,154,11,137,119,22,91,2,106,66
blue,34,84,120,17,9,88,107,121,109,108
red,22,141,19,116,82,77,26,124,17,71
red,47,130,53,8,64,25,40,124,51,119
red,35,84,43,29,93,144,61,94,106,66
blue,88,130,64,41,153,2,40,105,49,158
blue,131,61,121,129,82,22,149,89,17,12
blue,101,26,90,136,108,0,98,54,129,109
blue,103,67,155,17,71,77,84,150,136,70
red,90,46,11,49,71,101,74,121,17,53
blue,22,40,43,109,93,47,142,151,41,121
blue,31,30,155,106,96,114,38,151,24,128
red,47,102,155,54,91,151,26,43,8,128
blue,103,65,2,106,99,57,124,3,137,96
red,121,60,47,8,70,41,65,151,156,53
blue,0,23,150,138,95,43,13,2,109,108
red,39,38,2,133,82,57,65,11,129,153
red,0,125,19,157,82,48,107,121,24,5
red,18,30,19,51,66,91,84,89,129,93
red,47,124,151,17,53,57,94,1,29,14
red,57,61,121,17,70,59,141,1,52,93
red,43,130,55,136,53,0,46,1,157,100
blue,135,130,121,8,158,0,149,11,52,119
blue,146,124,159,52,74,0,13,120,76,53
blue,0,13,121,116,53,31,61,64,9,148
blue,53,13,131,69,80,115,38,1,109,96
red,47,84,121,29,108,114,40,94,8,158
red,90,38,62,76,53,110,13,143,29,93
blue,158,155,121,51,4,92,26,151,106,99
blue,107,58,132,51,92,88,134,2,129,158
blue,145,74,94,9,158,45,40,140,133,70
blue,131,38,140,136,53,43,125,121,24,45
red,43,60,132,133,158,0,26,53,116,128
red,37,61,1,17,119,90,58,159,52,53
red,22,74,138,51,53,35,130,1,29,80
red,74,142,132,116,53,47,130,33,17,45
red,112,13,1,29,45,151,149,132,17,53
blue,137,142,21,51,158,2,40,94,17,70
blue,72,38,136,52,70,22,13,11,116,158
red,74,142,64,17,71,88,65,124,147,53
blue,115,13,143,29,64,88,23,150,17,148
blue,42,65,121,17,74,135,78,120,49,53
blue,135,130,56,38,119,101,13,121,8,5
blue,126,125,64,24,66,101,65,93,122,54
red,107,60,121,49,119,104,98,150,17,108
blue,90,154,129,51,45,91,28,140,17,53
blue,110,61,143,109,108,52,103,124,106,82
red,102,26,11,8,99,151,28,3,147,9
blue,104,65,122,24,128,119,40,159,17,71
red,53,38,121,85,45,34,134,124,69,66
red,57,77,121,51,14,74,149,151,17,148
blue,137,125,121,69,45,31,77,2,109,12
blue,45,23,86,133,9,47,91,109,76,119
red,31,13,151,109,9,103,65,140,17,71
red,110,124,41,52,99,151,154,150,137,70
blue,90,88,136,17,70,0,23,150,76,80
red,114,40,155,54,4,110,154,150,106,82
red,101,65,121,29,53,107,38,2,19,66
blue,114,74,43,51,12,0,67,109,76,119
red,90,38,121,76,9,31,149,19,8,93
blue,31,77,143,147,12,59,141,148,76,96
blue,31,61,1,8,119,0,60,53,76,5
red,31,78,159,9,119,114,38,151,24,5
blue,36,40,120,9,128,31,117,143,52,5
blue,2,98,151,109,96,31,38,1,156,53
blue,31,102,64,17,53,115,142,148,51,128
blue,47,125,121,137,96,18,40,89,76,128
red,81,61,53,29,45,31,60,1,52,82
red,31,107,143,76,45,112,38,105,106,82
red,31,125,55,50,45,126,26,150,49,9
blue,7,13,150,17,53,31,60,11,8,100
red,72,130,121,133,45,3,40,140,116,153
blue,101,60,105,24,82,146,102,143,51,133
blue,35,98,121,109,108,45,111,19,51,128
blue,34,142,121,29,45,47,67,94,157,93
red,18,30,0,51,128,35,38,19,17,45
blue,35,23,150,29,82,22,125,26,51,45
red,0,125,33,116,14,135,75,143,8,45
blue,103,37,1,50,93,152,65,38,29,153
red,74,142,55,24,45,34,38,143,54,53
red,3,154,143,49,119,31,61,144,17,45
red,151,84,139,116,45,0,134,155,54,108
red,74,23,151,76,45,22,65,19,17,71
blue,101,40,140,8,45,74,38,121,69,80
red,0,46,121,116,53,115,26,64,51,45
red,37,98,148,29,45,35,58,1,9,160
blue,146,26,11,9,153,17,86,105,8,45
blue,0,102,1,17,108,59,61,157,115,9
red,59,130,154,50,45,0,38,11,76,7
red,127,87,143,52,45,0,40,121,106,5
blue,47,44,151,116,45,18,40,120,109,118
blue,12,65,89,147,45,31,26,143,106,100
blue,0,87,6,49,153,121,98,151,50,123
red,110,61,121,116,45,112,67,151,136,119
red,135,74,89,51,82,75,38,1,114,119
blue,91,54,129,8,45,0,98,143,69,153
red,88,130,56,85,45,92,38,124,9,118
blue,0,40,124,106,82,31,74,121,52,45
red,131,130,121,19,45,31,40,120,109,108
red,151,60,89,51,14,47,145,158,76,119
red,59,38,93,29,45,0,40,159,9,158
red,39,134,150,17,45,72,60,140,24,93
blue,101,65,121,52,70,43,78,33,51,118
red,126,98,34,106,5,45,13,120,156,119
red,3,102,148,54,108,31,13,1,8,70
red,90,30,136,52,128,0,40,1,9,70
blue,53,38,124,69,118,31,84,151,106,82
blue,48,78,109,52,93,0,26,91,116,153
blue,88,46,1,8,70,151,67,150,17,12
blue,110,134,151,76,14,0,141,64,51,118
red,0,40,157,24,45,18,27,125,150,14
blue,0,84,91,24,14,18,77,132,8,153
blue,18,46,26,136,14,0,74,124,24,66
blue,88,27,2,52,14,151,125,139,106,74
blue,103,142,33,106,5,112,84,125,116,53
blue,25,142,48,54,96,18,130,121,52,82
blue,112,30,52,9,118,36,142,120,133,119
blue,112,38,121,133,70,114,23,137,106,66
blue,112,40,121,49,158,22,38,151,54,45
red,22,65,121,9,148,112,149,109,17,71
red,112,38,57,51,82,131,40,56,133,71
blue,47,40,53,9,80,112,125,121,116,45
blue,35,77,21,109,112,114,38,94,8,12
red,112,74,144,69,80,31,60,121,129,100
red,112,98,144,50,45,78,38,155,51,74
blue,107,38,144,24,99,112,13,6,116,80
blue,112,141,109,129,93,72,40,26,137,14
blue,112,142,1,133,12,150,87,138,76,128
red,131,124,55,76,93,112,38,144,24,66
red,74,141,1,9,119,31,40,26,52,118
blue,0,142,11,9,119,18,107,136,52,100
blue,0,26,91,109,82,145,13,121,17,66
blue,36,38,2,49,12,59,61,121,17,74
blue,74,141,104,17,71,88,38,52,9,128
red,22,65,121,8,12,31,38,1,76,96
red,112,38,19,106,93,0,61,56,133,53
red,88,134,138,9,118,36,74,109,106,82
blue,22,38,105,52,100,0,13,121,106,5
red,47,65,148,51,119,0,46,89,9,118
blue,88,87,140,147,96,22,130,11,51,93
blue,126,38,2,9,37,88,84,109,17,79
blue,18,65,68,116,45,47,38,104,76,82
red,18,65,143,133,153,0,74,124,116,70
red,88,130,121,24,99,12,40,19,129,15
red,88,46,59,109,45,47,86,11,52,100
red,47,13,144,52,128,88,26,109,106,93
blue,88,77,1,116,93,0,142,120,17,79
blue,0,58,53,76,74,90,40,11,24,80
blue,0,54,124,76,45,78,88,11,17,79
red,18,134,148,52,14,0,30,124,106,4
blue,0,74,121,17,70,47,40,105,52,100
red,43,78,64,137,12,0,125,33,29,96
red,0,78,124,109,108,2,38,150,129,14
red,104,46,143,147,96,88,78,150,29,71
blue,0,78,155,133,100,88,130,124,147,53
blue,59,65,150,133,153,0,142,148,76,119
red,62,61,104,49,158,59,78,155,116,153
red,0,98,68,24,66,31,65,93,17,71
red,103,26,151,24,5,47,60,121,136,99
red,47,78,121,9,70,57,40,65,76,119
red,143,13,114,116,118,2,40,93,76,4
red,88,60,1,157,93,74,77,21,109,108
blue,0,40,7,17,158,88,130,11,133,96
blue,154,60,143,29,53,88,78,55,76,14
blue,62,38,64,24,45,88,98,59,76,119
blue,146,142,7,76,153,74,46,120,116,118
red,146,102,71,29,93,22,65,68,24,5
blue,130,40,148,17,14,146,65,121,133,153
red,107,98,11,156,82,104,75,2,106,66
blue,31,44,150,52,4,88,154,143,69,119
blue,151,107,103,109,66,47,23,0,106,14
blue,88,79,151,24,46,72,78,129,133,70
blue,78,92,34,116,153,35,98,143,17,80
red,22,23,56,150,45,74,94,33,106,99
blue,72,38,7,76,158,88,44,56,49,108
red,0,125,56,106,119,151,65,1,8,70
blue,0,26,142,54,93,88,38,121,116,45
blue,31,54,43,52,93,36,102,143,116,153
red,88,13,120,116,119,151,38,55,106,93
red,72,46,64,133,100,3,65,1,147,108
blue,112,102,59,51,5,0,98,53,116,45
blue,57,61,148,76,108,90,27,94,49,5
blue,0,67,33,24,80,22,102,140,51,82
blue,31,13,94,51,74,151,58,143,9,5
red,34,13,138,85,153,90,65,143,24,45
red,103,65,150,63,108,54,98,143,29,93
red,88,60,120,116,66,37,125,89,76,99
red,31,125,19,17,71,0,13,1,158,108
red,31,60,56,8,100,88,117,121,49,53
red,43,37,35,133,119,22,13,11,116,153
red,88,74,55,156,53,72,13,19,69,80
blue,88,38,1,17,45,35,87,138,51,93
red,2,87,155,51,4,34,65,124,76,99
red,137,78,105,76,99,35,58,1,17,5
blue,135,107,150,120,108,88,13,138,41,139
blue,0,27,151,17,139,44,65,140,69,80
red,43,60,143,49,119,104,38,7,133,53
red,74,130,64,51,133,0,134,151,29,5
blue,88,141,89,24,12,0,92,138,29,14
blue,74,13,7,76,100,88,77,89,129,82
blue,88,13,64,137,74,91,142,19,17,12
blue,88,149,1,106,12,2,102,55,137,133
blue,59,94,121,52,128,22,98,140,29,82
blue,88,65,7,17,53,0,38,120,76,12
red,101,78,121,136,12,114,40,120,24,158
blue,107,65,143,137,70,22,145,121,109,108
red,88,65,154,24,53,22,92,124,17,45
red,22,84,138,51,93,74,26,129,29,45
red,103,38,109,51,64,59,58,7,8,93
blue,31,13,78,136,16,115,84,151,52,5
red,88,125,140,29,153,59,155,148,9,53
red,37,23,155,150,80,43,26,93,51,5
red,36,65,64,24,119,115,125,143,76,53
red,47,46,124,17,53,18,84,2,136,71
blue,36,38,159,24,79,0,37,89,49,41
blue,112,78,150,76,96,0,84,121,106,5
red,18,38,140,76,70,112,84,94,85,119
red,43,141,2,49,118,45,38,143,17,71
blue,114,142,1,51,93,72,38,53,133,153
red,101,38,143,76,53,18,65,121,17,119
blue,47,111,143,29,53,39,65,64,76,82
red,18,125,121,150,45,103,65,11,129,109
blue,43,27,158,24,14,0,40,159,106,100
red,151,13,121,136,82,112,130,26,50,128
red,22,13,53,109,108,47,23,125,133,119
red,65,130,148,85,70,107,154,151,150,37
red,151,40,2,137,153,74,130,159,106,5
red,118,149,64,24,45,59,77,1,85,66
red,18,38,105,116,53,104,92,89,17,71
red,92,149,105,133,118,107,46,64,63,70
blue,22,65,7,129,93,135,92,122,9,148
blue,81,134,2,9,158,45,58,121,50,53
blue,115,65,124,24,5,90,38,121,9,12
blue,90,65,136,49,158,123,84,150,51,82
red,135,38,2,120,5,34,75,143,109,53
blue,43,141,104,9,45,0,23,140,106,99
red,92,65,122,9,148,0,46,143,17,82
blue,107,65,140,17,12,135,61,121,156,9
blue,72,38,143,17,53,48,46,1,133,96
red,47,130,109,29,53,115,13,155,129,14
blue,0,38,121,157,12,43,141,143,8,128
blue,84,142,143,116,119,107,65,7,133,70
blue,47,38,64,52,128,94,26,18,76,14
red,31,30,155,76,128,74,91,33,49,53
blue,151,65,143,49,45,90,23,150,76,12
red,0,130,151,109,118,107,77,129,148,119
red,59,38,148,116,128,103,98,55,157,93
red,107,13,121,76,82,35,77,56,129,14
red,59,77,105,17,128,103,60,140,8,53
blue,36,40,89,50,53,103,84,76,17,12
blue,0,26,115,69,80,18,40,158,24,82
blue,31,61,2,24,45,103,58,121,17,5
blue,36,141,148,51,5,112,77,122,133,100
red,135,65,101,54,80,103,23,151,17,138
blue,0,23,150,17,100,103,142,64,109,70
red,107,13,26,76,53,2,142,89,8,70
red,135,40,37,76,5,0,77,56,137,100
red,110,134,53,17,45,107,65,109,76,70
red,31,23,151,136,141,0,87,143,147,45
blue,90,98,89,76,66,127,77,151,19,119
red,0,65,121,76,45,107,75,32,8,70
red,145,92,158,76,16,135,130,11,24,82
red,43,91,144,76,80,37,77,68,133,66
blue,135,38,64,17,53,3,125,33,41,153
red,151,77,7,133,70,2,40,155,17,53
red,3,13,150,109,53,137,38,54,17,158
red,110,23,151,52,114,145,134,150,133,82
red,12,142,121,136,66,22,117,1,51,82
red,135,78,121,50,14,0,65,68,17,71
red,137,38,59,9,104,22,155,55,76,70
blue,2,75,150,109,158,47,65,159,76,119
blue,18,98,143,17,71,47,38,1,54,108
blue,112,28,155,29,53,47,92,121,51,118
blue,37,58,2,9,53,0,125,121,17,71
blue,43,75,124,17,119,135,58,64,51,45
blue,47,142,90,76,45,0,75,155,120,66
blue,81,130,19,17,71,74,61,121,49,53
blue,22,13,143,76,33,43,44,64,129,5
blue,35,27,121,52,66,22,134,124,9,16
blue,74,154,121,49,93,22,40,53,116,12
red,92,61,1,69,80,47,46,140,8,128
red,94,141,124,49,108,31,134,54,24,45
red,18,125,2,51,3,22,38,121,29,45
red,59,61,120,51,16,43,142,1,133,4
red,22,13,1,24,96,35,92,124,8,16
blue,101,134,120,29,41,150,40,11,137,12
blue,81,28,62,9,70,145,142,120,17,74
blue,101,60,11,52,27,103,38,33,9,100
blue,114,98,120,133,15,90,13,89,129,53
blue,154,65,143,76,96,34,142,11,9,71
blue,112,61,89,76,153,110,58,148,129,70
blue,43,91,121,106,96,0,58,19,116,158
blue,103,38,64,106,41,0,74,55,8,45
blue,135,40,11,17,110,0,86,140,116,74
blue,57,92,143,74,108,45,54,69,51,82
red,103,134,11,76,158,91,84,143,116,12
red,35,46,121,51,5,151,86,140,133,79
red,90,149,53,51,74,145,65,64,9,70
blue,72,142,11,9,45,78,125,64,8,128
blue,74,38,140,116,70,31,67,94,76,81
red,151,30,109,129,99,0,88,53,8,70
red,0,125,64,51,45,59,58,140,137,70
blue,101,38,120,148,70,53,141,121,76,108
blue,59,60,2,8,70,74,78,48,29,119
red,59,74,52,133,96,91,27,53,137,70
blue,152,130,121,9,100,12,142,37,24,70
blue,88,134,120,49,45,74,84,151,17,70
blue,90,44,31,51,99,3,67,0,76,80
blue,72,104,3,129,45,53,23,151,150,70
blue,74,77,121,137,45,88,125,138,116,158
red,18,98,151,29,71,35,141,2,17,118
red,103,54,151,123,108,36,125,120,109,9
blue,131,97,11,17,71,20,130,143,76,53
red,35,46,140,17,12,47,141,151,109,71
blue,18,84,121,17,79,68,98,151,51,82
red,72,84,93,49,71,45,60,55,17,53
blue,25,60,68,51,82,22,54,143,29,99
red,151,13,2,109,53,0,84,90,17,71
red,0,46,140,52,70,104,65,94,76,153
red,107,40,19,17,71,47,46,121,49,53
red,94,26,140,17,71,37,65,1,49,14
blue,115,46,121,17,53,110,142,71,51,82
red,0,46,56,106,100,151,65,69,54,80
blue,37,142,125,17,66,0,38,55,116,53
blue,68,65,151,24,53,0,75,159,156,118
blue,72,65,68,52,93,0,38,124,8,71
blue,121,130,1,24,119,72,60,19,49,71
blue,37,91,124,24,14,110,142,121,49,45
blue,74,94,1,51,80,13,145,121,24,70
red,103,38,56,17,45,34,65,64,8,53
blue,53,98,6,17,71,22,94,143,76,70
blue,144,87,65,69,80,150,61,114,49,66
blue,151,60,89,49,158,37,142,129,17,71
red,0,60,144,76,53,43,38,1,156,119
blue,104,78,151,50,123,47,130,121,51,14
red,47,125,55,147,153,0,124,143,51,82
blue,104,60,11,76,45,2,65,1,52,53
blue,145,38,124,29,153,115,78,55,76,53
blue,88,13,26,24,100,115,142,159,29,53
blue,18,13,109,17,12,74,94,151,54,93
red,47,142,151,109,108,0,44,121,29,74
blue,86,40,138,51,82,0,130,124,123,108
red,101,23,94,52,96,112,102,150,9,16
blue,135,30,50,29,96,22,134,11,76,159
blue,18,88,143,49,108,78,40,53,116,12
red,107,130,121,76,99,134,46,138,52,5
blue,2,60,11,106,93,0,13,26,52,100
red,114,87,17,106,100,115,78,62,76,53
blue,31,154,151,129,93,52,130,19,85,126
blue,47,154,151,24,53,2,38,150,137,45
blue,43,134,132,51,53,0,88,121,109,108
red,0,46,1,150,108,25,142,124,76,66
red,0,98,121,9,100,155,13,159,17,82
blue,114,124,148,41,108,0,88,140,150,37
red,146,67,125,24,128,18,142,2,109,93
red,22,13,148,17,93,0,67,140,76,80
blue,72,142,26,17,71,131,38,109,148,93
red,31,130,143,8,128,101,134,148,17,64
red,91,142,7,51,82,115,38,59,76,53
red,145,87,150,52,100,135,60,104,9,53
blue,78,77,53,116,153,7,130,55,49,80
blue,53,142,105,9,45,31,155,121,76,99
blue,90,86,19,50,118,75,98,122,116,82
red,78,88,11,17,53,115,77,2,29,15
blue,135,27,151,116,70,0,38,53,24,4
red,22,125,121,17,12,103,23,150,49,108
blue,158,154,155,29,9,135,84,150,17,45
blue,47,58,53,9,70,0,54,1,51,82
red,59,78,151,133,158,22,97,148,76,71
red,3,142,64,109,119,31,13,148,17,53
red,31,54,62,29,118,107,13,138,17,119
red,74,94,2,17,128,112,61,70,29,53
red,31,26,122,29,93,0,142,56,76,66
red,90,142,1,17,100,56,65,143,9,93
blue,103,40,121,76,119,95,78,105,17,80
red,31,38,33,49,93,107,61,26,76,5
blue,103,65,121,24,45,70,75,143,9,53
red,0,125,121,76,4,18,65,59,106,82
red,18,149,144,69,80,78,38,11,85,153
blue,74,61,143,50,158,31,30,144,137,44
blue,38,87,143,54,93,145,75,2,76,96
red,78,46,140,24,66,112,38,105,51,74
red,59,38,33,50,123,31,65,11,8,128
red,31,46,55,76,82,151,134,121,51,45
blue,88,23,121,150,96,0,65,144,120,109
red,78,102,19,147,12,112,107,121,150,99
red,38,84,132,51,71,62,140,94,52,99
blue,0,60,6,29,96,43,40,159,69,80
blue,72,38,121,17,53,95,130,55,109,108
blue,35,65,148,24,53,0,37,143,17,108
red,0,98,143,106,82,38,61,159,24,66
red,59,134,90,52,128,7,141,0,106,14
red,107,91,94,54,45,57,98,64,17,12
red,91,46,150,54,5,2,102,94,9,100
blue,0,124,150,17,70,31,38,143,54,91
red,151,13,94,51,5,0,141,26,54,45
red,48,13,121,24,5,72,23,150,17,45
red,35,67,33,109,108,137,78,56,24,66
blue,22,38,26,133,153,110,141,2,76,158
blue,0,84,120,29,53,104,40,148,156,70
red,110,84,121,52,100,47,40,11,51,53
red,112,142,144,17,132,43,84,143,49,108
red,2,84,101,52,100,37,40,121,8,128
red,112,84,150,24,70,115,142,94,76,15
blue,22,84,94,76,5,115,134,89,8,45
red,112,38,132,17,71,110,91,2,147,14
red,151,141,89,50,158,90,60,155,76,82
red,88,13,11,109,53,107,130,124,17,148
blue,43,65,1,8,128,59,60,155,138,45
red,22,142,151,51,27,31,88,144,8,66
red,110,65,132,17,93,0,142,121,8,119
blue,18,60,2,17,83,134,40,140,49,71
red,59,78,151,29,53,43,107,140,17,45
blue,43,149,151,76,64,0,88,159,17,128
red,43,84,53,17,96,36,38,148,133,93
blue,151,30,64,147,109,42,26,140,17,53
red,59,65,159,9,16,7,78,151,52,110
blue,2,98,85,49,53,35,61,157,76,118
blue,2,86,151,9,118,0,141,19,24,119
blue,107,125,109,9,99,0,134,133,76,93
red,131,28,150,51,74,90,38,109,129,100
red,12,142,62,17,71,135,28,151,8,100
red,101,134,121,29,53,22,142,1,76,45
red,31,61,1,137,96,90,65,121,106,93
blue,46,38,55,136,128,59,65,64,29,16
red,90,46,132,24,53,74,61,148,17,71
red,7,38,140,76,82,37,134,151,24,45
red,158,13,143,76,119,31,78,132,8,70
red,0,40,121,24,9,135,38,11,137,119
red,91,75,53,51,14,3,98,11,76,45
blue,0,134,121,109,108,151,46,143,17,12
blue,151,40,1,24,82,47,78,2,17,12
red,62,142,1,24,45,0,60,124,109,108
blue,78,102,11,150,100,126,142,121,8,128
blue,2,78,155,29,148,114,125,158,76,70
red,2,125,140,137,14,59,98,155,106,108
red,115,65,159,17,14,46,26,155,54,119
blue,22,155,73,17,71,0,107,150,54,70
blue,72,60,55,17,45,0,141,140,76,53
blue,74,40,11,29,53,47,77,121,8,70
blue,101,26,55,17,53,19,125,155,76,99
blue,0,78,140,17,12,31,67,155,116,53
blue,43,40,91,17,148,151,61,155,54,45
red,90,154,155,109,119,31,130,140,17,108
red,74,65,64,52,100,37,26,155,9,114
red,0,154,155,54,158,59,38,150,76,70
red,144,13,140,106,99,31,27,89,150,45
blue,158,154,43,76,82,31,13,124,49,96
red,88,84,155,109,53,47,141,94,106,121
blue,101,155,120,50,128,62,75,68,9,119
blue,159,155,81,17,148,42,84,62,9,45
blue,18,30,90,52,66,0,27,151,109,108
blue,31,74,11,24,82,135,98,124,76,128
red,90,23,150,49,45,36,13,11,35,158
blue,47,142,121,17,70,112,23,150,51,153
blue,31,44,124,116,128,34,84,121,76,82
red,2,13,155,24,53,0,44,105,108,96
blue,18,98,121,41,82,90,124,109,24,128
blue,53,30,155,106,100,145,142,151,52,5
red,20,26,43,76,96,92,155,1,136,74
red,53,61,120,76,82,31,40,124,133,148
red,104,13,155,50,100,0,97,72,76,44
red,53,124,151,24,66,54,38,2,51,93
blue,0,142,64,54,119,31,155,1,116,12
blue,42,38,121,137,70,152,40,64,76,108
blue,18,98,121,51,5,115,23,150,24,119
blue,115,78,121,8,45,37,61,1,52,100
red,0,61,121,150,66,72,40,158,106,100
blue,0,134,68,133,66,12,75,121,51,53
blue,103,124,151,144,108,0,142,56,106,99
blue,0,38,121,76,82,91,65,124,8,93
blue,37,23,150,76,16,47,155,148,49,53
red,0,65,124,17,53,34,60,120,76,82
red,47,125,33,29,41,115,27,75,106,12
blue,81,75,124,29,53,114,125,1,52,14
blue,31,84,94,54,108,95,78,143,8,93
blue,146,141,120,29,53,101,125,19,17,100
blue,81,142,2,29,53,103,60,121,76,74
blue,31,142,34,109,74,154,61,68,51,119
red,31,38,1,17,12,91,84,151,29,53
red,31,67,155,76,66,74,38,11,51,70
red,0,40,19,29,53,78,38,121,136,119
red,47,84,140,29,158,145,40,33,51,82
blue,54,142,1,29,74,42,38,89,147,128
red,34,27,140,76,99,36,38,26,29,93
blue,37,38,121,51,74,47,40,33,85,64
red,103,38,68,29,80,0,60,157,24,128
blue,115,75,55,133,70,47,78,125,85,53
blue,88,65,140,19,53,101,38,148,51,153
blue,48,107,104,17,100,0,124,135,76,108
red,36,65,140,133,100,0,134,59,155,93
blue,0,46,105,85,114,43,84,150,76,153
blue,47,142,114,49,128,43,125,64,76,153
red,31,104,151,51,82,62,86,1,76,80
red,18,104,34,52,82,101,40,151,109,108
blue,127,38,124,49,80,19,84,101,9,108
red,13,125,37,137,80,43,107,0,19,119
red,36,38,144,8,159,45,30,151,51,5
blue,135,65,54,9,53,18,74,109,17,128
blue,88,38,11,116,119,102,78,56,24,100
red,118,38,143,51,96,158,65,64,69,108
blue,0,92,64,17,71,31,91,26,52,108
red,88,84,151,147,45,47,142,122,54,123
blue,0,65,89,137,53,22,40,121,9,45
blue,107,84,151,137,45,101,134,19,76,12
blue,101,46,105,54,71,18,84,0,24,100
blue,35,38,138,17,15,119,142,56,24,99
red,74,65,121,51,82,0,130,140,69,153
red,47,142,1,8,128,2,38,151,133,5
blue,43,84,56,17,66,47,40,151,76,45
blue,146,134,150,76,53,74,65,120,8,118
red,0,13,143,17,53,25,65,139,76,70
blue,39,65,120,29,53,47,98,124,24,45
blue,48,134,121,49,119,114,65,41,76,45
red,43,38,132,54,82,0,142,7,17,100
blue,31,44,140,116,118,90,65,143,150,108
blue,48,87,90,9,53,31,23,61,50,119
blue,35,38,121,63,119,115,40,19,7,100
red,18,142,121,29,71,43,65,33,17,53
blue,112,142,109,136,45,88,124,120,17,12
red,107,38,148,51,158,19,102,48,69,80
blue,22,141,121,24,45,103,130,143,29,53
blue,115,60,64,17,128,114,38,129,54,45
red,74,13,121,24,93,12,65,64,109,108
red,91,65,120,9,53,47,88,140,17,71
blue,59,84,151,29,153,17,23,124,52,93
red,114,65,159,9,80,53,155,158,156,100
blue,59,65,150,50,53,74,134,94,17,158
red,22,102,121,120,108,35,40,89,76,12
blue,59,60,120,150,153,43,26,2,9,45
red,101,38,37,76,53,18,23,150,17,82
red,92,141,2,69,108,0,78,151,137,119
red,54,38,124,17,119,62,40,159,50,45
blue,145,155,144,116,100,2,98,121,76,5
red,158,125,129,54,82,88,46,143,76,110
red,59,125,120,150,74,0,40,2,90,108
blue,43,154,143,129,53,18,38,1,137,153
blue,90,38,151,53,126,101,98,11,116,158
red,72,46,35,109,82,20,40,124,41,12
blue,3,125,89,8,14,22,26,129,54,5
blue,88,61,121,76,70,114,98,129,109,45
red,2,46,159,29,119,31,134,1,17,53
red,103,130,159,9,70,35,98,140,8,45
red,114,102,19,147,119,3,60,159,76,100
red,112,58,159,147,66,131,40,121,76,80
blue,113,40,121,122,96,0,58,55,147,93
blue,121,65,1,24,45,36,46,53,69,80
blue,0,38,143,76,119,31,125,157,116,153
red,3,155,159,69,74,59,111,33,51,93
blue,110,23,94,85,70,151,130,120,51,153
red,43,98,159,116,53,0,46,11,8,158
red,31,26,121,24,119,115,60,133,109,108
red,118,65,94,122,100,37,60,159,17,80
red,72,77,124,137,126,0,134,64,106,100
blue,31,125,68,29,158,34,107,2,24,12
red,0,98,151,19,108,47,142,2,129,128
red,47,75,159,76,158,31,26,11,8,118
blue,78,40,150,29,93,154,38,121,49,53
blue,74,134,155,37,108,151,38,1,157,66
blue,107,13,121,52,93,151,40,11,109,82
red,36,77,6,52,70,90,38,140,76,45
blue,101,134,120,24,45,0,23,150,69,80
blue,62,46,21,116,158,18,134,1,50,70
blue,12,149,2,69,80,47,142,121,50,100
blue,18,130,143,52,45,91,13,1,85,119
blue,22,142,1,9,14,45,38,53,29,96
blue,127,13,140,52,66,103,77,143,76,93
red,101,65,64,76,99,103,130,159,119,108
blue,22,130,138,147,14,115,40,56,116,158
blue,0,65,19,17,158,101,134,151,24,100
red,90,130,89,49,93,12,142,104,76,99
blue,34,125,68,9,100,144,23,151,76,82
red,114,142,140,109,16,0,84,94,24,70
red,151,65,11,76,93,37,38,143,17,53
red,0,58,1,8,128,146,142,121,50,154
blue,135,84,33,106,82,12,142,143,136,110
red,102,13,19,51,99,47,65,2,29,53
red,114,65,89,49,153,22,155,19,109,71
red,101,58,89,133,16,112,141,2,106,5
red,31,134,1,52,82,0,74,143,110,108
red,0,13,2,51,120,72,38,89,52,82
blue,110,84,143,106,5,59,65,148,9,128
red,115,125,143,51,119,35,30,43,76,100
red,0,60,2,69,120,59,134,151,76,5
red,31,61,124,116,66,34,38,89,17,109
red,18,65,1,133,45,35,38,140,17,53
red,0,40,2,9,53,12,23,121,52,46
blue,90,142,121,24,91,0,38,64,116,126
red,74,60,11,8,70,22,40,33,147,12
red,129,155,154,52,82,53,61,32,137,118
red,114,40,120,116,158,36,61,68,76,12
blue,114,60,155,147,53,31,65,56,8,119
red,0,13,121,116,119,25,38,11,137,5
red,22,61,64,109,108,90,13,143,76,93
red,62,113,72,17,71,2,134,94,116,45
blue,36,155,143,69,153,35,13,109,52,128
red,74,65,121,116,118,110,13,159,109,108
blue,0,28,150,76,96,103,40,143,106,119
red,18,142,144,29,96,53,60,150,133,80
red,31,61,144,76,128,90,65,143,51,82
blue,90,46,143,51,80,74,75,1,76,118
blue,59,75,55,17,71,115,13,90,9,118
red,135,142,7,109,14,115,60,11,17,123
red,104,107,94,29,37,22,65,64,76,12
blue,36,142,148,54,80,90,60,122,24,74
blue,101,61,124,29,118,112,86,1,8,45
blue,88,98,105,108,71,20,65,121,24,82
red,115,67,155,9,53,18,38,68,54,66
blue,103,38,64,147,100,18,78,143,129,70
red,18,75,73,133,70,74,61,140,106,82
blue,107,65,11,52,100,134,46,121,76,12
blue,107,79,155,52,70,121,125,64,76,119
red,146,38,1,76,82,0,154,129,109,120
red,36,79,48,29,158,3,40,1,85,157
blue,0,13,56,9,14,151,125,121,76,96
blue,0,65,143,52,82,18,141,64,129,74
blue,47,74,2,17,53,37,40,121,136,108
blue,36,13,2,9,45,145,38,11,24,93
red,151,60,121,17,33,2,38,0,24,27
blue,2,142,157,76,93,0,65,19,106,118
red,43,107,121,106,4,31,38,59,137,82
blue,35,84,151,51,93,91,44,19,76,82
red,127,40,148,123,108,57,107,151,51,93
blue,34,46,11,76,93,103,13,15,17,71
red,112,38,121,150,64,18,141,33,106,74
blue,104,107,155,76,110,47,94,140,106,82
red,57,84,89,150,121,126,125,37,106,82
blue,7,142,43,19,93,0,86,121,116,53
red,150,75,2,51,4,146,97,140,76,53
blue,88,38,56,17,79,0,46,33,76,5
red,102,79,34,51,70,115,13,2,76,82
blue,74,65,55,116,153,6,75,53,76,118
red,0,74,2,29,119,107,46,6,50,70
blue,43,13,121,29,53,59,142,151,85,96
red,144,13,101,17,53,35,102,55,9,41
red,47,88,148,106,100,135,130,121,51,12
blue,59,13,143,116,108,0,154,151,85,119
blue,0,125,56,137,80,101,124,18,76,45
blue,110,58,64,8,93,47,13,140,9,12
blue,0,65,64,133,66,2,94,150,76,12
red,45,38,26,17,80,0,125,143,9,12
red,59,13,101,74,108,131,37,150,51,5
blue,45,40,105,76,53,0,65,143,17,71
red,31,74,120,116,12,103,26,143,8,160
red,145,75,120,148,45,74,67,155,24,5
red,103,125,143,17,12,74,84,89,51,93
blue,18,107,89,52,120,0,124,140,29,100
blue,18,61,120,50,71,0,44,143,8,70
blue,25,98,2,17,119,101,38,64,116,153
red,31,134,140,24,82,0,40,114,29,153
red,47,13,143,76,16,91,98,140,17,82
red,115,78,105,109,108,34,38,143,29,128
red,0,38,148,17,79,37,13,105,8,158
blue,88,141,143,49,158,90,75,155,9,148
blue,31,44,151,106,5,0,141,7,116,82
red,31,13,109,17,93,152,102,150,54,108
blue,90,142,122,9,93,0,84,150,51,14
blue,90,78,155,8,128,0,58,124,76,119
blue,31,38,56,147,93,74,142,64,76,108
red,144,13,56,133,45,74,23,150,52,82
blue,31,102,120,49,53,0,65,56,109,158
blue,72,28,65,9,45,0,134,56,76,82
red,114,38,155,41,14,0,65,19,109,108
blue,36,38,1,85,153,43,78,142,76,66
red,72,75,56,106,100,0,23,129,51,45
red,0,38,155,54,74,101,84,151,17,12
red,101,141,56,120,108,22,38,7,24,110
red,0,84,101,17,128,145,46,56,106,99
blue,114,46,56,52,100,112,38,19,156,70
red,31,74,56,133,5,88,13,150,116,82
blue,0,38,56,29,53,155,65,144,51,82
red,0,27,154,92,108,112,65,64,76,130
blue,0,40,151,76,99,135,46,121,106,100
blue,91,111,64,52,93,43,26,151,51,82
blue,31,44,43,116,128,110,46,109,138,119
blue,103,44,143,52,96,22,65,56,17,71
red,102,44,143,24,121,135,40,78,52,100
blue,0,54,155,17,53,126,111,159,50,108
blue,92,44,151,8,45,131,40,121,133,82
blue,34,44,89,9,70,31,87,104,76,119
red,103,44,104,51,66,74,28,151,52,139
red,47,44,143,76,82,114,40,140,17,53
blue,0,44,3,8,119,78,26,150,17,53
red,43,44,56,76,93,59,40,151,8,70
blue,103,44,55,136,53,0,27,109,8,70
red,31,44,91,41,80,45,67,0,137,82
blue,135,141,89,17,71,22,44,159,76,14
blue,112,44,19,9,16,91,78,121,52,82
red,0,44,121,129,100,42,40,11,52,128
red,90,44,1,17,158,0,141,64,116,14
blue,146,44,2,9,130,107,13,121,17,5
red,72,44,43,24,93,137,60,11,54,124
blue,47,44,151,17,119,101,26,155,29,53
red,110,44,124,52,128,151,46,1,76,53
red,102,44,55,17,82,34,134,151,69,80
red,59,141,94,116,12,0,44,144,133,70
red,59,44,151,17,53,81,38,148,51,82
blue,2,44,150,17,71,83,38,53,51,93
blue,36,44,143,147,14,0,40,19,24,45
blue,35,44,89,8,128,151,134,59,109,108
red,103,78,155,24,82,0,44,105,116,66
blue,35,78,24,148,80,88,44,21,150,96
red,31,44,56,151,70,36,134,121,8,93
red,102,44,11,49,53,151,134,143,51,14
red,152,44,155,109,118,145,125,159,17,119
blue,110,44,138,8,71,104,78,1,17,80
blue,37,23,125,51,93,115,27,61,52,126
blue,0,54,125,129,108,59,27,29,150,82
red,2,103,3,49,9,121,27,150,24,53
red,0,46,143,76,128,35,60,2,49,74
blue,47,61,1,109,93,22,27,90,76,108
red,62,27,121,150,82,31,23,101,51,93
blue,59,38,154,17,79,47,130,27,9,148
blue,25,134,68,116,70,72,23,150,9,100
red,36,84,121,17,80,115,28,69,76,66
blue,36,78,2,24,119,34,87,57,17,53
red,59,84,38,9,66,127,142,1,52,45
red,78,65,120,136,45,72,40,159,24,93
red,74,98,55,76,119,112,46,56,51,93
blue,91,54,121,106,100,31,60,109,76,53
red,34,60,104,24,5,135,141,124,9,148
blue,37,60,53,147,93,137,26,151,9,148
blue,39,40,53,76,5,72,46,34,109,66
blue,97,65,105,17,71,0,75,33,109,118
blue,37,13,1,17,45,152,141,122,49,53
blue,22,154,55,49,82,0,38,64,24,66
blue,54,154,1,17,108,53,23,155,133,70
blue,107,151,56,51,5,0,124,53,116,66
red,126,115,121,129,66,42,142,144,51,93
red,36,84,140,17,70,62,65,148,129,153
blue,127,26,151,76,70,52,65,19,49,118
blue,91,84,148,24,93,151,38,143,49,45
red,54,60,35,76,99,151,75,121,106,53
red,18,125,121,109,9,145,141,19,17,108
blue,88,38,121,137,119,62,44,125,8,70
red,127,84,109,76,93,146,54,155,49,45
blue,3,141,121,123,108,0,92,120,129,80
blue,90,78,150,49,160,121,38,55,17,45
blue,151,40,121,51,93,0,142,2,24,45
blue,74,142,2,17,71,0,46,140,69,80
blue,0,142,140,8,70,74,38,143,9,45
blue,0,38,120,106,16,102,141,121,76,14
red,152,23,150,129,12,31,46,143,116,80
red,74,142,64,106,66,3,92,121,51,80
blue,37,86,104,76,158,2,58,43,137,45
red,45,27,90,69,80,13,141,2,136,118
blue,112,142,151,24,93,44,88,69,9,70
red,74,26,0,116,70,31,38,124,51,93
blue,35,141,64,51,16,0,78,124,106,99
blue,22,38,68,52,93,114,13,12,17,53
red,74,38,64,49,158,78,23,150,76,53
red,101,84,133,8,118,2,13,154,29,53
red,110,75,59,116,53,101,84,121,108,119
red,0,61,19,49,158,110,107,89,76,99
red,88,61,143,37,100,78,38,159,106,53
blue,12,125,140,116,45,37,65,26,52,82
red,110,125,53,9,70,43,117,144,17,71
red,22,27,151,51,158,37,141,11,49,133
red,74,94,68,17,71,104,60,143,50,93
red,110,130,89,129,82,18,26,94,116,70
blue,110,54,143,129,16,107,58,148,17,93
blue,88,38,124,106,45,37,40,19,76,14
blue,72,28,43,9,124,104,102,131,129,5
blue,101,88,124,106,100,90,98,120,129,45
red,42,38,73,9,119,90,141,1,76,82
red,59,46,150,120,108,43,38,140,139,4
red,81,78,125,51,93,102,155,1,109,66
red,31,78,140,76,93,90,30,121,24,53
blue,77,84,89,17,119,151,124,101,9,45
red,47,78,114,137,99,150,142,121,17,71
blue,12,67,29,76,66,31,149,140,24,119
blue,131,38,64,76,158,18,78,151,51,82
red,3,78,120,69,80,112,149,109,52,128
blue,101,54,150,19,108,123,78,151,52,93
red,43,124,154,150,37,0,60,121,69,118
blue,112,124,3,41,108,88,84,94,157,119
blue,94,54,124,76,99,31,130,143,17,12
red,146,94,138,49,93,0,142,143,17,71
blue,0,142,11,9,70,38,97,143,156,153
red,37,142,121,129,16,135,84,155,52,5
red,103,142,150,17,71,77,97,132,51,82
blue,31,142,2,8,99,42,78,151,133,45
blue,150,125,26,76,158,0,142,41,29,66
red,18,142,120,109,108,22,38,121,17,9
blue,3,38,64,29,153,18,58,55,9,100
red,135,38,144,24,82,151,142,6,138,45
red,127,125,53,49,82,0,142,1,29,93
blue,145,142,140,116,44,90,30,151,17,53
blue,74,38,143,51,119,90,40,120,136,70
red,42,46,148,51,82,74,142,2,76,44
blue,18,142,132,52,5,47,84,150,76,100
red,88,58,138,17,71,105,141,7,116,70
red,127,142,148,8,12,103,46,104,137,70
blue,31,104,151,69,53,0,124,155,29,108
red,31,46,64,137,108,101,78,155,76,159
red,37,13,121,51,99,115,38,109,50,128
red,35,38,7,8,4,0,142,64,76,14
red,36,26,104,51,14,0,142,2,129,66
blue,0,125,122,76,4,37,13,124,51,66
red,135,97,94,138,16,103,142,89,116,82
blue,31,30,2,101,45,0,142,89,17,5
blue,36,78,124,116,70,0,142,158,133,45
red,74,40,11,116,153,101,142,64,76,119
red,47,107,121,17,45,31,124,151,51,153
blue,0,27,125,76,120,43,60,124,133,153
red,101,124,155,52,66,74,13,143,129,100
red,43,92,124,17,79,48,23,150,129,37
blue,135,84,34,17,71,101,125,105,76,45
red,91,40,85,76,158,121,142,124,129,14
blue,91,38,159,9,74,112,13,132,116,45
blue,104,40,43,109,96,45,154,1,76,14
red,72,154,38,116,119,36,13,121,76,128
blue,0,145,64,41,96,22,13,1,129,93
red,18,84,21,133,160,31,142,143,116,100
red,18,13,143,136,12,74,104,155,133,80
red,36,13,155,109,118,121,40,2,17,128
blue,151,23,155,116,45,78,13,150,17,71
red,90,58,56,133,70,91,141,121,76,66
blue,18,58,56,136,53,12,38,144,8,128
blue,107,125,53,29,119,88,38,121,106,45
blue,92,65,26,24,5,31,91,11,106,66
red,42,23,155,49,71,90,61,121,29,93
red,135,91,21,133,4,36,98,26,106,37
blue,104,40,122,129,80,7,142,109,17,16
red,103,40,143,137,45,135,102,121,106,5
blue,0,92,143,116,9,31,78,109,129,100
red,0,58,124,133,70,135,23,144,29,74
blue,0,38,2,147,71,18,84,43,76,128
blue,42,67,150,52,5,112,40,57,17,4
blue,0,23,151,51,93,35,26,148,147,96
red,47,40,143,17,53,91,61,94,24,118
red,74,13,140,17,53,81,142,2,76,45
red,114,13,2,17,80,22,154,150,75,120
blue,101,58,64,110,108,74,65,140,150,37
red,47,58,105,150,108,97,65,132,51,70
red,101,37,94,76,82,151,38,1,8,74
blue,88,38,121,109,119,78,87,151,137,53
red,144,38,151,49,124,110,98,33,76,53
red,0,38,104,129,64,31,98,121,109,53
blue,20,38,120,129,5,45,13,1,52,14
red,151,38,121,116,80,22,149,1,51,66
blue,31,38,155,133,100,62,28,64,9,66
blue,144,60,121,17,53,112,65,143,116,74
red,31,98,55,17,110,114,125,159,51,82
red,145,130,11,17,53,123,46,89,9,158
blue,31,27,48,49,53,2,134,150,17,9
blue,59,13,64,17,118,0,74,73,9,66
blue,59,65,1,76,128,34,13,140,9,41
red,145,38,155,49,41,114,40,7,52,82
red,112,130,120,8,45,92,125,19,17,53
red,151,13,19,17,128,131,124,150,133,14
blue,31,98,2,17,53,135,130,143,76,82
blue,47,78,144,24,82,146,54,101,9,16
red,103,125,121,109,108,78,38,132,17,66
blue,88,27,144,129,82,18,98,89,76,119
blue,37,87,151,49,53,112,23,1,17,128
red,115,30,21,76,153,2,13,120,129,133
blue,112,142,64,17,66,31,87,11,106,82
red,0,38,89,17,53,44,125,109,41,45
red,90,141,89,17,16,145,87,21,156,108
blue,90,37,43,9,53,103,26,143,51,5
blue,39,38,11,17,45,74,61,124,49,53
red,135,141,1,29,9,145,134,159,17,71
red,36,98,144,129,100,114,124,150,76,128
blue,114,91,33,8,158,57,130,148,24,66
red,112,46,120,49,82,53,65,94,76,99
blue,110,141,121,76,82,0,54,109,129,99
red,0,124,155,76,82,90,149,159,17,53
blue,31,125,119,156,82,53,98,11,9,12
blue,0,23,56,1,53,104,75,155,17,66
blue,43,40,89,24,128,36,26,105,17,53
red,103,134,64,106,14,101,141,2,69,16
red,22,5,21,41,99,142,54,12,9,45
red,123,142,1,76,5,0,40,68,29,53
blue,31,13,7,24,100,0,124,53,76,99
blue,47,46,53,109,93,131,65,1,24,119
blue,47,38,53,148,108,18,142,150,109,82
blue,31,40,121,8,53,34,61,19,76,74
blue,53,65,121,24,5,107,98,55,8,118
red,115,84,0,106,45,74,13,53,76,128
blue,0,61,53,9,81,112,26,43,69,80
red,101,98,140,17,100,53,150,64,129,14
red,115,65,140,148,108,0,84,132,17,53
blue,22,38,159,76,45,0,84,155,17,53
red,42,38,143,49,14,34,54,53,76,119
red,53,54,125,17,121,34,67,42,136,80
red,110,84,104,29,45,38,61,159,51,108
red,53,58,121,76,14,114,98,1,51,82
blue,2,38,62,129,93,12,142,53,17,16
red,42,67,64,17,108,0,134,69,29,53
red,43,125,53,8,118,90,141,1,51,99
blue,151,78,33,17,71,43,141,64,50,148
blue,91,124,121,24,82,0,40,53,136,12
blue,0,134,120,109,108,35,23,53,51,14
red,31,107,125,17,108,18,46,154,76,153
blue,84,58,53,133,153,2,60,48,51,45
red,135,30,53,17,100,47,142,159,106,5
blue,43,92,121,116,108,0,98,115,109,74
red,35,60,53,150,80,131,54,151,109,5
blue,91,124,121,29,153,2,65,142,109,108
red,103,54,53,49,93,88,155,121,29,45
red,35,23,157,133,96,107,38,64,106,93
blue,90,38,53,133,70,74,13,19,9,108
red,74,134,53,76,66,25,78,151,133,15
blue,144,125,138,106,82,43,38,53,129,114
blue,112,142,53,51,66,44,40,120,106,93
red,112,40,155,76,70,144,13,53,52,45
red,43,38,53,51,128,47,40,64,116,119
blue,103,38,157,8,53,0,155,121,9,148
red,48,94,157,29,53,2,91,55,17,100
blue,90,61,53,121,12,59,38,43,69,80
red,36,134,15,76,45,53,98,56,52,9
red,74,30,129,50,70,2,98,53,24,100
red,112,84,55,116,108,42,142,89,29,148
blue,35,134,151,8,82,137,65,53,69,118
red,35,38,143,17,45,22,61,53,116,93
red,125,124,56,85,108,18,97,132,52,93
blue,131,13,143,29,41,91,54,53,52,100
blue,101,124,3,50,70,114,40,121,106,82
red,115,40,55,116,70,31,54,121,133,5
blue,22,124,94,8,128,101,23,43,29,12
red,74,98,121,50,70,2,13,124,17,53
blue,103,23,43,24,82,110,125,121,52,4
blue,135,60,56,63,119,0,134,132,8,70
red,91,130,2,129,53,0,13,11,52,5
red,101,134,158,8,82,22,40,2,76,45
red,0,74,121,116,96,103,107,1,49,66
red,103,61,1,9,45,31,38,159,17,14
blue,135,79,151,29,53,45,141,1,76,119
red,37,125,55,76,82,18,26,35,9,108
red,90,23,131,29,14,45,125,143,17,53
red,127,142,1,52,99,37,125,94,129,53
red,0,125,2,52,12,101,54,140,106,93
red,0,125,124,24,100,18,154,94,157,158
red,88,94,104,29,82,0,125,143,51,74
red,146,125,124,52,93,0,98,122,49,66
blue,2,125,155,17,71,103,61,53,144,108
blue,0,75,91,109,133,151,98,83,17,45
blue,90,125,26,129,100,42,98,140,51,45
red,31,125,143,52,96,42,78,89,85,118
blue,42,92,2,156,100,47,125,121,9,82
red,137,40,143,69,45,0,124,91,156,70
red,45,125,104,17,100,0,40,150,49,71
red,131,125,124,9,128,151,46,11,17,71
red,0,125,122,9,45,74,65,11,29,148
blue,88,74,26,51,82,90,125,64,133,45
red,3,125,121,76,70,25,84,43,136,5
blue,37,46,150,116,153,0,13,56,29,45
red,0,86,109,85,12,112,65,120,106,95
red,0,102,121,51,16,36,78,132,147,128
red,127,141,34,109,108,43,102,2,17,71
blue,118,124,0,51,14,103,134,121,106,80
blue,47,124,109,24,119,36,38,105,29,153
red,43,60,121,110,108,59,38,140,24,74
red,31,60,68,52,100,18,74,132,9,96
red,74,141,1,8,66,67,65,140,17,53
blue,41,65,121,29,9,135,87,150,106,74
blue,74,124,143,9,45,144,13,121,8,158
red,112,98,89,76,108,47,13,143,24,128
red,37,149,121,76,70,74,65,2,17,71
blue,107,13,148,76,45,112,142,159,29,96
red,112,86,121,136,45,103,60,140,76,119
blue,88,98,64,116,82,62,30,94,29,93
red,112,40,2,17,74,0,77,143,76,82
blue,0,102,2,8,128,43,65,64,76,9
blue,0,78,150,24,82,43,75,121,109,45
blue,0,30,2,116,93,31,38,121,17,12
blue,41,65,55,8,100,21,141,151,123,108
blue,37,38,26,24,53,43,40,144,17,41
blue,135,65,158,49,12,47,78,61,109,80
red,74,46,2,116,66,43,107,121,76,153
red,110,40,26,8,70,0,58,90,50,93
red,114,58,26,35,108,0,38,148,129,158
blue,3,26,64,116,93,59,74,150,76,46
red,2,37,150,51,45,145,58,94,17,71
blue,103,40,1,116,80,45,58,121,49,128
red,37,58,151,17,80,22,38,140,9,12
blue,115,58,144,51,153,31,102,19,109,44
red,0,141,121,51,4,101,58,1,49,66
red,151,58,132,54,93,0,130,64,129,16
blue,152,58,140,17,119,101,60,64,41,108
blue,127,46,110,24,128,59,141,120,17,119
blue,12,58,143,51,5,0,13,159,29,153
red,20,58,143,85,99,37,141,33,51,80
blue,126,58,56,116,44,72,30,48,51,12
blue,12,13,143,124,93,72,58,53,52,44
red,112,40,89,49,148,74,75,150,17,79
blue,0,58,121,24,128,112,46,143,76,16
blue,7,75,69,41,66,103,58,150,17,53
blue,35,134,11,8,45,127,58,64,133,119
blue,90,58,55,51,66,143,84,101,49,15
blue,59,27,94,106,82,25,78,53,116,41
blue,102,75,2,122,82,107,141,26,24,99
blue,110,134,40,69,80,101,78,94,9,4
red,0,84,151,76,139,45,120,8,127,87
blue,101,84,150,54,53,140,130,0,76,121
red,53,38,143,51,93,47,60,89,54,119
blue,43,46,2,24,45,107,54,155,76,93
blue,151,13,19,54,82,0,26,62,51,93
blue,135,38,53,54,66,37,61,143,52,74
red,103,61,93,157,96,90,13,1,24,82
blue,144,87,150,133,158,47,142,109,24,100
red,34,58,143,8,93,35,124,151,24,45
red,2,102,55,69,80,110,40,132,54,12
blue,47,149,71,24,119,35,142,143,29,53
blue,36,26,94,8,5,0,13,89,54,82
blue,43,38,94,54,71,74,67,34,17,53
red,115,142,53,76,109,2,30,21,29,5
red,88,65,148,69,119,135,125,56,51,66
blue,127,134,3,54,66,90,142,122,116,45
blue,107,26,125,29,100,78,84,94,51,99
red,46,13,68,50,119,36,149,64,29,153
red,146,65,34,63,53,112,26,151,24,5
blue,121,142,34,76,153,101,78,151,129,5
red,31,75,53,24,5,2,26,151,133,153
blue,135,142,109,41,139,31,54,35,129,53
blue,31,38,2,29,53,0,130,143,51,5
red,57,142,90,52,14,81,65,83,24,16
blue,151,142,121,24,100,0,26,114,76,93
blue,135,65,148,8,70,88,38,2,137,12
blue,59,38,121,106,5,135,78,151,138,99
red,0,78,148,106,5,110,38,138,24,91
blue,103,27,59,129,93,101,84,121,51,82
blue,94,26,148,49,12,127,87,155,17,45
blue,114,78,143,17,71,53,98,144,76,5
blue,74,87,151,137,66,135,125,121,116,126
red,47,27,94,51,82,135,87,151,109,80
red,18,124,129,156,82,43,38,140,8,45
red,74,38,43,129,5,36,130,121,17,79
red,45,125,121,116,53,0,26,69,106,96
blue,45,61,154,17,93,151,40,34,76,109
blue,31,44,155,76,45,74,54,65,8,128
red,36,67,150,109,108,0,154,56,76,82
red,101,27,143,51,82,36,91,148,9,16
red,39,77,3,157,118,0,65,120,17,79
red,0,88,121,49,108,37,46,151,9,119
blue,18,92,11,24,66,103,65,121,109,119
red,0,58,109,51,82,31,13,89,136,99
blue,74,91,148,17,157,115,84,143,116,53
blue,0,23,121,76,81,31,40,64,17,53
red,140,91,129,116,12,31,38,132,156,119
red,20,23,94,76,100,144,74,101,51,128
red,0,61,11,116,119,31,134,143,150,45
blue,18,54,94,51,82,34,130,121,156,16
red,101,141,89,76,110,18,13,121,24,82
red,0,23,150,109,71,114,141,26,123,108
red,0,37,121,17,71,53,13,1,106,100
red,0,65,121,49,119,37,91,55,76,53
red,0,74,143,76,53,43,91,144,109,119
blue,0,38,120,8,128,48,130,150,54,158
red,31,130,121,8,45,36,87,11,76,53
blue,53,141,11,116,100,59,13,121,129,70
blue,118,40,34,9,53,0,141,64,17,74
red,91,13,121,109,118,34,98,1,136,70
red,47,37,121,52,82,62,125,119,9,100
blue,0,125,53,9,74,31,27,89,116,82
red,37,38,159,106,82,0,74,143,24,99
blue,0,13,148,51,66,36,142,26,76,82
blue,47,88,143,17,71,31,78,105,24,9
blue,41,13,120,129,70,88,38,26,76,119
blue,126,13,55,9,99,22,141,2,76,74
red,37,38,33,116,70,91,124,121,133,153
blue,0,141,121,147,4,135,13,59,116,5
red,114,142,124,51,126,59,141,94,129,80
blue,0,88,121,76,119,107,13,120,116,118
red,72,125,41,24,91,151,86,55,76,33
red,49,27,151,52,37,36,104,150,24,96
red,74,155,1,76,70,112,65,64,29,5
red,42,54,159,52,14,135,13,143,124,4
red,88,40,89,116,12,114,46,144,51,70
blue,0,60,120,156,53,91,124,1,24,93
red,47,65,159,76,128,35,77,143,17,71
blue,0,54,94,52,100,59,38,121,8,128
red,62,38,159,76,100,47,60,121,17,9
red,2,154,151,156,45,91,125,143,51,82
blue,45,46,121,51,66,47,13,132,49,9
red,34,102,37,136,158,126,50,150,147,44
red,110,40,19,116,71,31,13,121,9,93
blue,42,142,121,133,70,31,40,89,17,158
red,22,141,19,76,66,36,125,140,51,16
red,131,23,155,17,64,135,141,68,76,53
blue,35,134,121,17,53,45,115,89,76,82
red,112,125,21,17,45,155,77,64,76,96
red,0,26,109,137,82,103,65,120,50,119
blue,92,40,121,51,70,134,75,150,9,82
blue,31,107,159,116,118,22,27,73,24,70
blue,115,91,148,29,53,31,107,151,76,96
blue,72,124,125,106,5,36,149,59,17,4
red,31,65,140,17,158,18,87,150,9,119
red,31,78,120,8,16,0,38,143,51,82
red,90,94,11,17,14,31,40,7,9,53
red,31,77,64,148,16,18,87,150,76,5
red,101,65,120,51,5,31,94,144,17,7
red,88,38,11,29,9,127,102,2,137,74
red,74,61,11,24,16,18,77,56,9,14
red,144,141,121,51,5,34,60,2,49,148
blue,115,141,121,29,12,22,46,143,17,100
blue,45,67,2,129,82,18,40,121,106,119
red,22,141,11,116,45,0,134,150,157,74
red,119,40,89,74,108,31,98,120,50,45
blue,31,28,94,9,53,0,40,122,76,93
blue,0,40,104,129,4,36,28,124,116,70
blue,81,40,2,76,119,155,38,94,143,108
blue,101,40,143,138,109,36,141,2,24,82
red,18,40,53,49,45,36,37,68,29,12
blue,135,30,150,133,70,0,28,124,17,119
red,135,40,68,69,118,37,26,151,76,93
red,31,141,1,133,158,103,13,121,156,70
red,74,13,1,51,100,88,141,121,76,70
blue,135,155,1,17,12,31,134,151,76,71
blue,0,38,2,51,7,59,141,70,116,12
blue,36,40,73,156,12,31,58,121,129,120
red,88,40,1,24,12,18,94,55,41,119
blue,47,74,154,52,123,53,40,33,69,118
blue,2,74,150,17,71,36,60,11,76,118
blue,102,74,143,116,45,146,79,37,50,119
red,0,74,64,49,14,94,84,144,17,53
red,144,40,11,133,66,115,91,121,17,71
red,152,141,11,109,108,88,78,21,17,71
blue,74,60,143,147,70,35,141,120,50,119
blue,12,142,148,24,66,88,84,101,106,93
blue,0,67,151,17,96,18,60,89,150,108
red,31,60,56,8,41,2,149,143,116,45
blue,115,60,89,29,96,151,26,120,76,119
red,103,38,55,76,70,135,87,155,136,53
blue,31,27,65,150,96,74,23,120,106,93
red,36,60,11,106,15,43,58,1,52,70
blue,74,98,121,76,66,0,60,143,54,93
red,107,60,144,9,45,31,149,132,8,118
red,101,102,19,17,128,146,38,120,49,93
red,137,125,2,51,74,129,60,121,29,93
red,43,60,53,52,82,0,142,143,144,153
red,2,58,29,137,53,72,142,143,43,84
blue,88,125,19,52,16,62,142,26,129,66
red,0,61,144,51,74,101,98,143,49,53
blue,36,28,125,49,14,43,40,143,51,119
blue,101,61,7,133,93,18,46,143,109,148
blue,52,142,122,51,70,45,65,143,8,118
red,103,78,3,138,93,0,60,64,24,14
red,47,154,1,24,108,59,125,56,29,153
blue,42,40,121,49,45,0,60,1,24,80
red,59,142,150,76,45,151,23,35,29,153
red,72,40,55,76,53,35,125,144,51,12
red,144,38,148,9,128,150,60,121,24,6
blue,115,125,55,17,71,135,26,1,52,82
red,62,78,143,69,80,0,98,55,129,93
red,31,74,143,17,71,59,84,151,52,53
blue,12,141,140,17,108,34,84,94,109,82
blue,18,142,68,17,128,0,38,1,51,119
red,107,67,1,17,53,88,84,94,24,93
blue,90,130,143,116,119,121,38,158,76,128
red,43,107,151,109,14,146,92,159,17,118
blue,74,98,155,17,9,107,142,121,51,93
blue,35,142,11,109,119,2,154,150,17,53
red,0,61,109,17,9,112,46,121,63,70
red,103,98,1,109,108,47,78,150,17,160
blue,103,54,150,9,123,22,98,19,109,108
red,34,61,7,116,119,3,78,155,133,53
red,137,46,143,116,70,0,77,1,8,128
blue,101,65,64,116,12,47,23,150,109,71
blue,31,65,41,9,128,0,92,121,52,5
blue,112,38,89,85,118,34,92,143,9,126
blue,53,27,125,52,16,0,154,64,9,82
blue,18,38,143,54,108,90,142,140,51,12
red,58,65,143,116,53,61,141,2,17,71
blue,0,87,19,69,80,123,26,150,137,45
red,18,37,121,17,12,107,13,35,29,53
blue,56,97,151,17,71,18,75,132,109,108
red,151,44,121,51,93,90,27,101,129,66
blue,90,130,64,76,100,88,84,89,8,108
red,2,98,114,116,45,107,84,33,106,4
blue,31,46,11,24,4,112,61,124,116,66
blue,0,65,68,109,66,101,26,94,9,82
blue,36,46,143,9,128,31,26,94,24,100
red,31,38,1,52,82,0,141,148,24,33
blue,36,74,6,24,108,90,38,104,51,53
red,45,61,120,133,93,47,141,90,51,65
blue,31,124,151,51,93,90,142,143,76,153
red,0,38,94,19,45,146,61,121,133,27
red,31,27,151,24,96,78,103,159,76,82
blue,22,98,75,109,4,107,27,155,17,66
blue,59,142,1,8,9,154,61,11,51,100
red,31,30,11,129,93,57,27,155,9,45
blue,20,61,150,137,120,36,38,132,51,82
blue,47,40,68,8,66,0,38,11,52,93
red,31,37,143,29,119,0,38,79,106,128
blue,146,124,0,94,153,20,38,157,17,122
blue,115,38,56,76,93,127,130,34,24,100
red,103,54,94,49,71,74,149,1,17,5
blue,2,117,124,76,12,18,107,121,8,14
red,31,58,7,51,70,18,87,2,76,121
red,36,78,34,76,80,0,142,121,24,66
blue,62,27,155,133,37,78,65,94,24,100
blue,101,38,55,76,64,135,124,18,8,119
blue,103,84,121,52,100,37,38,1,109,9
red,0,23,94,29,53,107,102,89,150,126
red,101,40,120,9,158,90,26,34,116,80
blue,121,67,62,147,96,2,134,155,133,33
red,0,23,150,76,93,37,117,121,51,45
red,107,98,140,76,132,84,38,2,17,66
blue,22,130,2,29,53,112,98,121,51,132
red,115,46,140,76,93,110,92,1,17,128
red,92,26,19,76,82,35,65,121,17,100
blue,134,60,64,17,45,115,149,140,49,12
red,62,134,64,50,12,101,13,140,116,70
blue,18,124,150,51,5,47,46,121,76,12
red,88,79,155,49,12,151,38,11,51,128
blue,145,38,155,17,12,0,13,2,129,159
blue,74,142,105,76,93,88,61,33,29,12
red,25,65,133,76,12,36,46,11,116,45
blue,90,37,3,9,74,19,13,104,17,45
red,101,13,143,150,64,2,102,120,76,12
blue,43,125,26,17,159,0,97,89,29,53
blue,112,26,56,156,70,101,125,120,17,53
red,31,13,140,8,128,103,155,143,52,93
blue,18,65,2,76,53,12,125,19,17,5
blue,114,155,124,51,66,47,142,140,29,74
red,31,40,157,51,96,114,13,48,9,41
red,119,86,94,54,108,88,97,122,147,82
blue,101,46,138,8,100,145,75,122,136,71
blue,34,40,140,76,82,31,102,143,108,119
blue,112,142,11,109,108,36,141,122,136,76
blue,158,38,143,9,126,103,130,89,49,5
red,121,141,3,17,53,47,51,90,116,71
blue,22,46,2,52,66,103,97,122,17,45
red,151,130,124,138,93,0,134,64,24,66
blue,22,58,90,17,71,47,30,155,150,37
blue,94,46,143,51,66,36,74,2,129,16
red,35,65,159,9,53,131,142,64,17,71
blue,2,77,124,17,108,101,65,104,150,93
red,47,78,90,76,133,131,130,109,69,80
blue,110,86,138,17,82,36,46,1,52,5
blue,118,65,121,69,14,31,142,89,9,53
blue,18,77,37,116,118,0,125,104,106,14
blue,91,142,121,137,96,90,130,0,8,70
red,42,77,2,8,108,104,40,143,116,5
blue,112,13,122,24,108,110,26,133,8,14
blue,47,54,88,76,153,107,84,142,52,14
blue,0,38,143,9,45,91,124,154,49,119
red,151,37,150,49,148,81,46,89,17,71
red,107,77,1,76,74,39,27,29,129,5
red,101,142,19,76,45,104,102,55,49,153
blue,81,61,2,9,80,74,13,124,76,93
blue,110,40,148,116,53,144,84,132,106,93
red,146,91,124,76,119,70,38,89,63,80
blue,74,46,157,76,96,88,54,155,129,93
red,0,124,121,69,108,144,141,89,156,96
blue,58,125,143,76,80,135,38,1,116,70
blue,144,130,68,50,128,90,38,89,133,70
red,22,98,56,76,45,31,46,68,8,16
blue,48,98,2,151,82,42,67,150,76,53
blue,47,75,1,8,70,18,38,121,24,128
blue,134,142,55,76,70,0,133,2,9,45
red,35,60,2,24,45,114,98,143,106,82
blue,72,37,155,29,53,0,38,140,52,82
blue,72,91,140,51,45,115,65,11,116,53
blue,72,78,150,133,45,135,46,68,51,4
red,103,142,55,17,71,2,98,159,76,53
blue,110,111,138,17,45,37,77,94,24,118
red,36,98,81,17,71,78,60,140,76,82
red,2,38,124,85,5,101,141,104,76,45
blue,74,61,132,17,53,91,65,121,49,45
blue,144,149,120,109,93,103,98,1,65,108
blue,18,46,148,76,100,114,77,89,17,45
blue,107,92,68,76,104,47,13,151,17,64
blue,57,61,143,8,108,112,38,35,17,71
blue,59,130,143,17,45,31,38,33,49,158
red,72,77,143,17,14,115,65,91,109,108
red,103,40,26,76,5,37,13,19,85,81
red,151,142,26,54,14,127,58,64,17,71
blue,102,54,150,136,123,37,141,151,17,66
red,43,75,120,116,53,103,40,121,147,5
red,0,61,121,52,128,42,154,120,50,45
blue,107,125,29,109,41,36,13,11,9,108
red,0,92,143,50,119,36,124,151,9,53
blue,72,141,64,17,71,36,98,143,29,148
red,0,124,155,51,7,104,65,11,29,45
blue,39,75,155,109,45,18,60,59,51,71
blue,90,142,140,76,82,0,23,94,17,5
red,90,13,64,51,5,45,38,121,63,70
red,146,87,122,29,93,0,154,120,137,119
blue,59,46,55,29,70,0,38,1,150,158
blue,31,94,52,17,27,0,37,155,129,82
red,44,61,121,133,153,103,26,144,76,91
blue,110,46,124,29,74,0,142,109,17,53
blue,114,98,21,137,100,81,38,68,9,70
red,0,38,124,69,74,45,65,140,76,100
blue,48,37,94,76,53,0,102,120,17,71
red,0,79,151,17,71,91,28,110,49,153
blue,57,13,53,129,99,62,38,1,8,128
red,158,86,90,116,108,2,74,155,24,66
blue,43,61,121,29,100,36,60,26,54,96
blue,18,38,89,133,53,81,46,7,49,128
blue,43,155,1,124,108,145,38,143,29,133
blue,112,102,26,29,158,115,61,104,8,44
red,12,38,121,51,14,31,58,155,109,130
red,101,61,114,17,79,0,40,121,9,148
red,0,23,125,50,53,74,13,56,116,12
blue,101,124,120,50,158,59,46,155,76,70
blue,37,124,150,51,82,92,75,33,8,118
red,74,26,151,136,96,34,77,150,109,108
red,151,102,94,109,82,112,65,2,17,16
blue,43,23,151,109,45,0,61,143,133,74
red,44,78,115,52,5,59,75,121,76,18
red,25,26,151,136,45,59,38,121,17,128
blue,90,65,143,29,96,94,30,150,24,100
red,127,102,33,76,118,18,92,104,133,70
blue,3,38,55,51,100,131,78,150,17,82
red,135,84,101,17,124,146,94,138,133,70
red,135,74,121,8,53,36,78,89,116,158
blue,59,134,33,17,53,31,26,83,76,82
red,145,46,144,24,5,0,61,55,129,12
red,65,141,143,17,45,35,67,151,49,93
red,59,46,89,17,70,103,130,143,76,53
red,22,87,120,24,126,115,54,155,76,53
blue,104,142,144,76,70,74,92,55,17,45
red,0,38,120,106,66,137,54,129,76,74
blue,112,142,11,129,93,74,58,143,150,108
blue,74,38,124,9,16,37,65,143,52,110
blue,146,13,120,8,128,152,78,19,76,119
blue,36,78,151,9,100,0,60,120,52,81
blue,74,38,150,120,93,18,78,64,52,27
blue,107,125,120,9,100,78,141,150,50,128
blue,31,88,120,51,45,37,78,150,8,100
blue,18,78,124,76,5,134,26,159,133,158
blue,25,40,124,51,16,37,61,105,150,82
blue,151,75,132,52,91,126,58,2,120,100
red,59,142,124,52,5,90,60,1,76,100
red,0,130,140,54,108,107,102,56,76,9
blue,114,130,104,123,108,103,40,124,24,99
blue,151,54,1,24,82,102,40,155,106,14
blue,0,40,1,136,108,72,65,2,24,93
blue,107,130,124,9,148,90,13,121,51,93
blue,103,38,64,109,139,0,154,55,76,70
blue,74,38,121,116,14,112,65,2,51,82
blue,18,13,143,147,53,88,78,150,8,70
blue,48,130,143,136,100,151,141,1,8,53
red,112,142,56,24,82,74,65,121,76,64
red,0,46,37,51,12,3,77,121,116,118
red,74,65,140,17,53,131,26,1,156,153
blue,43,78,21,49,158,145,142,64,17,118
blue,37,124,129,17,118,43,141,121,76,158
blue,36,26,94,24,82,110,30,151,50,119
red,0,37,56,17,153,43,27,155,76,119
red,145,23,89,24,96,57,40,2,76,12
blue,39,65,110,29,119,145,23,94,150,108
red,87,125,2,76,145,135,124,151,9,119
red,146,65,121,63,119,31,78,56,51,120
blue,18,142,11,29,119,155,65,104,150,128
red,110,67,43,51,91,74,92,2,29,53
blue,101,23,155,17,128,18,60,140,50,53
blue,43,142,1,50,82,74,134,155,76,120
red,59,38,2,17,128,112,117,19,52,14
blue,35,26,124,24,118,47,54,155,76,153
red,94,38,143,157,71,0,124,150,17,80
blue,0,154,104,24,53,31,98,89,76,153
red,120,40,150,106,5,42,26,21,116,118
red,107,130,151,76,66,0,142,11,133,70
blue,107,38,143,133,53,12,46,19,129,82
blue,90,87,34,76,160,0,38,144,17,12
blue,118,75,151,19,100,103,40,34,133,70
blue,135,38,124,106,14,34,54,2,29,45
red,0,13,64,17,119,59,60,122,76,100
blue,0,98,73,157,96,131,75,1,116,33
blue,0,61,124,156,153,146,84,151,76,82
red,92,46,150,76,80,39,130,89,17,9
blue,0,124,34,133,93,45,130,21,76,109
blue,0,13,21,51,4,37,124,110,116,45
blue,7,97,121,129,66,38,23,26,50,70
blue,90,124,21,51,93,31,141,11,8,70
blue,151,40,64,17,12,72,142,1,76,96
blue,131,86,124,69,119,112,117,158,17,80
red,131,77,132,76,96,2,75,155,29,45
red,131,107,121,116,45,37,38,90,133,158
red,127,40,2,116,53,0,54,150,109,66
red,127,46,64,51,82,143,102,68,76,109
blue,22,92,121,52,14,0,40,159,76,9
blue,0,5,151,157,100,107,75,105,51,74
blue,2,40,25,17,71,120,38,57,129,45
red,22,38,26,133,119,91,142,159,29,27
red,154,61,19,76,66,103,155,121,29,82
blue,37,23,150,106,82,72,88,124,76,100
blue,0,38,56,150,128,112,75,21,50,153
blue,101,27,150,9,118,91,40,121,52,66
red,53,40,121,50,45,22,65,2,76,118
red,88,61,59,29,53,13,142,120,76,74
red,35,54,94,17,71,133,102,2,51,93
red,92,26,133,129,4,59,130,140,147,5
red,0,38,148,76,45,151,13,121,52,80
red,103,26,148,51,5,135,142,120,54,93
blue,37,60,34,109,12,152,13,35,157,118
red,53,84,129,106,93,0,46,48,148,80
red,47,26,143,129,100,18,117,138,9,82
blue,101,46,140,49,9,2,65,91,76,66
red,0,61,53,116,82,112,124,1,129,14
blue,77,97,121,29,53,0,46,124,49,153
red,103,124,150,9,123,18,98,1,138,120
red,31,141,1,52,14,101,40,11,147,153
blue,74,60,0,76,53,43,40,1,120,119
red,59,102,85,17,128,0,142,121,106,66
blue,107,23,151,150,96,59,134,7,29,91
blue,22,135,56,76,118,59,142,143,17,128
blue,2,38,0,76,41,151,54,94,9,118
red,72,149,140,116,118,2,91,151,106,4
blue,131,84,121,17,71,34,75,144,150,118
red,78,13,109,51,66,101,26,56,76,99
blue,47,58,93,116,53,91,65,94,9,45
blue,114,130,121,76,108,137,142,55,9,74
blue,0,134,159,17,45,43,155,89,29,53
red,42,134,64,52,45,90,40,2,29,100
blue,101,38,120,29,158,103,13,105,51,100
red,0,54,138,76,93,43,124,148,17,71
red,36,84,91,29,108,78,13,138,116,80
red,45,84,151,29,118,101,38,1,17,9
blue,35,46,159,29,12,112,38,64,17,93
blue,22,84,120,76,158,47,40,59,29,108
blue,2,65,151,29,5,47,78,59,85,158
blue,72,61,94,109,93,35,65,1,29,96
blue,79,134,94,29,12,31,40,89,133,119
blue,36,88,11,29,53,78,141,114,51,82
red,103,98,121,129,82,91,13,1,51,15
red,31,27,151,17,71,0,84,22,156,100
red,103,58,121,8,4,34,23,38,116,70
red,34,38,59,147,4,90,40,143,106,99
blue,92,125,89,9,153,81,84,138,52,66
red,74,102,11,76,53,18,107,26,17,100
red,74,130,62,9,64,91,27,120,17,29
red,158,46,2,51,82,39,75,94,17,148
blue,0,40,104,50,45,145,38,11,17,9
blue,144,84,43,76,96,90,61,89,17,70
red,48,65,143,51,100,31,40,19,8,37
blue,156,65,89,106,53,0,60,64,52,100
red,36,30,151,52,82,0,27,1,17,66
red,0,124,155,9,108,88,142,138,24,41
blue,74,102,1,76,71,47,60,140,9,158
blue,72,98,26,51,45,0,102,140,9,82
red,0,78,140,76,158,48,38,121,9,119
blue,0,38,89,116,71,67,130,143,51,14
red,31,141,11,51,82,18,61,1,76,16
red,74,102,64,52,133,47,26,94,116,118
red,37,23,142,150,119,101,27,121,24,123
blue,67,65,151,29,118,144,46,155,76,12
blue,107,130,43,8,41,78,149,109,50,53
blue,72,61,151,17,160,12,142,33,106,41
blue,0,124,48,76,41,37,92,26,150,9
red,0,30,55,41,108,36,26,151,29,27
red,145,124,6,106,110,47,77,143,51,82
red,112,88,132,52,82,150,141,1,137,16
red,18,26,101,8,66,158,65,121,76,108
blue,0,23,129,109,14,88,78,89,76,99
blue,103,154,89,51,159,37,102,140,52,100
blue,0,13,121,9,70,59,40,94,133,74
blue,37,54,94,133,9,72,38,1,51,154
red,131,142,56,52,5,18,30,2,8,16
blue,39,141,104,76,114,126,61,120,52,108
red,107,13,6,51,45,74,61,121,8,66
red,35,75,64,76,128,127,65,155,19,79
red,115,142,144,17,128,31,60,159,150,53
red,101,40,11,50,70,90,38,2,29,53
red,131,125,143,116,100,47,38,159,76,119
red,22,38,159,17,15,37,104,151,106,14
blue,110,84,89,52,159,107,13,143,49,119
red,107,38,21,76,14,146,94,2,49,53
red,88,13,89,51,70,0,107,2,150,4
red,104,38,53,137,16,0,23,155,76,14
red,145,65,124,133,27,0,79,143,29,96
red,2,98,68,24,45,88,142,64,147,148
blue,145,149,143,24,118,47,26,121,76,53
red,3,77,124,136,12,83,98,64,8,108
red,112,67,151,24,66,154,30,69,106,74
blue,18,23,151,52,114,135,84,0,76,100
red,135,46,140,24,53,74,65,121,17,71
blue,42,142,1,49,96,0,23,150,17,119
blue,91,98,143,106,82,92,13,140,52,5
blue,18,142,2,133,70,151,102,124,147,100
blue,110,23,94,109,53,0,40,159,76,16
blue,131,23,94,133,53,101,84,155,147,82
blue,151,13,109,116,45,78,46,53,52,99
blue,31,94,7,116,70,45,40,159,76,100
red,137,40,56,76,45,150,78,0,49,139
red,43,46,56,116,76,0,130,120,50,70
blue,123,65,11,116,70,47,46,148,17,158
red,0,98,53,76,82,2,13,109,8,108
red,151,130,144,24,108,0,84,131,85,119
red,112,78,151,106,82,110,23,125,51,128
red,0,134,55,76,5,91,26,94,108,66
red,22,84,150,120,107,112,91,56,29,9
red,62,54,121,133,70,0,75,26,109,126
blue,83,98,26,51,82,43,84,141,29,126
red,81,23,121,8,128,107,84,138,29,9
blue,48,88,55,17,100,36,65,121,150,118
red,0,60,59,9,5,18,65,122,69,118
blue,42,98,140,116,74,90,142,120,8,82
blue,2,40,143,69,64,112,65,33,51,93
blue,36,124,132,147,128,103,23,0,106,82
blue,0,40,89,51,53,146,78,136,24,82
red,151,134,132,76,119,25,54,101,133,93
red,47,125,19,35,153,151,75,53,109,99
blue,115,78,150,17,53,35,141,143,120,108
blue,35,65,148,147,53,31,46,1,51,70
red,115,65,56,29,153,47,61,11,137,70
red,72,23,90,8,128,107,142,143,52,93
blue,101,65,33,51,74,140,38,55,116,100
blue,101,87,124,150,100,31,149,68,133,93
red,43,13,1,49,148,0,38,55,9,71
red,146,77,55,8,53,18,84,35,116,124
blue,36,38,19,8,128,107,77,121,133,153
red,88,38,89,29,82,90,40,64,76,79
red,31,141,64,52,82,22,149,105,85,119
blue,110,13,1,85,5,0,30,93,116,4
red,90,61,1,29,66,0,60,159,76,100
red,0,84,151,76,53,103,23,155,29,80
red,47,134,89,17,70,45,130,143,24,80
red,90,142,122,24,82,0,88,64,17,96
red,107,37,155,129,93,112,13,64,17,5
red,62,26,93,109,118,0,141,1,76,119
blue,36,38,53,9,54,42,98,1,17,108
red,36,141,120,76,70,0,40,10,17,53
blue,0,134,120,29,118,65,115,121,17,53
blue,115,94,75,8,109,91,65,72,53,93
red,0,88,11,17,64,37,102,68,49,148
red,47,154,55,8,118,2,102,110,76,5
blue,131,134,2,116,93,103,40,11,76,12
red,47,58,120,49,148,37,38,121,17,45
red,110,23,155,116,118,12,38,140,29,27
blue,0,26,55,8,70,72,60,104,29,53
red,18,113,94,108,119,2,46,151,9,70
red,110,27,129,17,71,112,40,53,24,82
blue,35,125,121,85,53,144,38,81,133,100
blue,47,141,151,54,80,36,67,155,76,53
blue,47,54,64,101,14,22,46,121,24,158
blue,59,40,64,50,158,47,78,143,24,100
red,112,40,64,106,128,22,26,21,8,100
blue,47,84,121,133,66,101,40,122,8,45
blue,18,84,33,17,53,114,102,69,51,82
blue,47,75,143,45,51,152,54,150,8,128
red,135,102,143,116,82,91,40,121,8,16
red,90,65,124,17,82,103,142,120,8,158
red,2,38,11,17,53,72,84,150,76,71
red,2,87,3,51,4,36,40,6,106,14
red,137,40,54,51,93,78,26,151,8,70
blue,39,111,132,129,93,97,58,121,8,118
blue,92,98,93,51,119,22,130,29,17,148
red,88,58,121,109,108,101,141,89,156,12
red,18,78,33,133,70,0,125,121,7,12
blue,59,40,144,85,108,7,75,121,29,53
blue,0,75,143,8,70,47,65,1,17,108
red,31,134,104,9,45,0,75,89,106,100
red,31,75,6,51,93,103,65,54,133,5
blue,47,75,121,51,158,37,98,109,17,93
red,101,75,1,52,82,59,40,129,133,53
blue,90,65,1,133,108,74,75,155,9,160
blue,75,87,124,24,14,22,141,1,51,96
red,145,78,155,17,71,101,86,140,24,14
blue,104,61,75,24,5,47,78,151,54,82
blue,88,75,55,51,45,112,94,64,17,100
blue,0,141,124,17,119,88,125,19,29,109
blue,40,103,159,17,132,25,125,89,116,119
blue,31,13,143,51,9,2,38,105,106,99
blue,103,149,2,29,148,145,13,143,137,37
red,135,61,143,49,9,22,65,144,116,110
red,101,28,143,9,100,62,149,33,17,74
red,0,38,64,133,153,77,94,143,76,108
blue,78,130,11,50,12,31,98,1,63,119
blue,151,142,121,136,128,88,98,43,109,45
red,59,142,136,24,14,34,13,121,17,45
blue,88,84,109,17,119,59,38,151,29,80
blue,144,125,151,49,139,43,107,64,116,53
blue,2,77,89,17,119,112,61,132,29,153
red,0,84,121,116,119,44,60,11,137,96
blue,0,142,158,69,5,31,92,143,106,110
blue,115,87,2,52,93,34,40,140,9,12
red,81,155,109,137,53,114,102,143,9,120
blue,101,84,155,76,108,140,142,64,69,45
red,135,38,143,52,66,31,65,159,106,82
red,151,102,55,29,119,31,13,104,76,99
red,12,61,33,9,119,74,44,140,24,93
red,118,23,94,49,71,53,86,101,54,93
red,137,40,55,116,70,0,60,104,51,12
red,74,61,124,76,12,47,141,159,49,53
red,0,13,64,51,14,2,142,34,52,128
blue,145,65,132,17,16,18,130,2,24,93
blue,112,26,151,8,45,12,46,124,17,100
red,110,102,148,9,70,115,27,143,52,128
blue,0,142,138,51,41,37,78,94,17,71
blue,42,98,148,76,99,59,65,19,8,128
blue,43,38,64,51,45,37,13,140,52,100
blue,107,54,129,49,53,103,84,121,17,119
blue,43,26,151,29,158,104,38,143,116,27
blue,101,38,2,51,82,90,124,91,76,9
blue,31,98,19,8,123,0,134,55,116,128
red,0,65,121,133,70,43,27,104,116,53
blue,103,65,121,41,82,101,26,151,116,120
red,59,58,151,29,12,104,61,132,17,100
red,134,65,11,76,153,107,13,143,106,93
blue,72,141,143,8,128,135,154,124,51,14
blue,91,38,121,51,82,131,13,56,54,108
blue,62,84,140,116,100,0,46,143,17,71
red,78,65,124,76,96,47,60,64,51,158
red,88,77,19,29,12,72,65,109,8,70
red,47,74,121,17,53,43,125,132,29,153
blue,35,38,2,129,96,112,65,11,150,45
blue,18,40,64,29,12,45,38,121,95,3
blue,91,60,26,133,45,110,38,132,76,93
blue,37,74,109,51,14,103,38,1,24,128
blue,34,58,67,50,148,101,78,2,150,119
blue,73,60,64,76,66,43,78,155,29,96
red,0,67,64,9,16,72,111,115,24,27
red,110,84,141,109,108,0,86,121,17,71
red,90,78,43,147,119,31,58,121,52,70
red,0,84,150,69,82,94,46,143,76,16
blue,34,28,150,9,70,118,13,55,76,128
blue,121,98,140,51,5,72,102,64,76,70
blue,135,141,1,17,79,35,38,55,106,82
blue,35,38,1,29,12,104,46,64,116,45
blue,59,94,55,52,99,0,92,125,49,139
red,110,142,1,116,118,45,65,120,51,93
blue,94,26,41,116,128,114,98,151,17,45
blue,18,65,124,8,123,112,86,89,63,128
red,35,141,55,17,119,95,102,121,9,108
blue,35,84,94,29,53,102,13,71,76,119
blue,137,38,144,24,80,0,46,143,35,108
red,18,142,64,17,74,12,13,104,29,108
red,37,87,151,49,119,18,142,124,17,71
red,74,38,143,8,12,121,141,155,52,100
red,112,61,143,9,12,25,117,59,76,119
red,110,88,143,54,82,112,23,43,17,4
red,103,65,19,17,12,0,141,94,157,100
red,107,38,151,147,148,112,154,121,8,119
blue,0,154,62,157,12,145,124,1,76,93
blue,0,154,105,116,108,2,13,83,147,74
red,18,61,143,52,82,0,65,105,8,14
red,59,13,121,133,153,0,35,143,9,158
blue,88,65,1,106,82,0,37,94,29,124
red,90,84,155,24,119,53,142,33,29,74
blue,0,67,150,51,93,151,111,68,17,118
red,18,142,89,76,5,42,94,2,51,108
red,0,124,120,69,118,62,30,68,85,53
red,47,142,1,147,74,43,23,140,24,93
blue,155,74,104,106,99,0,26,62,52,100
blue,18,58,41,137,108,72,38,150,106,37
red,81,111,123,8,70,155,134,120,9,53
red,22,65,90,54,108,39,134,7,69,80
red,0,61,1,49,128,59,60,55,106,158
blue,101,142,53,29,126,150,78,21,52,93
blue,115,38,138,49,12,146,65,109,17,70
red,90,142,94,17,70,31,125,143,116,53
red,83,92,1,9,53,151,154,11,17,64
red,74,61,59,17,14,47,65,132,109,5
red,151,98,59,106,93,74,23,125,133,153
blue,59,141,150,8,70,0,75,121,17,80
red,145,26,121,150,99,45,141,140,24,70
red,145,38,121,8,128,42,40,140,29,93
red,150,97,151,157,66,0,13,155,19,130
blue,20,149,1,50,100,0,98,121,9,53
red,31,40,6,76,99,0,65,121,136,9
blue,0,78,114,51,99,74,27,151,137,133
red,0,61,143,49,153,114,79,133,106,91
red,45,13,2,9,46,130,65,11,116,53
blue,0,60,124,109,126,36,78,53,8,82
blue,0,74,120,8,12,90,38,11,9,158
red,42,61,68,52,93,112,38,143,9,74
blue,0,38,89,76,9,90,65,94,53,148
red,146,65,64,24,70,0,142,2,29,53
red,101,92,136,51,82,0,60,150,17,71
blue,34,40,26,76,148,101,84,129,19,82
blue,0,134,140,106,82,88,74,104,9,96
blue,135,46,26,157,14,88,67,151,51,120
blue,101,125,159,17,53,77,65,55,9,119
red,101,26,151,52,119,0,124,121,29,153
blue,101,26,155,24,9,90,65,2,85,139
blue,0,27,151,150,45,101,65,121,76,66
red,37,38,121,51,96,43,40,55,8,45
red,22,23,150,109,108,104,46,94,24,70
blue,0,142,68,51,93,53,58,121,52,100
blue,22,13,138,52,100,90,26,151,150,45
red,59,86,151,49,12,0,141,1,133,45
red,59,44,0,76,74,45,46,55,106,80
blue,37,61,150,109,12,92,75,136,41,93
blue,47,61,64,17,108,0,26,21,51,14
red,43,67,155,17,82,37,65,151,76,66
blue,146,38,33,150,126,78,84,3,106,5
blue,146,23,151,109,4,34,38,104,19,14
red,22,13,121,76,82,74,40,33,50,64
red,34,84,104,147,82,135,13,120,51,118
blue,25,38,53,50,45,78,46,86,17,119
blue,47,40,104,49,158,37,130,151,157,53
red,43,142,21,41,80,34,65,104,17,108
red,0,134,132,51,53,103,54,94,137,44
blue,107,46,121,29,119,110,142,151,54,108
red,43,107,151,76,46,0,84,34,116,100
red,3,46,121,15,12,91,102,2,17,71
blue,78,40,124,17,160,31,61,154,49,158
red,18,40,109,76,74,114,141,121,49,93
red,135,28,151,150,158,114,142,138,76,148
red,78,107,43,24,66,34,74,143,51,71
red,53,130,154,106,64,31,13,148,51,45
blue,137,141,11,29,12,90,65,55,41,108
blue,72,65,143,24,14,47,154,150,137,15
red,48,145,154,76,45,90,84,43,8,9
red,45,13,154,106,128,0,87,1,52,82
blue,0,141,56,24,82,18,40,1,9,93
blue,18,61,1,51,82,135,98,2,76,45
red,31,124,121,24,45,72,88,120,52,53
red,91,38,140,137,66,107,26,151,147,128
red,74,58,144,133,80,59,92,150,51,82
red,59,74,17,76,45,118,124,155,8,64
red,34,134,143,17,70,43,38,159,51,82
red,7,102,120,129,128,135,74,71,106,45
red,107,141,136,8,7,31,74,121,69,80
blue,101,94,121,106,82,151,74,55,51,45
red,22,77,33,51,93,151,117,139,74,108
blue,0,125,124,24,128,31,38,53,69,80
blue,88,38,129,41,12,110,125,121,109,126
blue,18,54,109,110,108,0,88,53,8,9
red,110,38,2,147,128,22,23,150,116,153
blue,90,38,155,116,45,114,61,121,51,93
red,105,102,31,76,37,59,154,125,24,5
blue,146,84,154,9,53,137,46,121,76,66
blue,31,98,6,17,53,59,13,140,24,66
blue,101,27,104,9,16,88,124,2,52,82
blue,135,142,159,49,53,12,38,151,17,9
blue,0,87,124,116,12,18,130,7,51,93
blue,110,23,138,133,126,120,13,1,29,5
blue,37,94,148,133,70,88,13,56,9,120
blue,59,27,62,69,153,112,134,122,137,82
red,112,13,19,52,12,121,40,151,24,80
red,112,23,69,52,82,118,117,94,49,12
blue,0,26,1,24,45,83,65,133,69,80
blue,45,141,109,50,1,47,38,138,147,9
red,31,102,68,69,153,101,141,55,52,100
red,2,98,125,52,82,0,74,143,120,108
blue,0,125,57,150,100,22,54,140,133,108
blue,0,30,90,109,108,31,115,125,17,139
red,120,40,125,76,53,112,60,121,19,153
red,43,142,125,157,93,53,61,2,24,5
red,110,27,125,106,5,31,65,121,24,66
blue,125,54,55,106,5,88,26,89,69,45
blue,69,13,121,51,12,22,94,37,17,53
red,88,26,155,24,93,110,54,125,9,82
blue,137,23,125,29,153,110,98,132,69,80
red,114,98,125,76,99,74,154,43,133,70
red,115,98,64,29,12,0,67,2,17,71
blue,36,84,151,76,82,112,38,64,133,16
blue,34,26,94,51,82,22,40,121,76,14
red,22,38,89,106,82,31,142,19,51,93
blue,142,84,132,52,14,107,40,151,147,96
blue,22,98,68,19,12,39,102,124,24,80
red,45,98,143,9,108,31,77,121,8,158
blue,112,65,94,51,5,47,61,104,76,9
blue,114,61,136,9,128,18,46,121,29,45
red,155,13,121,158,109,0,23,68,150,53
red,45,13,121,129,16,101,26,19,51,5
blue,0,98,157,17,159,31,13,122,76,45
blue,0,65,132,29,71,31,133,2,116,139
blue,37,13,150,51,139,36,78,89,17,53
blue,74,94,124,51,64,91,38,1,29,79
blue,47,26,140,51,93,97,155,143,150,96
blue,36,58,11,17,9,38,94,109,147,82
red,112,40,2,17,158,43,98,89,50,100
red,74,38,120,133,70,18,124,121,17,45
blue,31,87,155,52,53,62,65,64,69,80
red,22,87,121,137,12,154,84,3,106,5
blue,104,65,124,17,70,127,87,94,49,80
blue,44,125,159,116,14,18,87,142,69,118
red,31,87,1,19,53,112,40,89,136,14
red,151,87,64,51,93,90,111,21,137,45
red,154,87,151,156,119,135,65,11,137,45
blue,0,125,151,120,15,101,87,69,9,7
blue,101,54,34,17,139,103,87,140,51,91
blue,18,87,144,17,71,47,38,64,116,119
red,22,13,56,54,82,3,40,143,17,45
red,31,58,33,17,71,2,13,41,76,70
blue,39,40,143,156,45,88,13,154,17,70
red,83,87,144,51,130,0,107,136,106,82
blue,0,87,144,150,4,36,23,125,51,66
red,31,87,136,51,14,18,113,121,106,128
blue,19,87,34,116,119,143,98,151,17,81
red,78,87,104,106,82,0,58,144,29,96
red,36,87,142,106,15,137,23,159,51,70
red,121,141,57,17,12,110,87,26,76,70
blue,101,87,121,76,66,103,141,143,49,45
red,36,65,143,116,118,22,87,1,76,53
red,0,87,122,9,119,31,44,158,106,93
blue,0,87,151,109,5,154,125,104,50,70
blue,25,87,1,29,153,152,54,155,129,128
blue,0,87,34,76,80,20,46,26,106,71
blue,151,87,121,129,100,0,154,140,76,71
red,3,87,68,116,93,22,111,121,52,82
blue,53,87,29,24,158,18,154,33,133,70
red,88,111,89,137,118,110,87,143,106,82
blue,0,97,151,120,93,77,23,150,109,108
blue,65,87,132,51,93,45,38,2,106,64
red,0,142,138,29,12,88,87,122,17,80
red,0,54,151,9,70,31,97,56,24,45
blue,0,87,138,51,12,42,23,150,8,5
red,78,134,64,8,53,0,87,1,76,153
blue,42,30,69,137,100,74,87,129,51,70
red,18,13,2,54,66,37,125,150,51,70
blue,88,130,54,76,74,31,13,11,109,12
red,131,13,140,109,119,151,54,94,116,158
red,41,40,143,137,70,151,13,120,51,66
red,114,130,1,50,100,31,13,53,157,91
blue,0,146,138,106,93,43,124,120,108,110
blue,101,40,1,76,108,104,107,34,43,82
red,90,38,143,156,158,115,13,114,8,12
red,20,13,11,76,5,158,38,154,50,96
red,35,13,121,9,16,22,142,104,24,82
blue,0,84,132,76,108,151,87,109,51,66
blue,91,23,151,49,108,45,13,148,69,100
red,91,26,94,76,45,74,86,2,50,53
red,110,107,143,106,93,0,134,151,76,74
blue,72,125,121,136,148,62,87,64,24,5
blue,110,130,71,76,119,36,87,57,51,96
red,45,38,89,76,53,104,46,143,24,108
red,114,58,89,17,71,34,26,129,9,53
red,137,78,94,109,16,22,65,121,24,71
blue,88,78,151,8,53,115,13,11,133,70
blue,35,58,64,17,82,36,78,140,51,128
red,74,61,143,116,119,59,65,64,17,66
blue,0,75,89,8,158,101,78,43,76,70
blue,158,38,20,29,108,43,78,151,8,53
red,39,38,109,29,7,18,78,155,147,53
red,43,78,151,52,53,36,98,155,109,153
blue,42,78,59,131,82,107,142,2,76,16
blue,0,54,2,51,82,65,84,6,150,74
blue,115,67,151,29,53,31,54,43,8,128
blue,2,40,90,76,66,135,102,64,17,53
red,42,102,143,8,119,0,129,78,52,158
blue,0,142,121,133,70,131,78,3,17,53
red,101,78,129,122,66,88,38,2,69,14
red,35,78,94,133,91,31,107,151,116,53
red,35,98,87,116,153,36,130,94,54,71
red,47,78,56,24,5,3,13,151,122,80
red,131,87,89,17,128,74,104,155,29,45
red,121,92,2,116,100,104,58,62,133,70
red,59,142,109,24,4,43,141,143,85,37
blue,41,125,136,51,93,135,54,109,24,82
red,47,13,158,8,45,130,97,124,129,53
blue,135,65,148,49,158,18,125,33,116,128
blue,123,88,144,106,53,107,27,150,8,119
blue,0,86,121,116,99,78,107,38,137,70
red,91,13,121,51,82,0,142,59,137,53
red,131,46,2,106,14,47,60,121,17,71
red,59,98,64,9,100,146,13,68,76,82
blue,39,38,1,51,93,146,65,11,49,128
blue,110,38,148,17,12,48,155,56,41,53
red,146,88,158,76,66,48,40,26,49,139
red,18,61,154,146,108,91,134,83,137,107
blue,112,54,11,8,45,146,134,56,52,100
red,0,67,121,29,53,146,30,159,76,108
red,31,67,93,17,148,146,102,6,29,108
blue,146,13,19,51,82,144,40,11,9,14
red,146,23,43,76,148,110,65,124,69,80
red,42,60,143,24,53,0,124,101,106,82
red,146,60,37,24,70,36,38,19,17,45
red,135,30,64,106,126,22,61,121,49,12
blue,59,98,11,50,96,146,13,121,76,93
red,146,142,140,109,118,2,107,150,51,66
blue,0,67,142,129,82,146,84,19,17,53
red,135,13,159,51,45,146,102,64,52,93
blue,110,154,105,17,80,146,125,121,49,14
red,146,40,55,106,82,44,154,159,52,9
red,146,91,121,50,53,13,98,19,120,3
red,74,124,151,76,14,146,130,120,17,12
blue,110,142,121,51,16,146,13,1,69,12
red,146,92,121,50,5,47,74,143,85,127
red,146,61,1,29,99,151,74,124,116,12
blue,18,92,1,17,9,74,13,121,50,153
blue,146,28,121,49,9,0,154,124,24,5
red,146,58,143,116,119,0,154,94,93,54
blue,112,154,94,15,108,146,13,121,49,45
blue,146,92,143,17,119,135,84,159,76,12
blue,18,125,109,17,71,146,65,59,9,93
blue,134,117,1,17,71,31,78,121,52,46
red,146,40,89,137,100,22,61,7,51,93
blue,20,40,121,76,12,146,67,158,116,96
red,20,86,15,116,70,146,111,1,133,45
red,88,23,35,133,70,146,26,94,129,93
red,90,125,89,24,14,101,84,73,133,53
red,88,84,143,51,14,146,92,89,17,53
blue,0,74,1,106,82,146,92,121,9,128
red,107,38,89,150,5,146,40,1,29,53
blue,47,40,32,120,126,94,141,121,106,45
blue,22,60,1,9,14,18,98,6,17,71
red,112,65,68,51,118,43,84,1,76,99
red,0,40,109,76,100,74,77,120,116,70
red,88,84,3,116,53,90,124,94,150,108
blue,101,98,105,133,37,90,61,151,106,5
red,90,67,151,106,82,101,30,55,147,16
blue,43,61,70,156,66,0,84,1,17,12
blue,151,107,94,9,53,0,103,1,69,80
blue,0,46,2,76,9,43,125,1,119,108
blue,0,107,71,76,80,31,65,132,51,74
red,22,61,64,29,93,151,30,104,76,153
blue,0,84,68,49,82,43,61,143,106,64
blue,134,141,124,41,96,145,102,11,76,100
red,47,58,120,116,12,151,13,109,76,5
red,0,125,15,136,99,22,154,158,24,100
blue,0,54,104,9,70,135,149,143,29,153
blue,38,92,143,9,82,37,26,94,136,45
red,101,27,94,17,108,151,134,6,116,120
red,88,130,89,9,70,36,40,143,133,80
red,47,142,150,157,14,59,125,89,24,93
red,94,61,75,54,133,43,98,83,17,108
red,18,142,104,51,12,0,40,105,109,126
blue,110,77,121,17,54,62,60,143,50,53
blue,101,27,151,17,12,43,26,155,76,108
blue,154,87,1,148,137,151,61,74,51,79
red,45,155,139,76,87,112,125,121,51,118
red,31,54,94,8,128,78,61,124,51,93
blue,47,65,1,9,118,78,61,155,51,128
blue,31,87,105,133,45,0,38,124,9,128
blue,35,87,143,51,118,31,61,56,9,53
blue,47,38,121,69,53,78,61,120,106,99
red,0,94,11,116,12,59,61,136,17,108
blue,112,155,140,76,5,31,54,151,9,93
red,134,13,110,51,96,104,86,43,54,82
red,47,46,124,17,12,43,125,55,24,70
blue,18,67,1,116,119,0,65,136,76,108
red,110,142,1,17,119,62,97,68,50,128
red,47,61,124,51,82,43,145,132,50,66
red,0,142,11,17,71,59,58,54,76,128
blue,151,60,2,106,96,0,13,94,9,68
blue,22,40,143,29,119,31,84,155,137,82
blue,31,46,143,129,119,151,134,2,50,70
blue,92,111,19,116,9,112,78,33,52,5
blue,101,61,124,133,53,90,117,143,76,93
blue,151,38,64,51,82,94,107,56,49,158
blue,150,134,139,69,45,31,38,89,9,53
blue,93,65,121,17,5,107,130,132,24,99
red,78,84,155,24,108,74,61,56,76,9
red,151,26,11,129,82,36,13,2,29,12
red,31,61,11,116,128,42,60,89,8,45
red,31,65,26,129,5,35,28,151,76,153
blue,47,61,2,106,74,0,134,150,157,45
blue,123,84,94,9,70,0,130,141,54,108
red,90,134,144,51,133,88,98,155,54,119
blue,123,13,21,116,12,110,84,132,76,118
blue,36,54,143,9,158,134,154,2,17,128
red,22,67,155,139,45,48,92,124,76,158
red,90,38,11,24,82,114,37,3,129,14
blue,35,38,64,76,119,112,40,140,129,93
blue,106,142,71,51,100,110,77,143,76,158
red,37,13,120,51,70,131,54,34,17,53
red,22,13,159,76,5,112,46,140,9,108
blue,25,125,55,9,158,115,134,121,136,5
red,101,84,34,52,66,36,155,110,109,5
blue,0,54,94,133,82,103,26,121,29,119
red,22,65,140,49,108,47,98,143,9,119
blue,65,26,7,17,80,0,60,2,76,128
blue,90,61,158,17,71,47,58,143,49,80
blue,130,134,55,51,82,31,38,68,133,153
red,152,61,1,129,93,0,13,121,17,119
blue,101,134,120,17,71,151,61,121,116,9
blue,59,13,143,106,14,104,75,89,29,108
blue,107,13,64,76,70,131,38,1,9,53
blue,43,38,143,133,96,34,46,159,29,108
red,18,111,37,8,100,110,94,68,76,128
red,144,38,90,49,53,22,23,155,29,7
red,59,61,94,76,158,0,60,121,136,70
red,31,60,89,17,16,18,61,140,24,82
red,18,23,133,17,45,101,38,143,49,71
blue,47,134,89,106,128,112,102,2,29,153
red,37,98,121,17,71,90,84,151,116,53
blue,31,65,124,147,92,0,142,121,52,14
blue,42,92,150,51,45,91,13,64,133,9
red,59,107,150,76,82,12,130,121,24,93
red,37,92,151,120,93,145,23,150,116,108
red,36,61,150,120,139,135,23,34,8,100
red,74,142,150,116,100,34,40,6,17,53
red,59,113,151,150,45,47,142,121,51,153
red,151,23,150,17,96,36,58,64,156,74
blue,97,54,68,24,45,126,75,138,150,118
red,0,23,150,17,12,97,38,64,8,70
blue,0,46,120,106,96,62,141,143,76,45
red,46,13,89,106,126,22,58,159,116,45
red,112,84,105,137,70,69,40,104,133,80
blue,0,60,121,29,133,43,30,33,17,12
blue,110,30,3,85,158,88,84,94,109,96
red,0,38,64,106,93,2,61,94,76,12
red,0,23,112,76,15,88,142,132,17,128
blue,107,13,157,9,53,0,124,148,76,128
red,0,26,155,9,109,3,40,124,106,93
blue,34,84,155,8,96,2,142,109,137,12
red,103,125,34,52,82,47,40,132,51,5
blue,31,13,56,8,82,0,130,64,76,53
red,18,67,94,76,100,90,23,150,50,53
blue,135,38,143,8,74,0,102,1,76,119
red,101,23,2,8,12,72,154,110,76,148
blue,0,92,124,76,66,18,125,143,150,37
blue,78,134,150,9,82,34,13,121,116,45
red,107,149,121,52,80,22,130,151,109,45
blue,22,134,124,17,82,114,111,120,76,79
blue,92,74,143,50,14,22,134,132,8,100
red,101,130,159,49,12,112,98,121,17,71
blue,43,61,121,51,66,110,40,140,106,82
red,43,142,105,76,70,90,13,144,116,12
red,90,124,121,24,82,36,74,55,9,53
red,151,94,1,129,82,18,65,121,76,15
blue,74,61,68,147,45,3,87,1,106,82
blue,88,84,101,9,14,37,27,61,116,93
red,107,38,19,76,119,18,13,121,9,70
blue,37,154,121,106,92,53,98,2,17,128
red,90,77,158,106,100,37,38,143,52,74
blue,36,61,64,76,118,45,60,89,17,71
blue,47,37,150,17,99,107,98,121,29,12
blue,101,23,34,29,96,0,67,155,116,12
blue,43,27,143,133,12,47,142,2,109,119
blue,38,30,104,69,153,43,61,33,17,12
red,131,46,89,133,119,137,111,64,116,70
blue,101,54,43,85,153,144,117,120,150,128
red,38,130,6,138,128,101,13,124,17,158
red,37,87,64,17,53,47,130,159,61,70
blue,72,155,19,51,5,38,134,159,116,53
red,150,65,157,51,4,22,155,143,76,12
red,38,40,6,76,153,59,86,101,29,128
blue,31,13,55,129,128,0,124,121,29,53
blue,146,65,2,76,64,103,13,143,129,96
blue,146,27,155,106,74,110,84,53,129,70
red,146,155,11,51,82,103,54,125,151,96
blue,154,54,94,85,82,146,40,140,51,45
blue,146,40,143,76,119,151,46,121,8,45
red,22,84,159,76,4,146,13,33,116,153
red,146,28,133,51,82,90,60,33,106,93
red,146,92,23,29,12,0,130,151,157,153
red,0,77,140,29,118,146,142,89,155,45
red,146,65,121,24,148,110,95,1,9,108
red,18,40,89,51,148,146,78,151,147,66
blue,101,142,143,51,45,118,61,121,150,53
red,78,38,121,50,9,74,65,56,17,3
blue,0,142,1,50,128,114,111,129,69,80
red,47,30,94,116,45,12,26,48,106,5
blue,39,142,121,17,79,123,40,94,116,37
blue,35,23,94,8,119,18,37,114,76,53
blue,0,26,94,106,66,31,125,56,53,108
red,22,38,55,156,45,0,107,2,17,27
red,151,23,94,136,99,101,54,124,76,53
blue,74,65,87,17,79,31,84,94,24,5
blue,2,94,125,116,100,88,102,55,17,139
red,110,84,94,76,96,59,98,121,106,66
red,144,98,94,8,45,36,141,121,76,41
red,62,5,94,116,27,22,54,121,9,93
blue,57,40,133,76,119,101,84,94,51,74
red,72,84,94,51,99,38,67,129,8,123
blue,112,87,155,54,82,101,91,143,106,93
blue,37,26,94,76,45,72,65,121,51,99
red,43,30,151,76,53,0,23,94,29,158
blue,110,94,143,133,70,0,13,2,29,53
blue,135,13,140,106,93,154,98,55,8,128
blue,101,30,94,51,93,123,98,143,106,96
red,31,141,94,109,64,103,65,37,51,82
red,59,40,94,9,158,0,23,121,17,93
red,3,13,94,19,80,59,107,155,51,66
blue,57,75,55,76,53,90,134,144,29,118
red,36,61,114,17,108,104,58,55,76,119
red,62,61,2,29,153,0,30,94,51,82
blue,93,98,6,138,153,59,46,55,9,45
blue,18,84,94,106,74,78,107,155,129,44
blue,35,13,59,109,53,37,94,55,51,82
blue,101,84,94,17,53,72,125,120,29,9
red,134,142,1,17,74,0,54,94,8,45
red,53,13,94,116,74,78,84,155,133,14
red,36,98,19,51,74,112,46,55,137,12
blue,45,13,94,52,100,0,46,64,24,53
blue,0,91,158,76,66,59,98,94,17,93
blue,34,23,55,51,70,3,142,56,8,119
blue,3,117,122,106,93,104,130,94,116,119
blue,35,46,121,9,109,90,40,64,76,119
blue,0,13,64,51,82,44,27,69,133,12
red,59,98,89,9,45,101,65,121,116,153
red,151,46,155,54,100,38,142,140,137,126
red,72,155,1,69,80,3,13,143,109,108
red,35,40,121,106,93,59,77,155,9,148
blue,114,46,34,76,9,115,142,140,29,148
red,0,98,124,150,148,31,107,151,122,12
blue,34,94,121,51,119,90,86,109,106,14
blue,133,65,11,24,14,34,84,2,51,82
red,103,92,59,109,93,110,60,64,8,119
red,78,84,155,106,82,18,124,104,147,12
red,22,30,139,17,119,90,113,143,29,96
blue,22,30,104,49,12,57,111,48,8,158
blue,22,111,68,29,80,134,37,43,76,53
blue,47,30,11,52,96,22,124,144,17,93
red,47,84,155,17,160,110,134,74,76,45
blue,36,38,139,52,96,74,13,150,49,41
red,107,91,143,41,108,78,30,29,137,64
blue,53,61,151,76,128,144,98,94,17,12
blue,74,58,69,109,118,134,125,2,129,14
blue,74,125,11,76,82,39,87,151,17,118
blue,121,134,150,69,14,13,141,151,157,74
red,107,13,124,49,91,103,75,2,51,82
red,2,65,121,51,45,112,40,3,8,158
blue,113,13,155,76,71,151,117,157,9,119
red,34,98,143,51,66,2,67,155,76,45
blue,31,61,0,109,108,103,23,155,156,93
red,101,84,120,116,66,74,142,155,29,112
red,144,130,55,51,14,110,67,151,17,79
red,0,38,105,76,119,2,142,11,49,9
red,0,67,151,69,45,34,65,64,9,80
red,101,65,89,19,53,155,141,2,148,96
blue,114,102,20,25,108,47,130,120,106,82
red,88,142,89,9,70,112,38,143,116,53
blue,112,61,155,54,96,74,26,3,17,9
red,90,65,159,76,118,42,84,151,17,71
red,107,154,121,49,93,112,98,89,76,100
blue,145,26,64,52,93,36,92,53,76,5
red,151,40,143,109,108,112,125,64,17,160
red,48,117,159,76,12,0,61,143,49,119
blue,0,107,151,54,53,2,75,143,17,100
blue,43,54,56,51,118,34,91,143,76,5
blue,101,84,64,24,5,90,91,124,51,118
blue,134,23,150,106,4,47,38,19,51,110
blue,0,26,89,123,108,155,141,136,106,100
blue,90,125,121,120,108,101,60,151,143,93
red,107,65,148,106,4,88,77,143,116,53
blue,88,84,62,17,53,90,61,148,29,45
blue,36,60,117,109,108,88,46,157,52,96
red,154,98,43,148,108,97,77,158,24,53
red,37,77,1,52,82,101,65,151,19,148
blue,90,13,2,76,119,34,98,27,29,12
blue,72,155,71,69,80,103,38,121,17,53
blue,47,65,33,8,70,134,38,132,49,45
red,90,54,155,17,118,123,78,68,29,53
red,151,87,140,17,45,13,98,143,76,53
red,31,40,140,29,80,78,26,155,24,153
blue,90,142,148,29,53,0,98,140,17,80
red,107,13,71,76,80,0,26,11,8,154
blue,48,130,56,116,53,137,37,109,50,70
red,81,84,26,24,99,123,13,19,76,96
red,39,129,155,71,12,90,60,143,24,153
red,0,65,68,52,118,36,77,121,76,45
red,12,130,19,76,5,81,61,143,51,53
red,0,124,151,136,53,120,40,155,116,153
blue,34,94,26,24,68,152,78,140,76,100
red,0,98,143,147,45,22,40,121,76,153
red,144,98,64,29,53,36,92,120,24,100
red,103,98,120,157,93,34,37,89,24,80
blue,0,102,143,51,4,107,98,144,17,53
red,47,98,120,24,16,101,121,1,76,82
blue,110,134,83,51,128,72,98,19,50,53
red,90,98,140,69,80,112,38,71,9,53
red,19,141,68,129,118,97,65,138,76,153
blue,150,84,155,76,14,127,92,94,17,71
red,0,87,143,17,3,47,102,121,50,53
red,92,77,11,76,100,90,46,71,29,80
red,112,40,2,76,93,74,84,155,50,119
blue,43,58,56,9,45,0,65,121,136,100
blue,37,125,136,52,93,0,98,2,76,16
red,0,124,151,52,5,43,38,121,76,159
red,101,27,151,9,100,72,117,33,76,83
blue,31,38,121,17,158,107,46,11,76,53
red,31,61,148,25,12,92,130,11,76,158
blue,2,13,11,29,108,131,130,159,24,128
blue,120,155,151,17,128,101,58,11,24,45
red,74,102,2,106,100,107,141,143,69,80
red,37,102,132,9,45,38,94,11,17,79
blue,72,125,11,76,9,2,27,43,54,108
blue,43,46,11,76,118,110,155,159,49,158
red,35,40,121,9,70,85,142,33,106,82
blue,2,40,159,116,108,57,155,11,106,14
blue,47,84,124,137,93,31,98,1,17,100
red,0,13,56,24,100,62,30,151,29,118
red,47,54,151,17,53,0,102,143,76,158
blue,47,98,143,9,99,34,117,2,49,53
blue,36,54,151,17,80,145,65,2,76,53
red,53,46,114,51,108,112,113,55,129,70
blue,110,125,109,9,45,35,61,19,136,153
blue,112,13,68,69,119,151,30,140,137,45
red,101,142,89,137,45,110,40,121,106,82
red,112,98,1,76,93,35,38,29,129,159
blue,145,37,151,9,53,112,58,143,116,45
blue,151,134,143,76,5,18,60,122,63,70
blue,88,67,125,51,5,31,54,121,29,45
red,91,84,159,106,5,34,94,55,76,100
blue,34,94,11,17,80,112,46,132,9,45
red,90,23,140,76,5,0,40,114,24,71
blue,78,40,143,17,79,48,141,121,49,71
red,34,65,159,50,70,72,141,64,49,5
red,37,134,155,133,100,0,67,56,69,99
blue,34,98,64,133,70,151,94,105,24,5
blue,127,38,72,51,82,107,75,155,29,16
red,92,61,109,49,148,0,130,143,17,71
blue,151,134,2,76,99,101,40,143,29,12
blue,101,91,121,29,111,137,30,31,24,45
red,115,38,143,24,33,34,74,150,51,66
red,103,54,121,116,70,0,107,89,9,66
red,62,111,120,49,12,0,98,11,76,96
blue,152,142,64,133,5,20,27,121,24,119
blue,31,61,121,106,82,18,54,11,76,4
blue,151,111,144,9,45,137,60,121,106,128
blue,155,27,101,17,12,0,60,1,116,53
blue,34,65,11,17,53,144,60,109,106,12
blue,62,46,64,29,118,0,26,68,24,128
blue,115,142,124,76,93,47,98,68,133,100
red,112,107,56,24,119,34,130,143,53,91
blue,54,142,55,17,100,74,46,120,50,14
red,18,130,143,49,9,0,58,43,17,15
blue,22,141,121,17,118,101,117,155,106,71
blue,43,13,33,8,110,101,155,140,24,82
red,90,38,122,24,100,0,40,19,85,118
red,110,84,64,51,82,107,98,89,116,53
blue,0,92,2,147,153,22,134,150,17,93
blue,103,28,72,17,12,110,141,109,9,66
red,22,86,143,133,93,59,40,53,29,153
red,110,27,143,137,100,31,37,151,51,70
blue,69,26,159,49,119,31,40,132,29,133
red,25,149,55,133,153,90,61,64,17,15
red,112,117,140,24,153,54,98,62,29,15
red,112,145,151,136,148,94,98,56,24,108
blue,22,94,140,76,128,115,23,11,116,46
blue,2,23,121,17,53,101,98,124,76,110
red,112,60,121,17,45,2,98,151,76,53
red,37,102,19,51,119,31,13,121,24,99
red,0,97,121,24,93,135,40,159,50,82
blue,34,54,138,24,128,31,13,120,29,100
blue,151,38,55,49,5,0,67,101,17,79
blue,31,141,143,116,153,18,130,1,133,80
blue,134,38,2,129,82,90,88,148,116,14
blue,31,98,1,106,82,57,30,94,51,93
red,74,38,1,24,121,34,40,104,9,128
red,18,86,121,137,70,0,46,124,9,153
red,112,124,101,76,108,110,46,33,9,82
red,107,84,142,9,119,47,92,19,29,148
red,103,54,151,9,119,31,78,140,17,108
blue,36,94,143,51,79,31,46,64,9,96
red,101,40,151,116,53,107,134,6,17,158
red,107,58,148,17,45,74,155,143,116,118
blue,22,13,143,116,45,151,40,20,29,118
blue,101,65,94,54,108,110,61,140,17,158
blue,110,74,143,29,45,36,145,124,51,82
blue,110,98,121,17,118,88,61,140,24,82
blue,61,54,151,24,148,110,74,91,19,108
red,2,141,129,19,148,48,27,124,136,9
blue,0,84,129,116,14,104,46,155,76,53
blue,31,149,21,8,93,126,65,11,85,71
blue,154,30,129,9,76,74,37,121,24,87
blue,123,75,143,17,80,0,130,105,29,118
blue,34,65,121,76,80,0,46,19,24,93
red,90,125,11,29,119,19,38,151,52,5
red,118,87,43,52,108,0,54,142,24,14
blue,90,77,64,51,14,34,38,158,17,148
blue,74,94,151,24,5,110,13,143,51,93
blue,59,142,2,133,153,47,13,1,106,118
blue,47,117,143,129,99,59,38,114,8,128
blue,110,102,89,116,44,107,98,158,76,74
red,52,125,2,76,4,53,91,140,106,82
red,107,65,151,156,70,31,78,124,29,45
blue,74,38,21,150,4,112,141,104,108,109
blue,31,40,121,159,153,43,23,150,29,109
red,34,65,2,17,41,12,154,43,24,100
red,135,98,121,129,119,22,86,140,51,14
red,103,86,89,17,53,0,58,151,54,82
red,101,84,2,76,12,43,61,143,136,93
blue,3,27,56,150,93,72,155,143,17,53
blue,48,84,120,133,121,135,94,26,76,5
red,3,13,121,29,53,48,38,2,49,119
blue,47,84,121,129,93,42,65,132,106,82
blue,114,102,43,29,44,151,88,143,76,128
red,90,130,143,76,66,92,46,121,17,82
red,57,40,120,76,16,90,46,151,133,5
red,59,65,2,17,100,0,38,120,52,99
red,110,38,139,129,128,107,134,26,17,71
blue,62,133,151,157,148,0,65,11,17,71
blue,154,155,121,29,45,18,92,33,54,100
red,62,87,143,137,128,0,154,150,51,66
blue,118,40,48,116,53,37,60,140,51,14
red,37,78,121,147,53,45,67,72,136,160
red,37,155,121,129,100,2,40,94,69,70
blue,88,38,2,29,82,150,98,121,17,66
blue,135,98,121,116,153,88,67,151,76,82
blue,114,26,48,49,53,103,130,55,17,70
red,0,23,150,24,82,31,84,121,17,119
red,59,77,115,116,70,22,65,155,63,53
red,36,23,120,51,96,74,77,89,76,70
red,92,98,159,54,5,103,130,104,106,74
red,31,86,71,108,109,0,98,11,76,119
blue,37,155,17,24,82,0,54,71,29,128
blue,78,74,121,9,53,34,58,132,8,96
blue,53,40,114,137,119,31,23,150,156,76
red,0,23,150,51,158,12,94,37,52,100
red,22,30,101,137,5,146,104,159,69,126
blue,81,26,151,17,79,114,5,125,51,99
blue,59,125,55,116,9,43,142,132,109,119
red,102,54,140,24,70,31,28,150,17,71
blue,101,65,139,85,96,121,142,1,147,79
red,0,154,159,29,108,43,146,120,17,100
red,74,38,143,116,9,103,23,34,49,96
red,112,40,64,129,70,59,28,34,9,53
red,101,130,140,17,71,34,26,151,9,119
blue,0,98,121,52,100,114,65,143,51,66
blue,18,67,64,51,5,53,154,121,76,91
blue,20,13,3,85,93,57,46,132,29,118
red,91,26,1,69,153,112,40,159,17,118
blue,101,13,138,17,71,2,65,151,8,119
red,42,13,89,85,153,0,130,56,116,82
red,34,77,109,49,99,35,65,64,76,108
blue,123,142,120,133,119,134,65,132,116,53
red,43,130,157,76,119,0,107,143,49,118
blue,112,37,143,51,82,107,23,48,150,70
blue,150,98,143,8,108,90,38,157,109,66
blue,110,46,109,9,70,103,130,157,76,96
red,34,98,150,109,80,112,38,56,133,70
blue,72,77,157,76,118,74,46,2,116,128
red,43,46,53,52,128,0,94,2,17,108
red,0,54,143,76,14,34,60,11,116,119
blue,0,142,144,85,119,88,13,1,9,45
red,43,61,19,9,157,0,13,121,109,53
blue,88,26,89,106,93,31,125,132,29,119
blue,44,13,115,17,79,18,54,60,76,148
blue,31,13,1,8,119,18,38,120,109,71
red,22,134,89,129,82,88,149,159,52,100
blue,0,30,158,9,70,18,87,48,63,119
red,0,54,3,76,14,22,38,11,49,45
blue,78,111,143,156,71,2,141,151,133,70
red,22,40,2,50,71,31,23,150,15,99
blue,114,65,124,76,53,43,61,129,54,45
red,154,134,150,129,118,47,44,2,76,153
blue,110,124,64,29,118,74,40,53,116,119
blue,34,142,120,76,44,22,38,159,150,108
red,0,38,55,133,44,101,84,89,17,74
red,137,74,151,50,118,121,111,49,9,93
red,152,149,143,17,14,0,60,55,50,45
blue,34,97,121,116,100,0,23,75,76,53
red,90,102,64,29,119,104,98,55,49,153
blue,110,98,2,51,92,47,154,56,50,45
red,34,67,110,8,74,42,94,154,51,27
blue,45,61,53,133,66,31,26,89,29,126
blue,101,40,132,147,128,110,26,78,150,96
blue,127,86,3,54,108,55,40,101,109,93
blue,0,40,124,137,70,90,65,120,50,128
red,110,23,150,9,100,47,38,89,51,153
red,72,13,121,17,128,36,98,56,49,118
blue,78,98,143,147,128,35,88,114,51,45
blue,0,134,33,9,71,36,155,121,17,128
blue,101,102,68,24,100,115,65,2,147,128
red,0,125,143,17,12,3,130,139,106,82
red,3,40,121,17,71,110,30,0,29,148
red,39,87,48,29,45,3,142,158,52,82
red,3,94,121,51,5,22,84,33,106,45
red,112,87,3,157,82,107,86,64,133,41
blue,31,133,55,8,128,0,58,124,129,70
blue,3,77,1,9,14,72,65,68,147,5
blue,44,94,139,50,119,3,65,121,69,118
blue,52,54,34,49,53,135,39,64,24,45
blue,43,154,155,50,12,3,84,65,116,153
red,3,65,140,24,158,37,13,150,85,118
blue,3,40,89,147,100,44,125,151,54,93
red,101,97,89,106,119,3,38,151,17,133
blue,53,38,1,51,45,90,155,109,9,128
red,112,60,89,76,100,115,98,1,150,93
red,37,149,114,51,108,151,38,3,139,53
blue,57,67,151,76,100,103,54,43,51,93
blue,78,67,94,17,82,31,130,1,51,93
red,0,27,124,150,14,36,78,131,24,128
blue,91,46,19,76,82,107,98,120,24,53
blue,101,98,1,69,80,112,134,124,51,118
blue,74,40,64,17,82,22,7,2,116,118
red,107,13,139,76,118,101,61,143,109,66
red,118,13,11,9,45,2,111,151,120,12
blue,120,13,55,106,99,90,141,121,17,118
blue,72,38,122,133,158,91,134,129,136,118
red,151,38,109,120,108,104,154,150,76,123
red,112,38,1,17,118,37,60,11,76,82
red,151,65,3,109,118,43,130,144,49,148
blue,112,94,68,116,70,36,28,155,50,118
red,72,40,114,76,118,131,74,159,19,153
red,0,102,114,49,108,18,130,64,76,118
red,0,46,56,133,109,18,30,2,50,119
red,88,124,151,106,14,104,38,144,129,118
blue,47,40,89,50,118,75,54,151,106,93
blue,43,38,139,76,119,37,46,150,8,118
blue,78,91,64,76,118,103,13,144,24,80
blue,131,58,2,76,118,53,60,143,133,45
red,154,142,121,29,45,62,67,3,116,118
blue,35,98,64,116,118,145,149,124,133,70
blue,18,154,114,29,53,0,125,121,17,118
blue,47,98,56,63,128,31,74,55,17,118
red,77,26,94,76,118,0,111,34,109,153
blue,150,84,151,106,118,9,125,121,52,5
red,103,142,121,25,118,37,38,139,116,70
red,72,65,136,116,118,92,94,55,109,108
red,0,149,109,50,118,107,141,143,51,53
red,0,40,94,109,118,59,38,133,106,53
red,31,37,64,51,5,94,67,124,150,118
blue,31,30,35,29,16,0,58,56,109,118
blue,36,145,122,116,128,151,98,143,8,118
blue,18,44,143,17,118,31,13,19,51,66
red,59,98,105,76,110,0,65,64,129,82
blue,39,86,19,17,53,90,61,121,9,82
red,18,130,120,116,70,0,40,124,108,45
blue,0,142,55,54,121,36,61,89,76,139
blue,39,142,43,17,148,18,13,64,49,53
red,0,74,132,51,93,22,141,11,137,16
red,105,98,3,17,53,34,77,121,147,153
red,104,142,151,17,120,20,65,64,76,71
red,59,65,120,147,53,151,78,116,9,118
red,34,38,11,9,128,48,86,124,49,82
red,104,46,155,133,53,112,88,19,129,96
blue,74,125,159,17,119,38,65,143,9,76
blue,78,13,151,9,139,97,125,120,85,108
red,0,37,65,85,93,151,27,94,76,9
red,31,46,143,24,14,18,65,121,76,128
blue,0,28,97,129,99,151,54,143,76,100
blue,72,30,150,76,45,115,46,139,156,70
blue,107,102,121,51,14,131,86,19,129,158
red,90,84,65,51,93,74,154,94,17,45
blue,43,65,64,106,80,36,84,143,76,93
red,0,38,89,129,96,31,58,7,24,53
red,103,84,121,106,96,101,46,11,76,93
red,101,84,144,52,14,104,60,7,24,80
red,114,142,121,133,119,2,117,94,109,9
blue,103,61,10,76,53,0,142,143,106,66
red,0,65,119,78,99,88,75,1,147,45
red,0,141,143,50,45,43,30,151,17,74
red,103,38,21,76,93,0,40,64,52,100
blue,17,38,2,129,82,103,61,159,51,126
red,114,98,144,76,70,90,117,21,150,82
red,94,61,132,76,82,137,142,143,51,96
red,45,91,64,147,9,0,61,19,106,82
red,31,92,11,29,108,152,65,143,156,153
red,88,30,43,51,108,22,77,121,76,153
blue,43,98,121,76,108,37,92,125,9,153
blue,77,84,94,17,148,101,54,129,108,82
red,47,142,133,17,148,59,84,149,129,82
red,95,46,121,133,93,22,81,55,116,9
blue,83,38,121,69,108,22,141,89,17,119
blue,0,154,56,69,80,112,141,121,51,70
red,53,98,83,147,128,34,102,1,76,74
blue,74,38,105,17,12,135,78,143,136,70
red,127,61,121,8,70,74,84,155,143,93
red,135,65,114,51,4,36,23,72,116,45
blue,137,84,94,15,114,52,40,159,17,118
red,34,141,2,51,160,91,87,120,137,108
blue,73,94,56,116,53,151,75,158,29,45
blue,107,26,155,51,100,0,54,121,76,4
red,2,60,132,49,53,110,46,6,76,12
red,152,154,155,129,120,45,38,121,133,127
blue,3,102,140,49,139,36,60,143,129,153
red,107,149,90,76,139,43,98,159,133,5
red,101,86,132,109,108,47,54,151,76,5
red,135,98,121,137,9,59,94,48,76,16
blue,0,142,121,147,3,77,92,124,51,82
blue,72,98,143,50,70,137,102,11,17,93
blue,0,60,154,51,82,22,125,148,9,158
red,31,134,11,147,128,47,13,121,9,74
blue,131,28,122,133,70,91,40,143,51,5
blue,47,102,19,29,93,0,38,124,17,53
blue,0,23,62,133,14,43,26,64,17,12
red,37,77,62,116,119,112,38,121,51,93
blue,43,102,55,150,82,121,142,151,147,16
blue,103,26,110,115,108,47,27,38,9,70
blue,90,13,6,17,71,47,98,64,51,93
blue,135,155,132,49,93,47,60,1,17,71
blue,0,74,143,150,66,151,107,121,129,93
blue,0,115,56,156,14,62,102,55,137,108
blue,39,141,151,17,71,22,40,19,116,108
red,22,61,121,106,104,110,125,1,76,9
blue,97,91,131,76,15,101,84,151,17,45
blue,36,26,121,17,53,35,65,89,76,14
blue,37,155,19,17,71,90,58,143,9,70
red,155,58,143,9,93,22,84,3,138,153
blue,112,30,21,17,128,0,117,55,76,159
red,90,141,148,76,12,145,38,11,109,108
red,90,141,148,8,128,103,38,19,17,53
blue,0,94,33,29,160,43,65,64,51,74
red,144,107,150,76,100,151,65,64,17,80
red,154,40,139,50,9,107,84,151,116,119
red,81,125,121,49,45,151,26,70,17,80
blue,18,142,121,51,9,145,113,62,129,100
blue,47,142,144,76,99,101,38,1,158,9
blue,0,38,64,17,45,104,13,121,9,53
red,112,26,110,17,71,114,38,94,29,80
blue,0,155,26,9,4,18,75,89,51,93
red,31,38,1,17,71,0,26,33,24,108
red,104,38,59,76,5,0,37,94,8,100
red,47,102,72,76,53,134,38,6,24,100
blue,31,46,140,17,139,0,74,64,116,153
blue,0,142,140,116,148,43,37,151,76,14
red,31,154,55,76,53,18,58,17,138,80
blue,59,38,143,52,4,22,37,26,76,96
red,47,46,64,17,53,135,61,89,106,82
red,12,94,151,24,45,36,38,55,52,100
red,107,13,155,54,108,110,125,2,147,126
red,0,74,121,147,96,37,141,21,29,128
blue,36,130,138,52,14,110,142,143,29,45
blue,47,46,1,51,110,74,13,159,50,128
red,0,61,143,17,120,47,84,37,76,100
red,110,40,104,9,45,37,60,155,29,53
red,0,67,155,9,108,31,142,159,76,139
red,45,60,159,76,108,3,54,56,29,139
blue,112,38,26,76,96,37,142,143,51,93
blue,114,94,148,76,12,31,92,144,9,70
red,37,40,150,76,4,2,94,143,156,93
red,0,130,124,24,45,74,154,121,76,9
blue,0,94,159,17,79,31,58,2,50,128
red,0,94,2,76,93,90,67,3,24,119
blue,54,121,3,9,45,20,134,143,29,12
blue,107,84,129,29,66,0,38,121,9,139
red,59,13,7,9,119,131,111,140,136,158
red,134,38,64,9,12,36,125,104,76,114
blue,0,28,3,49,53,31,111,143,129,45
blue,90,98,1,24,14,101,65,139,147,66
blue,121,107,155,116,148,90,94,64,9,71
blue,31,104,140,9,5,77,134,105,120,108
blue,38,98,0,136,53,18,37,132,50,16
blue,0,26,19,8,96,74,98,121,69,80
blue,90,84,11,9,158,144,141,143,85,45
red,34,65,68,17,53,31,84,43,51,93
blue,0,60,1,129,5,131,142,121,76,9
blue,145,84,143,129,82,22,38,2,17,16
blue,74,142,33,116,96,92,40,136,133,16
blue,0,84,120,52,108,88,60,121,8,80
red,0,58,121,49,45,36,40,159,17,96
blue,74,98,109,137,100,35,26,94,116,45
red,110,154,43,133,5,101,117,63,56,53
red,145,40,140,147,5,36,38,55,8,120
red,43,40,64,76,45,110,130,125,24,128
red,53,60,1,24,82,31,28,159,29,45
red,43,92,124,133,100,74,38,55,24,5
red,110,38,32,116,9,48,46,132,29,119
red,92,38,94,122,96,47,58,121,133,128
red,0,46,121,29,128,68,84,151,51,14
red,151,142,143,51,82,101,46,109,17,45
blue,0,141,121,106,66,22,67,120,17,9
blue,121,141,3,156,70,43,125,104,51,5
blue,72,111,109,50,16,74,13,3,76,82
blue,18,46,121,51,5,0,74,151,137,119
blue,72,46,120,9,93,0,92,159,116,96
red,137,74,121,76,70,2,94,143,49,119
red,25,60,3,76,128,107,28,155,147,96
red,110,60,6,136,45,104,124,43,76,99
blue,101,60,104,50,128,150,98,143,17,93
blue,18,30,143,116,80,0,65,3,29,139
red,112,65,140,50,80,22,30,158,129,82
red,0,40,121,137,119,31,86,143,69,80
blue,34,30,150,76,159,137,94,121,54,80
red,0,67,1,49,80,18,65,64,106,82
blue,34,142,121,29,80,130,54,101,76,5
blue,143,38,151,76,71,91,78,55,17,80
red,91,125,11,17,53,3,13,158,54,5
red,36,40,104,137,16,123,23,155,150,5
blue,31,134,121,17,82,25,46,89,106,119
red,37,26,62,51,45,22,54,43,17,148
red,145,92,43,76,80,53,102,144,29,12
blue,94,74,64,76,128,22,102,120,17,45
blue,34,84,101,51,93,78,110,151,85,4
red,45,94,121,24,53,110,40,56,17,12
blue,134,155,89,17,93,74,58,124,133,153
blue,78,77,56,59,45,103,38,138,29,53
blue,151,38,1,17,80,81,155,54,129,53
blue,47,54,150,17,80,91,155,121,49,45
red,78,13,150,151,5,88,107,121,106,93
blue,112,40,89,76,70,53,13,121,29,12
blue,0,87,57,17,70,42,134,144,106,158
blue,34,155,121,50,70,88,60,1,17,108
red,0,77,144,51,91,37,125,35,147,74
blue,101,142,56,24,153,107,125,129,109,5
blue,78,38,155,109,74,101,60,6,76,53
red,31,54,132,51,93,43,26,155,49,148
blue,154,40,143,9,53,47,26,43,49,12
red,74,13,19,49,9,110,107,143,147,53
blue,43,38,19,52,53,37,65,124,24,100
red,107,84,19,51,93,0,46,2,17,100
red,18,23,94,109,66,0,40,19,24,93
red,0,117,56,133,119,39,27,43,24,137
red,107,13,124,8,53,151,46,55,51,70
blue,0,37,1,51,93,53,125,143,106,82
red,151,23,3,17,139,13,125,1,116,153
blue,0,78,3,129,70,74,155,143,76,148
red,78,40,143,76,45,74,142,81,17,71
blue,2,65,1,29,119,103,13,159,54,82
red,19,26,38,133,119,2,130,54,76,91
red,0,130,1,17,12,90,145,143,136,66
red,72,13,19,24,128,74,77,120,8,45
red,0,142,143,51,99,78,98,151,116,119
blue,112,130,124,29,53,72,111,1,51,27
red,101,124,3,17,53,151,23,159,136,119
blue,135,67,26,24,45,137,54,155,76,9
red,31,77,11,106,74,2,130,121,69,119
red,36,142,140,51,128,0,84,151,76,64
blue,36,98,121,49,93,22,54,155,106,153
red,2,77,121,133,93,95,38,19,52,100
red,74,46,143,129,45,0,23,150,24,9
red,150,58,104,76,5,41,94,56,133,70
red,31,142,1,157,80,0,145,143,17,53
red,0,60,140,116,15,90,40,2,76,93
red,18,84,151,9,12,150,40,143,24,119
red,88,38,121,8,128,114,134,159,51,45
blue,135,40,121,29,108,0,98,94,19,45
blue,151,40,124,106,66,47,92,121,24,91
red,0,125,55,136,148,18,38,121,51,96
red,0,37,150,17,93,146,38,120,29,12
blue,44,141,121,50,70,18,23,150,9,100
red,35,141,64,17,108,36,98,68,29,118
red,101,60,26,8,16,34,84,18,51,5
red,22,111,94,76,45,18,38,151,24,82
red,101,67,64,52,128,37,38,11,51,45
blue,36,54,151,76,82,74,125,144,51,96
red,101,77,143,76,93,74,142,11,17,92
red,0,84,1,17,108,135,78,69,49,64
blue,101,23,151,85,153,112,60,159,76,82
red,92,94,64,51,16,151,134,121,76,5
blue,101,13,38,109,139,110,37,94,51,119
blue,47,26,3,17,71,151,13,55,9,119
blue,35,40,144,133,100,57,142,94,76,158
blue,110,78,1,51,153,0,30,94,29,148
blue,31,54,43,76,80,112,67,94,129,33
blue,57,65,1,51,82,19,74,94,137,70
red,0,65,140,69,80,94,74,19,17,71
blue,92,75,19,29,153,59,13,159,9,128
red,43,92,121,24,45,34,65,56,76,119
blue,47,84,120,29,153,37,27,131,8,80
blue,57,117,151,49,45,143,58,6,76,74
blue,90,40,53,24,5,0,117,56,106,99
red,2,13,48,51,45,31,61,1,158,157
red,0,125,159,76,100,53,13,141,51,158
red,78,88,120,116,9,3,13,64,52,100
red,3,40,89,63,158,53,61,64,50,96
blue,150,92,11,76,100,0,46,143,17,12
red,114,13,33,24,45,22,94,56,49,12
red,151,92,11,76,99,145,141,121,85,153
blue,150,13,11,49,7,101,111,143,17,153
red,151,84,33,136,14,38,13,6,51,66
red,0,130,139,8,9,35,65,26,52,100
blue,31,145,6,29,14,18,13,33,17,148
red,0,87,155,8,128,34,60,124,76,93
blue,114,98,2,76,99,103,60,120,17,80
blue,34,40,11,17,53,131,141,124,9,82
red,59,87,129,76,128,31,141,124,51,93
red,78,88,143,24,153,18,117,21,49,53
blue,74,130,121,49,53,78,38,1,76,128
blue,101,142,121,17,128,110,86,2,116,100
blue,146,38,89,133,100,31,84,120,24,45
red,59,102,11,85,118,47,58,121,116,82
red,0,61,121,150,96,137,84,19,156,93
red,2,58,69,76,82,47,142,55,29,148
blue,121,54,142,24,14,0,40,55,17,79
blue,47,142,159,17,45,78,92,60,133,153
red,48,38,140,133,153,110,46,55,76,100
red,90,142,104,24,5,36,75,29,69,153
red,2,124,151,17,45,101,60,120,76,37
blue,130,58,109,17,12,107,60,121,76,45
red,112,67,109,133,153,22,84,19,69,80
blue,110,46,159,17,121,101,65,124,76,119
red,151,84,3,106,100,104,40,121,150,133
red,143,155,3,133,153,13,65,56,69,80
red,90,65,2,51,93,107,13,124,116,70
red,31,65,139,17,45,22,40,158,9,96
blue,151,154,125,9,118,95,38,121,8,119
blue,107,58,151,54,70,127,46,159,9,45
blue,43,40,159,106,74,151,67,143,69,80
blue,107,142,55,69,119,57,13,56,8,128
blue,36,67,122,133,80,101,40,158,24,108
red,55,74,92,69,80,121,30,0,51,93
red,88,141,140,24,45,107,54,125,133,70
blue,144,141,64,17,80,0,58,2,50,100
red,0,38,11,17,71,90,102,143,50,80
blue,31,125,143,76,128,3,13,53,9,70
red,90,38,143,120,119,114,60,129,137,100
blue,101,77,121,9,16,42,84,159,76,158
red,90,38,109,9,45,22,134,59,29,82
blue,110,88,140,76,12,18,23,143,24,45
red,146,44,121,9,119,91,125,23,76,70
red,101,84,121,17,53,36,23,144,76,80
red,0,13,56,17,100,59,142,94,24,45
blue,151,94,43,50,53,0,154,6,17,12
blue,0,26,159,137,79,112,58,63,17,82
red,101,134,121,17,74,62,107,64,137,111
red,130,13,143,29,118,3,38,138,51,128
red,88,40,104,76,158,90,13,38,109,119
blue,37,23,34,150,118,47,60,121,8,139
red,36,58,19,8,9,43,54,151,116,118
red,114,102,121,106,83,0,125,159,76,118
blue,0,60,89,17,80,43,13,104,116,118
blue,135,67,94,106,99,3,149,11,54,92
blue,90,60,159,76,99,78,102,143,17,118
red,22,154,2,8,118,37,46,136,76,100
blue,90,98,143,76,100,88,92,56,51,158
blue,0,44,121,52,128,110,98,124,76,93
blue,0,37,143,106,93,43,67,121,120,108
blue,110,38,121,24,93,101,40,143,50,70
red,110,98,89,52,128,31,154,11,29,153
blue,0,142,2,9,118,34,134,124,17,70
red,121,13,103,133,70,31,78,155,51,82
blue,101,23,114,106,99,59,142,33,24,79
blue,107,84,150,29,12,110,111,159,69,45
red,0,142,6,156,148,65,23,109,51,128
blue,110,142,140,85,82,0,54,150,51,96
blue,101,60,140,29,70,57,74,89,133,12
red,37,98,138,133,70,47,77,139,17,45
blue,90,40,89,116,108,110,44,121,76,160
blue,0,65,124,29,80,103,54,11,106,66
blue,90,98,122,133,12,110,92,121,116,45
red,47,67,121,8,16,107,141,89,76,82
red,151,84,110,54,14,37,65,95,76,45
red,18,98,150,85,44,90,94,33,24,45
blue,121,38,143,76,93,114,65,151,129,70
blue,0,38,159,116,14,37,13,151,29,82
red,37,102,138,17,12,48,46,71,133,45
red,37,46,151,51,99,0,130,64,29,96
blue,137,84,1,51,99,0,102,158,17,9
blue,134,102,59,51,80,25,149,64,76,128
blue,110,46,143,51,158,0,67,89,76,82
red,110,38,139,106,154,107,134,129,109,108
red,78,40,64,51,14,151,61,33,17,79
red,47,13,121,17,108,36,78,155,76,12
blue,0,84,143,51,5,47,124,89,106,74
red,105,102,110,17,53,51,37,150,8,93
blue,52,121,151,8,45,0,61,19,76,9
blue,3,46,138,129,96,74,141,121,76,158
blue,62,134,121,17,71,0,28,81,76,158
red,151,65,26,49,12,47,84,104,76,109
red,0,154,120,49,100,103,65,121,76,82
red,97,94,124,52,91,95,87,3,51,4
red,48,54,1,76,128,0,87,121,8,100
blue,18,46,121,8,45,0,40,89,17,139
red,0,154,57,8,12,31,13,144,17,80
red,59,58,81,8,153,22,88,53,76,108
red,110,65,140,106,4,22,107,121,76,96
blue,18,98,143,106,100,151,23,140,76,119
blue,22,67,159,76,5,134,38,68,17,53
blue,78,98,124,116,153,103,102,1,76,70
red,114,154,64,51,14,0,94,1,17,96
red,155,98,144,76,12,46,78,72,147,93
blue,125,28,2,85,153,48,92,140,116,81
blue,2,61,155,52,100,0,54,140,76,70
blue,0,38,159,9,158,35,65,64,52,5
blue,91,14,124,106,139,101,84,151,17,4
red,135,125,2,17,45,90,23,151,106,93
red,18,46,121,76,158,36,74,62,133,96
red,134,13,121,76,96,78,38,59,133,93
blue,47,44,143,63,45,34,102,155,136,53
blue,21,67,151,8,53,41,44,155,76,9
red,3,60,155,109,93,133,98,121,49,100
red,37,61,155,8,128,74,154,94,76,45
blue,0,149,64,69,93,31,142,143,54,91
blue,42,40,104,133,74,22,13,120,147,53
blue,47,107,121,51,82,22,37,3,150,74
blue,88,23,150,51,96,114,142,19,116,128
blue,151,98,159,116,82,37,67,94,51,12
red,62,13,159,106,93,0,92,89,17,53
red,90,61,55,29,53,70,125,129,109,45
blue,135,72,2,24,100,121,84,151,76,81
red,74,141,121,133,45,72,102,151,17,53
red,137,97,120,133,70,0,141,1,51,93
blue,0,67,43,50,70,90,78,155,17,71
blue,47,40,151,69,45,0,46,1,9,109
red,135,78,121,17,9,110,65,143,85,158
blue,101,142,120,51,100,59,38,11,76,128
red,0,54,121,76,41,59,98,64,136,70
blue,43,107,121,9,82,0,38,143,136,100
red,0,13,124,115,108,36,54,144,69,153
red,0,67,150,17,139,101,13,11,8,148
blue,107,142,64,17,128,145,111,143,116,119
blue,113,38,148,137,93,34,154,143,76,128
blue,37,40,143,76,80,59,60,129,8,70
red,91,38,59,108,53,0,142,89,76,100
red,0,65,121,24,82,145,125,143,116,93
blue,72,124,43,74,108,151,84,131,49,82
blue,104,46,151,76,45,31,65,143,51,53
red,36,130,143,120,108,134,61,64,24,45
blue,114,28,43,29,45,131,13,11,106,66
red,47,98,11,76,45,36,13,121,24,53
blue,90,38,19,76,128,0,84,88,150,111
red,154,98,64,76,45,110,65,33,51,128
blue,88,141,121,9,53,74,98,124,133,70
blue,2,142,47,9,99,72,54,43,76,139
red,0,23,33,76,5,22,38,64,49,12
blue,22,134,139,116,70,113,27,155,129,96
blue,107,61,2,69,93,0,38,134,54,45
blue,57,27,151,51,12,154,98,121,9,119
blue,118,84,76,24,45,34,142,1,29,71
blue,0,26,110,116,66,101,84,1,29,14
red,74,102,121,76,100,22,92,136,133,70
blue,62,92,2,17,160,90,75,143,50,53
red,43,134,55,133,100,0,78,48,9,53
blue,112,65,64,109,108,0,38,11,116,12
blue,47,84,59,133,70,43,27,143,51,14
blue,112,84,94,147,16,48,98,159,24,82
red,18,125,121,52,100,47,94,55,50,70
blue,2,38,140,24,93,22,13,89,17,79
blue,2,40,132,24,45,0,30,121,51,93
red,44,40,159,51,120,36,84,121,106,99
blue,52,13,144,76,108,0,149,124,129,70
red,74,38,121,69,70,103,130,19,51,93
red,0,65,2,129,93,107,61,94,76,74
red,135,154,94,17,158,114,102,124,24,80
red,0,38,150,109,110,145,23,151,51,82
blue,0,61,7,15,53,103,26,155,109,128
blue,0,125,104,116,93,31,26,143,29,108
red,101,13,11,76,160,43,124,129,25,74
red,90,38,2,137,45,146,13,64,29,153
blue,0,141,1,8,53,59,92,2,17,71
red,145,40,120,116,64,0,125,124,29,74
blue,36,98,56,116,53,59,142,34,52,5
blue,59,117,151,19,99,47,141,2,29,5
red,90,102,159,69,80,19,141,104,51,45
red,34,23,3,29,45,43,121,150,76,53
red,0,84,2,52,45,34,65,121,54,12
blue,22,60,1,9,45,130,38,148,49,12
blue,88,141,140,29,53,35,107,64,17,45
blue,47,38,11,129,16,0,13,122,51,5
blue,37,46,124,9,148,2,98,11,116,99
red,22,98,121,17,53,88,38,114,109,119
blue,31,23,143,106,82,47,142,114,137,53
red,110,107,56,50,153,43,40,1,51,93
blue,115,46,56,29,14,43,28,81,79,93
blue,22,38,121,29,12,59,98,150,116,96
red,22,98,55,29,96,38,111,89,9,5
blue,101,44,121,63,128,0,98,2,29,153
red,135,98,144,24,100,36,61,73,17,119
blue,90,44,132,76,45,34,98,59,8,79
red,78,98,159,29,108,74,142,87,116,70
blue,0,87,150,29,148,151,98,2,17,53
blue,145,98,11,106,66,103,46,63,147,82
red,2,98,122,24,14,0,27,150,76,119
red,130,98,121,139,108,0,134,55,29,96
blue,0,98,2,129,82,107,40,159,49,45
red,22,124,98,106,74,34,30,93,51,153
blue,134,142,159,51,37,0,13,122,69,99
red,22,23,139,76,9,0,130,53,29,119
blue,48,98,158,109,5,137,142,55,76,70
blue,137,102,11,9,119,0,98,139,76,45
blue,43,98,121,116,96,40,46,143,76,70
blue,151,58,56,120,118,101,98,26,76,82
red,34,54,1,106,99,0,98,121,29,82
red,74,142,59,106,4,36,98,56,50,53
red,0,23,89,137,53,20,111,143,76,110
red,43,98,109,106,100,0,142,121,17,71
red,20,121,155,9,158,39,145,129,133,153
blue,144,60,2,49,119,20,111,26,8,53
red,36,98,68,17,79,48,13,144,76,66
blue,43,87,54,51,93,47,98,144,116,118
red,20,38,11,24,53,2,134,3,76,45
red,103,98,34,17,154,72,13,3,52,66
blue,0,98,132,51,99,114,28,142,52,91
red,0,40,69,157,45,145,86,132,49,80
red,151,98,19,8,82,22,27,155,133,153
blue,39,98,143,51,14,74,23,155,116,128
blue,110,98,1,29,53,22,54,155,133,158
red,78,88,124,76,128,22,98,143,24,82
red,20,142,159,29,9,110,141,33,17,53
red,107,13,64,24,14,22,98,124,129,99
blue,134,91,139,17,53,0,98,122,133,16
blue,33,28,3,8,45,37,98,6,49,82
red,127,141,19,147,96,112,98,148,116,16
blue,98,30,51,137,128,11,94,143,133,96
red,22,23,83,116,119,123,98,121,76,118
red,22,98,140,49,93,72,77,89,63,9
blue,39,98,129,24,139,90,13,2,17,118
red,92,134,124,29,82,62,98,138,8,53
blue,47,98,120,17,53,114,38,121,51,5
red,22,98,136,85,153,37,102,1,147,70
red,13,141,121,29,45,2,98,94,49,9
blue,36,98,104,106,96,52,142,124,51,93
red,134,94,104,17,82,2,58,151,49,14
red,0,104,140,76,79,90,111,157,17,128
red,102,44,104,8,9,0,98,133,76,45
red,53,84,101,76,5,52,98,121,17,100
red,101,60,1,120,153,59,46,34,150,99
blue,74,58,148,17,53,110,65,19,157,93
blue,103,58,64,133,12,59,65,139,49,119
red,35,54,124,29,93,107,111,7,17,14
blue,0,26,151,9,74,34,92,140,24,53
blue,101,142,151,157,93,34,86,121,69,119
red,72,60,144,76,93,15,40,124,69,12
blue,31,38,155,49,53,81,61,140,50,82
blue,72,65,150,109,82,119,58,120,147,93
red,151,125,143,120,108,31,111,150,133,128
red,144,77,20,51,99,34,46,1,129,93
red,47,67,89,76,93,0,94,159,17,45
blue,36,84,114,85,80,112,23,150,9,128
red,104,27,151,51,93,31,77,2,17,96
blue,78,38,121,29,80,34,86,2,51,93
red,110,134,109,116,118,78,65,143,29,53
blue,43,65,26,24,148,0,86,121,129,128
red,92,115,120,116,53,31,46,151,17,45
blue,43,40,33,76,119,0,26,109,17,45
red,151,46,59,17,45,0,65,140,76,118
red,37,40,143,24,53,78,134,26,51,82
red,0,46,124,9,70,22,78,114,29,45
blue,103,38,143,17,53,47,84,132,76,118
blue,144,46,151,150,9,34,87,26,156,53
blue,53,121,2,129,9,59,98,132,76,96
blue,0,107,120,29,45,101,141,139,8,70
blue,44,23,33,85,153,36,84,151,76,45
red,107,13,121,17,70,101,142,3,109,118
blue,2,77,120,17,71,0,28,3,76,148
blue,115,13,120,49,80,0,40,90,29,45
blue,90,98,89,8,53,0,46,143,17,71
blue,78,77,155,76,100,74,142,159,106,45
blue,74,130,26,76,66,90,102,132,17,45
red,72,46,63,17,71,0,38,139,76,14
red,78,40,143,133,158,137,65,64,106,82
red,22,46,6,133,96,135,102,32,17,53
red,37,65,87,24,119,151,111,53,54,93
blue,131,134,121,129,99,43,23,12,51,82
red,0,74,81,54,133,31,86,11,137,3
red,18,60,2,51,148,36,26,124,9,5
blue,90,40,64,76,71,34,54,151,17,159
blue,74,65,11,129,66,115,38,114,76,45
blue,0,65,121,116,53,22,28,55,17,82
blue,90,84,151,17,119,31,26,89,51,14
red,20,84,0,8,119,22,111,26,49,128
red,101,30,155,24,45,25,87,132,17,148
red,36,30,138,133,119,0,84,11,106,100
blue,121,26,155,52,93,151,65,64,76,74
red,0,38,124,50,158,115,87,73,17,12
blue,18,124,55,133,153,112,84,143,29,91
blue,31,65,124,133,5,47,38,121,116,119
red,22,84,1,137,45,69,142,124,8,96
red,101,40,132,51,80,151,84,94,76,45
blue,74,65,19,76,5,115,134,121,133,153
red,134,84,43,29,70,36,30,140,8,45
red,45,141,1,50,82,0,65,158,8,128
red,110,84,6,9,128,34,38,139,76,153
red,151,84,110,133,153,134,26,94,76,12
red,18,65,64,116,53,0,130,11,76,158
red,18,84,68,17,79,110,65,64,133,70
red,103,46,143,52,93,131,84,54,19,82
red,0,84,136,116,14,37,98,53,49,148
red,103,84,159,69,80,22,44,157,17,160
blue,120,46,121,106,14,101,84,94,147,93
red,103,84,151,51,5,119,65,139,76,118
blue,0,84,121,76,93,103,40,64,53,100
red,48,84,124,133,5,114,154,69,29,119
red,142,84,3,133,82,31,60,143,17,110
blue,31,23,151,50,82,38,84,1,9,66
blue,112,142,56,106,93,22,84,136,17,15
blue,110,61,104,137,80,102,65,0,109,118
red,22,134,159,133,153,101,84,37,24,82
blue,25,38,132,76,99,0,84,150,17,70
blue,101,84,93,106,82,43,65,121,116,119
red,22,23,105,24,128,35,65,55,133,153
red,59,98,159,76,96,72,84,132,50,70
blue,22,84,68,17,128,127,60,131,51,96
red,31,84,142,17,71,0,13,121,51,93
red,0,84,94,51,93,90,23,144,52,100
red,31,84,121,51,82,34,58,55,29,53
red,0,84,6,51,14,115,58,121,17,82
red,90,78,3,17,158,36,84,121,76,159
red,74,38,132,129,71,101,84,143,133,100
red,0,84,151,76,66,43,46,120,51,96
red,18,58,55,136,82,0,84,151,109,154
blue,144,38,158,49,93,47,84,53,17,71
red,36,94,122,51,53,22,38,59,17,71
blue,0,84,124,9,70,115,13,159,76,18
blue,101,84,121,76,100,59,38,159,24,80
red,88,78,94,116,53,0,40,159,63,12
blue,78,103,150,83,12,112,23,121,76,5
blue,31,74,144,24,128,0,130,52,17,45
blue,44,102,11,76,82,53,61,1,8,128
red,102,30,155,50,74,34,107,121,116,82
blue,22,40,26,85,153,88,84,83,106,93
red,137,74,68,24,153,22,134,94,76,128
blue,2,155,143,24,54,110,30,26,51,14
blue,42,60,33,50,70,59,74,0,17,71
blue,18,107,29,109,118,139,38,56,52,74
blue,78,98,150,24,80,107,13,1,29,108
blue,31,98,19,106,9,43,23,129,63,45
red,103,60,37,133,153,110,58,121,116,12
blue,114,13,150,51,82,34,60,133,76,5
red,91,134,143,76,160,114,154,121,8,100
red,131,130,124,9,80,101,94,1,76,14
red,34,98,64,17,71,112,111,1,116,45
red,43,40,159,129,93,2,141,114,24,128
blue,88,125,11,29,12,114,141,56,133,100
blue,114,38,144,8,70,2,142,3,24,128
red,114,61,140,8,66,123,75,53,76,100
red,114,46,109,76,153,155,130,138,106,5
red,114,38,11,106,82,22,67,151,76,128
red,114,65,55,29,53,0,102,144,17,71
red,36,13,6,85,153,114,30,69,49,89
red,110,46,68,29,118,37,23,81,106,96
red,35,38,121,8,4,0,40,70,9,96
blue,0,98,114,76,80,88,155,89,133,100
blue,0,26,114,51,93,22,65,144,69,80
red,110,141,114,76,96,0,84,121,50,128
blue,114,111,0,17,53,151,107,143,51,70
red,92,13,114,76,45,107,86,144,17,93
red,31,61,121,133,70,103,94,114,50,128
blue,31,38,53,29,93,146,61,114,24,14
blue,38,154,114,17,100,0,13,57,29,153
blue,0,125,21,76,79,114,130,139,17,53
red,101,28,114,49,93,18,134,158,17,148
red,43,98,114,17,100,0,58,144,29,153
blue,47,142,132,116,16,114,65,151,78,82
red,59,54,125,106,5,114,13,139,50,128
blue,0,38,114,49,96,43,141,7,17,93
red,88,65,19,17,93,59,94,114,29,53
blue,114,23,151,24,9,81,134,150,69,119
blue,103,124,114,69,128,115,38,159,24,45
red,114,78,3,17,108,74,61,11,50,66
red,114,60,54,52,128,19,141,140,69,53
blue,135,38,114,116,153,152,28,129,50,119
red,35,149,114,49,128,2,65,158,116,12
blue,47,154,114,76,45,92,94,138,69,128
red,18,61,114,109,12,103,13,26,17,45
blue,114,60,121,8,128,144,142,59,17,12
red,47,61,1,52,100,18,92,121,63,70
red,107,58,56,76,100,135,94,121,17,82
blue,22,23,93,76,70,0,102,2,29,153
red,158,102,37,150,126,0,65,23,76,70
red,18,124,94,9,93,7,13,73,116,5
red,0,54,155,69,80,59,94,1,133,100
red,0,91,140,24,158,107,60,121,17,45
blue,0,37,121,116,4,104,13,94,29,64
blue,131,154,143,29,96,85,130,121,147,5
red,145,98,120,137,66,12,23,151,106,5
red,43,38,109,76,5,59,141,121,85,158
blue,144,46,150,51,53,101,134,59,17,96
red,18,98,124,17,14,151,13,148,116,45
red,0,97,64,116,66,112,61,53,129,82
blue,150,65,120,17,71,115,84,151,29,45
blue,43,84,121,9,100,36,40,56,109,5
blue,134,142,159,76,66,37,40,132,50,118
red,81,74,64,51,128,31,40,2,69,119
red,37,65,150,106,100,92,13,55,51,93
red,31,61,68,157,12,144,40,155,29,108
blue,31,142,143,156,153,112,61,56,76,118
blue,34,130,74,29,119,31,141,59,106,100
blue,151,74,137,29,12,78,111,62,106,5
blue,31,154,140,9,93,103,124,0,106,100
blue,48,38,21,137,100,20,125,144,9,93
blue,151,22,68,109,108,0,79,1,17,128
red,110,61,140,116,96,107,84,43,137,93
blue,37,84,150,17,71,138,98,120,116,53
red,90,125,140,17,79,47,87,121,29,148
blue,155,134,138,133,14,34,65,2,8,100
blue,74,94,1,50,93,88,130,89,51,45
blue,107,65,1,106,14,34,130,121,50,128
red,131,98,143,137,70,101,142,11,76,119
red,2,40,94,133,53,107,61,151,17,148
blue,45,92,1,8,66,0,130,11,24,139
blue,0,37,150,8,45,31,134,159,69,80
red,112,84,129,20,108,43,94,11,17,80
blue,2,111,151,76,66,102,61,121,116,139
red,18,38,121,17,148,22,134,159,63,45
blue,110,38,143,17,45,0,145,140,49,100
blue,31,58,64,8,70,72,40,140,150,74
red,43,13,81,147,109,19,61,133,24,93
red,31,154,121,50,153,134,40,143,9,108
blue,115,58,0,116,100,2,92,1,51,12
red,112,65,121,17,100,36,61,56,24,99
red,2,58,3,109,119,36,27,155,15,93
red,88,121,94,51,99,25,98,55,133,70
red,110,30,2,51,99,90,98,129,109,119
red,37,113,121,106,70,134,78,52,29,119
blue,112,65,159,51,93,37,23,155,29,45
red,22,154,75,52,99,59,58,109,17,100
red,59,154,151,76,99,22,84,140,106,9
red,78,141,138,17,45,90,92,148,24,70
blue,43,92,2,116,100,144,40,73,76,99
red,9,145,139,17,71,107,141,120,51,99
blue,0,134,121,29,96,101,46,109,9,100
blue,107,142,2,106,93,90,61,131,9,100
blue,118,142,63,133,14,0,46,159,76,99
blue,48,74,132,52,100,31,67,144,29,53
red,37,125,94,54,45,62,40,124,17,119
blue,90,154,125,129,45,74,61,56,76,53
red,74,38,140,137,153,78,98,56,51,82
red,59,58,151,76,99,22,154,121,150,96
red,78,94,140,76,53,112,87,139,116,45
red,43,155,6,17,45,0,40,138,116,119
red,22,46,120,51,53,134,102,1,76,45
red,31,102,122,29,74,77,38,143,49,160
red,31,111,121,76,82,74,65,2,116,108
red,31,124,34,106,148,0,84,89,76,16
red,18,13,1,9,45,97,44,6,147,118
blue,0,61,121,29,12,107,38,144,76,148
blue,97,86,124,116,70,47,38,159,24,45
red,0,65,1,17,45,47,38,121,76,66
red,53,38,121,63,108,31,46,143,76,80
blue,36,26,140,17,71,104,46,150,49,153
blue,47,134,89,29,45,94,107,155,143,53
blue,154,98,2,29,71,112,65,121,76,45
blue,62,155,89,129,74,0,84,56,76,96
blue,43,124,144,116,93,114,98,59,137,119
red,37,141,121,49,12,103,155,11,50,120
red,74,84,151,17,80,34,38,26,137,70
blue,0,61,136,29,99,107,98,1,69,12
red,151,38,55,17,53,114,84,1,51,93
blue,151,142,55,19,53,88,60,138,69,153
red,34,74,21,106,5,18,46,121,17,16
blue,36,87,11,76,118,18,23,150,17,139
blue,115,111,143,69,80,22,40,33,29,158
blue,45,40,89,17,99,34,114,121,24,82
blue,134,142,140,147,74,104,75,120,51,12
blue,104,38,43,147,158,22,102,159,156,153
blue,151,40,138,52,45,78,13,2,76,82
blue,154,13,2,137,100,78,61,121,76,92
red,72,98,55,24,93,121,125,151,76,5
red,31,98,124,106,5,150,130,139,76,9
blue,31,67,155,52,4,92,142,23,116,45
blue,115,111,151,109,45,95,77,121,85,128
blue,0,84,158,29,70,18,67,151,76,111
blue,121,37,150,24,93,131,23,74,51,128
red,59,98,159,150,93,0,92,121,51,96
red,47,61,104,69,37,112,98,19,8,93
red,88,91,19,52,53,74,13,143,116,100
red,0,102,140,54,100,112,98,1,51,66
blue,103,13,143,52,59,78,40,159,133,93
red,78,65,121,116,93,110,13,89,76,153
red,78,65,2,29,119,110,40,121,8,70
blue,142,40,1,8,148,31,98,121,51,96
blue,62,98,121,8,70,37,40,134,52,14
blue,90,40,143,17,99,110,98,121,24,66
blue,37,111,0,52,110,121,142,42,150,82
red,22,38,121,120,108,0,23,68,49,5
blue,13,77,143,109,108,92,58,139,17,70
blue,0,134,143,76,53,114,98,144,29,158
blue,72,40,53,9,108,91,13,64,106,12
blue,151,30,3,106,12,91,40,43,49,53
blue,74,141,1,29,12,90,98,121,49,108
blue,0,98,120,133,45,62,46,143,49,119
red,35,98,143,116,70,62,38,121,9,153
blue,78,38,140,116,9,22,67,43,133,70
red,74,60,144,52,128,112,13,53,9,45
blue,144,98,121,17,5,0,88,11,49,53
red,151,98,144,54,93,35,92,121,29,12
red,137,124,89,17,128,0,40,30,54,80
blue,137,141,124,29,53,115,91,56,133,119
blue,90,58,148,147,128,0,98,143,129,66
blue,18,86,53,49,82,78,155,89,24,121
blue,0,125,124,29,12,7,13,3,106,121
red,151,30,26,17,108,35,67,3,116,153
blue,37,98,68,17,128,36,46,1,116,71
blue,103,65,2,17,53,101,23,150,76,4
blue,104,23,150,29,53,88,27,94,133,70
red,0,27,121,150,108,59,88,56,133,70
red,0,142,132,51,12,3,65,121,106,100
blue,112,58,2,76,12,143,111,121,116,108
blue,47,98,89,49,9,0,77,2,76,4
red,47,84,110,29,118,152,65,121,24,53
red,47,38,68,29,148,150,77,32,109,80
blue,0,92,151,76,66,155,130,120,29,53
blue,78,38,2,9,41,101,125,121,133,93
red,151,61,1,109,93,107,141,121,116,96
blue,110,46,148,17,53,35,74,11,52,100
red,36,92,121,17,53,43,40,158,8,45
blue,101,88,64,85,111,2,142,32,51,100
red,151,40,121,51,4,90,46,89,17,119
red,72,154,121,17,53,151,142,64,8,128
red,31,60,148,109,14,0,84,140,9,82
red,20,28,155,116,119,115,23,151,54,5
red,155,125,143,106,45,47,44,68,29,12
red,0,92,15,9,70,107,38,140,116,148
red,22,98,121,29,108,2,134,32,76,9
red,110,88,139,156,71,42,61,148,49,45
red,44,38,121,109,153,151,30,89,116,45
blue,0,38,122,156,70,155,40,143,76,66
blue,112,84,148,76,45,88,27,140,49,12
blue,0,130,68,76,53,31,107,148,24,82
blue,88,77,121,76,71,35,40,91,9,66
blue,88,77,11,9,82,31,40,121,49,71
red,90,58,159,116,93,48,142,121,9,71
blue,31,98,121,49,66,154,37,94,106,71
red,155,38,143,139,5,62,97,43,133,9
blue,91,13,121,49,96,144,40,55,9,109
blue,31,130,143,116,80,90,77,1,9,74
red,107,54,94,129,99,65,130,2,29,148
blue,0,92,129,24,100,78,13,143,76,14
red,134,54,121,150,91,31,46,1,76,153
red,31,155,121,8,4,48,60,55,52,5
blue,42,102,114,137,74,0,107,121,150,96
red,90,154,2,76,12,101,107,54,129,99
blue,107,125,121,85,45,59,142,93,24,100
red,101,98,37,54,93,114,142,19,74,108
blue,74,65,143,9,93,101,111,124,106,82
red,48,13,159,69,118,142,54,3,133,45
blue,0,92,55,29,153,101,13,122,51,3
red,65,92,140,106,66,107,155,121,69,9
red,18,92,121,51,119,101,61,124,116,74
red,31,124,121,116,20,22,74,1,51,4
red,18,92,104,24,82,131,54,94,17,71
blue,37,58,159,51,82,18,40,121,29,9
red,74,124,150,51,5,101,54,151,106,100
blue,101,54,109,8,53,104,58,6,133,96
blue,47,130,19,76,14,107,111,137,116,16
red,0,58,121,120,14,18,38,109,9,74
blue,0,60,56,133,71,18,84,48,49,82
red,110,103,121,29,148,134,28,90,52,126
red,18,125,140,17,53,0,84,101,49,148
blue,59,60,121,9,70,31,84,101,24,128
blue,101,27,158,29,5,90,23,11,17,45
red,78,40,56,69,12,151,98,121,116,70
blue,77,142,104,29,53,0,38,121,116,12
blue,62,124,64,137,70,74,94,69,24,148
red,59,98,1,17,53,121,65,11,8,100
blue,0,142,26,109,5,90,149,143,52,100
blue,103,124,3,157,9,2,58,121,129,110
red,150,13,140,50,128,42,54,1,133,111
blue,0,117,129,41,118,95,28,2,17,53
red,72,54,3,116,18,47,30,129,17,91
blue,115,13,121,51,53,90,54,131,49,82
blue,151,65,2,8,128,90,54,129,50,14
blue,57,27,155,9,70,31,54,1,52,82
blue,39,98,155,76,12,90,54,101,69,66
blue,90,58,54,17,100,103,98,1,8,12
red,43,86,1,17,128,103,54,0,136,16
red,88,54,121,29,45,59,142,125,137,70
red,42,28,48,29,128,22,98,19,69,80
blue,0,13,159,29,45,131,54,3,76,93
red,104,98,3,85,119,22,54,140,127,79
blue,48,134,56,133,100,31,54,43,29,12
red,47,54,151,8,70,112,60,144,69,45
blue,114,102,53,24,14,31,60,143,109,96
blue,145,54,3,17,80,103,111,11,51,99
blue,74,28,155,17,71,72,125,120,76,70
blue,90,54,19,17,91,0,155,10,76,100
blue,40,54,129,24,53,103,58,121,116,118
red,121,130,73,24,99,101,142,2,51,37
blue,88,141,143,49,14,34,54,155,8,70
blue,47,154,72,24,5,129,54,22,17,45
blue,34,54,101,17,71,112,149,121,8,12
blue,34,44,73,29,45,114,58,148,9,80
red,112,54,55,133,93,22,154,148,136,82
red,103,54,1,29,128,114,84,129,25,12
blue,11,61,104,8,128,151,97,121,133,70
red,18,54,89,116,82,112,61,159,25,45
red,22,54,94,106,82,144,97,64,24,5
red,0,13,158,51,123,43,54,120,150,100
red,91,28,153,106,82,74,54,69,116,93
blue,154,86,56,116,70,110,54,125,49,108
blue,2,54,151,17,93,91,58,140,106,45
red,110,40,94,122,53,144,61,159,129,82
blue,31,61,121,116,45,154,54,91,49,108
red,31,54,151,17,53,101,107,121,116,153
blue,57,54,121,49,18,34,134,140,51,91
blue,47,67,139,76,114,22,54,159,29,153
blue,22,54,129,29,112,81,23,94,50,100
blue,151,40,83,120,108,70,41,34,116,80
red,47,54,110,49,9,151,46,139,116,45
blue,151,54,143,116,12,101,75,144,50,53
blue,60,23,150,137,148,114,40,48,120,12
red,134,28,159,76,66,131,65,121,106,82
blue,47,38,140,29,12,57,134,151,76,128
blue,25,149,143,49,153,155,98,89,116,128
blue,0,67,144,76,128,121,38,143,29,108
blue,0,67,151,49,153,22,98,120,147,128
blue,0,65,143,116,118,85,154,148,52,128
blue,34,23,151,29,41,107,65,144,133,128
blue,18,87,35,129,14,53,40,89,52,128
red,45,38,33,51,74,47,84,151,52,82
red,19,125,120,50,53,65,98,140,147,5
red,36,23,124,22,110,144,103,150,51,45
red,62,102,121,74,108,90,58,64,69,44
blue,43,54,89,17,53,72,142,122,51,45
blue,1,38,21,76,66,37,26,29,17,5
blue,112,87,124,137,96,78,40,151,17,71
blue,72,97,76,116,4,38,98,124,17,45
red,90,13,104,9,70,103,60,121,76,93
blue,112,125,11,147,70,3,65,121,76,45
blue,0,141,143,51,4,110,26,64,76,93
red,90,38,124,147,45,3,107,121,76,14
red,0,40,11,137,119,42,44,121,147,120
red,13,58,89,29,53,0,84,83,24,96
blue,131,60,2,8,93,22,84,151,76,118
blue,131,125,59,49,119,62,124,43,51,74
blue,0,40,159,29,45,31,65,121,51,158
blue,101,142,33,24,100,0,54,2,63,45
red,131,61,19,109,100,52,142,1,24,14
blue,0,28,151,17,45,114,98,150,76,70
red,0,98,55,24,93,90,111,159,106,5
red,115,60,26,51,100,2,28,69,24,93
red,78,38,15,76,128,142,94,112,19,53
blue,115,111,121,133,71,3,46,64,50,70
red,72,67,3,51,5,110,141,26,76,45
blue,78,60,120,17,71,72,13,55,49,3
red,20,142,159,29,93,90,84,3,150,82
red,20,142,43,17,71,74,23,151,51,82
blue,151,149,2,109,82,20,61,94,24,100
red,90,117,69,22,45,35,58,132,116,53
blue,107,98,55,116,70,74,125,144,150,99
blue,90,40,143,9,45,0,98,104,51,93
blue,101,46,143,50,14,112,38,139,76,128
red,43,91,136,24,139,78,84,151,17,53
red,37,58,150,51,5,18,134,89,29,45
red,74,58,124,69,66,103,23,3,76,158
blue,151,134,2,49,12,154,125,121,76,128
red,88,91,138,29,53,2,60,143,51,82
blue,47,61,89,51,130,107,38,19,106,66
blue,90,84,151,49,148,34,154,105,29,14
red,0,28,60,76,100,134,98,11,17,53
red,134,38,19,106,82,0,54,89,24,45
blue,103,107,2,24,5,97,75,121,76,53
blue,0,87,64,52,5,31,60,121,24,45
red,36,67,121,76,139,22,60,11,157,66
red,107,27,142,106,139,88,38,70,133,108
red,72,28,155,106,53,103,98,143,24,45
red,59,40,151,29,53,90,155,6,129,45
blue,47,98,140,17,66,43,74,143,50,14
blue,39,102,131,29,93,154,58,122,137,45
red,103,86,1,109,93,25,38,138,129,128
blue,19,38,89,106,108,151,67,75,49,159
red,110,84,132,29,45,88,125,139,17,108
blue,57,13,81,106,9,31,84,159,150,96
blue,34,13,159,150,82,114,142,89,17,119
blue,97,74,43,51,93,0,23,63,17,71
red,47,60,121,17,45,18,38,132,109,93
blue,2,86,57,29,153,18,13,132,51,45
red,37,38,19,9,12,0,84,143,52,4
red,12,125,64,76,128,112,84,143,17,99
red,101,13,120,54,108,107,97,143,51,66
blue,0,87,89,76,82,151,13,68,49,119
red,90,38,121,17,100,152,141,56,76,93
blue,0,98,120,24,93,104,154,159,52,128
red,31,60,143,29,133,0,13,2,17,100
blue,0,65,120,116,70,43,86,159,17,53
red,36,23,1,85,153,134,86,121,52,45
red,115,88,2,51,5,102,74,151,76,158
red,18,145,89,29,45,36,155,132,54,100
red,22,40,155,109,9,48,111,121,76,93
blue,0,23,59,76,158,78,65,53,9,100
red,0,102,6,24,118,46,13,138,29,119
blue,3,40,121,120,96,72,23,155,116,100
blue,90,84,1,17,71,107,130,56,85,45
red,90,38,11,52,16,88,111,121,76,71
red,103,27,120,136,53,146,46,11,17,96
red,0,130,105,9,70,74,107,121,76,100
red,34,61,122,9,45,0,38,1,52,99
red,92,38,1,76,108,47,13,64,50,45
red,0,91,64,29,159,134,60,121,76,5
blue,22,65,121,116,53,90,38,2,51,128
blue,45,38,121,76,71,0,98,1,8,12
red,43,54,0,116,124,74,60,143,8,70
red,31,65,34,54,45,112,61,2,85,148
blue,19,40,34,17,148,121,65,151,51,82
red,146,84,34,51,66,48,46,11,29,108
blue,3,94,143,106,82,22,23,34,29,45
blue,115,65,64,17,119,62,124,34,76,12
blue,137,111,149,9,109,36,28,94,17,5
red,154,149,143,52,12,151,98,121,76,158
red,145,46,121,9,5,2,130,65,133,66
red,112,61,121,29,45,36,23,22,8,119
red,0,60,2,17,79,151,37,64,9,14
red,0,40,1,9,16,78,87,48,150,96
red,90,98,26,17,53,131,65,138,133,100
red,47,117,1,9,119,25,88,64,116,66
blue,43,84,121,29,9,2,40,94,159,108
red,134,141,11,17,53,101,103,64,147,148
red,151,107,124,109,108,12,40,21,150,118
red,134,141,139,49,9,0,38,143,116,53
blue,22,125,121,106,108,0,65,89,133,153
blue,31,37,11,8,45,22,134,132,76,148
red,145,37,2,51,93,38,130,89,24,158
blue,127,61,11,133,70,59,58,151,9,100
blue,103,124,120,50,119,74,125,32,29,45
blue,78,145,159,116,71,151,111,1,133,70
red,101,111,94,8,45,13,58,19,129,3
blue,47,13,121,133,12,115,84,132,106,5
red,35,61,19,9,111,154,13,151,51,82
blue,154,38,140,51,100,110,84,129,116,108
red,137,13,143,150,100,110,60,2,52,5
red,22,111,139,116,45,72,142,121,133,15
blue,59,46,150,76,45,107,142,143,9,100
blue,18,113,89,116,118,110,65,139,51,96
red,112,142,121,17,71,114,40,159,49,108
red,36,107,56,9,45,43,38,121,29,148
red,43,141,138,8,119,18,13,2,76,124
red,90,54,129,76,45,31,38,2,29,119
red,151,75,1,17,71,74,28,155,69,80
blue,36,58,20,29,153,154,74,133,50,148
red,110,141,11,133,153,154,75,68,136,119
blue,114,142,54,129,100,110,13,157,29,46
red,101,98,121,109,108,0,141,19,51,96
blue,53,130,89,76,5,110,26,143,17,71
blue,88,125,158,9,110,22,67,159,51,45
red,31,13,120,24,100,138,65,1,17,53
red,11,13,90,24,66,34,38,143,106,5
blue,72,40,121,29,133,62,78,104,76,153
blue,57,91,159,24,128,47,111,55,69,45
blue,57,113,11,76,119,43,40,6,129,124
blue,154,98,109,29,153,35,84,151,133,70
red,2,117,94,50,53,0,23,59,147,108
red,154,117,144,50,100,25,88,121,133,70
red,110,117,37,17,74,72,84,151,50,70
red,41,117,150,9,99,78,38,155,8,16
red,144,117,74,129,12,112,30,151,24,100
red,48,98,140,133,153,31,141,122,49,148
blue,2,40,151,76,108,101,38,121,116,53
blue,31,58,53,136,158,39,146,67,17,100
blue,151,37,43,106,100,72,142,121,9,16
blue,90,38,159,8,119,88,23,109,76,118
blue,0,30,151,76,96,34,58,124,109,9
red,68,60,90,51,93,0,134,121,76,118
red,102,60,64,76,118,91,13,143,116,153
red,144,65,43,51,74,0,142,120,29,80
red,123,58,3,109,91,31,27,8,76,53
red,31,77,159,51,82,112,94,104,69,118
blue,43,13,159,76,16,0,58,109,116,14
blue,34,154,124,150,128,88,87,1,133,123
red,36,65,159,49,45,151,61,64,17,91
blue,22,98,1,29,12,0,142,121,63,53
red,2,98,78,136,128,158,103,124,51,110
blue,53,65,11,29,148,43,125,1,17,93
blue,31,13,144,76,93,47,107,1,29,96
red,134,154,21,49,5,53,86,143,17,128
red,22,92,121,50,70,36,13,33,29,9
blue,107,134,33,8,96,0,60,53,109,93
blue,39,46,150,17,148,0,13,124,29,12
red,103,130,55,24,93,25,38,64,29,153
blue,90,54,121,76,93,22,111,1,69,80
blue,0,44,158,8,119,22,77,57,24,53
red,47,40,155,54,100,0,13,56,76,108
red,0,23,41,76,158,22,46,121,69,80
red,48,134,54,17,12,35,28,144,49,71
blue,36,111,143,147,123,115,65,121,24,14
red,88,46,159,24,158,112,78,23,106,82
red,43,65,121,54,110,0,23,144,106,82
blue,107,38,64,51,82,22,77,124,76,91
blue,0,124,140,24,14,78,141,132,106,80
red,35,86,143,17,148,151,77,124,8,53
red,43,84,18,133,139,145,40,159,76,153
red,18,124,62,76,66,145,38,132,17,100
blue,145,61,144,150,99,62,65,121,106,74
red,145,46,1,106,99,59,37,151,137,45
blue,34,40,105,50,100,22,46,143,17,45
blue,0,65,89,9,119,18,58,55,129,126
red,0,30,121,8,118,107,94,143,51,66
red,22,65,11,24,9,112,125,132,76,53
blue,151,67,94,157,12,101,124,155,17,71
red,2,40,120,51,82,31,30,129,8,9
red,0,58,124,50,70,57,26,129,25,93
blue,0,60,11,133,53,31,26,150,116,96
blue,88,154,124,29,153,0,84,151,52,66
red,88,94,2,29,12,22,13,89,85,118
red,88,61,64,29,45,151,65,68,51,5
blue,35,40,143,106,108,88,134,38,76,74
red,22,125,121,106,53,88,40,140,116,70
blue,92,46,2,116,96,78,38,150,9,12
blue,38,86,144,150,82,31,65,26,50,5
red,112,102,64,24,4,78,154,144,106,91
red,31,65,109,17,148,90,124,151,49,45
red,31,13,64,52,119,22,97,143,8,100
red,0,65,6,138,158,22,58,56,29,119
blue,74,65,143,156,93,47,26,140,137,70
red,74,117,105,76,128,34,130,139,29,153
red,0,84,64,106,5,134,28,155,8,126
blue,90,84,56,51,93,0,13,121,109,108
blue,134,102,121,17,100,88,58,139,49,82
red,134,26,3,116,153,121,142,107,156,118
red,31,134,143,29,153,107,13,148,137,70
blue,121,155,139,76,45,107,125,60,109,133
blue,134,130,120,76,109,107,94,2,29,96
red,0,91,55,76,82,22,54,151,52,128
blue,36,38,143,109,53,107,111,2,24,100
blue,18,130,124,49,93,103,40,89,76,12
red,0,130,1,51,12,72,86,132,15,108
blue,134,125,143,9,100,13,46,120,17,121
blue,115,102,120,106,18,114,142,159,52,5
red,65,125,154,17,121,101,84,151,136,96
red,134,13,139,17,71,31,84,159,51,82
blue,0,58,2,52,128,114,78,151,51,93
blue,47,141,120,49,100,144,13,1,106,82
blue,47,58,2,49,12,107,37,141,29,153
red,47,38,157,76,100,110,142,121,17,53
red,47,67,115,9,45,107,125,143,29,46
red,137,92,143,51,14,134,124,0,17,128
blue,26,87,1,133,33,72,84,56,129,82
red,72,125,121,129,108,151,3,1,116,93
blue,34,84,1,76,82,42,91,68,129,128
blue,115,38,159,24,100,0,142,132,49,12
blue,0,65,56,137,153,90,141,122,9,53
red,43,13,121,8,128,31,40,56,129,4
red,31,84,144,52,45,1,13,139,49,53
red,31,77,19,109,93,47,141,136,129,33
red,101,102,89,63,153,2,142,125,24,41
red,74,40,121,51,70,101,141,89,133,93
red,103,40,78,76,12,47,94,121,9,45
red,48,61,19,49,12,74,125,89,76,14
blue,101,111,132,109,93,78,92,64,17,153
red,81,61,109,17,53,0,142,137,29,108
blue,35,61,23,150,107,22,98,64,41,4
red,150,46,78,49,45,19,102,1,17,53
red,103,142,11,133,93,114,65,64,51,53
blue,18,40,121,24,118,62,111,89,76,158
red,62,75,55,76,139,0,134,101,137,16
blue,47,61,121,76,12,37,38,150,17,66
red,92,46,89,69,53,101,65,150,109,153
blue,101,13,43,15,148,18,141,6,9,45
red,22,98,68,51,128,35,38,56,17,158
blue,57,46,121,51,45,90,98,143,49,158
blue,34,40,121,76,5,151,98,143,17,158
blue,151,40,15,17,91,72,134,121,76,158
red,0,46,121,9,93,31,154,143,109,108
red,11,130,159,106,110,137,78,155,109,108
red,18,87,143,49,45,47,141,122,76,158
blue,31,154,11,116,70,90,38,2,9,158
red,90,23,150,49,45,107,125,151,17,158
blue,146,124,1,116,158,90,38,121,17,71
red,91,125,56,51,66,137,30,151,76,158
blue,57,84,86,51,74,62,46,140,137,158
blue,110,40,64,29,4,112,154,136,158,108
red,104,142,1,49,158,48,130,143,29,99
red,74,61,143,49,158,91,65,59,137,45
red,101,142,89,29,158,0,155,59,76,148
red,151,94,55,29,158,3,74,143,147,93
red,129,61,143,51,45,18,94,151,49,126
red,0,30,120,116,153,53,98,121,108,66
blue,94,38,68,109,108,74,98,140,29,153
blue,43,58,74,9,53,36,142,2,133,45
blue,151,107,104,76,45,78,130,64,51,93
red,131,142,89,109,153,37,134,43,50,118
blue,107,40,121,76,66,0,142,55,150,70
red,31,46,11,49,66,59,13,150,76,82
red,101,102,159,106,45,0,61,148,76,96
red,137,13,136,76,128,0,60,120,133,70
red,127,77,3,50,139,18,74,11,29,45
red,22,13,148,116,71,137,154,159,139,108
red,34,141,139,106,66,81,27,64,50,128
red,142,149,143,8,16,35,46,1,106,82
red,123,40,140,76,119,35,84,143,17,71
red,35,65,11,29,15,152,54,143,76,112
blue,134,13,121,51,82,35,26,19,116,4
blue,22,46,59,17,3,35,38,143,69,45
blue,35,60,57,116,153,78,38,109,8,45
red,35,134,89,143,9,112,98,2,109,108
red,35,102,124,76,74,101,40,143,49,158
blue,90,142,35,76,109,101,154,2,129,12
red,3,74,151,150,15,137,46,121,76,4
red,22,61,1,8,53,110,38,64,51,119
blue,62,61,105,8,71,144,58,150,29,12
blue,20,30,151,76,93,47,26,34,148,153
red,47,107,19,9,100,137,61,121,8,53
blue,20,111,43,29,53,151,58,121,49,160
blue,104,46,143,17,12,34,130,131,138,79
red,57,98,43,9,139,114,67,110,69,119
blue,3,27,91,51,124,22,87,56,24,53
red,57,97,121,29,45,34,38,136,76,5
blue,22,61,129,85,119,92,98,55,8,45
red,78,98,137,109,82,112,13,19,69,80
red,154,125,124,49,14,31,61,136,85,79
blue,22,60,143,129,71,110,84,155,76,124
blue,35,40,1,17,14,22,98,121,116,153
red,47,38,89,76,53,0,26,94,116,9
red,0,54,121,106,79,68,125,141,9,100
blue,145,98,6,17,118,0,65,2,76,71
red,47,102,2,136,93,0,111,140,29,119
blue,42,65,143,49,66,78,88,139,29,12
red,90,61,121,76,74,115,58,105,51,93
blue,47,134,159,116,96,18,38,143,17,153
blue,131,102,139,24,99,88,98,140,51,37
red,134,87,64,51,4,36,91,26,139,99
red,3,60,89,51,93,131,87,56,8,96
blue,0,38,143,17,148,25,61,56,156,100
red,2,13,136,51,158,37,98,139,29,12
red,22,84,89,76,96,47,65,120,129,82
blue,38,40,89,29,74,22,26,94,143,70
blue,78,84,101,17,53,130,155,109,29,148
blue,0,142,159,51,93,78,13,154,29,119
red,154,94,143,49,71,101,46,11,17,45
blue,101,84,132,29,53,154,98,2,17,108
red,18,54,43,17,71,154,38,2,76,153
red,22,141,124,51,91,90,65,6,50,118
red,43,54,65,49,108,0,40,64,120,82
red,18,65,1,76,119,110,111,2,8,45
blue,101,141,121,51,12,78,87,151,76,93
red,53,37,150,29,119,34,77,120,50,100
blue,31,134,143,24,153,47,40,148,133,5
blue,0,46,140,17,71,150,28,158,133,153
blue,39,44,142,106,96,112,92,121,76,133
red,158,40,120,76,66,31,130,159,51,82
red,114,46,20,133,123,90,60,143,51,160
red,34,38,72,49,148,144,46,53,17,96
blue,34,38,121,157,160,18,149,1,17,14
red,46,30,139,49,108,114,23,143,133,70
blue,18,44,15,8,158,125,23,124,9,71
red,46,23,89,17,119,48,54,151,52,128
red,59,54,151,150,108,53,125,2,136,15
blue,31,102,159,69,82,48,13,33,139,71
red,0,75,140,17,100,78,91,69,51,82
blue,74,60,132,76,128,110,142,124,17,79
blue,36,28,35,133,53,34,84,132,51,82
red,90,94,140,116,53,101,23,3,49,148
blue,103,46,37,51,109,151,154,132,49,82
blue,72,142,148,52,100,103,13,121,116,12
red,43,13,143,15,91,112,40,124,29,96
red,31,65,159,17,45,101,75,121,76,119
blue,36,134,140,52,128,43,121,120,51,82
red,42,154,151,29,80,31,46,38,54,158
red,53,38,159,106,4,112,102,89,150,37
red,107,84,151,17,14,103,46,69,109,121
red,114,86,10,116,12,78,77,155,9,53
red,0,30,155,17,139,158,65,110,109,5
red,74,98,148,150,158,112,87,143,69,133
blue,22,140,124,50,128,34,46,158,17,79
blue,18,78,33,106,99,0,87,103,29,108
red,115,86,55,51,82,139,65,146,9,16
red,115,84,69,9,16,92,142,10,76,66
blue,36,113,121,76,4,110,13,64,50,79
blue,92,67,68,116,66,90,154,124,49,93
red,90,38,1,78,66,34,74,138,8,100
blue,90,23,150,157,99,97,155,2,122,80
red,90,98,1,106,74,78,130,68,49,93
red,151,38,121,50,70,31,58,11,109,108
red,22,13,104,51,5,34,124,143,69,80
red,38,141,33,29,119,59,154,150,116,133
red,114,145,132,24,45,144,125,33,106,14
blue,0,46,64,76,74,130,40,1,49,119
blue,74,113,129,133,70,101,13,55,9,5
blue,107,40,54,133,93,103,37,21,17,82
red,0,40,143,24,74,88,130,139,136,120
red,65,84,150,49,93,101,54,63,76,9
blue,91,38,52,150,139,74,142,64,76,100
blue,135,58,121,9,119,110,134,124,17,100
blue,152,46,2,76,82,0,65,140,8,128
blue,22,38,1,24,82,34,65,159,76,128
red,31,130,143,49,93,134,38,121,29,45
blue,151,91,3,52,100,43,26,105,106,99
blue,0,61,144,49,93,22,154,121,106,100
red,137,65,121,29,108,0,38,138,51,45
blue,0,23,155,76,53,35,104,34,24,74
red,114,40,68,137,9,25,125,1,17,71
red,31,125,114,76,153,47,142,1,50,148
blue,62,78,155,50,153,110,141,19,129,74
red,70,46,19,116,153,43,40,121,54,53
blue,52,142,143,51,37,0,13,55,76,74
red,3,155,2,17,71,74,134,104,116,53
red,90,58,140,8,119,47,130,121,9,158
blue,103,58,143,17,119,107,94,124,116,153
blue,36,40,142,116,53,0,98,64,49,148
blue,38,142,158,9,45,103,67,19,116,153
blue,43,61,26,24,148,0,40,89,109,153
blue,110,26,11,133,93,31,84,121,85,53
red,47,107,143,29,126,115,111,89,8,66
blue,134,155,144,49,99,107,142,64,24,45
red,34,38,89,50,45,0,77,120,8,158
blue,74,13,64,137,16,88,23,89,76,108
blue,42,111,122,49,96,90,94,124,116,12
red,145,13,89,76,45,78,107,151,17,71
red,88,111,89,51,5,18,38,121,76,66
red,137,98,143,76,109,0,65,89,49,12
red,31,125,1,116,16,104,38,6,76,91
red,55,38,101,69,80,151,149,143,76,45
blue,94,61,56,17,53,114,13,143,9,108
red,0,38,121,76,119,43,13,1,137,70
red,0,125,140,76,96,18,40,1,51,93
red,22,60,140,129,70,146,102,120,24,100
red,62,54,121,106,128,36,65,1,17,79
blue,101,54,110,116,5,142,13,1,106,100
blue,0,125,143,106,82,22,38,23,76,16
red,101,84,37,17,119,34,54,155,49,130
blue,158,46,121,51,93,77,54,124,76,82
blue,103,98,121,17,53,151,125,143,29,93
red,144,38,0,109,12,127,155,65,51,82
blue,110,46,1,157,108,18,98,148,129,96
red,62,98,56,150,82,37,75,32,51,124
red,59,86,2,133,158,101,154,143,50,100
blue,151,74,143,17,71,72,46,3,51,66
red,90,40,6,17,9,48,13,121,63,70
blue,90,142,151,109,82,18,23,121,17,79
blue,110,102,89,8,70,90,65,64,76,53
red,90,58,121,29,45,34,154,1,116,70
red,59,38,143,106,93,103,78,1,156,70
red,90,94,73,69,80,103,58,121,136,118
blue,31,38,140,76,16,0,142,159,9,82
blue,34,134,26,136,71,0,142,109,76,128
blue,110,40,2,51,45,145,28,129,9,118
red,112,142,68,63,45,78,77,3,129,126
blue,18,65,140,63,70,103,27,132,17,53
red,22,102,56,150,14,59,75,151,76,16
blue,22,40,94,54,93,59,58,121,52,100
red,110,38,109,116,128,151,40,143,133,118
red,31,94,158,17,100,59,61,54,9,119
red,42,13,121,76,80,31,38,89,29,118
blue,110,60,132,76,89,154,142,143,106,93
blue,101,58,6,147,79,18,46,68,76,45
red,31,98,140,24,82,90,46,105,51,93
red,134,61,121,137,70,36,124,11,17,45
blue,150,38,121,17,148,3,84,91,76,5
red,47,141,89,106,82,151,104,140,76,80
red,110,58,144,76,91,9,87,43,136,82
blue,114,77,55,22,45,0,67,89,24,12
blue,22,155,1,51,82,25,65,159,9,53
red,77,23,150,136,128,103,102,121,49,66
blue,42,142,104,116,93,35,74,120,76,4
red,83,65,121,24,5,110,75,144,9,53
red,0,58,89,106,82,103,141,71,24,45
blue,90,58,26,137,153,48,40,2,150,82
blue,0,81,89,8,9,31,88,6,116,7
blue,47,142,55,137,100,152,27,121,51,53
blue,35,142,2,17,139,0,38,121,49,45
red,91,134,120,17,148,90,46,26,9,53
red,91,40,1,109,12,0,111,159,150,4
blue,47,13,1,76,93,91,30,56,69,45
red,91,134,124,137,118,38,13,143,50,100
red,91,46,64,108,82,101,13,10,76,80
red,74,65,59,76,93,78,111,151,150,90
blue,34,142,59,17,79,22,84,121,76,100
red,91,107,121,78,66,82,28,115,51,16
blue,110,155,64,17,153,91,104,1,29,12
red,90,58,64,8,79,0,145,59,51,14
red,0,124,121,76,96,59,38,53,69,93
red,90,61,121,116,45,107,142,62,133,158
red,53,61,121,139,9,41,107,62,50,109
red,46,87,151,76,53,144,91,3,29,119
red,107,13,1,136,4,101,134,120,116,45
blue,107,65,132,50,108,110,38,121,116,45
red,0,40,59,116,45,18,65,2,51,12
blue,0,65,73,17,82,59,38,62,150,4
red,31,84,151,24,45,90,60,64,133,100
red,48,145,1,24,128,31,111,121,49,96
red,0,26,122,76,128,101,40,143,63,70
red,74,79,125,147,128,47,27,53,51,82
blue,0,86,120,6,93,18,141,89,96,116
blue,102,46,120,116,153,146,98,2,51,96
red,91,98,121,76,148,0,60,101,138,82
blue,47,125,89,106,74,22,60,1,54,82
blue,25,58,73,51,82,103,154,64,50,128
blue,43,84,140,76,119,36,111,64,133,70
blue,146,30,1,76,110,59,61,2,49,93
blue,90,61,56,29,132,37,77,121,17,108
red,34,13,121,51,128,22,102,105,147,96
red,45,26,121,150,82,74,61,6,29,53
red,22,113,33,9,100,77,102,143,17,12
red,113,125,121,76,96,103,28,129,138,99
red,103,125,26,29,153,35,65,11,9,70
blue,110,125,1,106,82,0,38,33,17,71
blue,101,125,3,116,153,59,155,159,50,93
red,36,125,159,51,100,101,65,121,19,82
red,110,125,54,76,82,144,67,43,8,100
blue,25,94,104,147,108,144,125,3,85,153
blue,151,67,69,129,120,0,125,55,137,126
blue,88,98,150,120,53,78,125,158,9,45
red,35,84,94,147,16,101,54,125,50,82
blue,151,61,89,24,45,74,125,21,17,139
red,74,13,136,49,96,22,125,55,52,100
blue,74,125,21,29,91,113,141,6,51,99
red,115,125,89,76,70,22,26,143,51,93
blue,114,61,81,29,148,103,125,121,76,5
red,0,125,89,76,45,91,61,143,51,53
red,151,125,121,85,70,112,46,120,24,119
blue,88,74,2,133,158,103,125,159,129,27
blue,74,56,40,116,45,103,125,121,106,4
blue,37,46,143,76,74,158,125,56,9,119
red,22,40,43,106,148,83,61,125,157,153
red,57,125,151,17,53,31,92,158,51,118
blue,59,40,89,76,99,22,60,143,129,5
blue,47,141,121,17,79,90,98,143,9,66
red,34,130,64,69,118,37,98,151,129,119
blue,0,65,143,133,70,81,40,144,17,12
red,36,30,124,106,99,146,94,2,24,126
red,0,13,143,85,153,115,67,151,17,128
blue,103,107,56,49,74,18,145,124,50,126
blue,143,40,124,106,45,131,78,121,69,70
blue,42,91,1,51,99,103,38,121,76,118
blue,22,124,91,51,5,107,111,121,50,119
red,59,98,140,17,12,13,27,56,9,93
blue,103,130,64,25,108,31,75,2,9,82
red,2,75,73,51,45,39,40,137,110,79
blue,31,102,140,148,45,151,27,129,17,53
blue,62,142,89,52,128,34,60,59,29,96
blue,31,58,140,76,128,0,87,34,29,5
blue,103,40,37,143,111,31,142,1,50,5
red,0,67,55,50,5,131,27,120,76,45
red,110,61,41,137,64,59,54,125,29,93
red,25,84,159,133,53,31,94,124,76,118
red,34,92,73,133,96,19,130,64,116,70
blue,90,58,23,25,3,22,65,139,29,53
red,72,54,155,51,128,0,111,121,52,14
blue,0,149,140,52,4,123,46,124,9,96
blue,0,84,140,129,14,59,61,89,76,66
red,107,13,143,24,9,37,61,151,133,153
blue,90,154,43,157,96,0,77,121,49,53
blue,62,61,55,29,5,20,65,94,150,70
blue,101,124,74,9,3,112,67,151,150,96
blue,150,54,94,51,82,112,38,64,76,99
blue,151,111,55,150,82,114,23,121,137,4
red,22,102,159,51,45,90,141,55,106,93
blue,22,61,1,49,139,37,46,151,133,96
blue,22,98,89,133,5,103,61,64,50,53
red,112,92,43,69,80,25,40,158,50,53
red,112,60,121,51,93,63,40,110,147,12
blue,3,134,140,29,5,43,84,56,50,96
blue,110,13,154,116,119,31,107,151,17,70
red,0,60,159,76,119,137,40,140,157,108
red,47,60,140,17,9,62,111,120,29,53
blue,103,84,121,76,16,110,142,64,116,82
red,18,98,121,137,70,0,38,143,8,45
blue,59,98,2,51,3,47,125,159,106,99
red,78,87,151,76,81,90,154,94,156,158
blue,90,154,43,17,82,18,141,64,116,71
red,34,40,124,8,139,90,60,159,76,154
red,22,46,124,8,100,39,142,104,133,70
blue,3,141,55,25,153,114,46,151,8,128
red,0,65,6,25,153,47,38,144,17,12
red,134,30,65,85,70,72,50,32,51,158
blue,0,38,121,76,96,18,23,3,8,45
blue,36,27,143,24,96,78,46,139,106,93
blue,36,54,155,29,93,0,38,140,76,100
red,78,38,1,8,153,90,145,124,76,119
blue,0,38,55,17,120,90,141,143,156,153
red,35,94,138,24,15,78,65,120,52,128
blue,134,27,43,51,96,18,13,89,52,119
red,31,58,143,17,139,59,113,94,24,160
red,130,98,159,49,9,18,28,71,52,100
blue,47,54,131,76,9,0,111,143,51,109
blue,72,141,26,51,108,115,40,68,116,153
red,103,13,143,156,128,112,26,155,63,158
red,77,60,138,9,120,0,124,41,24,5
blue,146,65,19,24,160,0,46,11,49,12
blue,103,111,144,76,109,59,46,155,17,71
red,88,40,1,29,158,22,61,159,24,120
red,31,60,144,129,45,90,65,143,51,128
blue,95,142,19,133,70,74,65,55,17,139
blue,107,46,64,17,71,37,142,155,29,148
red,36,134,71,116,9,101,61,124,137,158
blue,0,46,143,50,53,74,142,55,76,45
blue,151,58,121,76,96,115,86,26,116,109
blue,74,46,143,8,153,9,134,11,49,53
red,0,58,68,17,64,90,65,1,116,6
red,142,38,53,85,80,107,77,139,106,4
red,137,142,121,17,79,0,77,11,85,100
blue,59,13,19,8,45,46,30,151,76,81
red,18,26,140,29,158,114,38,53,51,14
red,0,134,64,51,70,101,92,143,50,108
red,152,134,136,51,93,47,60,109,116,45
red,110,130,121,51,119,135,142,1,76,153
blue,114,65,64,76,53,37,111,155,129,160
blue,115,54,122,133,119,134,65,140,76,80
red,35,94,132,50,99,74,102,71,76,66
red,103,40,148,51,108,90,37,151,76,9
red,90,107,6,76,53,151,124,3,9,119
red,110,26,155,49,74,78,38,125,29,153
blue,54,44,151,51,4,107,46,140,76,53
blue,31,125,26,69,118,107,23,155,76,128
blue,43,46,109,76,12,78,65,19,136,74
blue,107,30,122,9,16,74,113,121,76,5
red,47,155,121,76,9,135,23,150,29,148
red,74,130,136,17,128,90,142,138,51,12
red,135,58,140,69,45,0,125,56,49,53
red,103,78,23,76,16,47,27,159,8,53
blue,92,13,33,76,74,134,154,23,136,93
red,18,142,55,29,53,2,37,150,69,100
red,123,40,132,29,12,0,65,121,106,82
red,47,88,120,17,82,115,23,20,51,89
blue,57,58,2,133,119,0,102,120,17,118
blue,42,97,6,51,80,78,155,138,76,99
blue,74,23,110,17,41,42,92,56,24,153
blue,47,38,148,76,53,31,40,56,116,41
blue,115,92,55,129,160,25,40,138,76,100
red,114,38,121,9,82,26,102,75,29,108
blue,0,92,114,17,53,34,13,157,143,12
blue,106,26,73,51,128,54,40,150,50,158
blue,88,130,109,9,53,74,75,26,116,128
red,36,130,19,76,119,78,38,155,51,96
red,102,149,121,29,53,0,26,55,51,82
red,74,65,55,51,79,115,92,120,17,12
red,110,124,150,76,14,90,26,120,29,45
blue,90,142,55,116,12,22,92,1,85,14
blue,151,26,125,85,119,0,142,64,50,70
red,121,107,150,17,120,92,5,1,50,160
blue,6,38,150,9,120,59,65,58,76,80
blue,112,26,151,17,79,25,145,73,29,153
blue,145,26,121,8,12,22,86,143,9,45
red,145,58,121,76,14,107,146,55,133,66
blue,31,58,121,76,153,36,102,120,15,82
blue,0,40,69,109,108,47,58,68,137,9
red,31,58,1,17,80,114,141,3,76,159
blue,83,38,151,51,79,0,58,68,52,93
red,47,145,73,51,158,112,58,140,9,45
red,31,58,53,76,80,151,38,43,54,66
red,18,38,19,51,79,65,27,94,50,128
red,31,94,136,50,120,103,58,122,29,153
blue,114,58,121,76,66,123,40,55,24,93
blue,65,87,136,76,93,110,61,143,29,45
red,65,98,150,9,158,146,26,94,69,80
red,90,58,64,76,153,121,46,56,116,108
red,135,46,148,129,119,0,65,68,50,82
red,65,155,1,8,45,22,30,41,51,74
red,127,40,107,50,128,65,102,121,51,79
red,65,46,26,29,9,35,145,155,156,153
red,31,58,121,136,53,107,111,55,17,45
red,88,75,41,76,45,65,58,122,51,126
red,97,102,124,24,82,65,142,148,76,9
blue,19,142,0,116,120,10,97,65,106,128
blue,78,102,121,137,70,65,87,22,123,108
blue,37,65,64,52,100,22,13,143,51,93
blue,18,58,73,133,96,0,142,122,69,126
blue,78,58,21,51,12,0,142,159,17,45
blue,22,58,56,49,153,62,38,124,133,70
blue,2,46,159,76,12,31,58,155,17,80
blue,107,155,111,129,53,34,65,1,29,80
red,65,86,121,49,71,37,149,138,29,119
red,74,58,89,51,5,146,78,32,9,45
blue,107,77,138,8,45,0,58,144,51,80
blue,0,107,33,51,119,74,58,94,136,91
red,0,145,1,29,80,22,58,68,69,53
blue,65,154,159,76,70,91,67,55,9,45
red,35,94,143,17,100,114,65,138,50,70
red,42,58,109,61,12,3,27,138,136,70
red,0,124,151,85,79,3,65,143,29,53
red,31,58,140,76,74,2,107,26,29,80
red,151,58,2,9,81,112,97,158,17,14
blue,36,58,53,116,153,95,13,89,29,100
blue,78,58,33,76,128,0,13,103,17,41
red,88,141,109,24,128,112,58,68,106,5
blue,0,92,33,129,96,104,58,143,137,70
blue,0,125,2,24,128,53,67,3,150,96
red,88,142,53,129,45,72,130,56,49,112
red,0,30,159,76,14,18,26,148,109,93
blue,0,84,143,106,82,59,130,109,17,4
blue,112,124,3,9,128,0,98,136,49,139
red,0,46,115,109,5,78,40,121,49,3
red,0,23,21,17,45,9,13,64,76,93
blue,38,65,132,54,93,62,94,121,29,99
red,110,30,151,49,153,0,61,109,50,70
red,0,134,138,69,80,36,23,150,51,12
red,31,142,121,51,4,103,40,1,49,158
red,112,58,121,29,53,2,40,119,17,100
blue,34,40,121,29,109,107,23,151,76,45
blue,25,38,143,136,109,120,130,55,24,100
blue,39,91,1,24,109,22,61,143,76,45
red,22,27,91,106,99,31,155,2,24,128
red,31,40,144,137,123,117,87,110,106,82
red,158,92,26,76,66,112,78,1,17,82
red,90,61,56,76,109,62,125,121,133,70
red,137,98,2,76,109,154,94,143,49,158
blue,131,58,121,8,70,37,40,136,106,82
blue,62,65,121,17,53,112,13,19,29,45
red,0,60,120,29,45,43,46,33,17,108
red,90,61,143,29,33,70,40,71,106,4
blue,107,28,43,76,70,144,141,64,24,9
red,62,125,159,109,119,103,23,34,54,53
red,31,46,89,76,16,72,78,129,9,93
blue,103,40,121,69,53,107,130,155,17,158
red,74,40,148,116,128,37,125,83,29,12
red,37,142,3,8,12,47,107,56,17,79
blue,43,77,159,116,153,0,46,89,51,148
blue,43,104,34,76,93,62,23,159,24,119
blue,112,58,19,17,119,103,142,140,49,71
red,78,54,3,76,160,112,75,151,63,128
red,37,40,89,133,153,47,97,2,51,82
red,22,111,89,133,37,62,5,158,29,119
blue,112,102,144,8,80,151,46,56,76,82
blue,112,58,2,8,128,115,40,32,24,53
red,115,102,143,106,14,43,65,55,76,100
blue,41,98,1,24,45,29,40,78,76,80
red,43,130,144,8,9,151,38,33,76,12
blue,62,13,139,29,12,103,75,143,76,6
blue,62,102,124,109,108,0,23,94,49,93
blue,135,26,159,17,109,53,38,142,50,70
red,112,65,2,50,153,22,67,43,76,96
red,22,38,150,29,139,59,23,142,50,12
red,125,61,37,116,53,62,40,150,63,5
blue,62,13,71,51,87,107,102,158,49,118
blue,43,23,68,51,93,0,102,1,85,119
blue,112,130,143,8,158,0,54,142,29,53
blue,70,40,64,76,79,90,38,56,24,14
red,59,23,155,29,53,22,38,64,17,148
blue,18,117,129,51,96,62,58,121,106,128
blue,62,130,114,17,100,151,67,56,106,4
blue,59,65,33,24,82,22,27,43,133,45
blue,43,91,55,51,71,62,26,121,133,96
red,112,134,158,76,45,18,5,89,24,93
blue,101,40,1,49,12,62,67,121,129,53
red,37,38,43,17,118,62,77,55,116,70
red,43,74,83,51,128,90,23,144,8,82
red,22,77,124,137,153,59,13,64,63,12
red,31,61,121,76,128,112,46,143,51,96
blue,72,58,55,129,93,2,102,131,17,120
red,59,58,150,9,126,22,98,11,137,5
red,72,142,124,29,93,95,38,32,24,66
red,115,134,121,17,79,43,40,89,116,82
blue,34,77,54,51,82,62,74,121,24,128
blue,59,46,104,136,80,62,146,101,138,37
red,112,61,37,63,70,107,145,2,116,12
red,36,23,159,147,96,88,84,144,109,108
red,43,27,159,49,9,150,23,1,106,82
red,62,27,143,133,100,90,67,94,51,82
red,70,75,120,69,16,127,145,94,106,82
blue,72,142,55,50,158,130,65,41,8,128
red,48,111,143,133,70,62,58,41,49,5
blue,130,61,41,51,148,112,86,143,137,5
red,137,102,64,106,82,74,38,55,76,53
blue,18,117,19,51,9,42,13,56,136,89
blue,90,67,124,51,45,0,142,6,49,53
blue,151,44,120,85,70,0,113,68,106,96
red,151,23,7,133,16,61,91,64,49,82
red,0,67,2,137,70,43,40,140,51,153
blue,34,98,144,9,66,59,154,159,50,5
red,112,38,109,9,108,22,26,155,29,158
red,0,60,73,76,14,74,97,83,9,139
blue,31,142,159,9,133,91,38,124,17,108
blue,101,142,144,24,41,78,98,34,9,119
red,131,13,11,9,45,112,30,56,76,71
blue,121,111,3,29,119,72,58,140,24,91
red,57,98,138,76,91,35,117,148,9,93
red,155,27,136,24,100,90,134,129,139,108
red,112,154,2,51,93,120,67,103,9,70
red,90,30,94,9,119,151,67,43,52,93
red,127,74,94,76,108,31,58,55,29,153
red,59,61,94,9,53,0,149,6,17,45
red,36,38,121,9,80,31,98,33,51,4
red,0,111,79,49,93,9,135,148,114,45
red,41,58,2,129,84,114,86,32,51,100
red,78,111,1,24,82,103,54,6,133,70
blue,22,38,121,116,153,107,149,2,69,80
blue,18,79,11,17,93,90,38,159,49,96
blue,158,98,1,51,93,0,154,155,90,108
red,123,60,121,49,91,31,26,155,54,45
blue,95,134,151,17,120,18,141,55,51,14
red,31,65,159,9,53,83,91,125,63,70
blue,91,13,139,17,79,112,46,11,24,80
blue,54,97,71,116,158,91,60,55,9,128
blue,103,67,148,51,93,47,98,56,49,110
blue,114,38,150,9,70,47,134,56,76,100
red,90,155,53,51,128,18,154,57,9,16
blue,115,155,56,9,128,135,125,55,129,45
red,18,142,143,49,82,113,86,33,17,80
red,22,84,143,133,128,145,111,64,51,93
red,36,46,53,9,80,37,84,144,51,14
blue,131,65,136,147,109,74,130,121,129,5
blue,123,27,151,49,66,131,111,143,136,120
blue,72,30,122,106,93,121,111,56,49,12
blue,0,142,124,17,53,18,134,159,9,128
red,112,134,121,63,70,137,124,150,136,81
blue,22,154,2,106,158,11,142,121,24,93
red,78,46,129,76,119,53,38,55,17,45
red,78,77,93,116,53,107,98,24,54,82
blue,90,26,55,133,45,74,142,21,76,111
red,154,46,121,17,108,34,58,109,136,12
blue,18,97,23,136,70,2,13,57,17,80
blue,103,84,121,8,93,151,65,11,51,5
blue,22,61,138,29,153,117,58,109,150,119
blue,103,98,11,17,70,152,38,2,116,45
red,112,38,55,49,159,103,75,64,63,108
red,37,98,131,49,14,47,74,56,69,93
blue,22,38,121,116,16,154,61,131,54,108
red,103,84,155,29,12,22,125,124,17,9
blue,103,44,140,106,100,92,46,159,51,14
red,103,102,140,51,82,107,77,159,150,37
red,145,23,48,78,82,103,13,124,9,70
blue,103,149,56,137,153,101,78,57,29,128
blue,78,134,7,147,108,22,13,148,51,128
blue,151,149,1,150,96,103,130,143,51,158
blue,35,107,64,76,12,22,60,2,17,53
blue,103,65,159,133,82,110,142,121,109,153
red,31,130,109,29,66,47,46,2,24,160
blue,90,38,124,63,128,31,142,11,29,14
red,110,23,155,51,119,115,40,104,17,139
blue,92,13,151,76,80,31,84,64,116,96
red,42,60,121,17,66,110,5,26,51,14
blue,34,113,41,51,159,112,13,2,29,53
blue,35,77,121,116,70,42,26,143,17,45
red,88,54,129,51,93,115,125,90,52,53
red,22,87,158,51,82,53,40,31,133,80
red,0,149,158,136,100,22,40,132,17,45
blue,158,111,110,106,100,92,27,43,51,30
red,22,87,158,137,9,78,92,150,147,80
red,18,46,143,116,153,31,86,158,54,118
red,110,77,158,106,82,103,154,10,150,126
blue,18,58,158,76,53,101,111,120,50,153
blue,90,86,158,8,53,20,111,143,133,45
red,90,142,109,29,9,0,111,158,54,99
red,130,27,158,17,71,22,52,143,29,153
red,74,77,158,76,153,72,40,104,150,99
blue,43,149,124,51,45,0,84,158,69,80
blue,35,58,120,17,128,154,142,144,129,96
red,62,124,158,129,119,103,26,148,17,70
blue,106,38,71,133,53,95,113,94,129,100
red,121,111,151,106,14,0,60,89,129,80
blue,110,91,159,129,80,0,40,2,17,100
blue,101,91,120,129,128,22,46,150,76,82
blue,18,38,121,136,45,0,13,114,129,59
red,35,40,139,54,53,115,65,120,129,14
blue,102,44,143,106,5,144,26,3,129,4
blue,101,23,11,106,82,78,111,24,129,93
red,36,54,56,29,9,154,23,150,129,108
blue,74,98,2,76,96,25,65,19,129,128
red,112,98,143,129,82,151,84,55,9,93
red,90,125,110,76,4,70,40,150,50,99
blue,112,54,140,51,109,90,38,158,137,45
red,112,54,151,129,9,36,13,158,29,100
blue,0,46,55,76,96,3,141,142,129,53
blue,110,58,56,129,82,42,134,143,51,74
blue,115,38,139,129,64,151,13,73,106,45
blue,47,46,73,51,96,22,61,33,106,66
red,20,40,64,136,119,114,61,156,129,70
red,25,92,124,76,153,135,38,114,51,108
red,31,28,56,51,82,62,84,64,129,96
blue,22,46,56,17,111,0,134,71,129,53
red,113,75,64,139,12,107,98,68,51,82
red,0,155,19,51,158,35,40,148,116,14
red,18,130,54,51,82,35,125,64,49,53
blue,47,87,3,129,100,22,125,6,29,153
blue,114,91,122,8,82,112,46,121,69,80
red,31,91,1,8,108,18,13,11,50,153
red,137,134,2,63,45,3,65,143,129,99
red,38,65,121,9,96,41,102,1,51,128
red,18,40,53,51,5,102,134,1,129,93
red,0,37,155,129,128,3,134,132,63,70
blue,145,134,143,129,14,107,58,138,133,53
red,103,142,121,17,45,90,74,11,129,12
red,42,102,155,76,148,97,141,89,51,96
blue,31,134,121,129,93,117,125,143,137,153
red,54,141,94,129,45,25,67,150,8,70
blue,0,67,143,51,126,31,13,89,106,74
blue,74,46,143,116,14,36,130,148,76,53
red,47,40,125,109,123,18,142,55,51,128
red,31,142,140,63,80,121,13,34,76,45
blue,0,46,19,137,104,135,102,121,49,15
blue,59,91,131,50,15,74,102,109,29,89
blue,0,44,64,76,158,31,58,89,17,100
red,35,67,155,157,12,36,102,121,29,45
red,90,142,11,76,66,47,58,29,51,153
blue,90,30,0,9,96,103,134,136,116,74
blue,107,92,159,51,5,103,134,1,76,15
red,110,26,152,69,80,112,13,19,24,153
red,152,134,64,49,15,103,154,157,24,45
blue,131,23,150,109,93,36,154,148,76,119
blue,0,38,2,17,158,104,134,139,52,100
red,137,13,55,17,71,112,91,124,8,119
blue,22,124,132,51,6,95,154,151,8,119
blue,95,13,53,150,74,152,84,56,76,153
blue,154,86,38,116,120,142,87,151,137,119
red,18,65,120,69,80,110,23,1,150,66
blue,18,154,143,76,66,47,134,148,29,96
red,0,134,124,17,45,3,38,104,50,80
red,90,141,26,147,96,0,54,125,116,100
blue,0,54,56,49,128,91,13,33,76,133
red,31,124,151,106,82,137,141,11,50,70
red,112,13,143,29,45,22,46,121,50,96
blue,47,60,37,106,154,18,141,159,24,100
red,90,142,109,9,128,120,38,143,24,82
red,101,130,2,129,74,107,38,120,8,93
blue,110,149,55,29,118,103,38,56,137,158
blue,114,44,143,50,153,43,13,10,29,158
red,74,60,121,49,118,31,61,151,109,45
blue,34,28,10,52,70,0,88,64,91,14
blue,37,141,55,9,12,74,38,143,24,158
blue,88,26,148,29,119,74,98,159,52,82
red,114,65,124,76,15,151,111,159,8,75
red,107,142,104,51,148,151,54,155,49,53
blue,31,38,15,106,118,77,13,138,17,119
red,112,13,133,76,108,78,130,143,106,45
blue,107,88,64,133,70,78,30,155,106,100
blue,47,26,94,76,82,62,65,143,17,79
blue,146,86,140,54,119,31,91,11,76,41
red,37,107,150,29,82,119,75,55,106,14
blue,36,98,55,9,70,90,23,150,76,119
blue,35,60,105,51,66,115,65,56,76,128
red,42,13,143,136,109,103,5,11,8,80
blue,134,13,6,49,110,36,5,32,24,80
blue,48,75,89,17,153,74,27,11,129,100
blue,90,58,11,29,45,0,86,104,51,119
red,115,98,19,69,80,151,26,144,76,109
red,115,58,139,136,45,146,46,114,17,82
blue,3,61,121,150,100,115,30,10,17,9
red,112,46,143,24,82,115,87,21,63,9
blue,35,46,6,15,80,0,75,159,9,70
red,97,38,140,29,119,18,98,144,51,125
blue,103,61,55,116,80,115,107,10,137,119
red,91,30,125,116,71,110,84,150,17,81
blue,31,13,78,29,82,34,98,56,17,160
red,155,61,137,51,120,129,40,64,76,14
red,145,38,143,133,70,18,23,155,76,93
blue,37,38,68,106,45,121,142,151,9,128
red,127,46,143,116,148,43,65,105,63,100
red,115,86,140,133,66,78,142,32,76,119
blue,114,40,91,9,45,107,67,56,17,108
blue,113,38,121,17,53,35,54,144,76,5
red,107,65,11,24,82,0,142,21,29,96
blue,77,38,21,17,12,48,58,140,51,128
blue,62,40,1,9,80,90,38,120,76,93
red,35,58,121,29,45,22,38,119,76,160
red,144,141,32,17,5,146,38,143,137,45
blue,34,155,10,17,96,114,40,2,24,14
blue,22,23,50,51,5,47,38,140,17,45
red,107,65,139,116,53,88,75,121,51,70
blue,47,61,140,29,9,18,54,121,51,5
red,78,38,131,51,96,18,98,120,50,53
blue,91,130,143,17,53,119,40,120,54,108
red,107,38,73,29,118,155,134,121,49,93
blue,62,40,41,51,9,78,38,26,8,53
blue,18,40,2,91,53,110,38,54,50,80
blue,150,77,64,76,53,151,23,32,106,93
blue,134,60,1,137,118,151,74,6,17,119
red,59,38,139,17,53,42,84,110,109,45
blue,62,30,3,76,5,0,142,19,9,128
blue,145,38,140,136,53,119,130,56,9,100
blue,62,75,94,133,15,18,107,140,129,96
red,74,154,151,76,45,36,40,21,9,128
red,103,97,104,9,5,110,102,109,76,15
blue,81,94,121,9,53,18,65,144,109,158
blue,158,134,144,9,16,131,102,11,106,93
red,53,13,2,9,160,31,124,151,129,100
blue,0,124,137,51,70,31,44,138,17,53
red,91,130,151,9,100,114,141,150,17,53
red,36,23,55,9,158,146,130,71,41,96
red,18,84,56,9,128,112,44,55,17,80
blue,134,28,69,9,128,74,46,151,129,15
red,18,23,151,150,93,78,86,35,51,100
red,112,88,143,76,153,78,46,139,106,128
red,48,107,33,51,118,74,87,150,133,148
red,37,58,140,106,121,78,76,155,9,38
red,90,65,1,133,4,152,97,142,116,14
red,0,134,94,50,70,31,98,55,17,41
red,20,26,94,76,82,47,98,11,50,66
blue,137,98,26,136,45,36,46,53,49,71
blue,101,98,143,106,148,47,86,3,51,82
red,0,27,151,24,80,103,98,94,150,96
blue,2,98,139,51,74,127,23,151,76,93
red,34,84,110,24,4,88,98,121,9,14
red,0,142,144,24,53,101,13,41,76,100
blue,90,23,43,24,30,62,98,143,17,71
blue,74,98,2,9,14,103,86,64,69,119
red,78,98,143,150,12,74,58,159,51,82
blue,74,98,124,106,82,42,13,32,76,12
red,152,37,150,76,71,31,98,151,106,93
blue,74,98,56,24,5,64,141,104,116,45
red,37,98,119,106,5,47,102,89,76,82
blue,38,65,138,29,9,0,30,61,54,93
blue,19,87,6,76,109,22,98,55,17,71
blue,151,98,56,51,128,113,125,104,133,71
blue,110,97,34,109,82,31,98,121,9,108
blue,22,98,88,76,160,3,26,143,119,80
blue,107,142,148,116,87,90,98,143,17,82
blue,90,65,138,17,100,0,23,64,24,45
red,3,98,121,29,96,0,86,132,24,100
blue,36,134,11,8,128,110,141,120,49,80
red,78,38,19,137,119,115,134,32,29,118
red,31,60,64,76,80,18,77,121,150,45
red,25,98,2,51,45,18,84,143,136,70
blue,36,40,83,29,12,18,23,89,9,82
blue,62,26,105,24,45,47,40,114,52,5
blue,114,30,94,129,53,121,87,25,49,153
red,110,23,41,17,45,62,13,151,109,80
red,144,65,64,9,45,104,125,155,106,96
blue,91,30,56,109,108,20,94,32,129,66
blue,2,134,151,9,70,47,111,139,133,45
blue,0,26,140,137,45,35,23,143,24,80
red,78,60,19,49,12,115,40,122,120,108
red,18,86,11,17,108,38,141,2,54,128
blue,3,65,121,136,14,18,40,138,76,45
red,90,58,140,76,9,31,142,121,8,70
blue,90,30,143,17,71,57,113,125,69,80
blue,42,58,41,133,80,36,67,151,109,108
red,103,46,21,8,53,112,13,158,17,82
red,131,13,138,9,119,103,60,2,63,118
red,9,54,121,29,153,37,46,150,76,96
red,114,77,3,133,158,112,84,55,51,108
red,103,40,21,49,153,18,60,138,29,53
blue,3,77,1,106,70,47,75,68,76,5
blue,90,98,121,106,120,107,46,56,76,80
blue,115,54,151,116,153,114,13,121,76,118
red,88,38,89,69,80,3,13,37,49,66
red,18,113,144,9,153,35,40,7,8,99
blue,78,40,136,8,93,0,102,1,50,70
blue,151,141,6,76,118,18,84,136,51,5
blue,101,92,11,17,108,35,154,109,51,99
red,35,58,136,49,153,135,44,109,63,70
red,31,75,124,116,45,112,97,55,17,120
red,155,23,47,76,119,37,44,151,51,70
red,18,28,6,133,93,88,65,140,29,108
red,77,97,124,133,70,112,23,85,155,128
blue,57,134,144,49,53,47,40,143,17,153
red,103,61,56,24,45,78,38,151,17,71
blue,18,46,21,76,5,0,102,55,51,108
red,81,26,140,52,91,47,134,121,49,119
red,22,75,1,49,153,39,142,157,50,100
blue,107,97,19,24,4,36,145,11,49,45
red,78,58,121,49,80,42,5,57,9,108
blue,151,88,55,76,12,18,149,140,17,70
red,0,67,129,136,118,101,38,55,85,82
blue,18,155,151,76,70,62,38,121,133,9
blue,25,46,3,51,53,74,58,89,106,108
blue,151,26,6,133,66,0,141,120,29,108
red,18,58,144,133,153,110,77,1,69,111
red,37,134,150,29,82,22,38,105,17,118
red,22,111,157,76,118,78,30,35,156,9
red,143,77,121,24,119,115,74,71,37,108
blue,121,38,1,76,93,90,40,124,49,12
blue,47,98,159,8,100,0,27,155,52,93
red,101,26,55,76,153,62,84,1,51,82
red,59,60,11,116,45,47,67,101,76,82
red,0,58,55,29,70,47,28,105,51,45
blue,0,142,68,8,93,146,111,91,76,12
blue,19,13,140,17,53,151,23,139,150,4
blue,107,46,43,51,45,34,27,150,29,111
blue,18,86,89,85,153,0,98,143,51,4
red,78,38,26,8,66,123,58,3,109,12
red,72,130,143,106,100,0,61,120,76,109
blue,101,84,140,49,45,47,98,26,17,128
red,88,111,1,76,12,47,23,121,29,108
blue,57,65,121,116,153,114,142,143,51,14
red,90,46,143,24,82,78,58,2,76,80
red,110,38,144,51,93,62,46,19,8,99
blue,20,142,158,9,5,35,13,143,17,153
red,101,38,120,136,108,114,46,109,24,14
blue,25,40,151,17,45,35,111,143,147,96
red,31,60,33,116,119,107,129,1,157,100
blue,0,67,138,24,99,18,65,55,133,70
blue,107,142,143,51,45,0,98,68,8,119
red,0,60,3,8,53,24,121,151,106,27
blue,144,58,131,49,74,72,92,121,17,130
blue,94,84,19,51,93,43,23,81,17,71
blue,22,61,121,17,71,137,40,104,109,99
red,103,40,132,51,108,62,149,143,52,100
blue,18,142,138,17,70,144,134,94,69,80
red,36,98,2,52,5,151,67,132,116,153
red,36,91,124,17,45,38,67,148,24,80
blue,36,130,64,51,148,90,149,144,17,70
blue,22,40,132,136,93,43,111,19,17,128
red,154,88,148,17,119,31,46,21,51,74
red,88,141,140,51,71,34,28,38,49,139
red,59,40,74,51,82,110,13,19,76,4
red,0,130,64,49,3,18,124,117,76,158
blue,144,13,151,76,12,112,84,155,51,93
blue,136,102,124,133,93,0,46,55,51,128
blue,34,38,143,51,45,110,61,2,29,53
blue,110,26,139,116,119,103,13,122,54,45
red,36,92,19,50,158,0,130,120,9,118
red,110,38,144,52,71,134,13,43,76,148
blue,134,87,140,29,9,135,98,121,17,79
red,112,111,2,116,15,121,13,6,136,66
red,101,125,140,85,119,103,98,148,52,66
red,0,46,89,29,45,78,111,159,63,100
red,48,98,19,129,79,37,125,101,120,45
red,146,84,21,24,119,38,87,121,50,41
blue,2,130,94,76,96,101,40,6,136,120
blue,48,65,43,51,15,57,46,35,49,160
blue,156,65,94,138,158,131,111,155,29,70
red,151,77,140,76,74,103,38,154,129,12
blue,101,40,155,54,80,0,130,64,140,100
red,131,142,68,17,128,31,145,121,9,93
blue,34,23,125,69,12,41,142,154,29,93
red,53,26,143,17,9,41,54,94,29,100
red,78,13,1,50,70,107,38,59,49,148
blue,20,75,32,50,12,90,40,151,116,45
blue,34,146,10,41,66,90,38,144,158,108
blue,24,111,11,110,108,88,54,151,50,70
blue,25,102,139,24,119,35,142,143,85,45
blue,3,30,43,24,128,47,54,155,50,80
blue,155,38,55,76,124,43,125,136,17,80
blue,105,154,137,52,12,90,38,11,29,79
blue,37,13,151,51,100,0,40,105,69,12
red,112,105,129,51,111,72,125,109,8,70
red,74,87,155,8,128,72,97,129,49,119
red,91,13,64,17,128,137,154,3,29,12
red,38,58,143,133,70,89,155,43,76,53
blue,34,94,32,9,119,152,38,55,76,5
red,74,102,121,54,100,111,46,1,24,70
blue,146,111,89,24,70,39,38,19,76,14
blue,110,38,121,49,45,34,87,23,51,93
red,22,46,64,29,153,35,142,143,49,119
red,48,145,21,133,66,0,130,138,51,9
blue,41,38,21,49,76,36,111,138,29,93
red,32,84,151,129,128,19,75,143,116,108
red,18,67,151,51,5,145,38,140,52,128
blue,88,28,3,114,153,81,13,121,9,93
blue,103,30,121,69,118,137,134,109,29,96
blue,38,40,109,49,14,131,102,105,76,96
blue,110,94,6,51,53,156,13,1,106,93
blue,48,23,155,136,139,0,149,121,51,45
blue,39,65,133,63,82,43,87,71,129,99
blue,127,98,155,133,100,74,38,138,17,71
red,127,149,151,76,15,90,154,11,69,80
red,0,84,138,51,5,43,28,140,17,109
blue,22,125,3,138,128,48,54,151,51,93
red,43,142,125,109,110,0,58,64,19,80
red,22,28,94,17,45,112,98,109,49,71
blue,31,28,19,9,100,103,23,150,24,93
red,0,28,72,8,14,104,38,143,51,5
red,0,54,55,76,96,101,28,6,9,128
red,88,28,3,29,128,18,30,129,51,66
blue,0,28,11,17,14,146,65,56,63,70
red,90,28,151,61,70,35,87,21,51,14
red,102,28,120,147,153,112,40,159,51,93
red,150,23,129,17,109,37,121,50,76,45
red,57,28,151,51,93,62,111,64,78,82
red,22,28,143,76,45,150,13,11,17,120
red,0,28,94,17,71,90,75,151,54,108
blue,0,28,155,129,96,113,58,121,51,45
red,134,130,159,133,14,0,50,26,29,80
red,3,28,151,106,5,48,154,83,116,70
blue,43,28,2,49,9,59,102,155,76,5
blue,78,40,64,51,5,112,104,94,8,120
blue,0,38,140,139,153,112,91,3,17,160
red,137,111,89,106,74,0,142,139,51,53
red,112,28,155,157,80,0,111,83,49,71
red,119,38,143,136,108,112,111,6,49,109
blue,112,13,143,29,119,62,87,11,24,118
blue,25,65,121,76,45,112,40,104,106,100
blue,18,111,120,51,82,90,46,1,29,109
red,112,92,121,17,66,0,38,11,49,53
red,112,60,2,116,66,151,141,11,106,45
red,90,46,143,9,70,101,87,6,49,53
blue,35,38,132,106,100,0,130,1,76,45
red,103,5,0,51,93,22,60,56,76,4
red,78,65,3,8,136,97,46,144,76,82
red,0,60,121,17,12,137,46,56,129,14
blue,0,28,143,52,158,107,98,132,49,15
red,144,94,132,24,82,115,67,1,76,53
blue,0,46,55,76,5,78,61,6,9,16
red,62,46,121,51,148,135,28,11,69,82
red,91,38,105,51,100,18,46,33,49,128
blue,47,26,94,17,119,31,141,157,158,108
red,57,46,121,29,118,110,40,19,17,108
red,22,26,150,76,6,31,77,155,17,66
blue,0,38,144,76,70,103,46,121,17,118
red,31,46,151,24,118,134,84,10,9,153
red,0,146,2,49,93,43,46,55,24,9
red,59,46,105,106,5,103,28,150,29,93
red,134,67,132,129,53,112,97,154,137,45
blue,18,46,124,133,45,131,154,43,29,83
blue,131,88,140,133,96,74,46,71,17,5
red,35,26,94,52,82,81,65,6,76,74
red,37,26,43,106,93,110,61,151,8,128
red,18,5,69,9,124,0,46,33,76,153
blue,43,58,143,76,66,107,87,121,106,53
blue,37,46,158,29,53,151,30,159,133,100
red,31,130,19,63,16,101,61,55,85,82
red,130,75,140,133,96,18,65,124,24,45
blue,95,60,1,133,158,88,58,121,9,96
red,127,23,34,50,79,43,141,159,9,96
blue,101,104,121,9,118,81,91,2,150,100
red,134,87,89,17,71,18,46,11,8,45
red,18,23,124,50,128,39,125,121,17,79
red,103,86,140,29,53,110,67,125,49,12
red,114,142,120,136,100,115,67,151,137,108
red,31,134,155,137,70,37,13,143,147,12
blue,72,79,43,29,118,115,65,143,109,108
red,115,5,68,8,37,1,75,121,51,100
blue,0,38,55,129,100,62,134,23,133,12
blue,31,38,148,106,66,101,58,155,54,45
blue,0,38,71,133,12,18,40,33,8,45
red,131,46,56,8,128,31,77,115,129,96
blue,78,40,143,129,70,74,65,144,150,93
blue,36,38,122,9,53,31,142,143,129,160
blue,22,46,124,50,128,101,40,55,9,79
blue,31,54,1,133,128,36,78,142,9,119
blue,151,98,64,52,82,0,28,121,49,93
blue,37,74,94,51,5,131,13,68,76,128
red,0,107,36,17,71,123,75,55,51,96
blue,34,102,73,24,128,146,61,144,8,93
blue,101,78,1,24,45,31,84,2,9,119
blue,62,40,121,17,33,0,38,19,49,12
blue,59,40,2,106,96,31,145,114,51,93
red,31,30,140,106,5,110,60,138,9,66
blue,131,23,121,51,153,95,154,138,76,123
red,47,97,142,15,108,131,102,64,133,66
red,74,28,104,129,70,22,40,157,116,9
red,34,58,155,51,71,43,72,56,49,45
red,18,54,155,17,45,112,111,11,24,82
blue,31,102,125,17,12,151,130,73,116,109
red,37,40,6,76,12,31,111,131,133,80
blue,150,27,6,76,80,31,54,151,49,12
red,18,38,122,29,9,2,58,136,106,99
blue,43,30,121,116,158,0,145,19,17,71
blue,0,30,143,29,16,37,23,120,24,82
red,74,125,155,157,93,88,149,6,51,109
blue,119,146,19,9,70,90,26,1,50,108
red,158,46,79,76,119,47,102,144,29,100
blue,81,40,23,116,93,146,97,56,9,119
blue,18,92,2,133,153,74,98,21,76,4
blue,132,84,79,76,109,22,23,155,29,80
red,34,146,21,150,128,37,58,101,29,153
red,114,75,21,150,154,39,130,143,51,81
red,34,38,21,29,53,22,46,140,17,148
red,57,88,11,116,96,47,146,142,76,53
blue,115,38,132,109,15,0,27,11,76,119
red,101,149,21,24,45,151,84,68,116,70
red,69,111,84,63,80,95,60,154,51,121
blue,20,13,71,49,148,88,60,1,9,45
red,43,111,1,76,12,114,60,73,50,119
blue,110,111,121,24,45,18,155,26,133,70
red,83,111,121,147,5,37,149,150,133,80
red,112,111,151,49,71,90,130,121,147,133
blue,146,111,159,17,160,144,145,120,49,109
blue,18,134,132,29,12,22,111,121,49,108
red,18,111,121,17,45,41,23,56,51,82
red,0,111,121,17,100,41,102,129,76,5
blue,103,111,136,129,128,95,46,143,51,93
red,95,134,55,29,118,37,91,150,106,4
red,91,111,56,9,119,115,107,2,51,118
red,110,30,114,76,100,78,111,56,8,80
red,81,111,114,52,100,47,58,129,150,14
blue,131,117,23,106,126,22,111,55,76,12
blue,134,23,150,9,80,0,111,64,24,45
blue,151,98,33,133,70,57,111,78,9,53
blue,18,111,55,49,148,90,38,132,51,45
blue,121,65,6,133,45,137,111,56,50,70
blue,18,60,144,106,110,107,111,34,51,80
blue,101,111,124,49,158,18,65,26,24,153
red,107,75,143,8,70,22,58,2,85,30
red,151,58,140,52,80,112,84,94,106,82
blue,0,75,23,129,100,95,37,143,8,108
blue,18,154,1,51,120,101,65,143,150,148
red,101,130,125,76,15,31,94,1,61,45
blue,62,60,41,9,119,18,46,143,51,45
blue,47,44,89,51,82,31,38,109,137,126
blue,35,98,140,76,53,103,38,56,50,128
red,74,40,105,51,93,88,87,143,17,79
red,0,46,140,116,5,37,111,144,9,70
red,2,54,151,106,111,48,154,143,76,9
blue,117,141,143,76,5,110,28,1,137,79
red,34,58,140,76,153,101,23,2,17,53
red,31,113,1,17,44,36,46,143,106,66
blue,22,141,1,147,12,0,46,143,9,119
red,150,58,89,29,45,43,142,144,9,90
red,103,86,140,76,119,0,84,143,9,100
red,151,75,81,49,100,47,13,2,9,109
blue,47,65,21,106,99,131,92,143,52,93
red,119,46,21,17,93,2,98,143,51,100
red,90,102,1,17,53,31,98,139,8,128
red,95,38,68,17,100,0,61,64,8,53
blue,112,58,151,143,14,47,142,124,129,153
red,43,107,104,133,111,0,58,143,76,119
blue,37,13,33,116,53,35,40,140,76,119
red,103,67,143,76,16,39,40,144,51,82
red,151,60,143,51,109,39,142,148,29,118
red,90,38,2,24,80,121,65,64,9,53
blue,127,91,143,76,80,27,58,136,17,93
red,36,61,148,69,153,18,75,1,76,70
red,90,13,21,29,108,34,23,143,136,96
blue,131,77,140,49,148,31,38,1,76,82
blue,72,77,23,150,82,31,67,0,129,160
blue,88,134,132,147,82,0,38,143,106,74
red,18,13,143,49,82,74,142,158,17,110
red,112,142,143,49,82,19,74,122,76,80
red,2,75,143,17,14,47,74,56,109,128
red,90,65,1,49,5,31,130,64,9,109
red,77,30,143,9,109,113,54,83,17,12
red,146,40,26,51,9,112,94,64,8,128
red,101,134,56,76,16,103,38,68,49,12
blue,101,13,89,54,9,131,98,159,24,100
blue,97,61,1,24,66,43,130,122,29,110
blue,22,92,139,106,153,90,98,143,116,128
red,0,38,63,29,80,31,142,136,51,160
red,103,23,140,17,45,127,58,121,49,53
red,131,58,140,137,45,78,141,94,76,128
blue,90,130,41,156,128,59,38,120,123,108
red,103,28,143,51,108,115,97,129,109,53
blue,134,38,143,137,45,47,97,21,51,93
red,31,98,143,109,108,42,30,0,156,153
red,59,38,56,69,45,150,28,110,24,53
red,78,142,94,29,93,0,60,124,24,82
blue,107,60,140,51,82,151,130,2,54,80
blue,131,142,33,76,128,72,23,148,17,80
red,22,124,103,9,119,112,84,94,76,1
red,151,98,143,49,148,57,60,155,29,45
blue,59,91,150,52,82,0,65,33,51,12
blue,142,94,159,133,70,90,65,1,76,108
blue,103,46,55,51,66,0,61,33,147,126
blue,90,54,155,51,93,127,98,55,17,70
red,0,87,143,51,14,62,154,121,129,82
blue,91,13,150,54,128,151,75,1,109,12
red,90,117,124,8,82,39,27,43,51,91
red,90,13,158,106,14,3,102,26,29,9
red,101,65,83,51,12,103,46,2,69,80
blue,90,102,1,51,93,0,77,2,29,12
blue,90,130,64,9,128,115,23,150,76,158
red,137,125,68,8,148,101,134,132,51,70
blue,151,130,143,116,96,90,46,157,17,119
blue,0,26,57,29,66,151,46,1,17,79
blue,0,26,124,76,16,31,65,140,8,14
blue,115,23,150,8,45,37,60,140,138,153
red,18,102,64,17,45,74,142,89,49,160
blue,37,111,150,50,4,94,98,89,106,82
red,112,13,143,29,133,25,58,89,137,45
blue,22,27,55,24,96,0,65,121,29,53
blue,137,84,43,24,66,0,40,132,29,120
blue,113,130,21,17,53,104,145,51,29,12
red,131,98,56,17,53,158,60,144,24,80
blue,151,98,2,17,12,123,13,55,51,53
blue,31,40,56,116,5,158,145,155,24,53
red,150,87,121,29,100,2,60,43,17,53
blue,90,38,143,50,70,18,124,121,133,119
blue,103,142,19,24,82,37,98,143,17,16
blue,59,40,115,24,16,110,38,89,52,14
red,90,60,89,52,53,43,61,56,49,45
blue,18,142,55,157,53,101,46,109,76,12
blue,135,0,89,17,108,113,58,143,106,53
red,2,130,53,52,126,34,46,140,133,70
blue,35,141,105,76,100,112,130,155,29,53
red,35,23,150,51,82,2,102,6,24,16
red,110,121,150,106,108,78,107,139,129,128
red,159,23,150,156,100,151,107,121,69,53
blue,37,46,55,76,110,131,23,151,17,53
blue,22,44,11,24,53,134,92,138,17,119
blue,113,61,140,106,160,136,102,120,133,53
red,0,98,143,9,53,90,77,139,76,45
red,101,54,95,17,53,43,13,121,49,148
blue,18,149,11,17,53,151,142,120,76,74
blue,22,27,121,50,70,36,141,1,76,53
blue,39,46,81,137,119,25,38,43,19,93
red,123,142,79,8,93,134,125,159,17,53
red,0,86,55,155,53,62,141,93,76,96
blue,95,38,55,54,9,37,134,129,17,53
blue,107,125,158,17,82,0,38,19,51,93
red,31,27,139,17,108,0,88,55,8,153
red,31,78,3,51,93,22,134,11,106,99
blue,107,84,121,49,100,0,40,143,17,74
blue,110,149,143,8,45,134,61,124,49,93
red,127,13,151,116,45,150,134,53,136,9
blue,0,124,21,129,16,43,61,121,50,14
red,65,111,1,17,79,72,61,68,9,128
blue,0,149,121,76,53,18,38,122,29,119
red,134,61,94,136,99,39,107,151,137,70
red,59,141,159,136,45,0,58,140,156,153
blue,0,58,159,51,82,107,13,151,8,45
red,123,23,139,106,112,22,58,2,54,12
blue,54,38,121,24,45,110,84,1,49,5
blue,110,38,2,9,45,22,61,121,17,53
blue,137,60,2,136,118,107,30,155,24,45
red,103,75,121,108,12,90,125,19,8,5
red,59,65,143,50,70,31,5,144,11,93
blue,101,124,94,54,80,74,38,143,69,82
red,142,23,150,8,160,107,40,132,17,45
red,91,61,143,17,71,3,46,2,76,99
red,25,111,64,76,45,62,40,2,129,16
blue,31,26,11,116,100,22,38,29,41,82
red,37,102,150,17,9,127,46,159,116,45
blue,22,40,143,29,71,0,142,121,49,45
red,3,54,143,137,70,127,38,11,51,82
red,36,111,140,78,126,112,84,3,76,82
red,72,78,38,53,12,31,40,83,9,96
blue,151,65,23,63,80,31,38,143,76,70
red,144,65,148,116,14,43,145,11,17,45
blue,0,75,121,109,45,151,124,132,17,82
blue,0,60,158,29,96,110,46,143,51,45
blue,18,111,109,17,45,90,141,124,76,118
blue,47,141,64,147,100,44,94,3,17,79
blue,34,27,1,129,66,31,65,143,51,110
red,83,13,144,17,109,38,27,120,29,53
blue,13,155,33,52,100,90,77,1,76,4
blue,131,111,1,17,100,34,134,121,76,9
red,37,94,2,136,12,34,84,125,133,70
red,18,111,2,76,118,81,86,143,49,5
blue,31,54,43,116,12,95,92,143,52,5
blue,57,130,143,150,108,90,61,158,133,70
blue,90,13,3,109,14,59,125,43,24,45
red,31,125,158,8,108,146,23,121,150,132
blue,2,155,90,8,70,107,86,154,9,80
blue,88,60,132,116,45,91,94,143,133,5
blue,74,61,1,24,53,43,27,56,51,100
red,37,111,143,8,70,74,13,32,51,53
red,88,130,121,116,30,110,40,143,52,99
blue,25,125,122,8,45,110,65,10,116,70
red,81,38,143,116,70,88,60,89,29,118
red,3,13,143,8,74,0,134,1,106,100
blue,0,149,120,109,9,90,23,150,116,53
red,34,87,1,24,82,37,44,93,51,99
red,123,61,26,76,16,90,13,139,51,99
blue,90,111,155,109,108,112,61,143,54,45
blue,144,38,101,29,41,107,65,121,76,82
blue,0,87,154,76,66,41,111,120,133,153
blue,103,121,41,52,100,74,154,139,136,158
red,151,38,6,8,12,99,113,155,76,70
blue,74,65,71,76,111,115,134,121,9,128
red,154,65,1,24,45,31,60,121,9,14
red,0,155,121,9,158,119,94,143,17,80
red,48,23,1,106,45,43,51,64,119,12
blue,57,145,56,51,128,22,28,155,109,93
blue,145,54,155,24,99,22,61,32,29,9
red,145,107,56,116,70,22,141,121,29,53
blue,57,142,11,76,99,95,46,150,109,12
red,18,74,105,129,100,114,65,155,9,12
red,0,60,142,143,160,74,38,2,24,128
blue,90,38,155,9,14,18,44,104,76,158
blue,0,130,71,24,120,137,142,56,51,53
blue,0,60,121,137,153,135,28,142,24,100
blue,92,84,26,51,93,37,60,142,76,30
blue,112,142,143,76,45,102,67,56,52,100
blue,131,142,26,76,128,112,97,19,129,93
red,18,46,32,116,100,90,61,1,51,82
blue,88,65,121,133,96,35,30,94,76,119
blue,0,27,125,76,119,127,65,157,17,45
red,145,97,55,76,45,143,151,129,106,87
blue,31,145,120,9,158,91,84,150,29,53
blue,144,125,2,50,45,137,145,64,51,128
red,72,38,140,51,14,0,40,1,82,108
blue,110,67,55,49,108,112,38,56,9,45
red,127,38,143,116,100,41,154,151,51,12
blue,36,154,56,133,118,121,38,64,129,45
blue,37,65,142,76,128,0,77,56,150,14
red,22,65,1,24,66,0,102,144,29,41
blue,112,58,142,116,45,22,107,56,24,80
blue,74,145,11,50,109,113,46,55,17,71
blue,77,145,56,17,45,110,23,150,51,5
blue,34,54,151,106,71,74,38,20,133,4
red,35,107,138,76,53,91,38,6,29,81
red,101,145,121,50,96,35,40,2,17,53
blue,0,86,64,51,70,120,65,142,49,81
blue,54,38,151,29,12,113,65,143,106,66
red,90,38,142,17,71,62,91,89,133,70
blue,59,58,142,24,82,77,5,144,29,45
red,74,38,73,76,82,18,86,11,29,100
blue,0,92,2,69,128,74,38,121,136,53
blue,59,130,140,123,108,39,145,120,106,99
red,0,46,159,51,128,22,111,55,85,93
red,57,142,139,29,66,31,134,140,157,108
blue,65,60,114,29,108,43,23,155,124,158
blue,47,65,55,133,153,121,13,31,116,119
blue,135,65,144,76,45,22,5,148,133,53
red,31,98,1,116,128,37,65,26,76,100
blue,74,65,32,8,80,131,40,139,24,53
red,39,98,56,106,66,142,65,148,17,45
blue,70,65,158,8,100,54,154,94,106,128
blue,115,130,121,24,119,74,65,143,76,5
red,90,65,64,17,128,112,130,144,51,12
red,18,40,104,76,93,65,58,1,63,12
blue,131,46,151,76,108,74,61,64,24,119
blue,18,65,68,24,80,131,142,104,17,119
blue,74,65,148,8,99,25,38,109,17,80
red,18,65,1,49,71,110,67,150,17,100
red,150,98,148,24,66,77,65,139,9,100
blue,134,65,124,129,93,0,46,121,51,109
red,0,27,151,69,80,110,65,143,17,53
blue,0,87,121,24,16,134,65,41,49,153
red,36,124,64,29,108,150,37,1,51,70
blue,20,44,121,76,53,110,27,26,29,93
red,0,58,121,9,148,101,142,140,17,108
red,154,86,159,51,16,47,46,3,24,53
red,2,130,53,29,118,121,23,151,133,93
blue,74,142,151,8,45,107,102,121,106,96
blue,35,155,26,76,74,3,75,19,29,9
red,43,86,64,116,99,47,102,140,29,37
blue,114,38,34,9,118,112,134,122,137,100
red,0,60,121,51,93,58,44,89,150,14
blue,22,142,2,49,93,77,13,143,76,9
red,18,13,120,129,100,90,65,11,76,9
red,18,98,140,150,45,107,58,143,129,119
blue,62,154,150,133,70,36,60,32,137,14
blue,90,130,94,9,124,151,38,64,76,160
red,103,40,55,9,100,31,78,33,29,4
red,18,60,54,147,128,31,86,105,51,93
blue,97,38,2,133,80,43,98,150,136,128
red,22,67,151,49,100,112,146,121,17,80
red,107,125,144,52,108,103,130,64,136,54
red,103,40,143,9,45,134,54,38,49,109
red,39,58,89,91,80,22,84,71,69,9
red,0,65,2,51,158,18,86,143,106,82
red,90,40,159,49,160,62,111,140,51,45
blue,151,40,143,116,80,146,142,109,50,119
red,31,154,143,49,128,112,84,3,17,153
blue,112,102,29,51,45,0,154,56,9,128
blue,112,23,143,9,108,103,54,64,8,128
blue,78,58,132,17,4,150,60,148,116,70
blue,112,75,140,17,45,0,102,139,9,12
blue,34,40,143,51,82,144,13,121,29,12
blue,35,130,56,51,93,101,46,136,76,5
red,110,102,136,120,128,0,130,151,116,82
red,110,67,151,106,12,22,38,121,17,41
red,36,26,2,63,70,31,61,143,17,14
blue,135,28,151,17,80,18,65,140,29,45
blue,35,102,140,76,160,2,98,3,17,71
blue,81,92,124,144,108,18,54,3,109,12
red,18,113,3,17,45,150,40,1,106,99
red,0,84,3,9,74,90,38,64,51,82
blue,107,60,11,9,118,31,87,1,17,45
blue,110,145,68,8,93,91,88,122,116,108
red,39,134,151,17,80,131,23,155,49,9
red,88,142,143,51,99,31,87,122,136,70
red,74,149,121,76,109,47,84,151,17,82
red,18,117,1,116,100,47,77,143,76,109
blue,110,38,121,9,14,90,23,143,17,119
blue,88,13,19,147,96,31,134,136,51,12
blue,62,38,11,9,128,74,46,143,51,99
blue,74,75,21,24,108,90,84,151,133,126
red,48,145,121,85,119,47,102,2,50,100
red,0,134,151,17,14,72,142,55,52,9
red,97,149,136,106,5,127,46,11,129,45
red,131,86,143,109,66,18,40,159,24,70
red,22,38,56,29,53,0,23,11,137,45
red,0,111,124,49,41,31,46,19,106,119
red,31,23,150,76,45,110,13,114,49,118
red,150,149,26,106,100,127,97,43,51,45
blue,110,61,148,9,99,48,134,121,136,66
blue,88,98,143,24,14,90,13,3,8,128
blue,101,65,143,119,126,152,111,122,29,100
red,91,84,143,116,128,0,26,2,3,153
red,31,98,64,29,100,42,125,1,116,9
red,35,60,55,29,118,90,84,89,76,80
red,31,28,132,116,53,137,134,140,76,119
blue,35,65,1,106,80,137,125,7,24,100
red,137,77,139,9,53,107,40,121,17,80
blue,0,88,89,17,148,137,30,11,51,140
blue,57,46,159,109,15,103,149,143,51,120
red,127,5,56,116,100,143,98,137,29,119
red,137,134,155,138,9,131,27,68,76,158
red,135,134,114,9,126,137,75,105,76,109
red,18,28,121,9,45,137,141,56,116,70
blue,35,38,121,49,45,43,87,143,8,108
blue,18,154,140,17,15,137,145,2,29,79
red,137,87,150,51,148,31,27,94,17,80
blue,137,154,75,116,45,0,23,155,17,70
red,35,38,140,116,100,2,86,143,8,108
blue,137,75,143,133,153,34,37,56,76,12
red,137,23,144,76,80,42,75,151,24,53
red,103,77,143,17,128,42,13,64,69,120
red,72,130,150,144,79,35,37,151,51,5
blue,37,134,63,24,109,35,60,151,29,153
blue,90,86,124,8,148,35,111,150,63,160
blue,137,146,158,106,128,107,149,1,19,30
red,88,23,43,8,70,137,58,143,51,119
blue,22,60,138,129,5,137,134,2,156,158
blue,151,13,1,69,109,101,23,35,116,53
blue,103,40,72,29,45,43,13,1,51,93
blue,137,67,148,29,80,43,84,89,133,160
blue,77,145,155,50,70,137,46,53,129,45
blue,101,65,148,17,99,103,38,143,29,158
red,101,30,139,17,93,137,44,83,116,126
red,152,98,121,129,45,137,102,109,17,76
blue,35,87,120,24,64,48,77,68,106,126
blue,72,40,33,49,153,137,142,70,133,111
blue,90,155,140,29,100,137,91,84,109,119
blue,0,38,150,17,122,137,75,124,29,53
red,135,40,55,24,4,137,134,2,51,53
blue,131,58,159,76,70,137,154,143,116,45
red,59,145,143,106,14,137,65,43,69,80
red,121,46,103,150,93,114,155,140,29,111
blue,103,54,105,50,80,137,154,148,17,160
red,103,38,122,17,79,47,141,159,29,153
blue,137,86,68,51,5,54,58,155,29,16
blue,137,117,124,76,80,36,38,143,17,128
blue,146,23,84,17,45,137,40,2,85,96
blue,103,75,89,9,119,137,98,121,17,108
red,47,102,33,9,128,35,23,11,29,119
blue,137,46,142,136,82,108,141,71,76,74
blue,137,13,33,106,9,31,107,159,29,100
blue,115,142,121,106,93,137,61,113,109,108
red,137,23,150,136,153,43,75,140,76,74
red,59,65,151,109,9,43,107,105,106,96
red,110,60,138,106,128,0,117,121,29,5
blue,3,134,139,17,154,57,111,159,76,5
red,47,60,83,50,70,103,38,56,51,96
blue,18,28,71,24,5,3,23,143,147,96
red,43,84,155,8,45,35,111,24,157,109
red,43,98,105,9,70,36,38,143,109,5
red,129,87,121,76,5,37,40,155,50,158
blue,0,38,144,129,80,53,141,55,17,96
blue,107,98,136,17,45,18,67,155,76,53
red,150,141,120,76,119,31,38,2,51,45
red,35,154,140,49,119,107,102,158,29,53
red,154,58,148,137,53,35,40,144,29,74
red,78,44,151,51,99,146,154,43,52,79
red,115,154,43,76,118,34,84,150,29,100
red,22,125,89,49,45,110,155,59,17,71
blue,18,23,155,85,96,0,13,6,106,70
red,36,65,11,133,45,37,38,120,116,53
red,90,130,7,116,119,74,77,138,133,128
red,19,13,151,54,108,88,84,1,17,128
blue,78,102,144,17,66,57,67,151,9,100
red,18,60,158,51,80,78,13,143,8,119
red,113,75,143,9,45,18,44,150,17,14
blue,18,26,159,29,92,78,154,129,137,100
red,18,58,56,76,153,35,134,55,29,80
blue,18,124,159,9,128,150,107,56,17,119
blue,110,134,155,133,100,18,77,2,137,4
red,107,84,68,137,93,25,58,1,106,4
blue,31,58,1,53,14,43,142,68,17,45
blue,18,28,159,85,153,31,40,89,133,45
blue,3,27,125,133,96,78,40,121,137,100
blue,31,65,138,137,128,18,97,3,51,99
red,90,84,37,51,99,47,38,136,54,93
red,57,102,11,17,53,38,124,143,76,82
blue,31,40,143,133,12,18,142,124,51,93
blue,39,142,89,17,45,0,154,21,78,108
blue,110,28,64,17,119,91,98,121,29,160
blue,91,13,139,49,82,0,102,132,17,153
blue,107,23,150,8,70,18,40,138,116,53
red,107,142,121,137,12,101,134,110,49,53
red,25,65,136,129,66,88,130,21,106,12
blue,3,38,150,54,96,0,58,143,133,79
red,110,125,2,17,119,78,58,18,50,108
blue,22,134,55,136,74,110,46,11,133,70
red,74,75,124,137,16,90,40,143,147,14
red,18,13,132,8,66,47,40,121,17,120
blue,144,40,34,17,96,107,125,121,129,93
blue,22,60,64,51,14,123,27,68,116,91
blue,107,46,140,63,128,31,28,155,137,14
blue,12,46,26,29,53,22,58,41,133,6
red,72,102,144,129,100,31,27,125,133,96
blue,18,130,105,137,45,97,40,55,76,100
blue,90,142,139,49,53,39,38,136,9,45
red,112,149,6,133,9,22,26,150,139,12
blue,77,134,121,17,100,0,30,1,8,119
red,112,141,11,116,45,151,107,155,136,99
blue,106,84,150,17,153,34,98,121,76,118
blue,9,27,150,133,37,53,75,158,129,64
red,18,74,89,76,66,9,65,26,137,114
red,43,142,19,17,12,114,84,137,129,71
red,0,134,121,137,70,36,58,1,76,108
red,18,142,138,51,66,47,92,136,17,45
red,31,125,139,76,66,103,65,143,137,96
blue,48,38,73,17,45,103,125,1,76,66
blue,0,111,55,17,53,31,113,69,76,82
blue,112,111,33,8,128,103,60,155,50,12
blue,103,102,1,50,80,151,54,121,17,100
red,103,102,143,133,108,0,91,140,116,128
red,127,58,151,106,82,43,102,143,24,45
red,110,38,84,148,71,43,87,144,106,93
red,92,23,84,49,108,42,30,155,137,153
blue,110,65,84,24,80,92,149,103,133,153
blue,90,149,94,116,118,83,60,84,133,153
red,90,40,139,29,80,25,84,55,156,93
red,110,60,84,17,108,94,40,131,116,53
red,74,75,84,8,119,22,142,121,17,71
red,0,102,84,49,93,47,38,109,29,71
red,35,13,84,51,79,74,61,26,76,126
red,53,97,84,17,82,110,102,121,109,93
blue,70,77,84,137,9,152,113,155,133,119
red,0,28,84,51,12,31,61,121,49,119
blue,38,13,84,76,4,110,60,121,133,96
red,22,87,84,29,12,3,46,124,49,119
blue,0,26,1,76,119,112,142,84,129,16
red,54,87,151,17,126,127,60,84,76,109
blue,34,13,84,106,4,90,65,121,137,33
red,90,75,29,133,100,72,77,84,137,80
blue,103,46,33,24,5,72,111,84,29,45
blue,47,58,84,136,45,97,107,104,50,9
blue,18,98,89,109,108,103,87,84,8,53
red,31,23,1,76,79,22,111,84,116,70
blue,112,98,56,106,99,35,38,84,8,128
blue,145,60,84,106,45,35,134,155,24,93
blue,37,102,2,76,96,47,65,84,156,70
red,135,65,84,133,14,103,60,140,51,71
red,36,84,120,24,82,35,102,143,17,119
red,74,84,91,76,9,103,130,75,29,53
blue,103,65,39,156,159,31,98,84,76,26
blue,0,154,84,76,4,22,30,155,17,45
red,95,94,32,17,119,18,27,84,24,66
red,101,155,113,24,109,74,13,84,9,53
blue,90,87,2,147,82,3,13,84,63,70
red,134,107,155,49,12,110,13,84,17,71
blue,151,154,84,17,45,127,141,109,133,70
blue,130,86,124,9,53,112,84,34,29,45
red,0,102,121,50,16,152,23,84,76,109
red,90,78,84,50,108,135,121,144,133,153
red,90,28,159,147,154,47,77,84,50,70
red,114,38,84,54,9,47,86,109,17,15
red,57,78,94,106,5,35,38,84,76,66
blue,37,13,151,106,110,72,88,84,51,108
blue,34,13,84,51,5,112,102,132,49,53
red,95,23,140,106,153,150,40,84,24,14
red,135,130,84,50,70,78,40,140,63,119
red,20,111,132,137,71,25,58,84,76,82
blue,110,134,84,133,53,22,27,0,136,160
blue,43,142,89,51,153,110,60,84,133,100
blue,115,84,79,106,14,74,102,2,24,53
blue,72,65,54,133,53,0,98,84,17,71
red,0,38,124,17,53,19,142,84,76,108
blue,81,86,84,17,79,135,134,151,109,148
blue,90,88,84,120,109,43,91,2,17,108
red,90,134,84,49,45,110,44,159,50,100
blue,22,84,32,150,12,107,155,120,29,100
red,22,38,84,76,5,110,134,89,29,12
red,47,98,84,29,71,115,154,1,76,9
red,110,87,150,76,154,20,84,121,24,128
blue,36,145,84,63,70,18,26,155,17,15
red,47,121,138,76,82,22,84,55,106,9
red,135,28,84,133,70,101,13,114,51,108
red,20,84,138,133,70,101,28,155,85,93
blue,137,60,84,49,6,19,38,21,17,74
red,125,40,26,109,108,101,84,63,29,158
red,62,84,131,51,119,19,23,155,106,153
red,0,26,84,76,53,72,54,150,69,80
blue,77,130,84,52,14,134,58,1,50,66
red,78,38,94,129,153,83,13,84,9,12
red,78,58,84,9,12,47,98,1,106,126
red,90,26,155,50,45,18,30,84,133,97
blue,18,58,68,76,74,39,149,84,150,82
red,101,23,64,8,108,0,65,7,50,153
red,39,102,55,116,16,110,107,56,76,96
red,59,38,89,9,119,81,65,139,24,45
blue,31,141,23,29,119,0,58,56,156,70
blue,0,13,1,147,12,47,61,32,29,45
blue,2,40,26,137,111,152,107,56,49,119
red,0,154,1,76,109,78,40,3,51,5
blue,47,102,53,54,70,78,5,56,8,45
blue,107,142,56,51,79,72,67,155,24,66
red,18,149,71,85,80,35,30,144,49,111
blue,13,54,56,137,108,42,124,104,29,5
blue,103,60,1,76,80,34,44,56,106,100
blue,47,40,56,29,119,90,46,105,17,153
red,74,102,56,41,153,103,30,155,106,154
blue,88,38,51,9,154,74,13,56,17,71
blue,78,102,140,51,53,31,40,56,24,93
red,41,107,3,76,153,101,84,56,106,53
red,34,23,1,49,160,112,60,148,50,80
red,135,107,56,106,82,101,40,6,136,153
blue,110,46,56,133,128,0,142,1,106,33
blue,31,60,155,76,12,48,141,1,51,45
red,72,60,56,51,153,47,111,140,41,14
red,88,61,120,29,119,47,102,56,17,9
red,112,94,56,49,87,0,67,125,29,71
red,146,30,33,49,93,37,40,96,50,79
red,114,38,151,51,12,131,130,120,49,53
red,131,40,159,76,153,36,154,64,49,53
red,110,77,159,49,53,134,60,121,51,128
red,22,30,20,49,44,127,58,43,52,53
red,48,125,26,147,119,151,60,56,24,82
red,20,97,1,29,12,37,91,56,133,9
blue,115,38,105,17,71,134,60,6,29,114
red,25,107,150,51,108,123,125,56,106,5
blue,37,61,2,136,71,25,58,56,17,45
red,135,54,150,17,12,121,46,56,109,119
blue,101,38,56,50,148,151,134,26,24,100
blue,43,23,143,17,80,37,46,89,49,133
blue,43,149,1,49,45,107,46,143,116,96
blue,101,60,41,24,93,34,86,2,49,126
blue,36,154,157,49,45,3,5,140,133,66
blue,101,124,56,76,74,0,26,155,24,128
blue,36,38,32,133,158,131,5,56,109,108
red,22,61,56,133,82,90,38,41,9,79
red,0,23,32,50,128,151,60,1,106,14
red,94,23,150,76,12,37,40,56,24,82
red,81,154,1,63,100,18,141,140,51,96
blue,22,54,56,136,119,74,58,105,133,100
red,35,65,56,106,66,31,84,33,133,153
red,121,134,56,9,70,123,23,32,54,80
red,151,94,140,29,53,112,60,105,17,15
red,18,88,143,52,53,36,40,144,49,109
red,22,40,64,76,158,115,84,3,51,82
red,123,88,57,109,108,101,28,77,17,12
blue,20,38,109,133,45,114,98,138,29,12
blue,78,87,150,51,70,0,134,1,17,74
red,0,54,93,106,5,110,133,2,137,112
blue,107,46,125,129,5,154,88,140,51,66
blue,18,58,72,8,66,112,23,151,106,82
red,134,130,148,29,93,34,46,143,8,16
blue,47,40,26,129,158,134,46,121,116,71
blue,114,46,144,63,70,72,61,1,17,80
blue,25,61,55,51,99,107,58,129,137,70
red,0,97,1,133,119,43,124,89,76,153
blue,39,13,10,133,70,107,102,26,24,99
red,107,61,140,29,119,154,130,150,63,14
red,18,97,2,116,80,90,13,143,51,100
blue,0,146,121,76,114,107,98,2,85,153
blue,43,23,150,49,118,95,46,143,129,96
blue,0,149,1,76,118,43,98,143,129,93
blue,127,58,155,9,45,107,104,26,76,93
red,91,46,144,17,79,18,65,121,69,80
red,90,54,0,106,96,144,13,18,76,148
red,74,97,19,147,124,39,117,1,51,82
blue,43,38,26,17,53,0,124,19,8,14
blue,131,87,11,29,80,110,30,155,51,41
red,127,65,140,133,128,0,87,150,51,82
red,18,38,140,51,110,0,102,143,8,82
blue,62,102,1,17,80,151,58,121,106,96
red,72,58,32,51,111,25,23,155,17,128
blue,43,26,155,133,100,95,142,140,51,70
red,31,107,151,76,15,101,65,150,61,12
red,37,155,150,116,154,112,142,143,50,70
blue,47,107,2,76,100,18,27,155,3,71
blue,0,38,19,76,79,101,87,121,106,66
red,91,46,143,29,148,90,38,158,137,45
blue,36,87,32,17,12,110,38,124,51,82
blue,31,142,73,51,158,107,38,121,150,99
blue,101,130,1,76,128,0,74,51,136,12
blue,78,125,43,85,12,101,38,55,150,82
red,151,60,37,51,118,112,98,144,49,45
blue,121,46,0,69,80,112,125,150,136,45
blue,3,77,1,24,5,78,98,104,133,120
red,0,30,155,116,5,115,141,159,76,119
red,45,38,3,54,4,47,46,144,51,96
red,112,149,26,50,70,144,46,2,17,53
red,74,28,151,51,5,92,60,55,50,45
red,22,26,55,51,119,0,58,121,116,128
red,131,26,148,17,71,37,102,3,116,119
blue,110,134,120,17,53,0,61,150,138,37
blue,2,102,158,116,53,90,111,6,51,128
red,107,40,89,51,16,22,79,144,24,53
red,103,13,140,147,96,90,5,144,116,153
blue,35,60,43,109,53,3,142,143,9,12
red,135,38,11,17,148,0,98,56,76,9
red,123,134,151,136,108,103,155,109,116,79
blue,74,77,143,51,5,107,40,1,116,82
blue,136,46,159,116,5,90,38,143,17,45
red,18,74,140,116,53,36,86,68,51,45
blue,20,125,56,76,80,130,124,43,51,158
red,34,38,144,109,119,41,134,155,156,45
blue,103,125,11,9,158,47,87,19,49,108
red,78,27,3,17,45,151,154,121,8,70
blue,121,58,43,8,158,31,46,150,29,53
red,22,107,144,133,70,123,44,56,52,45
blue,0,38,143,51,153,152,40,109,116,158
red,88,38,51,49,96,3,23,155,8,82
blue,37,54,150,9,158,47,38,121,17,160
red,19,88,11,29,82,43,27,10,17,14
red,107,40,140,116,80,25,61,120,17,70
blue,94,75,26,76,45,115,61,121,29,81
red,94,146,109,8,118,90,38,144,50,158
blue,103,84,64,29,53,101,142,122,76,158
red,0,107,148,51,158,18,60,143,116,119
red,90,142,159,52,128,113,91,122,106,158
red,22,40,158,9,93,136,61,144,147,4
red,115,65,56,51,158,34,61,68,76,81
blue,31,26,155,129,100,47,46,138,24,158
blue,78,111,38,9,53,20,86,132,49,158
blue,37,102,57,8,158,0,97,122,51,91
blue,57,134,89,50,128,104,13,97,76,158
blue,39,58,151,76,160,104,60,62,29,158
blue,137,155,56,76,100,37,134,95,9,158
blue,37,46,3,17,71,112,38,140,129,70
blue,39,149,155,129,45,135,23,150,51,158
blue,112,30,3,156,158,34,149,121,50,100
red,77,130,158,51,12,18,58,2,9,45
red,144,38,73,17,45,151,46,64,29,153
red,135,154,71,24,45,43,130,132,9,148
blue,35,44,121,24,96,127,91,124,9,45
red,104,67,155,9,158,110,142,19,109,119
blue,74,13,11,8,128,78,38,143,106,66
blue,144,75,63,29,53,150,154,143,106,128
red,0,61,2,106,14,53,65,75,120,100
blue,101,154,19,17,96,78,38,155,136,12
blue,2,130,56,17,153,110,65,11,76,45
red,0,46,56,17,14,110,102,121,24,45
blue,123,23,155,51,96,47,67,94,137,158
blue,115,84,53,49,45,103,60,144,17,119
red,91,154,64,17,45,0,88,2,9,128
blue,81,84,78,76,108,104,77,101,54,119
red,104,94,64,24,5,22,46,121,129,119
red,104,40,132,24,53,35,60,64,17,45
red,123,30,138,76,45,104,38,94,17,16
blue,22,27,56,76,82,78,98,6,29,45
red,78,13,11,24,128,0,107,151,9,93
blue,146,130,143,17,93,22,44,43,9,148
red,78,65,33,150,79,59,134,138,9,160
blue,0,111,120,150,45,78,58,68,129,82
blue,151,141,2,147,96,35,28,7,17,128
blue,113,77,159,51,76,78,134,151,137,53
blue,112,46,144,150,45,78,38,19,76,99
red,0,23,121,29,64,74,111,26,120,128
red,78,27,150,17,45,112,98,2,76,5
blue,0,133,143,50,118,22,28,138,76,128
blue,35,65,125,54,57,78,38,121,106,82
blue,22,77,143,9,160,59,38,124,50,153
blue,74,23,150,51,66,34,13,125,137,100
blue,58,30,104,9,93,74,155,136,49,45
blue,113,13,120,137,133,0,75,71,136,9
red,78,149,56,8,128,22,87,140,17,53
blue,35,145,143,116,53,47,124,107,24,79
red,42,13,11,51,76,74,130,56,54,9
blue,107,46,1,116,70,74,23,150,106,124
red,22,134,121,136,53,25,61,143,51,82
red,22,46,78,85,118,35,75,64,8,128
red,151,74,21,17,70,0,61,140,133,100
blue,74,84,144,106,12,78,13,1,51,93
blue,31,95,55,49,45,18,28,159,136,70
red,18,28,1,109,108,115,134,19,76,5
blue,18,28,132,17,9,31,146,73,108,12
blue,18,28,43,129,71,101,87,55,51,9
red,18,28,140,137,80,43,142,122,51,44
blue,18,28,19,76,5,3,40,121,51,14
blue,146,111,158,129,128,18,28,55,49,53
blue,135,149,55,17,118,121,28,18,50,70
red,78,141,48,17,148,18,28,155,49,66
red,18,28,2,129,5,31,154,140,51,16
blue,18,77,121,120,158,47,13,2,24,33
red,18,38,56,106,92,47,27,19,24,91
blue,18,149,132,17,12,35,38,144,116,119
blue,110,65,138,129,66,18,28,143,29,100
blue,18,28,55,49,70,0,40,2,54,66
blue,0,40,144,29,153,18,28,33,137,80
blue,144,133,0,109,118,18,28,55,69,53
blue,18,28,43,106,4,131,134,144,24,66
blue,18,40,11,49,128,112,86,94,17,83
blue,103,67,55,129,160,18,28,136,29,119
blue,131,111,144,51,74,18,28,43,76,119
blue,47,58,154,51,66,18,98,11,17,93
blue,18,75,109,52,96,0,23,1,116,80
blue,18,65,109,69,153,90,84,151,17,45
blue,18,75,150,24,80,2,134,34,133,153
blue,18,134,132,147,82,127,155,140,133,70
blue,18,54,140,106,66,36,134,19,137,70
red,18,60,2,69,15,103,65,71,147,96
blue,31,94,150,9,96,18,155,143,52,119
red,18,38,121,116,53,34,46,11,29,82
blue,72,38,56,29,45,18,61,53,17,9
blue,103,54,69,9,93,31,60,143,51,119
blue,0,60,56,24,14,22,102,148,51,12
blue,150,30,138,76,9,35,60,1,51,119
red,137,60,143,76,45,35,38,121,63,99
blue,154,38,73,137,14,53,60,89,106,5
blue,41,40,140,136,45,131,60,81,24,124
blue,36,40,159,133,74,142,141,26,9,118
blue,0,30,2,9,118,107,98,121,76,109
red,151,27,1,17,79,112,65,71,76,80
red,103,65,2,133,120,101,60,55,76,45
blue,103,154,2,147,119,43,54,75,49,9
blue,0,102,109,29,12,97,13,121,49,118
red,104,40,144,24,45,107,38,1,17,53
red,37,98,150,9,100,131,38,30,29,119
red,113,27,3,76,14,130,23,20,116,96
blue,74,58,26,50,99,104,77,2,17,9
blue,134,154,64,8,80,18,98,120,116,70
blue,137,111,140,29,20,131,38,124,24,128
red,22,111,155,109,45,112,28,56,116,108
red,0,84,151,76,70,92,26,56,8,96
blue,22,46,26,29,96,78,38,121,51,82
red,95,46,144,17,71,123,38,1,8,128
red,18,38,20,76,100,74,154,151,29,45
blue,62,61,129,54,41,144,130,155,63,70
blue,90,84,91,17,53,114,154,143,129,96
blue,107,67,151,51,81,74,111,125,116,153
blue,72,154,120,76,93,101,46,56,29,118
red,151,54,94,76,53,59,38,68,133,128
red,41,38,56,17,9,34,145,64,8,12
red,34,30,151,76,12,78,142,101,122,100
red,18,38,68,17,53,74,84,155,9,82
blue,90,30,158,106,45,36,65,1,85,96
red,110,27,144,29,148,91,87,155,116,153
red,90,75,55,137,148,123,13,56,50,119
blue,123,40,150,116,148,0,134,144,9,96
red,34,58,140,50,148,3,125,2,51,9
blue,47,28,155,137,148,22,40,26,51,12
red,110,13,68,49,148,41,61,143,156,153
red,151,67,94,9,148,22,134,155,136,76
blue,72,155,140,29,45,42,75,3,138,148
blue,74,134,110,29,148,57,91,121,49,158
blue,152,26,94,24,70,110,40,68,49,148
red,103,107,150,109,148,7,75,2,106,128
red,115,26,43,52,148,35,13,143,9,70
blue,57,97,1,9,148,18,142,159,76,5
blue,90,125,150,116,148,119,30,89,76,159
red,103,38,159,49,148,47,145,121,106,120
red,74,102,121,29,53,110,26,95,17,148
blue,43,74,140,29,148,123,124,155,76,108
red,37,26,125,17,70,0,67,155,76,148
red,47,28,144,17,148,101,142,138,129,154
blue,43,30,121,129,5,18,40,19,116,148
red,112,111,124,76,100,57,134,3,116,148
blue,101,145,121,76,148,18,87,143,129,5
red,74,60,122,116,12,88,13,105,49,148
blue,0,114,122,52,82,152,155,71,129,148
blue,121,134,112,51,128,37,67,43,116,148
blue,35,102,159,129,148,78,155,43,29,109
red,31,27,155,49,148,88,23,64,17,99
red,72,65,121,69,153,59,60,70,136,148
red,59,142,42,24,148,72,65,151,116,100
blue,121,61,19,133,119,31,58,26,29,71
red,110,26,129,114,148,62,111,56,106,82
blue,42,84,69,17,148,90,65,26,76,80
red,152,60,143,51,82,112,111,23,137,148
blue,151,75,121,137,148,38,87,155,51,120
red,151,47,3,137,148,72,13,152,106,4
blue,0,28,43,76,148,18,154,51,8,153
blue,137,40,120,51,153,151,23,105,133,70
blue,59,60,48,133,5,47,130,139,52,122
red,88,54,43,76,153,101,40,56,133,109
blue,131,61,43,133,153,95,40,138,52,5
blue,107,81,120,50,4,90,58,143,9,14
red,31,97,155,29,153,150,23,132,9,70
red,131,13,144,156,153,0,86,57,49,100
blue,0,40,11,29,14,48,155,55,150,128
red,22,111,136,50,70,110,84,64,133,14
blue,115,65,124,24,53,74,87,17,29,100
red,101,38,21,52,111,0,142,140,17,93
blue,22,46,143,129,148,47,61,140,133,53
red,0,98,120,116,93,22,87,124,24,82
red,47,130,2,8,70,101,58,121,24,128
blue,18,67,121,17,128,0,38,55,156,100
red,137,61,140,116,70,110,125,1,147,53
red,78,13,19,106,82,90,75,21,17,128
blue,31,46,144,19,53,36,38,143,9,128
blue,47,5,11,8,128,144,40,151,116,12
blue,74,134,1,51,100,131,97,140,29,45
red,62,77,140,106,93,37,91,105,76,53
red,107,13,143,51,100,74,92,121,156,12
red,146,13,32,17,100,107,142,1,29,53
blue,119,102,139,85,107,22,130,159,109,108
red,113,38,89,50,74,25,102,106,76,79
red,121,58,64,29,53,90,67,151,129,109
blue,81,67,33,51,93,107,111,143,106,126
blue,18,58,89,123,108,0,40,55,51,100
red,0,61,23,123,108,110,67,2,52,91
blue,101,77,140,150,121,0,84,64,76,12
red,18,98,21,133,80,72,67,122,51,100
red,31,61,1,50,71,42,40,158,17,119
blue,103,58,2,29,12,150,125,121,9,71
blue,134,145,124,9,108,75,154,64,51,93
blue,101,94,1,52,82,0,38,158,129,119
blue,114,98,140,24,93,20,26,129,29,159
blue,88,91,140,29,53,110,13,121,147,96
blue,36,75,159,76,153,144,13,155,29,124
blue,105,40,23,52,80,90,87,121,147,92
blue,112,60,124,116,96,90,13,121,24,74
red,131,65,150,49,45,88,23,64,17,12
blue,114,54,150,49,158,35,102,140,109,128
red,59,88,89,49,82,47,130,140,17,41
blue,2,38,159,51,128,110,111,1,17,93
red,110,77,26,76,93,18,130,56,17,71
red,146,94,140,49,53,81,111,144,17,108
red,41,134,125,51,111,11,142,0,50,16
blue,90,102,158,133,119,152,134,120,76,9
blue,2,54,121,129,5,81,142,144,29,153
blue,90,86,136,9,128,127,38,140,76,108
blue,31,130,155,116,139,74,134,1,24,12
blue,110,134,150,9,53,114,38,155,24,128
red,133,134,144,106,93,81,13,140,51,80
red,34,38,140,9,109,126,94,139,24,100
blue,77,145,143,17,14,36,67,155,9,96
blue,47,28,121,106,96,18,54,56,17,100
red,91,141,1,69,80,43,13,10,147,100
blue,36,13,32,29,100,127,98,3,54,158
red,131,84,121,116,100,127,40,144,49,53
red,101,44,11,24,100,0,40,33,116,158
red,103,60,30,17,4,18,111,32,24,5
blue,91,65,143,24,160,47,75,26,116,158
red,137,65,26,17,109,102,44,143,9,70
red,0,13,64,106,99,18,54,155,9,93
red,0,54,155,147,118,146,60,72,51,45
red,53,142,148,24,45,48,141,20,51,12
red,0,61,159,116,45,52,65,11,69,100
blue,18,54,11,49,128,74,58,23,17,53
blue,22,102,159,0,53,90,75,56,51,45
blue,62,60,37,17,53,0,141,159,76,160
blue,134,142,159,69,80,107,54,151,8,45
blue,18,65,159,76,45,31,61,143,106,100
blue,42,38,94,136,124,18,134,120,51,93
blue,151,65,1,52,100,0,54,150,76,96
red,31,154,6,76,119,0,125,1,9,70
blue,90,91,64,129,100,77,154,71,8,16
blue,110,154,71,24,153,18,134,55,116,45
red,36,154,6,129,82,43,46,1,29,16
red,0,154,26,50,82,47,130,59,51,53
red,20,130,144,29,153,35,145,54,49,93
red,35,13,124,136,128,110,141,11,116,93
blue,112,58,109,17,100,103,84,151,51,93
blue,22,60,11,133,108,88,74,138,52,100
red,31,75,139,138,45,35,30,151,109,100
red,152,65,159,51,93,123,60,143,69,80
blue,47,58,124,129,66,35,44,151,136,4
blue,31,149,109,9,70,74,60,136,76,93
blue,103,74,122,51,93,110,27,143,17,70
blue,0,58,151,51,82,103,125,105,29,109
red,110,125,55,76,41,103,98,83,106,53
blue,151,102,56,85,158,123,141,140,76,128
blue,104,98,151,49,148,110,58,89,106,82
blue,36,141,11,156,118,72,60,2,123,108
red,78,134,55,51,16,2,38,109,50,128
blue,0,5,155,17,160,22,60,83,51,45
red,74,134,83,17,53,57,142,64,69,93
red,101,58,83,106,5,74,149,139,129,100
blue,78,13,109,49,100,53,38,43,17,45
red,137,97,55,24,93,78,61,143,29,53
red,110,67,121,51,71,22,54,94,69,108
blue,145,38,143,49,9,35,142,122,24,71
red,103,38,143,133,128,0,94,2,106,93
blue,36,130,83,17,70,22,46,68,51,5
red,123,75,151,138,15,107,142,143,106,66
blue,18,98,136,69,80,38,84,122,76,14
red,47,61,83,8,119,74,13,11,9,126
red,78,87,150,63,128,72,146,109,17,93
red,123,134,1,76,79,74,145,151,49,82
red,77,142,1,52,128,37,91,138,17,79
blue,36,113,151,51,148,110,145,2,69,80
blue,57,67,33,49,100,39,125,21,24,128
blue,62,23,136,29,53,72,113,155,51,74
blue,7,88,159,17,53,131,98,143,139,9
blue,36,13,26,123,108,0,92,144,17,9
blue,101,67,140,51,93,107,38,11,54,128
blue,62,23,94,51,96,39,61,151,52,66
red,22,130,121,49,12,0,124,55,51,9
blue,151,65,143,129,128,36,23,150,17,80
red,0,98,143,116,45,151,84,121,76,53
red,3,92,0,54,66,2,142,144,29,12
red,0,28,151,76,53,91,46,138,17,41
red,31,30,155,17,53,103,94,68,76,41
red,25,154,150,76,118,53,38,1,129,82
blue,143,75,93,17,153,146,97,2,51,12
blue,31,124,11,17,70,57,134,155,150,53
blue,31,134,125,17,71,110,26,90,69,80
red,22,98,64,17,74,88,46,21,51,108
red,57,67,155,29,100,2,60,35,49,15
red,88,60,143,29,45,103,94,155,9,73
blue,146,84,110,76,99,0,125,114,50,15
red,31,67,143,9,27,112,142,55,133,153
blue,0,54,151,17,5,90,60,158,133,119
blue,81,60,121,9,120,38,92,21,51,12
red,0,77,89,69,93,22,13,71,106,37
blue,74,102,26,29,53,22,13,56,17,148
red,0,23,124,52,100,22,38,2,106,112
blue,0,75,11,106,53,35,134,32,17,79
blue,0,40,56,116,158,90,75,73,106,14
red,88,98,71,133,45,146,38,64,8,153
red,133,61,143,76,41,36,141,140,69,153
red,0,58,121,129,153,107,111,143,76,80
red,18,98,121,129,82,101,111,2,49,158
blue,31,40,159,116,82,35,111,144,17,71
red,31,60,140,51,45,101,111,41,54,119
red,0,111,33,8,12,90,38,89,51,108
red,62,86,2,51,71,114,40,151,54,108
red,74,46,124,51,82,0,145,143,116,70
red,138,113,3,24,5,72,134,139,76,16
blue,57,145,11,69,93,72,65,120,49,9
blue,43,23,150,49,126,0,98,122,8,128
red,78,60,151,76,53,150,142,18,49,15
blue,42,38,143,29,3,18,46,21,133,153
red,35,40,122,51,160,0,75,121,106,3
red,78,46,143,106,91,135,86,148,51,128
red,47,142,70,52,100,101,46,45,106,109
blue,18,61,151,76,118,134,65,1,52,158
red,0,46,26,29,99,48,37,155,52,14
blue,62,58,57,9,53,37,142,68,49,148
blue,110,23,121,50,70,78,28,41,24,93
blue,43,58,72,137,70,101,154,3,17,53
blue,107,26,56,51,93,57,65,81,120,37
red,18,23,94,109,82,34,38,41,116,80
blue,43,46,56,51,128,35,102,121,76,5
red,90,154,155,95,45,115,23,3,51,82
red,117,142,51,76,9,36,102,121,129,82
blue,95,87,155,51,82,72,75,104,17,120
red,72,5,155,147,96,0,92,53,9,70
red,135,124,155,24,82,78,26,150,76,45
blue,115,84,55,76,12,39,117,34,51,82
blue,123,97,33,9,82,151,84,121,116,53
blue,18,58,120,24,70,31,46,1,133,53
red,43,38,136,137,82,0,27,150,116,130
red,151,38,143,106,82,0,26,59,76,80
blue,43,149,155,129,82,131,91,122,136,80
blue,114,60,120,76,153,101,149,143,51,82
red,22,142,148,8,118,90,40,121,49,82
red,144,111,101,76,53,148,84,34,51,82
red,31,26,155,51,119,57,38,11,147,148
red,22,60,143,29,108,103,94,21,19,53
blue,112,84,155,8,108,115,98,2,24,100
red,35,58,143,17,53,144,60,150,76,108
blue,0,130,143,147,53,114,40,158,106,82
blue,137,58,64,24,93,31,104,151,49,53
blue,72,26,140,76,119,90,13,64,17,45
red,103,130,68,76,5,110,40,32,17,66
blue,90,84,26,25,74,88,98,144,51,93
red,95,38,41,49,53,11,91,56,17,108
blue,78,77,83,76,93,154,134,132,51,70
blue,90,40,56,24,14,0,27,43,136,100
red,115,38,143,116,16,74,102,55,76,64
red,103,75,68,29,53,77,40,143,17,154
blue,2,130,1,51,93,18,104,150,76,15
blue,0,102,56,49,45,47,75,148,17,70
blue,151,142,11,49,53,47,23,55,17,160
red,0,78,81,9,14,101,134,143,24,82
blue,88,134,104,51,5,47,130,121,49,119
red,103,58,11,17,5,101,107,55,8,93
blue,0,65,140,29,53,101,102,83,17,45
red,18,65,143,106,100,101,46,11,51,93
blue,127,125,121,106,93,95,91,57,17,45
blue,103,125,19,9,53,22,134,159,136,80
blue,0,13,1,8,14,72,130,64,9,109
red,31,26,129,51,5,74,145,143,9,70
red,102,134,143,29,53,72,142,159,76,108
red,43,61,150,109,133,102,46,26,116,12
red,72,46,143,17,5,47,134,1,133,70
red,123,38,151,116,158,18,46,3,147,126
blue,123,40,132,106,96,90,28,101,76,128
blue,90,75,109,150,30,72,86,2,76,158
blue,31,92,32,76,159,0,67,3,106,5
red,103,23,104,51,14,97,40,26,116,138
blue,103,102,121,8,9,74,46,26,133,80
blue,0,75,124,52,5,110,40,139,51,128
red,18,23,142,159,91,103,46,124,76,80
blue,88,84,159,9,93,3,58,90,54,153
red,101,65,159,17,12,2,92,155,136,120
red,18,98,33,54,74,134,142,124,116,53
red,88,98,124,17,93,78,102,155,52,70
red,0,124,143,17,120,22,30,38,156,53
red,0,46,121,133,45,110,91,124,52,119
red,137,130,159,51,93,37,40,151,150,12
red,101,142,124,129,96,0,38,11,109,93
blue,90,38,32,51,45,74,61,124,109,108
blue,101,58,121,24,128,22,60,120,17,153
blue,90,75,1,76,148,74,142,124,116,70
red,74,84,38,129,71,81,40,1,24,80
blue,90,75,2,29,45,72,58,144,9,82
red,22,38,56,9,160,0,155,55,116,128
blue,34,22,139,51,128,90,61,1,29,70
blue,34,46,121,76,66,90,60,1,51,74
blue,151,13,144,52,74,146,23,150,51,96
blue,67,84,53,24,70,151,154,109,63,111
red,74,65,94,106,45,131,75,53,17,108
blue,31,78,140,50,45,19,102,94,133,108
blue,117,27,159,133,9,131,75,2,50,66
blue,38,75,11,17,45,57,125,53,51,9
red,72,98,129,51,82,81,75,6,29,153
blue,43,134,56,106,128,0,23,143,76,82
red,90,87,3,8,158,74,23,151,76,5
blue,70,46,121,147,5,11,40,155,8,128
red,114,60,55,106,82,0,141,143,50,5
red,103,65,1,8,70,90,77,121,69,153
red,112,94,32,51,5,92,38,144,76,82
red,34,142,6,49,80,78,58,120,51,4
red,22,94,143,29,153,0,84,114,24,4
red,31,155,19,129,4,47,77,64,49,71
blue,134,58,90,9,82,111,13,159,137,45
blue,37,65,2,76,82,112,124,155,106,14
blue,31,65,121,24,159,2,141,91,29,82
red,47,40,15,133,153,101,23,138,137,82
red,37,102,150,29,4,22,23,11,133,93
red,110,98,68,76,82,150,111,73,129,14
red,22,117,55,51,12,150,65,104,69,82
blue,125,27,0,129,5,90,40,55,29,53
red,36,40,139,147,96,91,125,55,17,45
red,107,65,144,76,70,36,134,143,51,93
blue,0,86,159,9,123,121,38,54,52,128
red,37,60,125,136,120,113,65,121,17,12
blue,113,61,2,17,100,0,38,55,116,14
red,22,75,2,17,80,107,23,125,29,53
red,112,13,109,50,100,90,75,124,76,5
red,110,67,155,8,139,112,46,120,24,93
red,22,102,125,54,153,43,124,1,106,100
blue,135,54,125,136,12,74,134,150,17,128
red,18,58,121,8,74,90,38,140,51,128
blue,0,30,140,17,108,120,23,125,63,109
blue,0,44,121,17,80,90,141,135,76,93
red,150,102,1,17,71,74,38,55,76,108
red,18,58,120,63,53,123,67,125,8,66
blue,0,65,55,50,160,59,58,139,29,80
red,121,111,143,29,45,90,25,155,52,91
blue,22,65,121,81,12,0,40,89,63,70
red,78,102,144,51,100,112,111,121,147,126
blue,57,92,143,17,4,74,86,121,119,93
blue,74,58,121,49,139,107,102,32,116,5
blue,43,86,64,133,16,22,13,56,51,93
red,103,98,121,51,14,0,61,136,133,5
red,137,142,155,138,9,91,40,140,0,160
red,60,84,53,24,45,115,77,143,136,100
red,107,77,143,137,45,81,149,71,133,53
red,152,13,121,51,4,42,44,155,137,12
red,36,86,64,51,53,0,84,155,29,100
blue,88,84,41,51,93,65,27,143,116,14
red,114,46,151,8,139,20,87,155,76,70
red,36,30,55,17,128,131,27,148,106,96
blue,90,61,109,51,93,91,27,120,17,119
blue,36,88,144,29,53,24,30,93,76,100
red,31,149,64,76,153,36,40,143,133,128
red,31,58,104,17,53,0,60,140,76,9
blue,88,142,1,49,109,0,130,148,17,53
blue,39,44,55,8,100,115,142,121,51,45
red,145,142,43,76,53,35,38,109,29,153
blue,112,130,143,29,158,43,107,89,17,93
blue,18,142,26,106,82,0,130,157,8,158
red,112,142,55,8,100,31,111,144,129,96
blue,0,149,1,76,108,77,60,138,17,140
blue,0,77,121,116,126,72,38,2,76,74
blue,101,5,43,17,79,103,38,68,136,100
blue,22,38,21,17,53,74,58,150,76,119
red,74,111,140,52,14,37,102,143,17,64
blue,103,13,144,76,93,110,61,19,17,53
blue,90,58,114,17,71,103,28,121,76,119
red,62,84,151,69,80,0,54,122,51,93
red,144,102,68,8,80,74,23,64,49,139
red,72,98,73,106,100,0,146,56,63,14
blue,144,98,91,129,70,131,13,53,29,14
red,107,38,121,17,71,0,26,159,8,14
red,3,75,73,54,45,102,23,150,17,128
red,101,130,120,50,100,90,154,142,76,96
blue,107,46,1,76,53,31,30,3,29,120
blue,62,38,132,76,140,3,30,11,133,70
red,90,13,68,25,153,134,30,151,24,5
blue,43,30,21,8,82,0,124,55,147,96
red,114,13,144,49,53,142,30,124,52,128
red,103,28,91,116,70,101,30,144,51,93
blue,47,38,121,24,15,78,142,132,29,108
red,72,58,124,106,5,36,46,143,24,139
red,31,92,158,106,5,35,61,151,133,153
red,114,58,1,51,109,74,67,94,150,93
red,57,102,1,52,14,152,38,71,49,153
red,110,98,121,9,15,74,38,53,24,96
blue,31,91,159,49,14,101,146,121,129,70
blue,107,23,150,133,128,0,65,132,106,82
red,43,13,155,15,93,0,86,109,29,45
red,107,13,33,51,14,36,40,125,148,53
blue,151,67,94,52,128,19,58,0,116,153
red,0,23,150,76,119,47,91,68,49,160
blue,43,13,89,8,16,112,67,148,76,108
blue,95,46,120,76,79,92,28,110,85,128
blue,74,38,64,29,53,83,77,155,109,128
red,36,142,64,109,108,151,130,121,133,128
red,0,65,121,51,70,107,149,138,69,100
red,74,125,51,116,45,53,87,150,137,70
red,110,130,143,49,53,39,40,11,116,153
blue,47,77,89,76,45,151,61,121,17,100
blue,25,130,8,29,14,121,77,63,51,45
red,19,46,150,49,160,107,142,125,76,148
red,31,61,54,8,100,0,38,132,17,120
blue,34,77,159,51,93,31,38,64,69,74
blue,22,146,11,136,79,34,84,159,50,128
red,25,92,121,76,9,62,146,2,29,93
red,74,38,11,9,70,0,142,148,8,93
red,31,97,119,51,93,150,98,1,76,45
blue,88,127,34,51,71,103,134,151,109,70
red,0,65,34,109,99,35,58,11,106,5
blue,35,111,34,9,45,78,61,124,109,108
blue,101,142,150,37,108,74,40,1,116,5
red,101,61,159,49,160,0,98,151,54,53
blue,43,65,159,50,119,47,67,151,133,120
red,90,142,159,17,100,39,54,3,24,45
red,112,13,64,8,120,18,67,1,9,119
blue,90,65,11,150,128,101,111,155,9,14
blue,112,107,110,9,93,146,142,143,137,5
blue,103,142,19,156,9,115,58,44,133,70
red,22,98,105,76,45,113,38,55,9,70
blue,91,124,69,133,70,144,58,89,9,93
red,101,155,53,136,45,90,46,109,9,96
blue,112,38,121,17,96,101,142,138,116,54
red,133,94,109,116,158,143,67,150,63,45
blue,101,142,10,76,120,2,46,3,51,158
blue,90,40,1,106,82,154,58,64,29,4
red,103,86,155,54,108,22,23,159,106,128
blue,53,130,144,17,37,18,111,33,9,82
red,78,38,64,8,14,43,130,143,17,4
blue,38,65,121,17,128,151,102,89,24,82
red,110,58,56,51,100,78,111,121,50,82
red,0,134,53,106,128,151,46,121,24,93
blue,0,5,2,24,70,43,84,144,52,91
red,22,145,71,133,118,127,60,151,51,74
red,74,142,64,137,109,123,23,71,147,100
red,36,117,89,8,126,74,13,121,106,99
red,90,54,34,129,71,22,58,35,106,4
blue,19,102,94,9,119,31,60,11,51,99
red,36,98,2,24,93,74,88,121,29,128
red,114,28,3,29,96,103,65,136,137,16
blue,25,87,7,17,53,31,142,132,29,119
red,25,38,121,29,153,134,27,37,50,118
blue,74,111,121,29,158,18,124,57,52,100
red,121,38,103,116,12,39,75,55,29,93
red,47,67,101,29,111,91,154,143,106,66
red,113,40,139,8,80,110,51,138,50,45
blue,95,149,11,52,124,72,75,159,29,45
red,107,40,71,29,9,78,130,6,17,45
red,90,75,150,69,153,130,155,19,29,114
red,6,142,132,69,80,90,46,32,29,96
blue,110,40,21,29,109,18,46,2,116,80
red,74,38,143,29,45,110,87,150,49,158
red,151,46,124,9,5,107,102,11,17,96
red,137,27,93,140,45,36,38,143,106,99
red,90,60,150,106,70,114,61,151,29,53
red,110,125,56,159,9,35,65,143,17,53
red,115,13,121,9,70,47,141,144,133,119
blue,34,111,120,17,71,0,65,148,52,118
blue,3,111,121,139,108,144,54,129,52,99
blue,35,65,121,50,70,112,154,1,8,93
red,31,65,26,52,119,0,46,120,8,100
red,22,84,151,52,74,0,23,150,140,82
blue,134,142,136,116,53,37,98,32,24,5
blue,0,134,143,137,99,74,111,37,52,93
blue,88,111,68,9,53,34,58,1,133,153
blue,18,102,33,17,45,37,107,151,69,80
red,0,121,158,52,45,3,13,68,50,100
red,154,75,1,52,119,103,67,43,106,82
blue,62,40,2,17,45,22,58,26,133,153
blue,69,27,91,51,96,137,75,93,54,148
red,72,27,142,120,91,22,67,3,76,119
blue,81,145,159,76,12,2,38,55,17,79
red,19,142,55,52,5,151,113,71,63,70
blue,36,113,2,9,100,137,38,74,52,5
blue,90,74,140,106,154,22,134,150,51,82
blue,95,54,151,17,45,0,84,55,52,128
red,144,98,150,29,53,78,26,110,17,12
red,101,125,136,51,37,3,98,64,76,12
blue,0,13,124,8,158,22,61,10,109,66
red,39,75,11,85,153,47,38,121,24,82
blue,151,30,155,54,70,146,111,1,133,45
blue,107,40,33,8,53,22,67,3,76,80
blue,92,23,150,51,14,22,154,2,8,128
red,2,92,56,133,100,137,98,140,109,66
red,3,145,139,17,53,115,30,1,50,16
blue,36,38,139,156,93,43,46,143,17,45
red,74,65,15,50,14,48,75,143,147,44
blue,53,98,150,106,82,44,13,157,9,99
red,22,13,89,106,5,74,65,11,9,118
red,22,98,132,24,118,37,58,159,76,45
red,74,61,132,17,82,18,87,120,24,45
blue,145,61,121,76,45,18,40,143,9,118
red,144,77,56,8,45,18,13,105,76,53
red,48,23,148,69,9,0,155,59,49,45
blue,90,40,2,49,128,22,107,159,76,16
red,103,65,121,17,79,59,61,122,9,5
blue,92,60,122,17,79,112,142,6,147,14
red,146,38,2,138,79,22,141,45,51,12
blue,146,39,109,49,41,31,26,3,54,12
red,78,141,120,63,96,34,145,11,29,53
blue,18,86,2,52,100,90,145,122,17,53
red,0,98,26,129,16,101,27,147,106,82
red,90,97,2,29,53,35,38,143,106,9
blue,0,60,56,76,70,18,40,144,106,96
blue,103,60,20,49,80,31,13,159,69,53
blue,34,44,121,24,66,0,61,10,133,45
blue,35,58,55,17,132,151,134,89,29,53
blue,72,134,1,17,108,101,87,150,49,53
red,46,134,55,133,70,31,130,143,51,53
blue,42,145,19,76,53,31,104,43,51,5
red,110,26,35,49,53,90,67,155,29,96
blue,62,141,121,85,126,95,145,1,17,79
blue,112,142,122,49,111,2,61,6,109,66
red,31,46,121,106,14,38,97,143,17,53
red,114,155,151,29,53,43,117,143,76,120
red,103,142,151,54,53,127,98,138,51,70
blue,150,75,121,17,71,107,28,35,24,96
red,74,38,150,29,139,136,154,155,69,80
blue,107,40,150,109,82,74,13,144,9,70
red,35,94,37,76,126,0,84,143,51,82
red,18,60,64,76,53,101,40,140,17,119
blue,101,23,155,106,96,110,65,158,69,80
blue,47,40,56,9,12,36,142,140,109,82
red,0,145,137,138,53,37,13,158,50,81
red,31,94,11,138,93,137,38,124,133,70
blue,74,38,159,52,93,112,46,144,76,12
red,107,60,136,17,45,36,27,151,3,53
blue,0,58,55,17,45,151,98,3,9,148
blue,101,142,121,17,53,22,40,2,29,148
red,78,145,3,76,119,37,38,2,29,153
blue,18,111,43,106,45,90,134,94,17,96
blue,0,58,139,156,53,90,86,159,49,12
red,37,60,138,133,96,31,23,151,106,99
blue,125,142,121,17,15,154,13,1,129,80
red,2,23,101,51,128,150,40,56,106,99
blue,3,78,143,76,99,31,134,55,24,159
red,123,27,56,76,53,121,102,19,136,66
blue,2,125,8,51,96,0,124,19,50,14
red,101,40,138,24,53,115,84,114,50,99
blue,78,46,121,8,128,59,98,139,106,99
red,18,23,64,51,99,47,84,157,137,79
blue,81,141,37,76,66,151,134,139,51,128
red,90,98,155,138,99,88,75,23,129,82
blue,74,67,71,29,153,88,61,140,51,99
red,90,130,148,50,70,31,46,143,54,14
red,35,26,83,51,99,0,46,55,52,93
blue,37,46,140,156,153,127,146,29,51,99
blue,0,84,138,24,99,74,154,143,9,45
red,107,134,64,24,99,0,67,2,17,93
blue,78,40,155,76,80,114,46,120,129,5
red,78,26,94,76,5,145,154,125,8,128
blue,90,86,143,17,148,101,40,56,24,14
red,37,86,150,49,159,3,75,142,17,158
blue,152,141,56,51,108,103,149,19,133,153
blue,18,154,120,51,119,107,142,121,136,71
red,0,40,143,76,121,78,98,155,17,82
red,114,75,121,50,70,18,38,19,51,138
blue,22,60,124,76,53,18,98,140,9,119
red,18,141,19,106,71,42,40,155,54,12
blue,110,46,11,85,126,0,23,69,76,45
blue,44,30,155,106,79,134,46,68,136,126
red,90,154,151,50,96,104,130,138,116,82
blue,101,65,73,17,71,25,13,155,139,126
blue,110,141,89,69,126,31,13,64,136,70
blue,150,28,151,76,153,101,142,26,51,93
red,27,87,21,52,130,151,84,157,24,93
blue,101,74,1,76,128,0,145,55,24,53
red,43,149,159,106,99,31,94,144,116,119
red,0,46,124,9,70,144,38,121,17,53
red,34,30,56,17,71,78,67,151,49,133
red,31,134,30,17,104,47,130,89,76,16
blue,31,54,68,24,45,35,75,64,29,93
red,78,54,150,51,80,142,38,55,29,153
red,42,102,129,54,12,110,88,55,29,70
blue,151,60,107,116,70,34,102,53,17,12
blue,74,67,129,133,41,144,38,19,29,53
blue,74,142,121,129,53,110,26,94,51,66
red,137,54,3,76,66,114,111,159,49,96
red,101,38,109,17,82,123,111,138,76,45
red,40,111,56,17,139,0,60,2,9,70
blue,74,65,143,69,80,101,111,83,29,139
blue,25,125,132,8,53,101,111,19,76,74
red,22,125,121,51,5,59,40,89,76,160
blue,113,23,155,17,108,36,111,159,116,45
blue,115,111,19,17,82,91,74,26,29,45
red,0,111,124,129,128,22,77,55,50,45
red,48,111,56,76,128,22,65,2,133,53
blue,92,38,33,120,100,18,111,56,17,45
red,78,75,53,29,100,123,111,56,137,45
red,37,44,150,63,70,22,111,71,106,5
red,0,149,64,116,45,112,38,54,50,82
blue,119,65,143,76,93,111,113,3,9,96
red,117,23,157,69,80,103,40,143,24,79
blue,90,94,139,9,12,35,60,121,69,80
red,9,154,159,51,45,69,74,143,116,80
blue,48,37,73,9,80,114,155,56,17,128
red,74,13,150,76,100,114,111,143,9,53
blue,113,30,155,29,139,150,23,81,69,80
red,0,145,159,69,80,107,26,155,29,153
red,126,38,139,51,5,101,84,89,133,80
red,120,84,121,29,53,47,54,155,50,70
blue,90,67,68,116,154,22,38,73,17,79
blue,114,13,1,106,80,103,65,122,51,14
red,78,60,122,29,80,101,46,140,106,74
red,43,38,2,9,93,22,67,33,51,80
blue,107,92,55,29,12,145,65,1,24,80
blue,31,125,2,52,5,110,107,56,17,71
blue,103,54,77,24,16,97,65,148,76,100
blue,18,40,1,29,158,0,38,11,69,80
red,74,13,2,51,66,107,134,124,129,82
red,77,130,138,17,9,90,98,124,8,153
blue,110,134,124,51,82,22,84,53,9,123
blue,102,134,109,17,53,151,142,124,116,74
blue,2,111,159,106,74,103,58,143,116,12
blue,103,58,12,133,148,2,54,155,17,128
red,43,28,81,76,80,103,102,89,9,70
blue,110,58,124,29,70,121,102,1,76,153
blue,48,130,73,17,91,36,40,143,76,12
red,103,91,124,106,80,74,38,94,29,148
blue,103,38,132,109,119,151,87,1,76,96
red,103,40,30,50,108,33,13,6,17,80
red,154,13,159,29,100,18,46,55,133,153
blue,135,77,109,51,45,90,60,138,129,5
blue,145,23,151,52,5,88,155,140,29,79
blue,114,102,142,49,120,101,84,56,76,66
red,112,125,21,9,45,115,154,150,24,80
red,150,154,122,24,80,0,25,89,50,53
red,0,60,121,69,80,115,26,11,129,118
red,103,23,55,69,80,48,40,2,50,53
blue,20,126,21,51,12,36,54,58,24,80
red,57,155,2,133,153,90,142,124,17,71
blue,107,146,159,29,53,35,40,33,50,80
red,101,46,144,51,45,0,154,6,76,5
blue,0,113,55,49,45,18,134,143,24,80
blue,37,38,144,76,5,47,65,143,51,80
red,31,92,56,52,100,34,46,121,29,12
blue,35,97,94,51,53,134,142,160,29,159
red,35,111,155,63,70,20,84,43,24,45
blue,36,75,32,29,111,101,38,89,69,80
blue,90,38,2,17,120,103,61,56,76,5
blue,22,38,23,76,5,34,54,55,8,109
blue,143,111,91,76,80,37,84,150,106,93
blue,20,91,55,29,12,31,142,159,109,5
blue,101,84,143,106,15,0,141,105,76,5
blue,62,142,121,76,74,88,154,151,49,120
blue,43,38,0,157,71,103,30,74,76,12
red,158,98,1,29,5,74,75,19,17,80
blue,101,27,143,9,128,103,46,121,24,80
red,113,67,71,24,93,78,40,33,29,96
blue,43,142,132,17,71,0,23,155,51,9
red,0,81,55,17,71,22,79,121,133,158
red,110,91,73,24,93,0,97,140,51,82
red,18,65,120,69,80,5,97,125,76,12
red,90,30,158,63,70,0,117,6,29,109
red,95,146,55,137,53,59,58,132,51,5
blue,2,60,155,29,124,39,58,26,76,5
blue,95,46,57,29,99,151,84,155,63,70
red,22,142,143,17,71,90,130,7,9,108
red,90,113,55,17,71,20,75,143,24,100
red,90,13,144,17,71,152,30,91,49,33
red,74,30,138,51,33,88,26,121,109,81
red,137,134,132,147,82,18,23,151,138,108
blue,74,98,1,49,158,101,61,6,17,71
red,0,98,144,17,79,18,58,2,50,108
blue,104,60,143,76,5,22,113,68,29,108
red,78,142,3,24,80,34,102,143,29,71
red,95,26,113,63,70,110,102,139,9,12
red,74,46,11,29,128,18,27,89,49,53
blue,22,107,43,51,93,88,154,155,157,53
red,0,60,159,17,45,90,38,1,49,80
blue,58,13,43,147,14,90,121,150,116,16
red,90,23,120,9,93,115,134,26,116,82
red,3,37,140,51,82,72,58,121,24,96
red,0,46,121,17,128,36,37,56,29,45
red,0,37,121,51,93,22,60,89,17,70
blue,120,38,11,106,99,19,13,125,51,53
blue,151,37,20,76,14,34,111,159,49,45
blue,59,46,1,69,5,39,38,140,76,128
red,158,77,2,63,70,103,98,143,76,96
blue,137,65,2,133,110,0,58,11,9,70
red,34,61,26,17,93,69,38,143,158,53
red,101,86,26,63,70,36,38,33,51,80
blue,43,77,89,51,128,72,27,121,76,82
red,158,61,140,8,108,151,26,159,51,82
red,43,23,121,17,53,151,125,56,51,70
blue,18,134,155,8,121,151,111,26,51,5
red,101,65,55,116,12,77,124,140,8,82
blue,34,67,137,17,100,123,130,89,24,5
blue,0,84,159,51,82,90,38,93,29,53
red,101,130,120,129,70,18,107,23,157,82
red,31,107,2,106,100,158,60,122,52,5
red,90,46,56,51,124,3,104,122,52,79
blue,78,46,55,116,45,125,134,144,76,153
red,74,13,121,17,53,22,87,33,116,71
red,103,22,19,50,100,107,130,114,51,82
blue,25,65,11,136,9,151,60,19,17,45
red,43,130,159,17,119,115,54,155,129,126
blue,74,65,143,17,53,70,58,1,76,12
red,110,23,150,76,5,112,98,6,17,119
red,18,13,68,49,119,112,38,64,17,53
blue,36,58,83,29,45,47,149,137,17,71
blue,18,134,151,109,153,47,142,1,150,99
red,25,23,150,8,82,39,84,155,17,53
blue,92,67,11,63,9,18,30,142,8,119
blue,154,58,121,17,53,107,13,26,49,82
blue,36,61,143,133,53,22,154,41,76,70
blue,65,23,1,29,74,22,67,109,76,5
red,34,23,150,50,118,112,107,137,17,71
blue,103,13,121,51,82,72,27,137,133,16
red,78,13,121,29,45,74,92,150,52,82
red,31,27,143,51,37,103,98,11,106,99
blue,104,13,121,129,14,0,84,2,76,4
blue,3,98,155,54,5,90,23,150,76,45
blue,36,94,159,24,82,43,84,93,17,128
blue,72,97,2,51,89,31,38,159,76,5
blue,0,75,89,106,82,151,38,143,137,3
red,123,26,0,49,153,121,155,22,54,66
red,78,61,121,116,45,130,38,32,50,82
red,113,65,121,106,93,31,58,64,109,53
blue,110,67,3,29,12,31,84,151,54,153
red,22,111,155,51,82,134,98,89,106,93
red,22,67,121,17,128,2,142,68,76,93
blue,3,111,143,76,5,152,65,121,17,139
red,31,60,158,24,37,72,111,3,106,12
blue,101,142,1,50,53,131,97,159,106,82
blue,0,38,89,29,9,36,58,154,17,45
red,0,97,138,116,79,88,60,33,17,158
red,18,60,144,51,82,101,13,143,147,123
red,18,5,26,137,119,101,40,68,17,45
blue,134,141,104,51,45,155,46,26,147,96
blue,31,46,144,156,70,0,134,2,24,118
red,2,58,68,129,45,47,84,151,133,153
red,101,58,19,76,80,151,46,64,116,53
blue,43,5,71,9,70,135,134,3,8,128
red,0,65,19,116,70,107,40,143,52,126
blue,31,30,131,76,64,0,65,2,24,4
red,62,102,143,106,45,18,38,6,76,148
blue,110,87,11,49,158,18,102,53,52,99
red,31,30,2,49,9,90,155,54,76,53
red,0,13,1,50,100,72,38,30,49,74
red,107,13,30,133,153,131,124,121,76,82
blue,90,38,124,129,45,131,65,89,17,70
blue,18,61,21,76,70,0,88,143,17,41
blue,39,46,3,106,100,90,13,139,49,45
red,0,130,121,29,80,36,142,140,76,109
blue,137,155,121,8,45,59,77,20,116,109
red,3,124,129,29,12,151,38,56,69,80
blue,25,155,120,116,70,0,142,11,76,45
blue,121,46,41,109,152,43,23,129,51,128
red,5,46,155,76,148,0,38,26,17,100
red,103,94,68,76,82,0,38,143,8,70
blue,110,38,55,76,158,78,61,68,51,93
blue,101,102,68,76,41,90,26,155,8,12
red,0,38,121,106,158,137,98,2,51,128
red,150,23,33,17,4,72,84,43,29,12
red,20,98,150,129,100,0,26,89,9,118
red,101,65,68,139,96,134,23,150,147,45
red,0,113,121,17,9,31,26,150,106,41
blue,74,38,89,133,66,101,23,121,9,93
blue,110,65,120,133,45,0,13,68,76,148
blue,18,58,64,69,93,3,30,43,52,66
blue,101,65,120,76,160,117,13,143,29,109
blue,22,98,109,49,148,90,54,94,76,108
red,37,102,151,9,108,90,46,3,76,53
blue,0,38,33,41,74,72,54,101,17,45
red,137,30,157,17,79,59,111,155,8,128
red,0,38,59,76,99,131,134,3,9,109
red,78,38,129,119,12,0,111,121,76,109
red,0,27,157,50,100,36,141,1,9,53
blue,31,84,122,106,45,107,102,143,17,53
blue,0,154,157,9,80,43,60,64,17,53
blue,101,40,71,8,128,22,13,139,138,76
red,47,38,138,49,111,110,65,89,129,93
blue,47,65,120,136,158,36,38,2,129,93
blue,0,75,55,51,14,92,145,56,76,53
red,36,142,56,147,45,74,46,91,76,5
blue,125,84,150,51,160,103,141,55,76,66
red,31,58,29,133,153,47,142,2,76,99
blue,151,142,132,29,53,22,65,143,17,9
red,34,124,121,133,96,107,142,89,29,159
blue,43,84,144,17,108,37,40,140,29,153
blue,3,28,124,9,82,31,60,125,29,80
blue,35,92,54,69,53,22,125,143,9,80
red,0,124,120,50,70,146,142,104,106,12
red,88,65,151,109,128,130,38,159,116,53
blue,110,92,121,51,100,130,40,144,52,99
blue,20,98,121,9,70,34,65,159,29,41
red,151,28,121,17,96,102,46,159,52,74
blue,146,125,121,49,5,88,98,64,147,53
red,78,13,143,17,82,112,60,21,51,100
blue,48,125,55,9,108,74,54,3,76,53
blue,18,98,148,133,118,103,88,155,109,108
red,3,46,138,9,45,6,97,89,76,108
blue,59,154,77,9,119,74,13,139,76,66
red,35,44,121,49,74,72,88,94,9,109
red,43,37,26,17,109,115,38,32,76,53
red,145,88,121,50,128,0,23,85,109,108
blue,112,46,150,109,30,42,78,140,76,16
blue,22,130,26,157,133,34,92,140,106,12
blue,41,58,55,115,108,143,23,0,17,45
red,74,60,78,109,108,22,28,55,51,37
blue,43,40,1,76,4,74,38,143,116,16
blue,103,87,2,51,99,22,98,1,76,96
blue,107,98,68,129,66,0,92,148,76,14
blue,59,75,140,63,158,22,46,138,29,153
blue,54,134,125,49,53,31,154,1,52,82
blue,104,141,1,17,119,87,46,121,51,99
red,0,58,56,24,66,79,78,89,137,126
red,54,46,1,106,99,0,13,144,76,153
blue,35,27,151,51,74,158,117,69,9,45
red,31,5,121,76,45,18,46,89,29,153
blue,119,58,1,24,93,22,154,151,29,111
blue,135,46,1,17,12,107,40,143,116,53
red,97,155,159,52,91,112,98,151,51,119
red,112,54,26,29,93,95,67,143,9,5
red,112,65,140,76,45,22,54,1,51,93
red,112,102,1,50,128,31,40,158,49,70
blue,101,154,48,51,118,0,46,120,137,45
blue,107,124,129,9,118,143,54,137,69,93
blue,18,67,125,116,9,0,58,121,50,12
blue,0,65,140,9,100,112,77,150,109,30
red,151,58,1,136,118,112,102,6,69,119
blue,120,125,151,106,93,112,13,138,147,128
blue,131,87,121,8,108,34,84,150,50,16
blue,0,84,27,50,99,97,124,3,17,100
red,0,38,121,116,118,53,40,54,133,12
red,59,60,125,17,79,0,23,150,136,82
red,127,75,140,17,128,72,91,143,63,5
red,43,111,139,51,100,47,54,136,76,45
red,38,142,144,137,66,90,46,55,29,93
red,90,58,143,24,66,101,74,64,17,119
blue,117,67,1,76,5,88,58,104,24,79
red,22,84,19,24,80,137,124,143,76,119
blue,47,23,150,29,110,43,40,121,76,100
blue,36,23,2,24,5,88,60,121,63,158
red,18,61,143,49,126,150,58,19,29,9
blue,72,38,121,49,119,2,77,143,51,93
red,31,26,120,9,53,106,30,3,147,66
blue,31,40,55,147,53,101,98,57,8,45
red,47,92,150,109,90,22,23,143,76,100
blue,107,142,2,76,70,31,13,143,17,12
blue,31,23,143,137,53,2,13,64,76,5
red,31,134,43,76,139,48,75,55,29,9
red,78,124,151,9,93,131,65,144,17,41
red,91,84,132,51,9,101,13,2,29,79
red,90,84,121,83,108,112,58,120,106,66
red,31,47,148,51,128,0,84,21,50,80
blue,74,84,159,106,53,101,87,6,76,70
red,78,58,125,8,128,22,84,2,116,45
red,18,84,105,24,45,81,75,155,29,158
blue,0,154,157,106,128,133,65,120,129,79
blue,101,61,144,133,74,31,84,3,116,70
red,151,84,1,133,153,0,154,150,50,15
red,112,98,2,49,53,0,84,109,9,123
red,107,84,103,63,15,22,75,26,133,14
red,119,84,121,133,45,34,30,148,147,53
blue,110,23,43,109,12,115,26,94,8,128
blue,103,13,54,17,158,0,38,140,106,119
red,112,84,155,133,53,129,98,64,85,9
blue,135,145,29,17,71,22,84,109,136,9
blue,114,133,144,137,96,0,65,56,8,41
red,22,84,144,76,80,47,134,56,17,5
red,90,61,138,49,37,123,84,34,69,148
red,127,65,140,106,119,101,111,151,63,70
blue,0,84,129,17,119,72,60,121,133,100
red,53,84,150,133,108,103,146,2,24,70
red,110,84,68,49,45,60,154,32,133,153
blue,34,125,143,49,119,36,84,159,76,96
red,36,38,121,69,53,134,65,9,76,119
red,47,5,138,76,70,74,84,3,51,119
red,107,84,151,29,119,19,77,143,49,109
blue,131,84,151,137,119,103,133,55,52,66
blue,74,84,148,17,108,112,86,64,133,153
blue,59,84,151,51,5,115,145,121,133,80
blue,134,38,1,49,153,35,84,56,29,119
blue,152,117,55,9,45,0,142,124,109,153
red,146,130,140,17,71,26,58,143,9,108
red,78,65,151,9,53,25,23,150,24,153
red,31,23,150,17,53,0,58,64,24,82
blue,107,102,21,9,79,133,98,1,29,100
red,38,23,140,9,5,112,142,121,85,12
blue,114,30,155,9,12,121,27,43,51,91
red,42,84,121,76,91,22,23,3,9,71
blue,112,60,155,17,15,74,26,150,9,128
blue,114,75,70,17,45,146,40,155,76,9
red,155,38,32,9,45,110,40,144,106,82
blue,135,67,89,24,128,47,40,150,9,41
blue,54,133,43,9,70,88,61,89,156,153
blue,103,134,155,54,108,0,102,138,29,70
red,22,130,19,129,82,78,38,151,9,41
red,18,98,81,116,12,34,38,148,9,159
red,151,23,144,49,71,37,142,89,9,12
red,90,46,64,85,109,74,61,121,9,139
red,36,84,140,9,82,18,23,56,29,121
blue,2,107,150,9,80,11,94,72,63,70
red,18,40,121,9,108,62,26,150,106,70
red,35,23,150,51,118,62,75,26,9,5
red,72,142,26,9,5,74,77,151,29,153
red,123,84,151,85,108,90,54,155,24,70
blue,123,75,21,8,70,110,142,136,50,128
red,31,125,2,9,45,77,111,1,29,82
blue,97,102,89,9,128,151,154,56,24,79
red,123,134,56,129,93,31,26,1,9,53
blue,74,38,24,9,53,22,23,11,50,79
red,113,58,1,9,45,78,86,144,133,119
blue,65,44,11,76,96,151,146,2,8,108
red,31,154,140,29,9,90,23,129,116,30
red,74,13,35,17,71,135,61,140,50,128
blue,0,142,140,17,71,110,102,55,76,118
blue,22,142,125,120,158,137,107,136,29,118
red,144,46,151,29,53,90,38,11,147,93
red,62,58,122,63,118,130,146,121,133,153
red,90,98,120,106,128,42,65,140,133,126
blue,31,91,55,76,82,131,141,140,147,53
red,35,75,56,109,118,42,40,2,29,153
red,94,65,64,147,118,35,98,132,29,153
blue,114,46,94,106,126,36,107,2,147,5
blue,72,92,122,76,70,34,46,143,109,12
red,150,142,121,133,70,35,40,26,51,82
blue,107,142,122,8,4,74,111,11,106,120
blue,110,102,121,51,119,39,107,122,129,100
blue,36,130,150,147,45,97,87,32,51,96
red,74,38,138,129,70,150,67,109,106,14
red,150,23,144,116,5,112,84,138,133,93
blue,127,28,151,76,99,0,94,122,24,53
blue,2,75,32,133,158,90,46,89,76,96
red,36,54,1,24,66,90,102,148,76,96
red,31,23,122,109,108,57,13,143,24,82
blue,22,86,140,76,53,31,88,122,51,118
blue,114,5,19,106,99,158,130,122,29,119
red,53,60,155,49,14,150,154,56,76,99
blue,114,102,56,49,45,150,23,26,76,153
red,31,60,122,51,108,0,142,26,29,153
red,110,61,2,76,70,43,142,143,17,108
red,115,38,2,129,9,59,142,136,29,109
red,2,75,155,24,45,150,65,55,29,82
red,120,27,0,49,153,150,142,51,24,82
red,137,65,56,17,45,146,134,150,109,128
blue,0,58,121,139,53,74,78,150,116,93
blue,151,23,150,51,93,1,111,53,9,128
blue,151,86,121,137,100,101,40,64,8,66
blue,101,88,122,76,4,40,23,3,106,66
red,150,30,6,69,126,154,38,121,106,5
red,150,23,155,9,148,0,77,55,8,109
red,150,61,104,29,153,0,84,11,133,70
blue,0,23,103,76,160,146,13,155,29,53
red,115,145,38,147,91,3,27,89,76,66
blue,43,107,1,41,9,31,40,143,51,111
blue,3,74,2,116,153,18,121,43,109,108
blue,59,94,3,61,70,31,65,89,24,82
blue,74,134,3,17,12,38,54,151,76,158
red,123,142,32,129,14,39,46,155,17,53
blue,114,97,125,106,153,151,88,83,52,80
blue,31,46,51,29,119,135,86,56,17,53
red,114,75,143,49,100,18,92,139,24,119
red,22,58,41,24,80,110,54,3,106,82
blue,74,46,1,49,153,77,84,109,116,128
red,115,67,148,137,153,22,107,19,29,114
blue,57,134,81,51,93,37,102,136,69,153
red,131,44,121,9,53,3,142,64,24,5
blue,81,61,54,17,45,131,23,110,69,80
red,31,130,143,76,154,137,26,64,49,53
red,47,38,56,76,53,18,134,73,17,82
blue,18,38,1,106,128,74,58,138,76,4
blue,112,65,33,76,70,22,38,2,17,53
blue,3,13,151,157,108,47,84,0,17,12
blue,43,40,132,76,80,104,142,3,54,45
red,2,40,33,106,100,36,94,64,51,5
blue,107,61,55,51,5,31,149,26,29,153
blue,103,30,3,76,100,135,98,64,51,82
red,90,97,1,116,44,3,75,143,17,71
blue,22,61,124,76,53,90,98,121,17,71
blue,22,84,129,150,5,78,38,143,50,100
blue,36,130,83,133,70,134,40,158,137,66
red,74,46,33,106,5,107,130,159,29,153
red,90,40,89,133,70,75,84,94,17,71
blue,134,141,55,106,82,59,77,8,76,16
blue,137,23,143,76,12,0,141,121,51,53
red,103,54,151,8,128,0,28,19,106,66
red,112,38,121,51,93,74,22,143,29,100
blue,112,38,143,116,119,39,60,89,9,91
blue,112,155,56,51,82,34,125,140,151,139
red,112,145,124,24,128,151,65,41,17,100
red,112,84,150,9,66,47,134,109,106,82
blue,110,23,26,116,120,151,84,94,17,153
blue,103,111,1,106,4,110,134,143,51,5
red,110,27,155,29,158,31,84,151,133,70
blue,78,37,125,52,33,110,92,64,29,108
red,47,26,143,24,45,110,97,19,116,70
red,110,13,105,76,93,51,38,125,9,45
blue,110,23,150,29,153,47,78,7,69,100
blue,34,86,55,106,4,110,145,56,76,153
red,110,141,122,29,16,90,142,23,76,139
blue,110,134,64,129,96,42,13,121,116,70
blue,104,107,150,76,108,110,134,143,137,79
blue,3,5,56,76,119,110,141,64,51,118
blue,90,154,151,76,15,110,141,26,116,12
red,74,88,120,76,53,35,28,138,116,109
red,110,141,2,17,74,112,61,26,8,70
red,110,40,121,69,80,103,154,55,51,96
red,107,141,3,95,119,36,97,143,106,16
red,110,30,150,51,97,42,98,6,106,82
blue,35,87,121,29,45,110,107,32,9,118
red,34,87,26,129,70,110,142,144,116,158
red,90,88,1,8,124,74,38,121,76,93
red,90,60,144,120,108,0,78,1,8,70
red,115,40,120,17,79,18,130,1,76,45
blue,43,141,1,76,9,0,130,124,147,100
red,0,38,1,147,45,145,65,121,129,14
blue,151,38,121,69,80,115,65,1,76,66
red,59,98,121,49,45,43,154,11,29,9
red,110,13,11,129,27,74,111,151,8,153
blue,43,13,19,89,110,31,146,120,49,74
blue,112,141,143,8,9,18,65,11,17,80
red,47,61,140,17,79,22,13,143,87,119
red,123,86,143,9,16,110,23,94,79,153
red,0,26,140,8,3,151,142,150,54,82
blue,22,130,120,49,53,134,46,139,17,148
blue,2,58,155,52,82,90,13,51,106,100
blue,47,134,1,76,4,120,91,51,52,99
blue,72,142,55,156,119,41,125,121,76,99
blue,78,142,68,106,4,2,13,155,9,70
blue,36,65,124,136,119,34,13,54,49,158
red,34,125,11,24,79,92,98,10,85,14
blue,18,98,11,51,93,74,154,121,85,128
blue,28,58,139,76,153,59,142,155,52,14
red,88,54,26,29,93,45,13,121,133,119
red,0,65,11,29,108,78,38,2,24,45
blue,22,107,11,76,108,39,65,63,17,45
red,39,98,2,49,93,18,94,143,76,14
blue,103,28,121,116,153,91,142,159,136,53
blue,150,74,68,116,119,151,97,2,133,82
red,88,142,7,51,53,110,134,89,49,158
blue,0,37,159,156,119,137,130,84,24,158
red,74,75,138,50,158,110,37,124,8,128
red,0,124,1,51,82,74,142,41,76,158
red,90,98,139,69,79,31,54,94,76,5
red,104,40,94,120,82,121,28,150,49,153
red,0,54,94,29,53,112,46,64,17,128
red,31,13,83,76,93,35,38,55,24,82
red,102,23,150,29,5,103,88,56,139,74
red,90,98,11,52,100,19,40,155,76,16
blue,90,97,19,76,45,31,23,120,51,70
red,22,134,48,139,128,18,26,6,50,119
red,151,107,56,24,53,91,125,139,129,1
red,90,40,138,29,158,112,97,3,50,15
blue,101,142,136,106,4,0,38,121,52,82
red,47,46,68,17,93,18,30,155,50,121
blue,37,40,2,106,99,115,98,143,133,153
blue,90,125,21,76,45,151,130,3,54,5
blue,36,46,121,17,79,88,38,143,29,74
blue,72,84,151,147,153,39,134,3,17,9
red,36,98,143,76,9,134,65,2,17,71
red,0,84,125,137,100,107,40,124,76,91
red,88,27,41,76,123,0,23,56,29,82
red,59,142,155,17,53,35,65,91,29,80
blue,74,23,150,102,120,90,75,2,24,148
red,47,26,158,29,128,0,75,121,76,9
blue,47,142,148,147,12,150,30,71,24,128
red,20,27,157,51,128,131,30,155,49,153
blue,151,58,139,137,119,74,40,34,106,5
red,78,142,43,76,82,18,146,143,17,153
blue,20,58,71,52,45,131,146,121,17,80
blue,47,102,73,69,80,92,77,1,29,12
blue,2,40,151,49,158,47,141,68,24,93
red,72,13,157,150,93,20,60,84,24,80
red,78,146,132,50,45,101,38,55,76,100
blue,47,130,109,147,66,107,142,151,120,4
red,111,142,2,136,126,59,107,151,51,128
blue,110,75,120,116,153,101,84,64,106,82
red,110,75,144,109,108,81,125,68,17,45
red,135,38,2,9,70,74,58,144,49,151
blue,74,130,56,150,71,114,40,1,156,108
red,110,38,55,9,93,47,88,19,51,100
red,0,87,157,9,119,62,54,63,17,53
red,0,38,89,17,45,103,46,113,49,80
blue,110,92,150,129,99,90,102,3,54,93
blue,22,27,11,51,82,78,46,131,24,96
red,110,75,140,29,100,90,102,121,122,119
blue,114,60,37,116,119,22,46,120,69,93
red,43,92,21,109,12,0,67,151,9,70
blue,121,75,94,24,9,74,65,124,106,99
red,117,84,115,116,91,110,13,144,51,12
blue,112,27,143,136,128,110,142,104,51,12
red,137,23,71,150,45,74,13,143,24,82
blue,74,13,148,52,14,36,141,1,156,53
red,18,38,143,147,4,88,154,37,76,108
blue,74,28,155,17,136,39,13,143,49,79
blue,137,107,71,69,15,35,38,124,76,100
red,72,38,143,129,93,115,84,151,17,70
red,72,46,64,17,109,48,23,155,51,12
red,110,98,129,136,5,90,30,51,69,45
red,0,61,56,76,5,41,38,101,147,118
blue,92,60,144,17,12,134,142,2,129,45
red,151,102,2,52,100,0,40,140,24,5
blue,114,104,1,116,45,152,77,37,69,53
red,22,61,104,17,53,103,23,150,9,82
red,22,75,19,17,70,35,23,89,76,153
red,0,30,136,76,45,65,75,121,29,100
red,0,86,121,17,41,103,67,158,9,100
blue,0,28,75,17,119,37,65,2,51,4
red,103,28,89,52,128,151,27,144,51,53
red,101,60,124,9,128,0,46,68,129,70
red,0,75,55,17,53,22,130,109,51,5
blue,22,155,73,137,120,19,38,26,150,100
red,57,61,159,137,70,0,46,11,133,119
red,62,65,2,51,5,0,77,150,137,53
red,3,38,159,29,109,131,155,140,136,70
red,101,154,159,17,53,146,38,26,51,70
blue,74,145,124,76,108,78,111,143,137,119
blue,134,145,7,17,53,110,65,64,137,70
blue,103,58,7,116,153,88,40,64,106,100
red,90,142,53,116,99,39,94,70,9,82
red,47,23,151,150,53,0,125,32,29,12
red,88,61,139,106,4,47,38,68,116,45
blue,3,46,140,51,93,31,61,159,116,111
red,0,97,56,50,121,43,58,57,129,93
red,34,141,71,137,99,3,67,0,116,80
red,34,60,2,17,53,0,67,3,49,45
red,151,60,143,137,96,88,38,37,17,71
blue,0,92,34,137,96,88,58,57,116,108
blue,136,142,55,133,70,3,46,89,116,82
blue,103,98,19,116,53,90,58,124,17,71
blue,34,13,159,129,53,74,61,89,51,100
blue,62,107,55,116,45,13,130,139,8,53
blue,31,65,20,116,12,90,46,121,137,100
red,90,38,132,51,96,95,44,37,116,70
blue,18,60,132,106,99,2,38,53,51,4
red,34,92,143,116,132,134,46,139,133,71
blue,0,60,89,76,80,78,38,151,49,53
blue,2,38,155,24,12,78,84,94,133,46
red,114,142,143,76,16,115,98,73,51,53
blue,112,58,132,50,53,72,107,150,136,82
red,103,77,2,9,70,95,134,68,49,158
red,22,13,10,129,96,91,38,56,76,16
blue,39,94,41,49,158,113,58,150,17,160
red,22,46,2,29,15,137,111,158,17,53
red,31,58,140,116,70,103,46,148,52,119
blue,47,13,143,133,128,115,27,64,116,100
red,103,61,124,69,45,114,75,1,133,158
blue,103,5,87,116,70,0,30,69,85,109
blue,22,38,11,147,128,36,40,148,116,96
blue,0,30,11,136,82,36,84,148,76,12
blue,151,149,26,29,160,127,60,121,52,5
blue,112,61,55,116,160,0,125,139,133,100
blue,81,84,135,83,16,78,141,26,76,96
red,135,60,3,54,12,101,134,1,29,80
red,112,154,1,136,80,35,58,143,137,66
blue,31,44,140,76,5,112,60,121,133,70
red,112,104,121,17,80,101,61,120,9,66
red,144,60,121,51,82,112,46,89,8,128
red,112,65,115,109,45,3,38,64,137,100
red,2,46,21,51,158,151,125,64,29,45
blue,18,38,55,51,81,22,130,121,52,100
red,151,46,55,106,14,74,60,6,24,9
red,90,30,125,51,96,135,78,56,76,119
red,101,61,124,76,153,37,54,150,17,109
red,151,130,104,157,12,31,146,148,24,119
red,43,13,157,150,100,0,88,143,50,45
red,0,67,55,24,128,88,84,32,133,70
blue,134,58,144,76,139,74,30,6,52,112
blue,101,84,144,24,119,18,38,120,17,122
red,74,58,43,129,5,18,98,158,51,82
red,2,58,132,137,45,146,46,144,116,158
red,74,38,144,8,79,110,13,26,9,96
red,134,40,159,17,71,0,13,144,76,70
blue,22,44,94,9,82,35,75,53,106,126
red,110,23,155,106,120,90,38,159,8,128
red,74,13,148,51,93,36,141,120,147,108
red,101,141,26,24,120,31,27,6,76,82
blue,0,94,139,147,109,35,44,11,76,120
blue,36,26,64,9,70,31,46,144,17,45
red,114,40,19,116,5,22,44,55,29,93
blue,3,125,30,129,96,0,46,121,76,70
blue,31,98,6,106,100,47,40,120,137,45
blue,150,142,121,51,93,3,23,2,17,82
red,103,60,140,159,70,110,40,138,17,153
red,95,134,140,29,45,150,23,151,116,70
red,78,58,104,85,45,145,13,143,133,148
blue,149,13,120,137,100,101,26,144,52,99
blue,112,58,120,17,100,146,13,1,76,12
blue,74,97,140,52,158,69,141,138,129,71
blue,31,58,105,49,126,48,91,59,51,93
blue,0,54,140,29,126,90,28,155,76,128
blue,78,38,104,69,124,43,102,26,116,126
red,47,46,56,29,126,2,111,64,51,91
blue,114,40,155,109,96,35,38,55,49,74
blue,151,54,121,17,153,18,38,83,29,53
red,31,28,155,17,96,22,58,71,129,12
blue,47,65,159,109,126,95,86,105,63,153
blue,110,88,143,109,126,20,30,3,29,64
red,131,40,53,24,126,88,38,121,69,45
red,47,60,143,116,126,113,67,121,29,93
red,103,98,136,19,154,112,125,158,52,126
blue,43,124,151,49,12,35,46,143,17,126
red,126,113,19,76,80,0,65,148,120,158
blue,36,60,2,133,70,103,58,124,76,119
blue,35,98,124,109,96,18,78,143,69,45
red,81,28,124,76,71,112,60,143,129,154
blue,0,77,132,106,14,107,23,3,17,53
red,0,58,64,147,16,22,142,37,51,82
blue,12,38,121,109,93,59,60,1,76,82
red,107,23,150,24,66,47,65,33,129,154
red,101,65,3,29,71,31,60,140,9,100
blue,13,155,140,54,45,25,23,56,133,66
blue,131,46,89,9,53,88,38,71,29,45
red,22,67,155,138,71,103,28,129,17,45
red,115,67,121,69,53,59,142,101,116,158
blue,35,28,92,76,118,34,117,158,29,153
blue,47,28,158,50,118,0,58,143,51,120
blue,36,23,68,69,53,3,30,155,51,15
blue,110,142,64,133,53,31,27,143,9,93
red,39,98,55,17,158,144,130,105,76,82
blue,18,40,138,106,128,151,61,143,24,80
blue,110,134,105,29,53,90,61,143,76,12
blue,131,149,148,49,119,31,84,64,50,70
blue,107,104,91,133,100,112,134,155,29,76
red,101,111,121,122,80,22,91,132,136,158
blue,112,111,19,52,70,18,92,71,50,153
red,101,111,19,9,45,43,142,6,17,12
blue,22,40,89,127,153,72,46,150,76,100
blue,123,30,150,51,96,90,102,19,116,133
blue,101,142,121,76,45,0,134,19,51,100
red,0,141,56,51,82,90,30,101,29,45
blue,39,13,19,51,14,110,40,121,76,16
red,74,107,11,129,5,0,134,71,63,70
red,101,75,136,63,16,114,87,151,9,45
blue,107,134,101,49,74,18,146,55,8,79
red,2,40,121,17,53,144,46,159,52,5
blue,123,87,151,17,70,101,46,154,24,14
blue,31,88,124,116,153,0,86,144,8,118
red,144,60,131,76,53,31,125,159,17,71
blue,18,124,155,51,99,37,61,150,29,53
blue,103,78,121,52,93,158,61,125,51,96
red,123,92,133,24,111,37,65,124,51,99
red,0,46,121,17,14,22,67,101,76,128
blue,103,111,144,133,70,43,124,150,54,45
red,103,26,11,106,160,42,84,134,76,46
red,117,40,121,8,148,137,134,143,29,70
red,135,98,55,136,119,144,154,148,50,70
blue,20,67,149,49,53,142,154,115,17,93
blue,18,97,2,24,109,114,75,144,17,14
blue,31,134,74,49,14,121,77,109,52,128
blue,124,40,43,116,12,110,134,148,137,109
blue,18,117,2,51,16,78,46,1,52,119
red,130,86,159,17,71,31,88,55,76,93
red,78,154,56,17,71,115,13,138,147,45
red,135,75,55,9,16,47,26,140,29,148
blue,110,30,7,106,82,72,60,32,24,70
blue,123,142,56,17,45,135,23,150,49,154
blue,151,142,37,116,158,135,134,148,51,153
red,22,37,150,51,41,48,40,15,76,154
red,101,74,143,116,4,18,142,109,51,66
red,57,75,121,17,93,0,58,72,49,45
blue,39,13,159,17,80,90,74,151,49,15
red,31,65,138,9,70,151,87,2,29,45
red,42,98,159,17,79,110,134,94,136,5
blue,110,13,55,50,70,18,58,89,17,128
red,22,28,33,49,153,9,46,140,51,89
blue,92,46,56,51,74,47,149,59,120,5
red,112,46,2,49,128,0,98,151,133,53
red,107,23,11,150,108,131,67,68,76,70
blue,91,30,150,17,99,37,130,2,129,70
blue,90,111,121,133,12,0,58,54,76,138
blue,112,111,1,76,158,151,75,140,69,96
blue,53,84,26,129,99,57,38,1,17,118
blue,74,92,140,51,70,158,60,94,76,153
red,101,67,131,8,45,90,102,140,133,70
red,18,102,1,52,45,123,26,140,29,133
red,151,58,143,29,148,37,142,1,76,120
red,151,58,1,17,139,112,65,21,76,4
red,151,38,159,51,46,18,30,143,108,109
blue,18,26,140,106,82,47,27,6,8,96
red,144,40,1,106,100,31,13,121,133,153
blue,150,40,143,50,41,114,65,1,116,96
blue,115,155,121,109,100,18,84,68,129,153
red,31,117,11,8,79,38,67,158,49,108
blue,90,28,121,116,153,31,5,158,76,70
blue,141,154,155,24,82,0,38,158,76,6
red,74,154,109,76,53,18,91,121,9,148
blue,115,102,150,136,153,35,58,158,24,93
blue,31,44,26,17,160,36,58,158,50,45
blue,135,92,2,29,45,78,65,19,76,100
blue,22,38,144,51,154,127,77,55,76,128
red,47,40,143,50,70,62,13,158,51,12
red,88,124,1,136,14,0,102,158,133,153
blue,90,13,89,85,119,22,58,158,83,108
red,57,58,158,76,53,39,134,64,106,9
red,18,46,158,76,66,47,60,143,51,82
red,22,98,2,29,80,11,37,56,76,5
red,22,117,2,76,80,25,58,11,133,153
red,112,40,106,54,120,134,60,158,49,70
blue,121,142,143,136,53,107,135,158,137,16
blue,31,84,6,51,82,110,98,158,8,111
blue,57,40,158,24,118,107,87,136,17,45
red,43,60,158,24,119,123,40,155,29,109
blue,22,130,158,136,79,42,65,109,17,128
red,37,40,148,106,100,112,38,143,116,140
red,129,141,158,51,128,0,117,144,109,118
blue,139,142,105,49,160,158,145,19,24,80
red,0,142,158,50,14,90,38,144,17,71
blue,47,97,140,69,128,37,61,158,76,12
red,137,86,158,63,80,145,38,115,116,119
blue,103,86,143,51,80,78,124,144,24,108
blue,22,98,2,116,80,62,141,144,137,74
blue,78,13,94,51,79,144,98,121,29,109
red,43,94,143,76,96,0,23,129,106,66
red,43,38,144,17,71,0,13,121,76,93
blue,2,67,94,51,80,38,142,19,136,45
blue,107,130,121,8,74,90,142,1,49,53
red,0,74,32,76,108,127,38,23,51,126
blue,103,65,64,54,80,107,142,32,51,66
blue,102,130,129,24,12,152,28,101,106,82
blue,25,98,114,137,119,146,23,159,133,109
blue,53,38,43,17,71,123,65,2,51,93
red,22,13,139,51,83,0,111,10,76,119
blue,101,142,73,147,96,47,40,125,63,119
blue,151,77,6,50,128,18,58,138,9,45
blue,91,88,143,24,128,43,146,140,29,71
blue,92,30,124,8,16,134,26,20,106,5
blue,47,97,143,156,109,134,111,104,83,108
red,103,65,140,8,109,91,26,155,49,45
red,35,26,155,106,109,18,30,94,49,45
red,112,38,140,9,71,110,30,150,17,45
blue,0,98,140,51,53,101,37,143,17,74
blue,123,44,133,52,66,47,40,68,8,45
blue,2,38,21,24,79,36,84,140,9,16
blue,43,79,143,17,93,47,37,140,24,80
blue,112,30,143,17,53,22,79,155,9,70
red,141,26,56,133,70,115,44,140,51,82
blue,0,46,11,29,44,69,60,1,17,80
red,0,142,140,49,119,110,26,121,85,128
red,18,40,143,17,93,35,98,89,29,45
blue,107,30,101,9,100,42,58,56,51,82
red,0,102,143,137,45,107,58,139,129,128
red,0,27,110,109,108,107,74,155,137,118
red,107,65,121,76,153,0,61,2,9,96
blue,134,67,155,51,153,107,58,140,29,96
red,107,46,144,133,70,35,145,139,17,79
red,25,38,140,69,100,47,111,21,76,79
red,152,30,155,29,74,47,98,157,147,44
blue,150,98,143,129,128,112,46,55,29,119
red,0,38,140,69,158,112,13,53,29,45
blue,114,142,140,29,12,90,91,26,76,153
red,57,65,21,49,53,37,154,140,17,9
red,22,5,81,51,120,103,75,56,29,15
blue,110,91,19,136,9,115,75,158,29,153
blue,35,102,2,150,82,137,38,143,49,89
red,0,65,143,29,82,20,98,71,50,74
red,150,23,140,51,93,20,58,143,137,119
red,31,77,150,109,89,74,26,3,137,158
blue,90,142,19,106,99,110,130,140,29,74
blue,36,111,121,24,46,22,38,11,122,9
red,31,13,121,76,12,134,86,3,51,70
blue,121,58,143,76,128,22,134,155,17,66
blue,2,130,121,50,139,47,75,158,17,100
blue,74,75,105,29,153,112,102,121,51,33
red,154,125,150,51,80,135,23,71,106,53
blue,107,134,71,133,14,22,60,144,51,9
red,25,54,43,8,93,95,130,2,116,128
red,95,60,56,17,12,26,30,129,76,108
red,145,134,140,133,53,95,61,1,54,108
blue,31,134,121,133,66,95,102,32,51,45
red,95,78,143,69,119,91,97,155,54,53
blue,95,94,144,9,96,0,107,1,76,5
red,135,94,140,85,70,34,75,71,109,9
blue,95,126,143,63,119,112,117,32,24,153
red,74,58,124,116,9,110,97,2,76,45
red,134,38,11,49,148,151,97,1,76,109
red,31,40,140,54,99,47,77,64,106,93
red,112,38,2,116,41,31,149,51,49,15
red,102,142,101,51,41,19,91,94,50,128
red,91,86,151,54,15,0,87,1,17,79
red,131,40,157,54,158,110,75,33,76,66
blue,3,65,136,54,128,36,26,151,17,4
red,31,28,93,133,70,18,40,56,54,153
blue,0,149,73,133,9,18,154,86,54,53
blue,135,46,57,17,71,18,155,111,54,80
red,0,107,1,54,128,134,37,26,137,120
red,110,23,150,54,80,22,145,2,116,118
blue,131,54,3,17,160,43,23,144,109,9
red,131,54,155,29,45,78,91,143,116,70
red,112,155,121,9,45,78,67,136,76,5
blue,131,125,56,29,9,72,146,139,137,45
red,18,58,0,17,45,110,87,143,51,109
blue,130,97,121,116,45,131,30,151,52,118
blue,131,46,6,8,53,103,58,89,116,158
red,131,102,56,51,96,43,75,11,69,158
red,107,37,159,150,82,47,111,143,61,15
blue,36,40,11,50,70,150,46,144,8,128
blue,90,98,1,29,153,47,46,32,24,70
red,74,54,101,9,53,121,46,59,29,139
blue,103,40,19,50,99,151,155,121,9,82
red,22,23,143,17,79,130,5,2,49,128
blue,43,92,143,17,80,39,54,3,9,45
red,114,65,55,133,100,151,13,1,9,15
red,34,40,139,50,148,74,46,89,95,9
red,107,46,1,29,12,34,142,68,50,119
blue,18,5,1,51,70,90,142,68,106,158
blue,62,5,56,116,160,134,102,33,51,80
red,90,98,33,76,74,18,61,56,8,128
red,123,97,56,9,71,101,107,2,24,128
blue,22,84,129,41,5,78,75,121,76,14
blue,74,13,68,52,5,39,23,155,51,12
red,152,84,138,49,12,0,111,1,24,45
blue,3,46,143,17,12,0,111,121,51,119
red,145,142,140,17,12,62,60,159,109,82
red,47,13,155,41,153,135,30,121,116,79
blue,0,13,138,17,109,103,98,53,8,12
red,41,30,75,29,12,101,46,120,9,53
red,83,46,56,8,71,34,60,63,147,12
blue,31,30,43,51,153,74,98,144,76,12
red,59,75,148,17,12,135,61,11,54,100
red,36,78,109,137,79,22,13,55,157,74
red,103,27,140,150,12,47,30,6,147,96
red,101,23,140,51,12,35,154,2,49,158
blue,115,44,54,17,74,62,5,1,51,12
red,150,77,71,17,12,152,107,89,147,128
blue,35,38,26,133,12,83,84,155,51,45
red,119,46,3,41,108,110,28,55,52,5
red,6,58,151,41,108,18,77,148,106,82
red,78,40,121,50,108,158,38,94,157,45
red,101,87,157,29,12,0,27,140,17,80
blue,62,30,121,51,119,31,84,155,17,71
blue,151,28,148,51,70,47,40,143,69,80
blue,72,145,53,133,71,48,111,3,136,158
red,43,40,2,51,160,112,38,109,17,121
red,22,134,56,24,153,42,142,129,85,71
red,18,28,43,51,71,35,61,140,17,80
red,34,65,56,17,12,74,79,155,76,71
red,110,13,159,29,71,112,130,140,17,53
red,130,60,56,76,81,110,13,37,106,71
red,72,134,43,49,71,37,86,139,17,128
red,41,26,129,24,96,104,61,68,29,153
blue,135,154,33,106,99,150,149,114,137,71
blue,78,60,151,116,5,103,134,140,49,71
blue,22,67,121,157,81,25,142,143,51,9
red,0,124,87,129,14,88,58,148,17,80
red,42,46,124,17,53,0,28,94,136,158
blue,91,124,64,9,82,90,65,19,3,128
red,18,124,143,52,119,151,27,0,69,120
blue,0,88,144,24,93,31,124,94,9,96
blue,59,155,125,76,128,0,149,143,17,53
red,18,124,155,76,96,0,38,64,116,119
blue,34,26,64,76,66,72,38,33,150,96
red,37,46,2,24,153,131,154,143,108,80
blue,74,58,143,49,80,38,98,121,133,70
blue,0,61,121,76,53,90,58,144,24,119
red,90,61,144,29,158,0,40,151,137,70
red,90,40,136,51,158,92,91,55,17,108
red,88,74,56,76,79,35,58,121,17,93
blue,18,142,1,52,14,103,46,140,17,128
red,107,65,55,63,45,90,142,143,51,96
red,103,114,89,52,74,144,40,29,76,70
red,112,149,26,8,9,18,130,11,50,53
red,35,134,53,24,119,150,25,89,29,100
blue,37,98,150,29,108,112,38,19,24,5
blue,42,30,55,24,80,78,47,3,50,93
blue,101,141,3,29,15,150,28,151,123,108
red,62,84,37,150,121,110,40,2,137,9
red,110,84,1,9,16,156,142,57,50,109
red,115,84,121,137,70,36,134,2,29,53
blue,37,46,121,52,53,47,65,140,51,5
red,72,141,89,116,100,121,23,150,136,12
blue,130,40,64,129,82,150,134,140,116,74
red,47,125,114,63,158,97,134,3,116,100
red,88,98,15,29,148,90,155,139,9,80
red,146,23,155,50,45,91,38,37,51,70
blue,31,98,7,69,80,88,13,73,106,119
red,34,87,129,49,80,35,38,122,9,108
red,18,154,150,52,80,47,37,56,147,70
blue,112,67,56,85,80,20,38,140,17,53
red,150,23,125,137,80,107,84,151,106,66
red,154,88,64,17,80,57,149,2,9,126
blue,152,60,143,51,128,154,102,89,69,80
red,101,124,159,29,119,131,78,144,69,80
blue,78,26,151,136,9,88,86,144,69,80
blue,74,142,144,9,33,47,27,94,69,80
blue,107,111,1,69,80,62,65,121,29,128
red,22,13,73,85,80,34,141,132,133,158
red,42,46,55,76,80,137,54,151,106,5
red,78,65,53,17,80,90,142,56,50,70
red,47,61,124,69,80,48,27,121,9,53
red,47,124,150,24,80,0,111,64,76,99
red,18,130,109,29,80,25,107,151,9,70
blue,31,28,150,138,80,72,141,1,137,70
blue,0,60,143,106,82,77,98,7,147,80
blue,131,65,105,17,82,77,60,121,9,80
red,39,38,110,133,148,101,124,94,63,80
blue,123,111,121,51,45,152,104,120,133,80
blue,95,60,10,116,80,62,98,124,49,128
red,3,154,144,137,80,34,58,55,24,45
blue,22,84,151,29,133,150,44,2,8,118
red,0,27,29,9,99,36,37,71,106,154
blue,48,38,136,109,45,110,27,155,76,128
red,72,149,33,51,45,47,18,55,52,93
red,59,134,151,133,5,78,130,159,95,4
blue,31,38,64,9,160,127,27,155,76,80
red,2,58,22,106,82,152,102,55,17,71
blue,22,145,2,51,14,104,58,136,147,5
blue,36,125,1,8,74,77,30,155,50,66
red,18,141,157,147,74,22,75,32,51,14
red,36,46,121,106,100,22,142,120,17,93
blue,9,113,151,133,100,22,28,143,106,5
blue,78,86,121,157,12,0,107,150,109,53
blue,0,58,19,133,153,18,67,91,106,14
red,115,86,140,116,80,22,60,2,76,66
red,78,40,7,9,109,0,111,151,51,153
blue,47,84,91,24,93,0,38,73,69,14
blue,151,58,138,24,80,0,60,10,157,45
red,0,130,1,157,45,121,98,122,8,108
red,47,23,151,29,96,0,142,144,51,158
blue,22,141,89,50,70,0,58,105,9,159
blue,22,58,121,136,16,62,30,144,8,70
blue,90,77,56,29,53,0,60,140,24,82
red,0,44,121,85,118,104,5,94,116,89
blue,22,98,73,8,100,77,113,150,50,45
blue,134,84,124,24,12,22,125,33,8,82
blue,0,84,89,51,82,103,98,120,116,118
red,25,38,6,41,71,33,23,121,24,118
blue,59,65,121,85,118,90,23,155,76,99
blue,33,134,73,129,53,107,87,125,17,118
blue,152,46,104,17,148,90,145,140,24,118
red,22,149,56,52,118,0,23,133,150,9
blue,152,75,132,137,118,47,113,3,76,99
red,18,61,11,29,153,151,58,143,24,118
red,3,38,64,29,118,78,94,1,9,121
red,110,142,105,129,66,31,23,150,17,118
blue,22,84,64,133,118,103,86,23,52,100
blue,0,78,124,29,53,43,13,23,106,118
red,22,40,105,17,45,42,5,56,116,70
red,103,46,56,51,5,101,67,155,17,118
blue,81,142,138,85,70,74,26,155,24,118
red,47,77,71,17,53,22,145,64,24,118
red,137,65,121,85,153,37,23,101,69,118
blue,34,65,144,50,118,3,60,143,76,74
blue,37,102,55,76,118,0,154,129,8,5
blue,43,107,56,133,82,90,149,159,63,119
red,151,13,56,51,100,78,88,125,76,82
red,88,98,143,51,119,147,61,56,129,91
red,0,141,56,129,16,18,142,6,106,82
blue,81,154,56,9,108,22,23,19,29,5
blue,57,30,101,137,100,91,46,56,50,82
blue,34,58,73,9,70,151,142,56,51,93
blue,81,23,56,69,80,88,141,71,17,45
blue,72,141,56,133,5,103,67,2,17,41
red,117,60,56,69,80,18,58,109,8,45
red,103,84,56,76,4,0,27,35,17,9
blue,115,61,71,49,12,112,23,56,51,100
blue,48,142,56,85,119,0,38,143,133,45
red,131,124,3,76,93,103,74,56,69,119
red,103,5,11,106,96,145,92,56,51,91
blue,18,84,19,139,70,95,65,56,17,45
blue,107,125,140,29,108,115,13,56,17,148
red,81,60,56,136,93,69,65,2,106,96
red,74,40,11,76,93,37,58,56,129,153
red,112,38,56,133,100,18,44,140,50,53
blue,151,58,150,133,158,57,75,55,76,12
blue,112,26,151,17,70,34,98,109,9,158
blue,101,98,143,76,100,0,141,6,17,45
red,90,65,150,116,158,112,149,159,76,53
red,0,54,150,49,153,151,23,6,24,70
red,43,125,64,29,153,31,84,155,147,128
blue,57,98,26,76,46,90,27,91,29,9
blue,36,98,55,133,128,0,58,121,50,100
red,0,67,151,24,64,90,74,150,17,100
blue,146,92,33,76,110,36,130,121,133,158
blue,101,40,121,76,70,146,134,109,137,119
blue,112,13,144,76,82,146,40,2,17,70
blue,22,155,104,76,128,146,65,124,29,12
blue,101,97,57,76,100,125,75,31,143,45
blue,112,134,143,116,12,2,67,151,9,108
red,101,130,121,106,100,110,94,140,109,93
blue,137,102,11,116,148,0,38,114,29,45
blue,18,58,19,24,45,83,60,143,129,96
blue,43,154,129,51,82,90,38,55,17,100
blue,31,46,11,49,119,0,154,143,85,108
red,0,84,140,136,9,74,13,143,76,160
blue,3,13,121,50,45,90,40,143,9,108
red,72,141,143,106,5,0,38,93,54,45
blue,97,38,11,109,71,139,125,143,49,79
red,90,58,140,24,45,22,84,0,76,96
blue,110,23,120,52,99,103,154,94,76,41
blue,0,154,121,76,99,74,38,151,17,120
red,36,75,132,76,12,31,58,143,17,108
blue,91,107,143,49,118,114,102,121,69,93
blue,0,38,120,133,5,74,86,143,17,128
blue,3,130,55,29,12,43,87,143,116,100
blue,47,87,121,17,79,101,65,140,29,93
red,0,38,143,24,15,110,58,51,147,96
blue,59,88,1,52,100,72,30,151,17,45
red,135,60,64,51,15,0,84,140,29,93
blue,72,113,3,85,126,121,38,1,76,15
red,107,102,124,136,108,131,77,143,85,100
red,151,61,11,143,108,112,13,124,133,70
blue,31,79,155,120,9,114,142,144,50,153
red,115,67,104,17,4,77,23,155,133,66
blue,77,84,151,29,153,115,60,43,24,128
blue,18,13,121,24,45,81,44,19,49,148
red,72,125,144,49,128,115,78,159,17,9
red,95,54,155,29,153,115,58,68,76,148
blue,31,58,143,129,70,115,38,11,147,100
blue,88,58,1,150,82,115,141,140,17,79
blue,18,84,105,9,45,90,107,64,51,70
red,131,84,94,69,12,112,102,37,17,71
blue,103,67,33,76,119,144,142,151,8,100
blue,103,37,2,51,153,36,61,89,8,70
red,22,26,143,8,126,37,58,120,17,71
red,22,58,64,133,70,43,125,139,24,100
red,43,107,150,9,109,0,23,121,17,53
red,43,84,2,8,128,151,98,138,76,64
blue,0,102,2,8,110,37,61,55,76,79
red,18,58,64,51,153,90,149,159,8,100
red,37,38,2,51,5,53,102,143,137,128
blue,43,40,124,24,45,90,142,0,109,9
red,92,26,2,76,5,131,98,33,29,93
red,112,13,2,76,100,144,58,68,106,128
red,103,146,139,24,37,22,142,143,109,118
blue,121,154,155,116,153,90,75,132,29,128
blue,128,58,33,50,119,31,38,139,17,70
blue,0,142,143,17,9,65,74,148,116,45
blue,31,30,56,9,53,38,27,110,76,70
red,57,149,94,51,53,131,65,11,49,158
red,103,61,64,106,96,101,77,150,139,45
red,59,65,106,76,12,125,84,121,17,119
blue,0,13,90,49,53,22,30,33,76,12
red,22,54,43,9,70,90,58,140,17,71
blue,90,134,32,133,153,114,130,121,76,70
blue,31,28,2,51,159,114,65,120,29,53
blue,31,46,151,157,80,107,23,3,50,70
blue,42,23,2,116,153,113,58,26,50,128
blue,90,130,121,133,70,83,40,21,29,14
red,22,40,56,8,158,0,13,73,138,108
red,131,130,124,133,80,134,86,140,29,70
red,37,98,2,17,71,131,38,140,49,74
blue,18,58,121,51,93,107,92,19,17,74
red,72,102,121,76,9,88,145,71,29,109
blue,18,75,121,29,126,101,23,150,17,128
blue,36,13,63,85,46,57,98,120,76,70
blue,22,141,143,8,126,37,27,0,136,93
red,130,142,136,106,74,81,65,19,51,128
blue,78,37,155,17,108,59,102,68,76,74
red,74,58,121,24,12,94,98,68,29,9
blue,103,40,121,17,118,131,58,2,8,128
blue,112,38,124,51,99,78,74,1,85,9
blue,104,60,1,8,128,0,65,73,129,9
red,0,40,33,54,9,36,5,121,133,70
red,25,46,6,29,139,34,67,140,51,70
blue,35,84,155,52,126,90,65,68,133,93
blue,34,102,144,136,74,95,88,114,54,93
blue,22,102,55,76,45,112,75,21,51,126
blue,36,142,159,106,74,19,75,43,24,45
red,123,38,78,116,100,18,74,56,106,82
blue,22,28,1,51,100,47,65,138,8,74
red,48,46,51,109,108,72,91,124,24,96
red,103,23,21,129,99,101,98,26,76,126
red,155,54,138,76,82,2,38,143,50,119
red,22,124,1,116,80,152,102,26,106,126
blue,151,46,19,133,70,3,54,140,76,74
blue,103,98,29,136,118,92,58,64,116,128
blue,103,113,56,17,53,18,40,32,29,118
red,90,142,11,49,118,103,46,53,133,70
red,22,141,55,29,80,36,44,151,17,79
red,35,58,155,1,9,0,125,121,51,126
blue,57,40,143,76,45,110,37,83,17,100
red,37,102,151,106,126,2,38,121,137,70
red,2,58,140,17,108,101,46,89,29,109
blue,74,13,132,17,53,145,75,26,24,126
red,126,46,148,52,100,47,58,26,76,45
blue,107,54,71,29,82,155,40,1,69,126
red,90,125,121,116,100,2,46,3,17,71
blue,36,58,64,29,108,144,84,143,17,45
blue,62,13,121,137,109,72,142,143,51,96
red,152,38,159,116,109,155,134,143,76,128
blue,0,58,56,116,70,42,27,11,51,128
blue,18,74,121,24,82,0,30,94,49,108
blue,150,75,53,76,109,151,26,90,8,100
blue,0,154,1,29,124,130,65,55,52,126
blue,107,27,94,85,126,36,23,150,50,119
red,0,38,140,76,109,43,65,3,54,80
red,101,87,32,51,158,151,67,94,29,118
blue,0,117,121,85,70,103,155,64,129,53
blue,34,26,48,157,111,0,134,158,49,118
red,90,13,56,106,12,127,60,140,69,118
red,90,65,56,9,119,110,58,37,17,108
blue,103,65,1,133,53,90,58,140,76,80
red,103,134,122,147,119,90,38,87,51,53
blue,90,142,158,29,45,88,65,89,9,118
red,90,102,159,9,119,130,98,129,17,71
red,120,37,24,129,158,90,142,89,17,71
red,110,154,159,106,9,0,133,94,136,70
red,0,65,136,17,160,18,98,143,29,153
blue,90,65,55,50,53,18,27,64,17,119
blue,35,134,17,49,12,112,38,56,9,53
red,22,23,155,133,70,130,86,138,123,108
blue,13,38,144,17,9,151,141,158,116,70
red,74,98,27,54,9,39,142,151,51,53
red,31,58,155,17,139,37,65,144,51,82
blue,115,98,150,137,45,22,145,75,109,4
red,77,23,122,9,16,72,61,140,51,119
red,47,84,2,17,108,18,134,140,29,118
blue,77,26,64,9,53,31,134,144,17,100
blue,22,54,73,76,82,151,23,121,51,79
red,103,98,140,8,70,3,61,148,17,53
red,31,155,144,76,80,18,113,35,51,82
red,144,142,29,116,70,123,65,1,17,53
blue,90,111,26,52,100,74,38,125,51,53
blue,103,94,143,29,100,48,142,139,51,5
red,43,28,155,51,53,0,67,68,85,80
blue,112,46,143,54,9,18,75,55,51,82
blue,31,26,114,49,66,74,98,143,63,70
red,135,107,125,51,5,72,142,143,50,158
blue,43,87,26,51,9,47,149,73,5,133
red,115,134,137,51,9,78,84,20,136,70
red,36,98,120,51,54,43,145,89,137,96
red,134,40,26,69,80,103,125,121,17,12
blue,107,38,68,76,45,88,149,69,54,108
blue,22,28,151,76,111,47,40,132,150,12
blue,151,61,109,129,93,110,60,158,51,12
red,0,77,53,51,9,107,111,143,85,91
red,88,54,142,25,158,22,27,151,49,53
red,90,13,2,133,5,31,26,11,52,93
blue,137,84,115,51,70,0,140,143,9,93
blue,74,130,150,49,148,78,114,139,106,5
red,101,84,143,52,74,43,107,1,8,112
red,62,111,11,17,9,0,134,68,109,93
blue,152,40,121,17,148,36,46,143,129,53
blue,78,141,19,106,82,53,27,89,51,16
blue,48,74,3,76,5,31,94,1,49,100
blue,36,13,144,51,66,150,40,121,76,108
blue,114,92,55,17,74,22,13,2,116,70
red,22,130,109,76,153,103,46,104,17,82
red,88,61,121,129,128,78,40,124,52,93
blue,72,23,150,116,70,121,27,144,49,45
blue,0,111,11,17,118,31,46,121,116,53
blue,48,111,97,29,71,37,134,150,50,118
red,104,46,43,50,74,22,67,125,133,119
blue,31,102,140,69,53,59,58,94,17,71
red,47,38,121,76,148,36,141,19,51,9
red,134,13,122,106,119,43,86,26,8,123
blue,137,107,13,116,153,49,145,68,17,45
blue,112,23,107,137,99,90,40,57,76,82
red,91,107,11,150,120,101,67,151,8,45
blue,37,155,150,24,80,103,84,0,129,93
blue,47,87,154,52,128,18,102,107,116,45
red,36,40,124,29,45,74,60,56,51,128
red,91,46,33,69,12,59,67,155,24,128
blue,72,38,3,51,128,121,40,151,29,93
blue,31,78,143,156,96,37,141,105,51,82
blue,31,92,143,52,93,77,78,136,51,82
blue,0,84,121,49,133,74,13,2,51,93
blue,0,40,144,29,45,101,84,155,17,93
red,131,65,55,17,53,74,141,144,133,70
blue,18,46,136,54,66,35,23,55,76,119
red,22,78,19,17,128,125,111,120,76,5
red,0,5,159,133,9,154,46,56,116,153
red,2,38,55,50,53,123,60,143,29,45
blue,115,54,69,129,14,35,38,138,51,119
blue,0,38,2,49,158,47,46,64,17,53
blue,112,84,159,17,14,18,38,144,49,91
red,22,46,159,133,70,112,75,121,51,96
blue,43,130,20,29,53,31,134,143,76,108
blue,112,40,55,49,14,110,130,121,29,108
blue,47,38,144,63,66,2,58,89,137,93
blue,127,67,109,24,66,115,46,114,76,45
red,0,84,151,17,45,31,61,68,76,93
red,74,38,78,8,128,36,154,1,49,14
blue,0,107,121,137,64,43,38,139,52,74
blue,91,37,150,76,82,0,74,43,147,120
red,37,84,155,24,91,0,38,72,133,153
red,35,84,155,50,70,0,58,1,133,153
red,110,38,143,29,96,22,26,151,51,100
red,37,107,131,24,79,22,134,54,76,45
red,74,13,6,51,93,88,38,53,133,100
red,110,65,144,49,12,18,38,109,29,45
red,101,38,55,49,96,22,134,1,51,82
blue,112,134,11,116,53,88,107,43,137,70
blue,47,98,124,76,5,18,38,19,147,119
blue,137,134,19,24,82,110,38,120,51,139
red,117,60,19,29,124,151,81,138,129,79
blue,36,74,155,136,80,47,84,53,51,14
red,103,54,155,51,82,40,23,143,116,59
blue,40,60,132,9,119,18,75,1,17,45
blue,43,60,56,139,108,0,84,94,133,45
blue,47,142,19,129,100,131,84,150,51,70
red,0,84,33,17,53,59,98,121,29,153
red,91,84,73,116,99,101,40,140,9,93
blue,138,84,43,24,100,112,111,143,17,139
red,25,84,114,52,4,103,154,151,76,93
blue,88,40,73,136,118,92,125,156,76,124
red,43,130,143,17,12,117,40,132,133,153
red,114,134,151,76,74,31,23,35,136,100
blue,18,87,41,17,71,38,30,122,29,133
blue,18,111,120,24,139,92,26,71,76,128
red,22,44,158,9,108,110,26,19,106,82
blue,59,86,3,136,70,31,26,93,129,158
blue,31,154,150,50,160,112,65,121,9,45
red,20,111,144,51,93,22,40,121,76,71
red,0,130,143,138,108,77,94,89,29,153
blue,41,86,109,106,9,0,27,151,24,128
blue,125,75,64,133,153,57,65,32,17,70
blue,101,65,120,51,14,35,142,2,17,79
blue,42,27,143,51,119,127,65,1,50,153
blue,0,23,155,51,109,114,84,101,76,45
blue,36,113,1,17,71,48,13,2,69,128
red,35,58,21,51,93,43,125,55,29,53
red,78,38,2,151,12,115,65,148,138,9
blue,75,87,1,106,160,43,40,121,116,153
blue,151,141,53,19,119,78,13,109,116,79
blue,31,61,143,133,128,114,38,55,29,74
red,90,38,6,133,45,81,141,124,116,108
red,112,38,6,76,82,54,46,157,51,100
red,39,38,43,17,12,123,65,21,8,70
red,22,65,143,49,53,0,28,159,137,70
blue,39,142,1,109,14,74,107,150,17,108
blue,18,38,155,54,119,0,40,138,49,153
red,78,30,0,136,109,35,154,138,137,53
blue,48,65,155,136,119,74,60,143,17,15
blue,88,102,26,50,119,91,13,64,129,80
blue,0,61,109,49,70,110,65,121,17,14
red,112,86,121,19,53,127,65,1,69,5
blue,74,27,19,63,71,35,88,56,29,159
blue,107,134,143,8,70,0,61,122,76,30
red,0,130,143,63,70,90,154,142,137,153
red,3,13,109,76,108,35,65,20,49,153
red,43,87,143,133,74,101,65,41,129,128
red,103,141,144,51,5,35,134,2,29,41
blue,18,40,144,116,12,0,13,120,76,9
blue,77,40,144,76,71,31,78,138,91,153
blue,0,61,144,76,70,42,38,2,129,66
blue,34,134,144,51,9,36,40,89,137,158
red,43,13,1,144,108,137,104,121,17,53
red,144,154,3,49,66,0,54,73,137,80
red,22,98,144,49,45,88,54,38,147,80
blue,144,46,41,133,96,110,142,19,76,80
red,43,67,155,76,153,154,149,144,29,45
blue,144,87,121,29,108,110,30,2,24,80
red,78,38,91,76,96,83,13,138,51,128
red,57,125,68,9,16,103,23,144,51,82
blue,74,102,144,51,9,145,75,19,29,158
red,90,58,144,8,108,0,154,143,17,12
blue,115,146,143,133,119,101,125,104,9,153
blue,22,54,140,17,82,31,46,26,116,53
blue,41,23,69,76,15,91,84,143,50,70
blue,0,117,56,63,45,18,23,150,17,70
red,0,46,70,51,91,103,74,94,9,153
red,112,102,29,24,70,31,94,56,129,45
red,92,84,155,50,9,135,28,151,156,153
red,135,130,156,129,153,74,38,104,52,100
red,110,134,1,29,153,41,130,155,76,100
blue,110,142,151,76,153,134,98,143,17,100
red,48,75,26,129,53,151,77,148,17,139
blue,22,25,2,133,53,131,113,6,156,70
blue,75,155,19,49,4,115,102,144,106,108
red,88,125,94,137,138,48,98,143,51,108
blue,102,134,89,17,108,110,75,53,109,71
red,2,145,155,76,108,48,149,68,106,45
red,74,23,56,76,5,115,30,121,8,12
red,2,58,90,54,108,123,30,94,51,93
blue,0,40,148,129,15,92,54,94,51,82
red,22,125,121,133,118,103,40,19,106,153
red,48,130,120,76,74,0,134,2,51,14
red,103,142,143,116,119,0,54,94,29,70
red,18,65,121,133,123,103,107,64,76,16
blue,2,75,150,49,153,103,102,56,106,100
blue,104,102,11,51,91,2,23,69,24,53
red,92,26,94,133,153,74,60,55,51,82
red,103,94,55,116,12,146,65,1,24,45
blue,131,154,121,52,93,22,65,37,51,96
blue,18,23,0,17,12,90,46,2,50,100
red,101,60,143,76,82,0,28,125,17,79
red,34,130,55,69,80,122,125,43,29,53
blue,35,28,144,17,45,137,130,71,49,82
blue,31,86,122,76,80,103,46,121,24,158
red,97,145,157,76,80,0,38,136,137,12
red,88,13,159,76,14,62,130,26,129,91
blue,18,13,1,51,128,78,77,159,52,74
blue,143,77,121,29,148,0,26,2,129,45
blue,88,38,139,116,100,47,98,53,157,82
blue,107,22,105,51,74,36,111,143,133,70
blue,0,38,144,17,45,152,154,3,109,96
red,90,67,51,76,30,103,134,56,9,45
blue,35,130,11,9,71,72,125,121,76,80
red,135,54,159,17,53,131,141,1,49,148
blue,131,74,26,49,21,47,60,143,51,12
red,101,23,2,69,80,131,84,33,136,12
red,74,84,151,116,126,131,98,144,9,100
red,131,102,121,133,70,0,26,155,24,128
red,131,87,0,133,53,90,46,148,24,45
blue,0,142,148,17,108,131,74,159,51,14
red,131,97,83,76,128,72,13,20,51,45
red,131,46,19,133,96,18,102,55,49,111
red,131,87,56,17,45,127,58,104,29,118
red,131,84,151,52,82,22,40,56,24,93
blue,131,54,56,52,100,74,58,158,106,9
red,2,13,56,76,74,62,124,55,50,128
blue,34,75,121,29,153,137,38,124,49,53
red,103,155,143,76,100,18,23,94,17,45
red,97,98,55,76,159,104,84,0,8,96
red,92,75,89,76,14,130,97,53,17,12
blue,36,94,15,29,118,90,75,33,76,70
blue,22,27,122,17,71,95,65,148,76,82
red,22,107,121,52,82,106,142,144,17,71
blue,77,40,121,49,71,0,87,143,76,119
red,59,94,91,76,80,0,87,125,129,66
red,37,124,41,29,53,0,98,143,137,45
blue,110,28,138,51,9,101,134,94,29,160
blue,91,67,155,51,5,127,154,151,49,158
blue,0,154,151,129,121,22,38,140,29,96
red,43,130,148,129,12,0,107,59,116,119
blue,90,86,21,29,9,62,58,19,17,119
red,78,98,159,106,121,43,38,11,76,14
blue,37,117,114,51,9,110,38,120,17,70
blue,90,61,1,49,5,151,98,144,116,148
red,18,92,159,51,9,151,124,11,76,5
red,59,38,105,24,5,22,13,54,133,118
blue,38,130,144,49,14,119,23,155,116,96
red,110,40,11,137,100,2,98,114,29,45
red,78,102,103,51,53,110,30,124,50,70
red,22,38,71,17,108,0,58,55,50,160
red,31,92,132,76,100,37,46,121,24,158
blue,77,38,157,17,160,18,54,137,129,14
red,107,13,159,52,119,25,77,121,63,70
red,0,13,101,51,158,142,23,19,150,118
blue,101,13,2,76,45,103,65,11,129,100
blue,103,134,129,17,71,62,13,83,49,53
red,74,58,150,76,9,90,40,55,24,70
blue,114,26,69,24,109,57,142,56,76,128
blue,72,58,121,9,109,0,98,2,51,82
blue,18,88,89,91,12,101,13,148,29,153
red,38,97,68,29,80,115,65,150,8,148
red,151,130,89,8,45,20,13,33,49,100
blue,103,67,69,129,14,37,13,121,50,82
blue,78,142,155,133,71,123,13,121,17,45
red,74,13,155,24,4,0,65,56,17,100
red,103,13,121,69,93,145,46,19,76,128
blue,37,67,151,133,100,77,13,2,17,9
red,36,58,89,137,128,20,149,143,76,91
red,74,134,143,76,100,18,13,138,29,9
red,74,13,155,49,9,48,77,23,76,82
red,145,13,6,50,12,110,38,81,29,159
red,103,13,120,17,128,115,104,68,76,118
blue,97,154,131,76,126,110,13,155,29,45
blue,2,13,68,106,45,31,91,1,63,53
red,146,13,140,109,108,144,38,11,52,82
blue,22,13,3,116,119,42,44,19,51,14
blue,39,75,121,9,119,107,13,151,51,100
red,110,130,56,29,45,150,97,155,120,158
red,0,13,136,50,121,112,111,11,76,119
blue,53,141,138,129,66,31,30,139,24,14
blue,37,155,1,51,80,59,13,125,76,153
red,31,65,21,76,100,115,60,57,116,153
red,53,75,159,129,93,125,13,2,156,80
red,151,13,71,51,108,110,65,124,29,9
red,101,84,94,109,45,31,58,136,116,119
blue,121,125,10,137,45,123,13,140,17,79
red,115,23,143,9,108,39,40,139,29,53
blue,0,74,143,24,9,88,13,37,17,70
blue,83,58,115,49,16,2,13,31,133,118
red,31,13,115,76,53,103,23,150,147,96
red,114,111,94,76,128,39,58,110,29,148
red,114,94,2,76,80,0,38,121,69,53
red,103,13,53,69,93,137,75,143,24,5
blue,88,58,138,69,153,0,102,89,51,45
red,90,40,159,133,71,101,84,144,17,53
red,31,75,26,51,4,18,38,121,129,41
red,74,46,121,9,45,18,26,151,17,79
red,0,13,148,76,4,105,40,132,106,154
red,39,130,69,17,79,107,142,120,29,119
red,18,142,19,17,119,2,115,155,29,53
red,90,142,155,109,93,0,13,11,29,118
blue,74,13,26,106,99,47,40,143,63,118
red,110,46,143,133,45,62,58,120,51,66
red,35,58,151,8,128,0,60,32,120,99
red,90,46,136,49,109,18,74,148,106,70
red,3,84,110,133,93,0,60,120,156,70
red,90,38,143,69,80,59,146,139,29,12
blue,0,23,43,116,12,31,38,159,17,45
red,101,22,122,51,118,103,124,56,76,112
blue,2,141,90,133,108,39,155,1,76,100
blue,114,13,148,8,12,112,38,143,51,14
red,112,75,89,8,118,115,38,55,137,12
red,90,58,148,29,100,112,30,121,147,96
blue,112,23,56,29,4,42,142,26,24,96
red,151,74,129,85,112,31,102,3,157,46
red,36,65,143,24,80,112,111,53,29,93
red,0,58,56,106,133,103,102,125,54,112
blue,83,142,144,133,70,22,154,121,50,53
red,103,37,151,54,45,22,61,139,17,120
red,137,111,143,17,80,43,27,151,76,66
red,22,125,11,109,80,0,111,143,24,53
red,18,26,29,69,14,103,84,143,51,128
blue,22,74,121,17,45,112,91,143,29,71
blue,114,60,3,51,45,18,141,121,17,93
blue,22,60,55,17,158,2,38,125,8,45
blue,31,102,2,29,53,120,46,55,133,44
blue,97,23,129,29,109,22,141,7,76,4
blue,31,30,94,150,89,114,40,2,50,53
blue,44,154,140,76,12,151,38,122,17,53
red,31,27,94,76,119,0,46,2,49,15
blue,37,75,158,24,112,103,38,143,76,119
blue,110,46,158,69,119,101,54,55,106,82
red,74,46,101,29,158,134,13,138,137,100
blue,112,23,94,17,45,43,13,114,76,5
red,131,58,121,51,119,0,60,109,24,53
blue,0,30,55,24,82,36,65,150,50,70
blue,35,13,109,133,53,0,134,11,24,119
red,22,86,6,76,128,36,40,56,17,82
red,107,40,3,50,148,36,46,21,29,71
red,112,23,159,49,9,78,149,122,24,45
red,0,84,11,76,12,145,13,143,133,71
red,107,102,144,8,14,0,38,125,9,70
blue,90,61,19,133,41,0,65,124,156,53
blue,90,142,124,29,153,0,61,71,17,148
red,83,46,3,76,80,0,38,11,49,158
red,22,67,151,50,80,115,38,3,51,70
blue,110,121,3,29,108,43,60,1,76,119
blue,74,58,138,106,66,114,61,151,54,110
blue,42,84,3,17,148,146,46,19,76,91
blue,110,145,2,106,93,0,134,62,76,45
red,0,38,132,17,53,18,87,2,51,119
blue,0,141,121,143,159,53,98,64,147,41
blue,146,60,3,17,100,0,111,11,29,71
red,74,79,3,29,45,110,102,53,8,128
red,135,124,151,29,148,38,23,91,133,158
red,34,28,151,51,82,62,84,3,54,45
red,0,154,150,106,128,22,65,2,17,53
red,114,97,3,29,139,47,154,129,106,12
blue,150,92,143,51,9,0,155,2,52,93
blue,104,134,151,51,14,2,40,33,49,128
red,0,102,2,52,128,34,58,143,150,93
red,103,84,2,52,100,31,78,151,9,128
red,107,13,73,49,96,42,98,2,51,121
blue,34,30,3,8,53,95,13,1,17,5
blue,18,23,150,76,99,37,61,125,17,12
red,39,107,151,69,45,77,58,150,41,53
blue,0,54,3,129,16,88,58,1,76,53
blue,103,98,2,76,100,37,97,124,116,82
blue,110,111,139,51,99,74,141,2,29,153
red,144,84,65,76,53,151,67,3,106,120
blue,47,102,143,51,100,74,134,3,17,53
blue,150,13,71,17,119,137,124,132,76,53
red,0,142,2,49,120,22,84,94,17,45
red,112,27,2,106,153,0,58,124,51,158
red,31,65,26,17,128,0,134,152,24,53
red,134,65,143,147,99,74,107,132,137,45
blue,145,26,51,69,80,110,27,143,29,82
red,74,27,64,50,119,2,130,139,116,45
blue,151,134,143,51,82,110,27,120,17,118
blue,20,65,144,8,153,88,27,2,51,53
blue,135,134,151,51,5,103,27,2,116,160
red,0,27,120,133,153,113,13,140,17,79
blue,43,38,55,52,41,0,27,151,106,45
red,36,141,121,133,70,78,46,11,29,53
blue,151,78,54,29,108,34,142,121,17,53
red,22,38,73,137,100,127,86,132,51,76
blue,78,84,155,9,160,114,107,150,133,70
red,47,145,64,133,153,101,75,124,9,100
red,90,117,159,133,153,103,40,73,158,108
blue,101,46,159,29,100,0,38,19,133,153
blue,0,30,9,51,100,124,61,144,133,153
blue,115,134,7,133,153,59,87,125,129,82
blue,112,58,56,133,153,18,75,121,17,70
blue,155,117,114,9,3,2,38,133,29,153
blue,134,149,32,133,153,78,61,144,76,82
blue,144,145,155,133,153,19,65,143,150,119
red,22,54,121,133,70,0,38,68,137,14
blue,151,46,68,150,133,90,155,71,29,153
blue,127,27,69,116,53,0,75,157,133,153
red,0,26,43,133,153,114,134,155,24,53
blue,88,67,94,9,100,90,98,140,133,153
red,88,145,89,133,70,74,65,73,9,12
blue,0,124,37,17,109,103,94,151,29,70
blue,110,88,89,133,153,91,38,55,69,5
red,159,149,110,137,70,103,134,53,69,80
red,112,61,121,116,79,0,28,93,133,153
red,103,40,64,133,158,18,5,121,9,70
blue,145,102,38,54,82,110,134,122,133,153
red,120,125,121,133,70,74,38,155,24,14
red,119,111,159,51,93,40,98,103,133,153
blue,154,84,101,76,118,131,40,19,29,153
blue,19,65,121,133,153,0,84,11,85,70
red,78,58,155,17,80,41,65,140,133,153
blue,90,111,155,133,80,151,88,143,24,153
blue,36,23,143,24,82,131,142,7,133,153
red,0,134,122,133,70,48,58,143,17,153
blue,107,142,151,9,160,131,97,37,133,153
red,145,130,121,9,70,107,23,43,133,159
blue,81,23,129,147,119,72,75,157,133,153
blue,43,107,2,76,118,74,60,64,133,153
red,135,134,150,29,45,0,38,121,133,70
blue,151,142,64,50,70,110,134,150,8,99
red,57,107,140,24,119,70,38,55,133,153
red,101,92,138,17,71,53,65,148,52,82
blue,0,125,91,133,153,104,23,150,51,4
red,35,134,56,133,153,37,13,154,29,9
blue,0,65,122,133,45,62,38,64,49,9
red,53,13,56,51,93,22,30,150,29,153
red,0,23,94,129,158,74,98,56,133,153
red,47,40,55,133,70,64,61,150,129,158
blue,22,61,64,51,80,115,13,159,133,153
blue,137,23,121,76,4,146,60,120,106,5
blue,31,107,11,133,70,103,37,7,106,14
red,31,38,1,133,70,18,13,2,76,153
red,39,75,139,76,12,19,102,7,133,153
red,22,102,19,54,70,91,111,94,133,153
blue,77,54,121,76,14,110,23,129,106,5
blue,22,134,2,52,121,107,87,140,24,79
red,135,154,129,69,80,107,134,121,133,119
blue,152,91,144,133,153,22,58,140,137,108
red,90,87,144,76,158,35,111,121,137,153
red,77,23,109,129,4,72,94,132,133,153
red,0,98,105,133,153,134,145,155,51,119
red,112,77,143,17,148,18,154,120,133,45
red,78,38,53,133,80,22,145,143,76,153
blue,135,67,33,133,153,77,125,11,51,15
red,78,46,11,129,70,18,54,136,133,153
blue,127,61,151,24,5,31,38,33,133,45
blue,77,145,56,29,70,43,134,121,106,66
blue,74,58,6,63,70,114,145,125,133,153
red,36,92,109,133,153,31,58,1,69,70
red,22,65,121,17,70,31,130,2,51,96
blue,18,104,2,17,66,0,30,155,76,153
blue,31,26,151,116,93,101,67,68,51,128
blue,31,5,159,51,4,101,111,55,52,92
blue,22,142,143,76,153,31,154,144,50,92
red,31,67,150,29,154,25,40,136,51,66
blue,137,74,132,76,154,31,46,136,52,12
red,31,27,73,24,100,135,67,129,51,96
blue,36,142,122,9,128,74,134,148,24,45
blue,0,13,109,116,53,31,142,55,17,79
red,31,84,157,17,79,22,28,151,76,5
blue,78,130,158,9,45,31,142,1,116,100
red,57,92,124,69,16,31,125,122,51,15
red,88,84,89,150,45,112,98,159,116,80
blue,90,46,21,150,80,88,30,64,52,5
blue,43,13,121,24,82,36,60,7,133,80
blue,0,145,33,17,80,91,38,89,51,9
blue,112,38,124,144,153,110,75,121,109,80
blue,150,142,11,51,82,107,38,140,69,80
red,88,27,150,8,80,31,92,122,17,14
red,101,84,49,76,100,43,54,155,129,80
blue,90,125,140,76,14,72,58,155,109,80
red,77,154,140,52,80,131,38,148,106,5
red,110,13,1,24,80,36,67,43,9,6
blue,110,13,20,29,80,0,75,90,9,148
blue,103,102,55,108,118,22,130,129,51,80
blue,77,155,109,69,80,31,23,32,51,82
blue,31,84,73,51,82,47,60,138,17,70
blue,54,134,151,29,153,0,58,73,49,160
blue,72,38,73,69,16,0,46,151,19,82
red,22,28,90,73,12,37,46,151,54,9
red,18,75,73,76,128,97,13,26,17,45
blue,0,13,73,76,100,22,107,143,9,109
blue,36,145,73,9,99,18,27,56,137,14
blue,150,142,68,24,4,31,98,73,29,53
blue,31,23,129,51,93,72,142,73,76,79
blue,78,26,94,8,45,18,67,73,49,9
red,18,86,144,50,45,0,61,73,51,108
red,81,134,73,129,91,22,86,21,137,45
red,107,88,73,29,53,90,125,68,24,160
red,131,88,73,9,45,31,30,124,52,158
red,44,91,73,29,46,90,84,11,51,128
red,132,142,56,8,121,36,46,143,133,9
blue,91,40,73,29,12,112,46,140,116,45
red,43,61,26,51,93,57,13,73,69,111
blue,47,87,125,106,14,43,37,158,137,80
blue,0,38,68,50,100,31,124,150,106,93
red,0,133,56,106,99,107,37,150,109,108
red,90,23,150,106,80,115,40,138,17,12
blue,36,38,91,54,14,154,13,0,106,83
blue,110,142,140,49,148,36,58,121,106,12
red,34,40,6,106,12,31,23,37,50,70
red,3,54,151,17,12,35,75,154,106,70
red,3,142,19,106,12,36,141,104,17,53
red,90,142,7,106,12,18,154,139,116,80
blue,22,61,74,19,12,20,134,78,106,66
blue,131,65,11,106,119,62,54,143,137,70
blue,114,146,56,106,82,57,58,121,76,158
red,47,67,20,129,128,78,88,11,106,99
red,36,86,26,51,93,35,142,89,106,100
red,35,154,3,106,66,137,141,109,133,158
red,124,60,144,51,153,19,37,155,106,5
red,31,61,54,51,4,92,91,20,106,80
blue,123,142,64,51,74,137,75,2,116,158
red,74,40,11,106,82,78,60,121,8,100
red,0,75,157,9,119,113,98,55,136,53
blue,90,142,68,17,148,112,65,64,106,128
blue,90,13,11,49,153,31,46,7,76,119
red,18,86,101,147,96,48,141,121,51,100
red,130,23,72,29,96,18,40,150,147,108
blue,18,142,124,136,4,101,107,56,106,45
red,18,155,2,51,70,102,58,94,109,45
blue,0,61,136,17,100,18,46,143,76,82
blue,18,38,56,137,70,90,30,55,51,100
blue,18,65,124,17,66,22,38,157,76,82
blue,18,151,121,76,119,88,98,157,29,12
red,112,75,73,76,9,130,46,157,29,119
red,90,142,2,9,14,18,97,148,17,71
blue,101,102,71,76,5,130,74,143,133,53
red,112,13,1,76,79,18,44,143,95,128
blue,130,154,121,51,9,38,67,138,76,53
red,112,46,55,51,45,130,65,155,54,80
blue,18,84,1,76,79,0,67,121,9,12
blue,90,23,150,156,16,130,46,121,147,45
red,78,102,140,24,100,130,125,56,29,111
blue,59,149,155,69,12,130,142,144,51,93
blue,18,23,144,147,70,134,27,121,106,99
blue,18,46,136,9,104,0,38,53,76,5
blue,130,13,19,106,126,36,92,1,8,128
red,18,46,55,76,119,0,58,56,116,71
red,130,124,73,51,45,123,75,131,8,128
blue,101,23,91,29,45,18,40,64,52,93
red,18,46,144,9,93,37,94,6,17,14
blue,130,102,68,51,70,59,124,101,133,154
red,0,125,140,76,5,18,134,143,17,53
blue,81,84,33,24,82,36,75,1,69,93
red,130,107,55,76,71,53,134,11,8,70
red,130,38,6,17,71,22,46,136,49,153
red,130,98,112,52,126,31,67,140,29,37
red,110,30,3,17,9,18,67,48,51,93
red,18,60,73,116,153,158,38,157,106,53
red,130,111,73,144,153,151,98,55,29,93
red,18,146,159,137,100,92,87,143,49,74
red,110,141,89,24,120,18,58,11,116,70
blue,62,84,144,150,14,130,40,125,106,82
blue,18,65,122,69,45,74,46,136,24,100
red,18,60,55,129,45,74,88,1,147,9
red,18,134,158,9,70,31,26,55,76,153
red,151,61,65,51,108,72,26,125,122,45
red,90,38,104,51,82,18,61,121,52,128
blue,91,141,56,137,133,18,134,129,29,70
blue,135,86,132,24,74,18,27,56,52,100
blue,0,23,143,49,45,112,142,121,136,108
blue,0,98,140,17,82,83,149,143,133,4
red,114,60,11,76,118,74,40,89,106,82
blue,0,141,56,17,71,57,87,120,76,15
blue,74,134,129,136,70,112,30,56,51,153
blue,48,149,56,51,119,0,61,55,76,45
blue,0,77,148,8,70,90,25,1,76,119
blue,59,44,151,76,45,0,92,143,52,100
red,91,30,151,129,99,0,94,158,50,128
red,48,26,125,133,153,3,104,143,49,37
red,103,142,143,78,108,91,67,121,76,45
red,18,84,125,116,70,78,28,91,51,93
blue,92,46,55,136,74,103,75,121,29,100
red,90,102,44,8,96,137,61,159,17,71
blue,125,46,140,51,45,18,60,143,76,158
red,65,141,120,76,70,47,13,56,29,4
red,90,40,121,17,70,47,54,125,76,100
red,0,44,2,85,70,145,60,157,137,9
blue,31,65,53,9,100,110,86,89,76,72
blue,72,133,120,129,5,0,30,64,76,74
red,78,40,143,17,53,101,61,41,49,158
blue,101,84,94,29,45,88,61,73,9,160
blue,154,60,71,76,12,74,13,148,50,45
blue,31,46,119,29,12,37,130,83,17,100
red,62,134,158,76,45,101,142,120,24,128
red,47,60,89,49,160,18,149,140,24,80
blue,90,134,150,129,99,20,98,2,76,37
red,107,65,155,109,93,92,77,64,76,45
blue,36,130,121,147,93,110,58,64,76,96
blue,0,40,139,133,93,77,142,33,116,53
blue,112,38,124,24,91,25,30,3,8,100
red,0,97,94,49,148,18,142,19,17,80
blue,72,154,26,106,93,36,58,124,76,96
blue,0,102,21,136,128,131,13,6,17,12
red,43,98,120,29,12,48,46,121,129,5
red,43,26,55,17,53,47,39,143,76,80
blue,110,26,68,17,80,74,13,2,76,100
blue,0,38,151,51,82,101,67,19,76,128
red,77,141,2,76,119,53,111,33,69,93
red,47,142,136,76,16,18,74,0,51,14
blue,0,145,121,51,153,74,77,94,157,108
red,104,145,155,76,128,74,65,121,17,108
red,151,13,21,129,93,90,65,138,76,153
red,0,38,33,76,70,34,87,2,51,153
red,113,97,11,76,12,114,142,155,157,96
blue,110,91,23,49,153,0,46,56,109,108
red,74,40,143,17,93,92,60,1,76,160
red,101,65,143,76,160,62,125,89,106,126
red,18,75,122,24,70,101,67,11,17,16
blue,110,154,139,116,80,74,125,0,17,45
red,31,54,143,29,109,0,46,111,49,160
blue,131,13,94,49,148,110,86,89,17,128
red,115,58,143,49,111,127,124,151,51,82
blue,0,40,41,133,45,43,113,140,51,74
blue,137,125,121,133,70,150,28,151,49,124
blue,43,87,64,61,153,18,134,122,51,93
blue,18,67,55,49,133,151,75,43,61,153
blue,18,65,157,116,119,74,61,150,129,45
red,39,44,155,49,66,90,117,121,123,108
blue,101,67,86,137,159,31,88,2,51,99
red,156,77,89,50,45,0,13,19,8,93
blue,151,91,1,116,53,107,38,55,9,80
red,0,61,138,109,159,130,28,33,52,82
blue,145,46,159,8,14,103,65,1,129,160
blue,107,46,89,116,96,131,27,1,137,70
red,101,46,143,120,79,125,13,11,76,128
red,151,13,2,49,153,72,61,32,76,53
blue,0,38,144,76,66,3,94,143,133,153
blue,54,98,11,29,93,120,102,44,17,128
red,22,98,33,52,109,135,40,71,106,82
blue,39,111,151,17,159,0,98,105,51,80
red,3,74,150,17,53,88,134,94,109,148
red,83,46,56,51,82,47,102,138,24,119
blue,43,23,154,9,128,0,145,121,51,109
blue,104,88,64,51,70,146,134,11,17,41
blue,36,13,71,49,158,25,23,129,17,96
blue,151,141,138,24,128,0,46,114,76,45
blue,18,58,143,17,119,101,46,124,76,100
red,88,107,38,109,79,78,111,155,24,14
blue,155,141,64,49,79,78,40,121,51,108
blue,90,98,144,76,15,34,130,143,133,70
red,101,61,122,24,66,102,60,55,150,82
blue,62,65,143,8,128,22,40,11,50,45
blue,47,23,150,116,118,88,46,89,24,45
blue,127,142,144,51,80,88,130,89,24,158
red,74,13,64,17,126,0,61,122,129,70
red,42,67,155,157,110,0,23,71,76,66
blue,78,91,55,116,119,31,44,71,133,126
red,0,46,122,76,5,31,75,6,133,70
red,36,84,143,17,93,74,40,121,76,82
blue,151,111,144,51,70,112,145,159,106,53
red,151,141,157,17,12,112,40,138,116,158
red,90,94,68,156,70,158,58,32,85,119
blue,11,38,122,9,100,72,58,89,136,148
blue,83,88,55,76,126,101,124,129,54,108
blue,101,74,2,137,158,20,13,121,24,80
red,74,77,19,50,45,101,46,121,24,99
blue,25,86,140,8,124,99,113,155,50,93
red,2,65,26,150,99,144,102,124,52,128
blue,35,26,151,136,99,110,134,143,52,100
red,151,142,1,9,82,22,98,143,116,128
blue,42,38,148,8,93,90,13,140,85,74
blue,20,58,54,76,45,137,142,90,9,70
red,22,111,71,85,12,137,130,1,17,91
blue,39,94,73,29,14,123,75,41,116,118
red,107,26,121,29,12,135,142,6,116,14
red,117,61,143,29,12,59,77,38,150,14
red,37,134,143,133,70,131,61,107,51,45
blue,151,134,120,137,119,90,107,26,51,12
red,120,60,144,49,158,74,46,89,9,45
blue,35,38,89,29,153,36,97,107,49,93
red,22,134,107,76,79,152,124,155,29,128
blue,92,141,107,51,53,146,58,120,29,158
red,114,111,68,17,45,107,98,64,106,14
blue,107,86,143,8,128,0,37,132,63,16
red,88,26,23,24,119,107,145,64,116,41
blue,22,38,3,157,93,107,40,121,133,45
blue,74,113,51,76,99,83,61,33,69,80
blue,18,40,64,51,93,0,65,159,49,70
red,95,13,19,29,148,18,65,140,49,15
blue,18,127,150,133,153,37,40,142,9,15
red,18,61,6,29,15,22,54,140,106,5
blue,22,58,55,49,96,36,75,6,129,15
blue,158,134,35,76,15,112,46,2,50,70
blue,146,54,151,137,119,0,40,21,51,15
blue,78,65,51,50,82,88,60,121,8,15
blue,43,58,23,137,70,18,125,150,17,15
blue,0,23,150,76,100,18,58,143,116,15
red,31,65,101,136,15,0,23,150,116,100
blue,0,98,121,17,14,22,111,1,9,100
red,43,125,148,17,53,110,13,26,9,71
blue,74,38,19,51,15,144,75,150,17,45
red,107,102,151,50,45,81,111,55,51,158
red,22,107,121,116,111,18,130,43,109,93
red,103,142,71,8,96,41,145,129,150,108
red,36,23,121,69,5,37,84,150,76,45
blue,90,15,2,29,111,74,23,142,51,112
blue,139,91,56,8,119,112,46,143,50,45
red,74,141,6,76,111,90,38,56,8,79
blue,77,87,139,49,74,137,13,11,24,45
red,0,125,2,9,45,101,40,71,49,118
red,103,40,104,50,80,90,13,71,17,139
red,110,146,11,76,12,115,46,94,17,71
red,107,146,142,109,111,18,60,3,120,91
red,62,60,71,76,9,0,38,23,54,119
red,47,113,120,109,118,37,134,151,116,45
red,131,40,19,106,5,103,30,121,85,111
red,72,27,155,52,111,36,54,150,9,41
red,103,5,55,51,111,0,134,56,133,99
red,43,124,155,49,53,112,88,2,136,45
blue,151,92,11,17,9,34,46,71,133,158
red,18,38,37,17,71,0,155,159,133,70
red,0,38,2,17,71,88,102,139,29,66
red,90,23,94,133,100,57,60,2,29,45
red,57,142,19,17,71,131,78,89,8,100
blue,131,130,124,50,66,47,88,19,17,71
red,62,141,11,51,111,39,142,19,129,53
red,0,107,150,17,71,151,113,2,29,139
blue,114,38,143,8,45,42,75,140,29,119
red,115,27,11,63,111,154,38,143,52,99
red,137,54,56,133,45,2,38,132,51,53
red,134,155,71,133,45,115,38,23,76,153
red,34,30,77,49,71,107,61,138,9,122
blue,111,26,77,50,45,90,54,94,29,53
red,22,54,132,50,45,47,46,37,17,53
blue,0,74,21,17,71,18,75,140,51,53
red,48,23,143,29,111,150,84,11,106,45
red,18,69,144,29,14,25,40,6,133,71
blue,25,111,121,49,45,3,134,32,129,74
red,0,111,55,150,45,131,23,81,9,93
red,144,40,1,69,45,42,130,121,24,128
red,48,65,139,69,16,115,74,140,76,82
red,18,130,37,29,53,0,77,139,76,153
blue,74,75,89,95,70,0,65,124,76,120
blue,101,134,151,76,5,121,60,139,129,80
blue,152,87,136,137,80,22,23,150,109,12
blue,78,46,155,116,70,22,26,71,76,160
red,112,40,11,76,148,131,13,159,49,74
blue,112,40,120,51,5,143,88,155,76,80
blue,0,92,124,147,4,78,102,155,51,93
red,22,84,155,76,100,0,142,2,29,53
red,125,77,120,137,109,88,13,159,129,80
red,124,40,53,129,96,88,23,150,76,45
blue,0,134,1,85,99,18,58,140,133,76
blue,31,67,144,106,99,0,141,143,137,119
blue,72,30,65,51,93,0,86,132,129,99
blue,95,78,151,106,138,43,134,121,76,99
red,78,65,122,69,71,36,125,1,157,99
blue,110,142,20,76,99,0,98,139,50,128
blue,36,149,11,106,99,112,40,151,29,12
blue,114,13,121,76,119,101,94,143,133,99
blue,135,40,7,24,53,78,13,99,76,148
red,78,102,1,85,99,104,97,132,106,5
blue,104,54,140,106,99,91,65,1,69,118
blue,151,54,144,147,128,72,27,37,76,99
red,0,67,151,76,66,112,145,121,106,14
red,0,15,121,106,99,95,44,55,51,4
red,31,23,150,106,99,107,142,121,51,4
red,78,58,121,49,99,113,75,132,17,14
red,91,40,89,51,99,125,111,159,17,45
red,103,145,157,106,99,110,125,121,147,12
blue,103,88,1,51,45,107,142,6,106,99
red,101,154,138,76,99,0,40,11,29,12
blue,125,54,156,29,71,31,87,120,17,53
red,19,38,55,51,99,2,40,155,29,119
blue,137,117,121,29,93,43,130,140,8,119
red,31,23,155,54,158,90,60,143,76,119
red,31,30,56,17,5,90,38,2,29,118
blue,0,25,144,136,111,62,30,69,76,158
blue,18,40,19,49,148,0,54,151,76,46
red,78,65,143,51,93,107,54,150,29,128
blue,48,38,144,69,80,90,54,136,29,93
red,107,38,151,106,30,103,111,138,9,70
red,47,134,2,17,71,101,130,138,76,14
blue,59,38,121,51,96,97,61,138,76,80
blue,107,130,63,24,100,0,54,94,51,53
red,72,102,138,52,160,18,111,55,50,45
red,39,92,138,76,108,57,46,157,17,53
blue,36,155,2,150,70,101,5,138,133,91
red,18,60,138,9,119,101,38,54,17,45
blue,103,74,33,106,66,31,23,138,9,128
red,34,28,101,51,158,110,111,26,137,5
blue,103,13,1,51,4,107,38,138,85,41
red,101,134,138,51,82,151,40,89,17,9
blue,107,60,121,76,45,35,86,138,106,66
blue,78,98,155,49,118,62,65,138,52,14
red,131,98,144,63,119,92,141,64,150,93
blue,3,97,124,76,66,0,58,138,17,118
blue,0,124,121,150,12,90,60,138,133,45
red,92,87,155,24,160,101,46,138,133,70
red,0,134,1,49,148,36,77,26,52,100
red,2,130,129,49,128,47,40,89,24,100
red,103,134,144,137,119,123,61,159,69,158
red,135,154,26,51,82,101,84,41,133,110
blue,103,86,6,24,5,92,40,64,137,96
blue,47,87,94,109,118,0,154,138,51,66
blue,123,13,121,129,70,137,40,140,51,45
blue,3,134,121,49,82,123,60,73,137,14
blue,31,134,68,76,5,54,30,151,51,93
red,91,134,120,51,45,74,61,148,8,158
red,131,134,37,133,93,137,141,1,52,5
blue,47,54,29,17,119,0,134,155,116,71
red,101,134,140,29,128,0,87,11,116,45
red,144,142,122,9,70,131,134,2,76,93
red,151,134,121,17,80,101,67,150,133,153
blue,18,111,140,106,46,0,102,64,9,53
blue,134,130,120,126,52,72,38,121,9,82
blue,150,149,55,29,153,90,46,138,50,123
red,103,134,6,76,96,25,23,131,49,12
red,22,65,2,76,119,18,102,26,8,53
blue,43,60,136,137,126,56,75,122,51,148
red,110,113,89,106,128,31,40,143,49,119
red,110,142,73,157,108,9,23,109,116,53
blue,123,91,94,17,53,114,46,56,51,45
blue,90,38,144,69,108,123,67,37,76,93
red,20,26,109,9,14,112,154,155,17,45
red,90,102,139,17,83,123,134,121,24,82
blue,131,75,159,76,119,123,65,155,116,12
red,2,94,137,17,71,43,75,51,63,70
red,112,40,140,17,12,145,58,144,116,128
blue,48,37,33,76,66,112,111,144,29,93
blue,36,46,106,138,128,112,38,120,76,100
red,0,145,2,50,93,43,154,55,9,4
blue,90,98,56,76,5,22,155,41,17,126
red,0,91,2,147,82,59,46,68,9,71
red,0,142,55,24,121,112,97,140,136,158
blue,47,46,121,133,70,43,84,155,17,158
blue,88,61,19,116,70,112,40,159,17,74
red,0,61,21,157,53,90,13,1,69,158
red,112,91,1,50,45,103,38,144,76,12
red,110,111,23,76,45,31,65,143,109,53
blue,152,98,157,76,80,88,38,148,129,71
red,90,13,2,49,45,65,142,124,29,80
red,151,98,21,17,148,101,67,103,76,45
blue,18,65,7,51,128,31,23,150,49,12
red,57,54,155,106,5,112,13,120,29,53
red,115,38,140,24,45,0,65,114,150,93
red,112,154,1,24,120,78,98,56,106,70
blue,35,125,151,133,153,112,141,121,9,70
blue,35,27,41,24,108,131,154,1,85,45
blue,0,88,122,24,100,35,27,143,17,53
blue,31,98,73,51,82,42,87,26,116,158
blue,18,113,121,133,91,35,130,136,24,93
red,92,60,121,29,109,0,155,53,137,153
blue,112,142,136,54,45,152,46,1,51,118
red,0,60,15,128,108,5,77,11,133,79
red,112,111,121,51,71,0,87,68,17,70
blue,31,26,2,129,99,110,98,138,76,128
blue,112,65,94,54,45,110,142,2,50,70
red,112,30,124,76,16,115,74,143,9,128
blue,112,86,124,51,9,110,87,94,76,5
blue,2,130,129,136,120,89,58,112,49,30
red,112,13,105,51,45,121,146,144,52,100
red,112,46,144,17,128,31,30,55,129,96
blue,112,13,155,24,74,51,146,150,29,109
red,112,102,6,24,44,41,88,2,8,100
red,112,30,2,51,139,151,111,121,106,66
red,112,28,94,29,139,18,60,26,51,119
blue,90,25,157,29,153,112,30,64,129,70
blue,107,124,140,76,119,112,23,43,52,5
blue,130,65,64,133,70,0,87,140,85,153
blue,112,23,29,137,119,0,26,150,51,82
blue,123,26,64,17,74,112,23,155,116,119
blue,152,154,155,24,93,112,38,124,76,119
red,112,54,120,76,70,47,75,56,106,99
blue,35,28,151,9,109,0,46,143,76,108
blue,112,61,1,133,45,37,102,143,76,79
red,137,67,68,51,82,91,40,143,76,139
red,42,58,121,156,53,43,46,26,50,82
blue,115,23,56,50,93,95,74,1,76,96
red,42,141,19,17,12,115,92,120,76,148
blue,36,125,143,109,108,115,111,26,8,119
red,42,65,143,17,71,90,38,109,29,14
red,137,60,120,29,153,91,92,140,49,159
red,18,23,150,137,70,103,134,55,29,158
red,22,107,143,106,5,74,67,151,116,53
red,43,23,155,51,93,41,65,53,76,120
blue,31,23,132,156,100,95,60,143,51,119
blue,107,13,56,51,119,0,40,140,49,53
red,22,65,121,29,6,78,46,68,133,100
red,53,54,69,17,128,22,98,1,51,119
blue,110,60,94,116,118,22,102,55,9,45
red,22,67,37,106,66,151,28,33,150,70
blue,22,84,19,51,96,105,38,1,50,45
blue,22,75,54,17,45,103,38,121,76,80
blue,31,65,148,17,66,22,60,143,69,80
blue,78,141,140,76,74,22,23,155,54,45
blue,59,46,150,29,160,22,141,26,17,96
red,110,87,89,133,45,22,111,55,76,96
blue,31,27,121,49,96,22,65,19,9,158
red,107,23,150,76,5,22,60,121,106,4
blue,101,154,53,8,41,110,77,109,49,99
red,22,98,143,51,80,90,58,148,17,160
red,22,58,120,51,45,101,155,143,76,82
red,36,67,121,17,93,22,26,155,133,45
blue,47,58,139,116,45,57,44,159,69,80
red,22,13,1,49,92,36,154,150,76,37
blue,131,61,11,76,53,74,44,23,69,80
red,22,60,143,85,12,37,75,11,29,80
blue,0,46,19,129,5,22,54,11,137,4
blue,78,102,150,106,5,103,74,11,76,12
blue,97,92,6,51,99,31,13,11,106,5
red,37,13,11,106,96,112,38,55,51,74
red,107,58,138,24,82,112,65,11,116,128
red,22,58,6,133,153,0,60,11,136,124
red,101,54,71,76,160,22,23,11,29,53
red,0,134,150,133,109,127,30,3,76,93
red,31,142,41,29,12,151,58,82,76,93
red,90,142,115,76,16,158,75,155,69,15
red,90,38,144,123,108,0,40,148,119,158
red,0,142,109,63,119,47,38,1,136,12
red,0,30,121,133,108,151,111,143,17,53
red,36,60,155,129,15,48,27,55,133,45
red,2,61,3,51,80,0,26,115,109,108
blue,18,38,41,17,71,0,102,143,49,160
blue,78,107,150,63,100,152,67,151,52,81
red,36,40,143,17,82,137,65,19,51,93
red,0,13,64,17,153,31,97,68,29,128
blue,77,58,1,9,96,36,92,124,76,153
red,22,61,2,17,100,0,125,122,8,41
red,74,154,121,76,108,11,58,9,136,134
blue,101,84,94,51,126,18,154,124,29,100
red,152,40,3,17,45,115,58,122,106,100
red,37,154,101,133,128,88,27,55,49,53
red,74,102,144,116,93,18,154,2,51,82
red,0,124,154,137,108,18,134,64,109,118
blue,101,40,133,24,14,117,61,144,85,100
red,103,13,68,69,80,131,65,146,29,100
red,31,27,151,106,82,114,46,120,147,53
blue,90,46,71,127,108,150,134,151,109,53
red,47,46,33,52,91,112,102,121,123,108
blue,57,46,68,17,80,115,60,150,49,45
red,107,46,140,17,80,131,58,148,49,128
red,127,46,151,51,66,74,38,11,9,96
red,35,46,2,51,118,151,102,55,9,45
red,88,61,144,76,128,151,142,121,137,70
red,20,46,120,29,128,72,142,124,51,70
red,101,142,124,106,4,87,111,3,51,99
red,101,102,121,24,158,48,142,89,76,5
red,131,23,125,17,100,18,97,53,116,80
red,112,142,120,76,71,37,46,121,29,128
red,36,142,139,24,46,37,38,151,50,128
red,38,142,21,147,45,31,94,23,17,53
blue,127,65,124,106,12,59,142,2,24,119
blue,24,77,155,157,71,3,97,1,17,12
blue,0,40,121,76,119,151,142,1,17,53
red,0,142,109,24,14,74,155,143,29,9
red,123,142,136,8,70,22,65,121,85,153
blue,0,102,109,17,82,90,142,56,50,80
blue,59,77,150,136,100,83,142,1,52,82
red,35,142,150,116,45,144,58,155,51,14
red,144,142,43,76,99,31,102,132,29,70
red,43,97,87,9,158,34,30,124,24,96
blue,31,38,33,51,158,88,28,155,8,128
red,62,97,23,49,128,110,145,89,76,82
red,57,142,43,116,158,35,149,144,29,93
blue,25,149,6,29,15,18,40,121,76,53
red,31,145,6,106,70,74,134,2,17,100
red,103,78,48,51,82,134,91,11,147,96
red,3,142,121,9,128,72,134,125,29,53
red,146,30,35,50,126,115,46,143,17,80
red,0,84,155,17,74,81,142,144,106,93
red,3,77,138,52,66,114,145,151,51,53
blue,43,30,129,17,79,35,60,143,106,82
red,151,23,150,29,157,47,65,1,51,99
red,34,65,155,106,80,134,87,94,83,108
red,0,84,121,17,53,2,134,150,24,120
red,101,65,37,51,128,90,30,23,49,80
red,57,145,2,76,53,0,134,143,17,16
blue,43,46,1,9,45,103,54,155,17,14
red,103,54,3,50,66,152,142,11,95,92
blue,101,46,140,137,93,35,92,139,51,5
blue,31,26,64,76,5,22,75,122,148,80
red,101,142,56,106,99,107,130,55,51,108
red,48,98,144,8,5,18,125,120,51,96
red,151,58,23,50,5,34,38,143,29,121
blue,151,117,89,76,160,101,13,109,49,93
blue,0,65,121,49,100,47,130,21,106,99
red,115,124,94,24,96,74,111,155,17,71
blue,22,38,121,133,12,107,111,94,54,80
blue,110,111,94,17,53,104,13,155,49,120
blue,46,124,138,133,70,31,77,1,29,53
red,62,40,2,52,5,110,27,43,137,53
red,36,134,159,137,70,31,117,140,24,53
blue,0,142,55,109,108,31,134,6,52,33
red,31,155,11,51,45,90,65,138,136,82
red,31,61,56,129,45,0,40,154,17,96
blue,131,75,159,49,148,44,102,124,51,120
blue,47,86,125,17,100,31,98,122,29,45
red,115,91,157,17,119,47,86,104,8,111
blue,0,77,56,106,53,43,38,140,51,66
blue,59,125,121,9,71,22,86,2,51,118
blue,38,142,37,24,120,0,134,11,9,45
red,81,98,55,133,96,39,46,129,51,128
blue,90,86,1,49,128,74,142,136,17,12
blue,88,46,64,151,128,18,113,143,133,45
blue,102,142,143,17,82,13,98,140,51,53
blue,151,86,81,49,111,90,28,94,17,15
blue,134,65,56,51,5,0,130,109,9,128
blue,37,155,143,24,128,121,65,142,51,12
red,115,102,78,24,100,103,58,121,51,80
red,25,102,68,106,91,130,27,131,116,82
red,0,44,1,51,93,62,23,2,49,158
blue,101,60,6,51,153,83,40,2,109,76
blue,47,117,121,51,93,110,130,26,76,119
blue,90,111,56,29,153,18,84,155,51,14
blue,78,54,124,17,53,151,86,142,9,93
red,0,111,7,51,108,115,141,139,8,119
blue,22,107,56,136,91,134,38,55,106,100
red,25,94,55,133,41,137,28,21,51,4
red,131,65,159,17,9,38,30,120,51,93
red,137,38,33,51,160,31,149,143,76,100
red,110,65,140,106,70,151,46,19,69,80
red,135,60,121,24,153,22,102,143,51,80
red,146,30,144,51,99,31,23,150,9,128
red,31,145,144,24,14,20,27,94,51,12
red,19,38,25,17,100,127,40,89,51,109
red,22,28,21,17,79,81,98,144,9,5
red,57,88,124,51,100,103,142,121,106,120
red,74,58,144,106,100,78,61,2,24,14
blue,110,46,157,106,9,112,38,143,51,91
red,0,38,68,137,160,31,146,124,51,9
blue,47,38,140,29,71,31,60,122,51,12
red,0,88,121,29,70,103,86,71,17,119
blue,22,125,143,17,53,3,84,158,76,93
red,36,102,140,49,120,90,65,151,106,66
red,3,134,143,106,80,0,94,122,116,128
blue,59,92,21,17,158,3,98,54,29,93
blue,19,46,132,51,158,3,38,33,15,74
red,112,60,1,29,119,36,141,73,17,80
red,0,154,121,17,71,43,98,143,63,79
red,57,86,93,24,100,90,124,155,9,109
blue,131,27,148,52,37,90,13,155,133,41
blue,135,27,155,147,14,91,154,140,49,74
red,90,154,94,109,108,110,46,140,9,80
red,18,145,55,17,126,35,98,121,69,5
red,37,154,29,24,81,0,92,11,129,153
blue,22,61,54,83,128,150,40,109,9,158
red,0,134,109,76,128,101,61,55,29,66
red,101,13,144,109,108,151,54,155,51,82
red,22,134,109,76,45,145,61,121,49,81
red,39,65,109,133,70,3,23,144,17,45
blue,18,65,158,106,96,104,58,150,51,79
red,0,54,109,50,66,42,60,71,133,119
blue,90,154,150,51,93,22,23,57,49,53
blue,36,107,109,116,45,83,37,121,76,99
red,22,30,136,69,80,37,142,53,24,75
red,47,87,155,17,15,22,30,143,129,5
blue,22,65,144,52,135,48,97,143,29,0
blue,135,102,121,9,53,150,88,55,76,96
red,90,141,143,17,53,101,79,151,24,15
red,110,134,3,51,93,0,74,122,49,14
red,62,134,11,76,158,115,130,73,136,45
red,151,65,26,137,66,88,92,2,76,16
red,57,141,140,49,82,47,13,144,8,100
red,0,107,140,61,45,110,37,150,76,74
red,103,61,23,17,100,22,98,156,54,140
blue,22,92,11,17,66,103,67,151,24,53
red,158,60,124,137,12,34,37,121,116,81
blue,0,98,121,51,12,57,107,125,17,158
red,62,98,140,17,123,36,23,155,76,12
blue,47,90,114,76,5,18,98,159,106,160
red,78,98,143,76,14,36,142,122,17,71
red,37,98,91,63,45,20,65,55,106,82
red,37,98,19,17,45,0,60,144,95,109
red,31,38,143,8,119,47,46,37,76,99
red,47,13,144,76,71,90,130,155,156,123
red,112,46,124,9,100,39,141,1,69,80
red,18,37,150,29,93,90,40,121,76,100
red,39,38,148,147,119,74,75,120,106,45
red,158,141,120,9,160,57,46,19,51,53
blue,0,98,55,116,108,135,13,1,85,14
red,22,38,56,24,45,0,23,151,106,30
red,18,91,132,51,108,127,98,54,116,153
blue,114,141,19,52,82,103,107,120,29,148
blue,151,84,94,49,6,103,141,114,51,93
red,112,111,11,129,93,42,38,143,29,45
blue,81,61,143,29,160,3,38,11,109,53
red,78,40,11,29,153,90,130,71,51,91
red,31,130,158,17,12,115,134,136,24,53
red,112,67,125,51,4,131,155,55,116,126
blue,34,141,10,133,80,134,65,11,76,66
red,103,141,151,157,45,47,38,138,116,12
blue,43,40,6,54,12,36,141,21,49,128
blue,114,46,159,29,100,2,40,1,9,128
blue,36,141,121,51,14,154,84,3,137,118
red,22,102,155,49,128,127,98,56,129,9
red,151,141,1,116,5,42,84,140,52,14
blue,0,98,73,76,158,22,142,121,17,160
blue,91,84,159,129,82,18,60,68,109,108
blue,22,38,68,54,45,0,58,144,9,80
red,112,38,143,137,108,2,102,124,9,100
blue,54,141,151,29,53,35,88,143,109,80
red,22,130,143,9,128,144,27,3,116,90
blue,34,98,143,129,14,0,46,49,54,93
red,90,141,21,17,45,0,98,143,29,53
blue,74,38,120,52,100,25,13,19,8,45
red,72,38,55,51,14,90,58,143,24,45
blue,74,37,11,76,100,131,38,136,29,148
red,22,145,19,76,71,88,46,2,17,12
red,91,84,11,69,66,51,46,150,129,82
blue,57,38,19,50,53,91,134,11,129,46
blue,90,38,56,29,82,0,13,11,133,80
blue,0,130,132,61,53,131,13,26,24,160
red,22,54,150,24,108,107,98,1,9,148
blue,88,75,143,17,119,131,46,89,9,53
blue,135,65,140,9,80,115,141,120,109,92
blue,24,58,140,114,100,93,38,139,136,128
red,103,28,151,61,128,22,98,157,116,9
red,151,98,26,9,45,74,46,122,51,128
blue,74,113,11,9,126,36,65,138,52,4
red,110,67,3,51,153,0,65,132,29,119
red,131,58,121,116,45,42,134,2,76,148
blue,67,84,155,41,12,22,60,63,29,124
red,151,149,148,29,139,129,113,30,51,5
blue,154,142,30,116,9,151,98,33,51,93
blue,18,13,3,17,79,72,60,30,150,74
blue,47,30,3,133,80,150,111,26,24,9
blue,74,65,120,49,45,154,38,30,17,82
blue,0,94,30,76,119,31,38,6,29,12
red,43,46,139,17,53,0,65,30,76,148
red,103,13,30,51,80,74,142,3,76,5
blue,0,40,1,29,14,92,38,30,76,128
blue,103,134,51,24,46,34,125,30,52,82
blue,55,39,0,8,70,73,30,18,50,53
red,47,30,72,76,153,78,60,155,106,74
blue,112,134,30,49,45,0,61,78,51,128
red,18,142,55,49,4,30,98,94,24,128
red,0,13,30,76,5,22,124,139,116,16
blue,90,58,33,76,5,22,65,30,116,45
blue,48,28,151,76,128,0,38,30,85,93
blue,48,58,64,76,45,127,142,30,133,70
blue,101,40,87,49,93,0,124,120,129,74
blue,34,142,144,76,96,145,111,71,138,118
blue,18,146,23,17,45,0,46,11,29,83
blue,155,113,26,29,109,151,77,2,17,15
red,43,40,26,17,139,0,30,150,29,15
blue,152,130,1,8,45,134,46,89,52,100
red,151,154,54,52,93,0,60,57,17,153
red,31,92,57,54,93,48,23,151,76,99
red,20,58,109,17,79,47,65,143,51,119
blue,2,58,144,49,96,143,60,151,106,82
red,73,60,3,9,74,56,61,72,63,126
red,57,84,75,51,100,55,65,78,24,119
blue,101,88,144,106,100,34,23,136,76,148
red,88,23,150,69,93,36,38,2,116,12
red,144,40,63,29,12,36,65,71,52,119
red,18,65,109,17,108,0,46,64,49,53
red,0,134,6,17,74,22,87,121,9,4
red,31,154,2,136,100,90,28,69,51,41
red,37,40,59,17,14,151,23,125,116,79
blue,0,65,138,8,45,62,23,32,147,53
red,85,84,1,17,82,57,113,21,3,53
red,110,40,26,116,53,36,65,132,69,5
red,110,149,53,8,158,74,145,144,17,45
blue,36,97,158,51,119,25,154,3,76,79
blue,0,84,144,106,12,36,92,122,51,128
blue,18,142,55,95,93,22,60,73,158,45
red,131,146,121,106,82,22,154,120,76,5
red,57,75,143,29,70,65,87,124,51,90
blue,31,88,94,116,153,36,26,155,29,80
red,36,27,34,50,119,31,113,151,49,160
blue,101,46,11,116,45,36,98,136,51,93
red,18,26,155,109,100,22,60,2,17,53
red,0,86,143,29,15,151,58,122,8,128
red,48,98,33,157,108,72,26,10,49,12
blue,151,142,1,52,66,31,65,32,129,119
red,78,58,56,133,53,39,142,121,8,123
red,110,130,11,76,45,74,60,89,17,79
red,134,86,144,106,93,101,13,56,133,4
red,78,40,2,29,153,134,130,68,51,100
blue,57,145,55,24,66,22,134,125,54,80
blue,31,23,94,76,53,151,40,143,51,160
red,18,67,73,129,100,0,23,37,76,12
red,113,88,19,29,119,14,142,56,17,79
blue,14,154,56,49,79,110,40,159,17,9
blue,39,134,139,76,70,35,23,143,29,160
red,19,13,3,76,70,143,40,74,29,108
red,115,67,114,29,119,131,142,121,51,126
blue,0,84,155,51,148,42,58,55,29,79
red,114,65,55,9,119,18,155,109,129,41
blue,74,58,143,106,82,37,38,56,9,53
red,31,65,1,17,9,103,27,0,76,109
blue,90,26,129,76,93,151,141,122,52,16
red,22,141,1,24,119,0,58,73,49,128
red,35,40,1,106,99,127,23,125,76,9
blue,74,5,32,51,93,152,38,1,76,153
blue,123,134,55,24,82,0,65,1,148,80
blue,62,102,124,136,12,88,149,109,50,128
blue,88,78,114,136,126,36,40,38,51,14
red,101,23,132,63,70,110,87,120,109,46
red,0,141,139,76,5,112,114,140,49,45
blue,85,23,71,76,159,0,102,79,17,154
blue,115,30,2,24,5,43,111,120,17,45
red,0,40,139,17,14,151,58,140,76,9
red,31,74,11,76,5,35,92,148,17,53
blue,135,94,122,129,5,35,130,140,76,74
red,114,75,121,51,45,127,38,0,139,93
blue,72,142,1,24,128,92,98,2,76,6
red,18,94,140,76,120,39,141,90,50,70
red,88,87,143,51,70,34,23,140,69,93
red,0,26,140,29,9,155,141,123,17,119
blue,0,87,138,17,53,110,60,121,24,45
blue,158,142,155,69,53,81,141,140,17,45
blue,117,61,140,9,114,39,44,125,76,158
red,103,54,151,29,114,72,46,143,76,5
red,112,102,109,133,12,42,98,2,76,123
red,91,26,125,8,45,114,60,140,9,108
red,31,134,52,137,153,110,107,154,9,45
red,0,113,122,51,82,18,97,121,150,96
red,91,60,150,9,82,53,84,7,17,108
blue,77,38,121,69,126,31,88,1,17,128
blue,110,27,159,51,82,144,98,143,116,153
red,53,54,69,9,70,0,134,121,17,71
blue,88,84,151,54,80,47,125,143,69,14
blue,37,134,150,76,110,23,60,47,51,82
red,127,13,138,29,109,37,58,56,9,5
red,57,38,155,9,128,39,130,139,133,12
red,0,46,2,29,118,43,28,10,9,70
red,101,38,2,49,108,72,44,151,9,66
red,112,40,2,8,111,22,46,121,51,5
blue,88,77,55,147,70,37,65,3,29,93
blue,22,141,140,51,74,36,23,155,76,109
blue,36,141,138,9,128,31,60,2,50,100
red,150,46,11,49,45,57,117,155,9,153
blue,0,97,2,129,108,78,22,143,29,80
blue,18,26,121,76,119,57,125,2,8,82
blue,0,155,55,85,45,41,125,2,49,93
red,0,125,55,106,66,18,65,140,137,45
blue,43,125,64,50,100,0,98,140,137,14
blue,2,125,94,116,119,135,117,55,29,128
blue,48,130,32,76,93,90,40,2,9,79
blue,151,60,129,136,70,31,54,155,50,109
blue,131,67,56,29,45,151,23,73,138,108
blue,115,13,1,51,96,151,65,105,29,128
red,110,23,150,51,126,2,58,140,106,82
blue,104,58,2,51,93,97,92,121,24,5
blue,123,46,26,8,70,0,65,2,109,9
red,135,111,56,106,96,103,67,55,76,158
blue,103,155,1,76,4,22,58,138,51,5
red,72,30,53,51,82,137,124,155,129,126
red,78,75,151,51,82,137,58,2,24,45
blue,47,46,64,116,41,90,75,155,17,139
red,18,37,64,29,12,36,113,94,49,158
blue,110,146,155,160,99,47,5,55,95,93
blue,31,23,1,51,119,135,60,89,76,100
blue,35,40,151,76,80,3,23,55,9,128
red,18,30,121,29,15,22,154,155,9,53
red,78,13,124,17,80,47,30,2,116,108
red,37,155,1,29,66,62,154,121,76,4
blue,31,38,2,116,100,90,141,56,52,70
red,101,58,55,29,12,18,40,48,8,53
blue,31,154,151,136,119,78,54,43,106,12
red,72,107,150,51,12,151,102,140,129,66
red,90,135,124,29,158,112,67,35,17,12
red,72,97,11,49,153,3,154,55,147,12
red,36,58,2,137,12,25,154,151,133,45
red,47,113,56,29,153,127,38,124,69,12
red,0,13,1,24,5,43,38,124,49,109
blue,103,40,37,106,53,95,60,124,51,82
red,137,97,140,24,119,37,75,2,51,53
red,88,84,158,8,108,47,60,11,116,153
blue,92,111,88,133,4,134,27,150,24,9
blue,38,134,143,17,53,18,40,55,150,93
red,47,67,150,116,14,31,77,143,51,93
blue,107,77,122,17,108,0,111,33,51,93
blue,36,149,19,24,66,103,23,159,106,93
red,134,74,151,54,112,135,141,121,29,12
blue,131,77,144,52,5,130,154,143,49,45
red,43,13,68,54,93,0,40,19,76,53
blue,0,84,143,29,160,31,61,2,15,93
blue,114,46,143,133,70,110,142,55,51,96
red,37,40,19,17,128,133,65,151,136,80
red,107,60,124,50,16,74,146,151,138,96
red,31,74,159,52,70,22,58,105,29,99
blue,31,23,159,116,12,74,46,151,17,79
red,151,65,148,136,79,47,142,120,17,108
red,151,75,121,9,70,74,60,140,51,112
blue,121,145,151,17,44,110,40,55,147,96
blue,112,60,21,106,93,11,98,136,51,9
red,101,5,1,17,100,57,60,139,29,91
blue,117,88,101,63,118,25,40,148,52,53
red,18,60,136,51,118,88,35,26,76,148
red,22,65,143,51,4,25,58,73,116,80
blue,146,23,121,9,158,110,98,32,116,53
red,47,23,2,147,96,18,60,33,29,121
blue,47,60,105,116,148,18,141,26,17,80
red,57,28,94,147,128,0,30,1,137,5
blue,110,60,19,137,82,35,23,140,29,79
red,101,134,1,106,93,2,40,140,116,79
red,22,142,140,76,5,134,40,64,49,139
red,35,77,89,129,119,90,46,120,9,45
blue,57,46,136,133,100,112,87,151,17,9
blue,88,40,56,50,128,37,58,144,106,82
red,107,38,158,139,108,151,98,140,8,45
blue,0,58,55,29,45,137,77,11,76,119
red,18,86,140,9,109,135,98,2,156,70
blue,22,60,159,106,96,18,58,140,76,80
blue,74,102,144,9,100,0,111,63,24,82
red,110,60,109,49,82,62,141,139,154,108
red,101,102,54,76,126,156,77,6,147,100
blue,137,117,6,106,82,78,58,143,51,93
blue,47,88,121,106,5,146,134,143,76,53
blue,78,40,104,76,66,121,58,151,51,15
red,22,27,2,85,119,110,26,144,9,53
blue,31,65,26,29,108,95,87,159,17,80
red,3,27,73,129,153,107,58,138,29,9
red,110,26,151,49,74,135,127,104,136,70
blue,151,134,121,9,45,110,60,54,76,108
red,151,46,136,49,128,36,23,20,147,71
red,31,154,155,76,158,103,23,32,49,93
blue,90,27,69,157,93,0,38,57,51,80
blue,47,84,125,85,119,72,75,43,76,100
blue,83,54,151,9,16,121,75,32,29,45
red,134,30,73,133,126,110,75,121,119,108
blue,97,75,121,106,93,31,54,55,9,119
blue,22,75,2,106,93,32,58,74,76,108
blue,35,74,138,51,66,78,75,150,19,108
red,36,75,140,17,79,3,23,56,51,12
blue,44,87,121,29,108,34,75,89,9,100
red,18,13,19,116,45,0,40,155,9,53
blue,135,87,68,76,82,72,75,121,116,45
blue,72,46,26,17,158,112,75,121,29,153
blue,0,75,1,133,53,22,130,121,63,70
blue,114,38,150,85,82,34,58,158,136,93
blue,72,97,19,137,41,47,5,55,109,108
red,42,75,121,109,108,90,38,138,51,82
blue,39,75,121,9,70,23,40,94,76,5
red,78,75,53,24,128,18,26,151,129,74
red,42,75,143,156,79,74,54,150,133,100
blue,114,5,56,51,45,95,134,121,76,16
red,146,75,13,51,70,103,141,89,8,53
blue,90,38,121,51,14,78,5,94,17,15
blue,107,142,2,106,96,145,75,144,137,70
blue,115,75,68,133,153,22,28,120,8,80
blue,95,107,143,69,100,139,46,144,76,12
blue,135,117,139,116,126,79,75,33,136,80
blue,18,75,56,51,108,150,46,68,29,100
red,31,75,89,51,45,43,102,23,116,100
blue,39,75,150,76,82,90,27,29,69,80
blue,3,75,121,51,120,36,23,114,29,9
red,110,40,64,109,9,90,60,121,51,108
blue,101,61,140,9,70,43,58,132,51,93
red,45,149,1,9,100,57,111,93,29,53
red,0,28,155,76,4,62,111,1,17,93
blue,47,46,120,52,100,37,38,132,9,119
blue,145,77,89,9,110,42,13,148,106,82
red,59,142,0,17,118,31,58,1,29,160
blue,117,40,120,51,37,18,111,136,137,4
red,31,98,11,76,133,0,97,64,49,53
blue,31,86,159,17,126,0,27,3,9,53
red,18,102,121,116,96,107,142,94,51,100
blue,123,124,94,8,71,103,155,159,106,96
blue,106,77,143,76,12,144,111,2,51,128
red,95,65,120,116,53,152,111,33,51,80
red,0,124,132,106,100,150,74,2,29,121
red,88,61,6,120,9,137,65,33,50,139
blue,154,40,19,52,5,0,23,151,137,70
red,88,38,144,3,5,74,102,121,17,71
red,22,134,143,51,80,0,78,120,76,100
red,72,94,143,51,128,91,87,151,85,70
blue,101,65,140,17,53,112,46,143,76,100
red,151,40,121,106,100,152,107,2,51,82
red,114,40,150,76,53,34,86,6,49,80
blue,137,154,26,17,158,93,13,53,49,139
red,104,111,155,51,80,47,23,101,29,53
blue,107,111,56,106,93,151,154,139,76,160
red,90,46,89,76,119,18,58,143,51,45
red,121,40,81,17,139,59,67,3,76,128
red,134,88,124,17,12,36,84,33,76,16
red,25,142,109,76,93,134,46,144,51,91
red,0,107,124,9,82,103,38,19,51,108
red,92,65,121,50,70,36,13,55,51,108
blue,34,28,23,76,9,102,44,26,51,96
blue,0,54,73,129,80,35,27,63,76,45
red,90,61,104,24,14,34,65,6,136,119
red,47,117,71,106,120,110,38,121,116,79
red,18,87,1,76,82,0,67,21,8,45
red,0,84,56,76,5,47,141,144,63,45
blue,31,65,140,51,70,48,134,151,24,53
red,37,46,155,106,66,101,102,143,8,12
red,18,134,140,76,119,88,30,3,17,59
red,37,88,109,106,66,53,87,143,24,82
red,0,46,109,51,53,31,40,104,76,118
red,101,38,2,85,119,57,98,94,76,70
red,102,38,140,17,71,18,91,121,51,53
blue,113,54,37,17,45,22,38,33,76,148
blue,39,27,120,8,82,59,98,121,51,118
red,0,23,150,51,158,90,107,121,133,93
blue,74,86,140,51,4,47,54,151,91,99
red,110,61,120,106,82,112,58,55,76,119
red,31,84,150,76,45,0,58,138,106,53
blue,112,61,26,69,16,20,38,56,106,66
blue,90,142,121,52,128,0,23,150,24,119
red,90,125,1,17,160,18,149,148,76,158
red,101,125,159,17,158,0,27,89,137,12
red,107,27,155,29,80,57,75,159,76,5
red,91,40,158,9,109,39,46,157,17,45
red,0,155,2,76,158,31,60,55,51,82
red,78,154,94,29,45,3,58,143,106,110
red,134,38,2,109,79,78,113,151,52,128
blue,0,142,143,51,80,154,102,6,17,53
blue,43,23,150,9,12,0,46,2,76,119
red,137,145,64,49,41,115,30,106,129,55
blue,39,125,150,17,71,107,5,64,76,158
red,0,84,33,147,45,22,87,122,106,79
red,42,23,150,106,5,22,40,140,51,93
red,31,58,121,17,80,0,142,26,41,108
blue,47,38,144,8,93,36,44,43,51,128
blue,62,113,150,76,96,0,38,1,129,74
blue,115,25,55,49,153,144,65,48,76,12
blue,35,38,144,136,148,36,60,3,54,80
red,22,28,3,76,93,110,40,121,29,119
blue,110,146,1,76,153,101,87,122,133,70
red,154,86,143,76,70,123,38,104,29,153
red,25,134,143,156,153,101,46,119,106,100
blue,137,130,1,52,5,0,40,143,129,70
red,0,67,124,106,82,22,23,3,51,128
red,0,61,109,106,120,31,142,121,50,45
blue,59,154,129,116,108,74,46,143,29,93
red,34,46,143,17,71,95,44,56,76,93
red,101,58,2,17,100,103,46,143,51,124
red,103,65,104,116,45,90,142,109,50,128
blue,151,30,38,29,14,81,102,37,76,12
blue,11,54,155,50,119,62,65,21,17,71
red,43,13,89,9,119,115,84,11,29,14
blue,155,87,148,76,53,90,84,3,150,9
red,107,98,64,69,128,131,142,140,24,66
red,18,75,104,136,128,97,28,33,51,108
blue,39,38,64,106,93,74,54,140,29,119
red,110,13,148,9,100,104,77,89,133,153
red,18,40,143,129,5,90,111,11,9,160
red,104,46,1,51,53,78,111,6,24,80
red,0,67,3,17,12,22,134,11,41,82
blue,101,13,121,76,5,22,58,104,159,153
red,35,142,56,147,96,112,125,81,136,109
red,18,60,11,50,159,114,37,43,51,119
red,22,74,89,51,153,151,149,81,106,14
red,31,98,55,69,16,103,24,11,76,100
blue,151,46,11,76,9,47,111,64,29,109
blue,103,142,2,49,128,18,23,81,8,119
blue,0,13,104,9,80,22,23,1,116,45
blue,43,65,10,49,160,0,102,19,51,53
blue,38,98,11,29,9,2,60,3,49,100
blue,11,13,56,85,45,127,141,137,24,80
blue,0,65,11,17,100,37,102,93,8,96
blue,11,75,78,76,12,119,23,150,133,82
blue,2,58,26,51,82,107,13,11,17,119
blue,18,40,37,9,16,114,13,140,52,82
red,53,125,11,17,12,36,154,43,63,119
red,88,87,1,63,53,159,154,11,106,93
blue,3,111,11,116,93,31,67,34,69,80
red,110,65,11,51,158,0,30,159,129,74
blue,107,65,121,76,80,0,104,1,54,119
red,133,97,2,76,4,101,54,138,116,128
red,144,58,140,50,45,41,155,68,136,16
red,146,141,36,69,45,143,58,94,17,16
red,107,23,150,106,119,134,142,55,76,37
blue,18,65,55,17,96,25,27,151,9,108
red,103,102,56,76,5,107,65,11,136,16
red,90,142,55,76,45,74,114,140,9,119
red,31,91,55,17,9,95,142,151,29,108
blue,31,102,121,17,100,112,38,1,76,82
red,74,40,148,50,153,48,154,151,76,118
blue,115,27,148,17,119,81,54,6,133,70
red,90,40,55,129,14,107,65,1,76,45
blue,37,61,129,76,128,36,38,54,106,4
blue,101,46,124,116,14,18,67,1,9,128
blue,103,44,30,17,9,0,13,144,29,12
blue,34,102,138,29,4,0,38,140,76,118
red,78,124,58,76,153,0,38,55,29,45
blue,18,58,121,49,4,74,38,2,76,5
red,18,58,105,76,70,59,142,21,106,45
red,90,102,21,116,74,95,38,2,137,16
red,47,27,150,52,93,107,76,2,51,119
blue,110,13,120,29,12,101,84,140,50,108
blue,90,75,140,51,14,114,28,3,24,100
blue,107,134,121,21,109,31,77,6,17,5
blue,107,75,53,52,158,103,134,124,137,100
blue,107,134,2,129,70,154,30,150,136,119
blue,18,102,64,116,139,34,94,68,8,126
red,59,58,110,29,45,154,40,43,51,123
blue,107,38,121,156,100,31,23,144,29,118
red,47,65,81,51,12,107,98,64,150,100
blue,78,38,120,76,66,0,74,71,106,99
blue,19,97,83,106,118,107,75,143,156,112
red,72,142,43,116,70,47,38,143,150,96
red,107,61,53,9,109,0,75,121,137,118
red,59,130,120,29,96,110,88,132,129,93
red,110,134,139,69,80,36,60,159,29,108
blue,31,40,19,137,158,107,125,159,29,53
red,31,86,1,17,53,107,67,85,147,45
red,107,60,121,17,80,31,94,1,76,53
red,18,26,48,54,53,43,61,33,147,14
blue,146,125,151,29,45,107,84,155,63,100
red,18,38,59,76,12,151,142,15,17,79
blue,0,149,140,133,148,107,87,144,29,9
blue,0,92,143,17,53,57,40,59,119,70
blue,107,111,159,76,37,101,154,143,24,124
red,0,98,81,54,53,107,38,26,8,100
red,0,154,121,52,128,31,107,26,106,91
red,90,84,122,9,16,107,26,3,24,128
red,0,61,124,24,100,107,13,93,76,109
red,107,111,26,29,108,101,40,140,120,99
blue,47,13,124,51,153,0,130,143,106,154
red,0,13,37,17,53,107,145,139,63,45
blue,120,13,115,8,15,107,134,55,29,100
blue,127,64,84,49,93,107,75,56,106,148
blue,107,40,143,8,4,0,38,63,137,12
red,107,111,120,133,93,0,61,11,129,109
red,107,87,155,17,71,91,61,2,50,70
blue,0,58,143,24,128,107,26,125,116,154
blue,18,142,26,17,71,59,46,19,85,74
red,104,75,151,51,9,144,60,109,133,96
blue,43,134,109,69,158,77,98,121,116,45
blue,110,149,109,76,118,112,60,140,147,100
blue,90,60,151,54,79,91,134,155,109,45
red,62,54,155,109,108,137,74,19,129,128
red,59,60,109,49,82,131,88,10,29,45
blue,137,44,124,133,96,35,75,109,76,53
blue,151,65,55,29,128,3,13,109,9,14
red,112,13,140,17,79,22,111,109,61,82
blue,110,61,19,116,53,81,97,109,17,126
blue,91,145,6,69,81,117,60,109,150,82
blue,90,28,43,133,9,115,40,109,17,93
red,112,40,121,69,66,90,130,43,54,96
blue,34,145,109,17,82,104,98,33,129,53
red,137,142,1,129,45,18,78,120,51,138
blue,103,27,121,133,82,47,142,89,69,148
blue,110,38,143,52,4,31,102,132,76,14
blue,39,60,76,17,45,114,40,143,8,119
red,88,107,121,76,9,101,13,11,8,53
red,37,23,150,17,154,123,134,121,76,45
red,25,145,68,51,128,22,149,121,133,70
red,78,40,121,76,82,53,88,143,17,108
red,18,124,158,24,100,115,98,63,29,9
red,57,40,121,137,120,134,130,19,51,30
red,103,58,121,49,153,144,142,132,133,91
blue,48,88,64,50,99,22,58,68,9,45
red,118,86,76,157,45,0,40,143,49,9
red,31,54,1,51,128,3,154,68,116,45
blue,101,84,19,76,99,25,75,64,54,45
red,101,67,151,76,41,36,142,121,9,80
blue,103,98,1,24,100,48,38,143,133,70
red,18,145,159,63,70,90,142,144,133,71
red,123,27,21,133,45,0,107,11,51,93
red,145,23,150,85,80,22,98,148,51,93
red,123,145,2,49,71,47,40,64,116,53
red,0,60,2,17,100,123,38,140,51,80
red,145,84,11,29,45,22,111,143,51,82
blue,90,58,3,51,15,123,111,114,76,12
blue,0,40,2,52,93,123,87,155,76,80
blue,91,87,120,51,128,3,134,109,137,45
red,151,61,56,51,99,123,98,1,116,119
red,35,38,122,116,70,123,155,109,51,100
red,18,23,71,8,128,145,65,122,17,53
blue,123,40,19,52,158,39,84,150,69,4
red,0,60,120,50,53,14,38,121,17,12
red,90,102,143,136,70,123,146,139,17,12
blue,103,46,64,29,53,123,26,1,24,128
red,103,38,64,9,128,36,134,143,136,82
red,110,86,121,24,14,36,23,2,150,118
red,22,98,121,150,5,47,74,11,76,158
red,0,38,56,118,159,151,23,143,24,53
blue,36,55,143,41,74,35,102,90,17,71
blue,112,23,157,17,153,31,149,140,76,148
red,42,46,64,49,119,2,61,56,133,70
blue,90,61,55,24,80,0,134,56,29,53
blue,74,125,121,51,82,54,98,55,136,53
red,97,146,56,136,53,101,104,151,17,118
blue,101,86,55,17,99,57,87,121,9,158
blue,0,65,56,106,99,37,26,3,9,100
blue,92,75,11,9,100,135,46,55,29,53
blue,18,142,140,29,12,150,111,143,17,100
red,146,154,155,24,45,34,38,143,41,5
blue,131,154,122,106,4,39,13,55,29,53
red,0,60,148,24,153,57,38,41,133,80
red,91,125,21,136,158,22,115,143,133,153
blue,103,98,57,76,70,131,40,55,69,153
red,103,27,110,76,80,83,86,32,106,119
red,110,23,132,51,153,78,58,157,133,128
red,81,134,143,29,100,47,61,144,51,128
blue,47,94,2,8,45,34,65,143,76,12
blue,114,13,155,54,80,90,23,143,76,99
red,35,40,32,52,100,31,130,54,95,66
red,90,13,103,51,53,113,84,101,69,16
red,0,26,150,85,100,78,13,151,49,4
red,103,142,125,133,160,131,27,155,9,66
blue,78,125,54,17,160,59,38,103,29,9
red,18,58,151,147,80,115,13,140,51,45
red,31,54,87,106,130,47,13,21,51,5
red,22,149,159,106,93,39,13,41,150,82
blue,47,38,121,54,153,134,67,151,109,12
blue,154,141,105,17,119,90,13,104,24,82
blue,117,75,121,150,96,112,13,144,76,158
blue,151,5,121,17,53,120,142,26,29,45
blue,22,61,23,49,93,37,67,94,76,128
blue,47,46,150,85,132,151,13,55,29,158
red,151,67,155,8,154,18,13,55,17,100
blue,103,145,138,76,5,31,13,140,9,108
blue,18,75,143,17,93,152,13,148,51,100
blue,34,38,125,29,139,101,111,64,50,45
red,43,67,139,106,66,137,134,2,49,126
blue,31,102,1,51,111,131,155,124,29,123
blue,36,134,132,51,100,39,38,155,49,119
red,91,154,144,17,111,151,145,122,136,45
blue,0,130,32,8,53,3,97,121,76,70
blue,9,87,125,76,81,37,13,90,51,119
blue,90,97,19,17,93,110,54,155,41,76
blue,151,67,137,136,76,47,44,73,8,126
red,112,142,143,136,79,78,28,151,29,45
blue,112,125,144,133,53,59,141,159,24,93
red,101,30,64,17,93,112,38,68,9,53
red,43,124,94,147,9,95,38,57,76,100
blue,25,142,104,17,79,62,38,155,54,100
blue,0,60,2,17,4,107,13,64,76,5
blue,35,87,11,129,120,22,60,105,17,83
blue,90,46,89,51,158,115,88,104,9,148
blue,101,27,150,139,82,145,13,2,17,53
red,0,67,89,24,45,57,130,55,17,14
blue,62,92,71,24,108,0,65,125,157,53
red,107,38,159,17,71,0,84,53,51,66
blue,62,40,138,51,74,0,23,150,29,80
red,47,23,150,24,70,0,98,1,143,93
red,31,30,155,17,123,90,107,124,8,82
blue,35,60,143,17,53,0,40,7,29,12
red,90,38,143,17,71,48,67,150,116,70
blue,22,87,124,17,53,0,145,1,51,12
blue,48,145,11,29,12,101,141,55,17,53
blue,18,98,53,76,93,0,111,97,133,100
blue,90,46,26,133,153,101,84,155,76,5
red,146,38,143,17,100,90,60,121,49,66
red,0,61,139,157,158,77,98,83,17,79
blue,150,58,143,106,93,0,77,21,51,120
blue,74,38,121,133,70,90,87,155,17,71
red,22,149,143,29,53,0,75,89,109,120
blue,112,23,56,51,4,90,154,150,29,82
blue,74,38,11,133,153,0,141,124,8,70
red,137,61,132,119,12,48,67,11,49,45
blue,104,154,155,51,14,90,130,121,106,100
red,90,102,64,17,108,112,58,33,133,80
blue,36,46,43,29,71,90,75,1,24,82
blue,0,142,121,51,4,103,58,6,49,128
red,103,58,73,76,128,78,40,143,133,70
blue,31,58,144,17,79,90,13,19,76,128
red,34,54,155,17,79,0,154,11,76,128
red,18,26,119,9,91,101,149,20,133,33
blue,31,142,71,17,45,0,124,132,106,66
red,113,134,131,17,100,137,58,90,61,45
blue,0,117,21,51,45,137,54,151,29,160
red,18,60,2,76,46,83,145,11,8,128
red,2,40,151,156,153,0,54,144,49,160
red,103,61,64,52,74,0,142,94,133,119
red,103,97,55,17,70,0,38,151,116,109
red,101,75,138,54,5,115,142,2,76,109
red,0,145,64,157,12,35,13,150,8,160
blue,36,97,148,76,158,0,87,155,54,9
blue,0,54,159,51,93,47,46,64,24,12
red,150,113,23,69,153,0,60,159,76,80
blue,19,117,0,76,70,151,88,59,116,109
red,20,46,104,116,111,0,40,157,69,158
blue,36,154,11,133,128,131,155,124,17,158
blue,74,102,143,116,119,101,107,73,76,80
red,151,23,140,29,119,0,149,56,76,82
blue,0,130,74,8,16,90,58,144,116,153
blue,0,98,41,51,45,74,65,140,129,93
blue,22,38,120,17,79,18,58,41,76,128
blue,131,75,41,24,82,103,38,143,17,80
blue,78,130,43,41,5,110,154,1,9,100
blue,41,38,2,129,53,52,26,43,51,82
red,43,107,41,49,4,72,74,55,76,108
blue,88,102,73,51,93,90,38,41,133,70
blue,101,23,53,150,108,115,75,121,9,160
blue,47,58,121,51,119,92,65,120,17,79
blue,2,22,155,150,108,90,154,121,9,100
red,48,92,121,50,9,22,75,68,136,70
blue,34,125,150,137,93,104,13,55,17,160
red,110,40,2,49,53,150,75,144,8,80
red,121,75,2,52,100,72,13,151,9,45
red,31,102,2,63,148,90,75,6,24,66
red,31,58,3,138,148,90,75,121,24,82
blue,103,40,150,51,82,31,75,140,29,70
blue,74,75,19,29,153,107,111,21,137,53
red,31,46,140,51,119,107,75,121,116,93
blue,0,75,2,51,121,43,60,64,29,108
red,74,75,53,51,100,107,58,1,76,99
blue,112,98,139,24,96,151,75,55,9,46
red,36,75,64,137,53,31,77,143,129,80
blue,97,77,64,52,100,151,75,2,129,70
blue,43,130,1,133,70,127,75,121,76,96
red,59,75,151,54,45,25,102,124,76,15
red,117,75,104,24,93,112,141,1,49,45
red,0,107,56,9,70,18,75,121,17,79
blue,78,58,1,17,71,74,22,148,49,53
red,134,13,68,24,53,74,75,3,106,45
blue,43,46,64,109,96,39,75,143,137,53
blue,144,75,43,17,53,0,58,1,9,119
red,123,75,32,24,37,31,38,1,29,153
red,22,111,140,8,70,74,75,150,9,128
red,131,75,158,136,16,0,97,143,116,5
blue,0,75,121,29,153,101,13,140,17,6
blue,74,65,35,17,80,107,38,121,76,15
blue,103,149,56,116,53,112,65,114,106,82
blue,47,75,159,85,118,77,27,151,51,119
red,0,142,138,17,66,112,75,55,49,45
red,143,38,43,49,82,77,75,129,51,9
red,137,75,138,76,96,90,91,124,116,93
blue,146,75,56,17,119,136,117,125,29,53
red,110,65,89,156,119,36,75,139,136,53
red,59,142,121,17,71,0,75,2,49,108
red,88,75,55,129,45,78,38,121,116,128
red,18,125,35,109,108,77,65,1,29,128
red,112,40,159,51,158,43,60,121,24,124
red,74,54,151,137,100,112,94,89,76,5
red,0,134,155,109,53,37,58,150,133,128
blue,0,134,2,106,128,47,102,124,51,53
red,107,155,143,52,14,101,84,151,129,70
blue,91,38,150,157,46,0,65,6,76,128
blue,35,54,34,116,153,107,23,69,85,27
blue,114,86,140,76,124,112,94,2,9,100
blue,112,65,138,24,96,110,40,158,51,82
red,95,74,144,116,139,0,13,2,17,93
blue,0,40,2,76,4,107,61,140,106,71
red,18,54,74,17,79,90,13,143,24,53
red,19,125,94,120,53,74,46,64,76,82
red,74,26,3,76,14,59,46,19,17,53
red,81,149,55,136,100,152,146,71,76,124
blue,112,58,26,29,96,114,40,155,156,70
blue,62,40,140,29,158,0,142,159,76,66
blue,37,65,11,133,74,110,46,56,76,96
blue,150,102,136,109,108,88,142,143,17,119
blue,88,28,1,49,158,34,84,136,116,119
blue,22,142,158,52,99,62,40,138,147,80
blue,90,58,120,76,118,42,38,121,54,108
red,152,40,7,50,128,18,97,55,147,53
blue,0,46,143,51,80,62,40,159,116,109
blue,152,13,144,76,153,123,75,143,69,80
red,152,13,1,129,153,41,97,3,17,71
red,105,102,131,106,158,155,26,72,51,82
blue,62,38,143,17,150,34,54,110,24,93
red,62,38,140,24,70,18,23,150,109,82
red,114,141,122,17,128,62,65,55,9,12
red,42,44,144,24,93,90,141,64,17,80
blue,25,130,56,51,70,62,40,143,29,66
blue,62,61,143,50,12,37,98,150,17,45
red,62,61,155,52,128,18,125,124,106,80
blue,101,84,1,8,70,62,61,109,49,96
red,62,61,143,133,70,38,27,140,85,118
blue,62,61,55,49,71,138,125,38,133,70
red,48,5,89,17,109,152,38,7,69,53
red,110,38,151,24,139,103,86,2,17,127
blue,18,46,143,24,91,101,61,140,76,119
blue,0,84,1,116,45,112,67,155,51,12
blue,36,26,151,9,93,74,23,133,17,53
blue,22,77,3,116,45,151,23,56,51,82
red,97,98,133,29,158,0,23,94,24,82
red,154,13,1,133,14,101,111,11,63,70
blue,22,142,157,137,45,107,38,57,24,66
red,90,61,19,116,109,107,40,32,76,14
blue,107,146,32,17,119,31,27,56,24,66
red,107,65,26,133,153,3,38,125,109,119
red,107,65,2,51,128,48,26,155,49,93
blue,47,104,142,51,82,107,60,159,106,93
red,107,30,121,8,111,0,98,26,29,153
red,95,130,19,137,100,107,97,26,50,81
red,131,130,1,51,82,107,58,32,49,93
red,107,141,33,52,100,151,87,26,24,66
red,103,13,33,29,14,107,125,121,51,4
blue,81,60,143,106,93,107,145,11,8,45
red,107,40,151,116,70,77,37,150,24,96
blue,0,117,143,17,80,107,23,6,106,82
blue,107,5,121,106,82,47,60,19,29,80
red,131,60,71,69,80,43,26,11,52,100
blue,107,98,140,76,93,77,58,109,9,128
red,88,84,52,133,153,107,154,138,8,119
blue,59,38,143,65,80,91,125,2,63,153
blue,107,115,11,9,79,135,125,144,24,153
blue,48,125,132,24,126,121,141,143,49,119
red,31,155,132,69,119,3,75,121,156,153
red,34,134,144,29,119,47,102,143,17,108
blue,19,28,155,133,96,127,125,89,9,53
red,42,125,2,29,153,88,102,6,109,119
blue,43,60,2,109,80,35,134,150,76,158
blue,74,149,109,49,119,48,134,121,106,158
blue,34,130,73,29,12,0,38,140,49,119
red,97,107,121,17,12,115,113,89,106,126
blue,146,113,6,106,82,90,58,56,9,108
red,43,65,55,51,109,6,125,155,106,5
red,150,74,151,17,128,48,94,6,106,160
red,34,98,6,156,16,107,142,32,17,71
red,114,58,109,24,96,18,134,6,8,118
blue,0,38,158,147,45,101,25,1,24,80
red,74,87,55,76,53,22,91,138,106,159
blue,36,46,121,76,119,0,27,155,106,110
blue,72,78,159,52,128,39,46,122,116,119
red,0,149,124,51,119,43,38,87,50,70
blue,48,60,145,116,4,151,74,138,106,93
blue,137,125,56,17,120,89,74,22,24,119
red,103,74,64,49,119,151,124,7,51,15
red,3,74,148,51,4,135,60,64,29,79
blue,104,65,19,116,108,88,27,125,133,139
red,90,38,32,29,79,47,154,19,133,140
blue,18,65,19,9,15,22,74,124,8,128
blue,110,74,144,76,99,57,111,121,49,15
blue,74,145,105,95,100,112,78,124,24,45
red,151,107,120,76,5,22,91,1,17,53
blue,110,13,89,9,100,103,78,155,95,53
red,0,74,6,133,153,34,13,11,9,70
red,88,74,34,116,71,2,44,150,106,108
blue,0,37,143,29,119,90,74,57,76,5
red,40,74,64,17,45,151,86,144,24,128
red,35,111,26,24,45,31,74,55,133,96
blue,2,74,155,17,53,151,65,89,116,153
blue,20,78,140,51,93,150,74,121,9,100
red,150,74,143,129,99,42,77,0,54,12
blue,36,74,2,133,53,22,40,121,29,12
blue,90,54,94,76,16,103,74,26,51,79
blue,36,125,143,116,9,150,74,159,133,53
red,18,74,140,129,5,103,154,143,24,99
red,78,98,155,49,93,107,74,71,63,70
blue,9,60,32,54,148,146,74,21,49,119
blue,18,58,121,116,9,131,74,1,51,45
red,104,23,155,116,128,135,74,1,51,70
blue,135,74,144,133,70,85,40,1,147,45
red,146,74,121,26,93,2,141,48,17,120
red,146,74,43,116,120,34,155,21,51,128
red,135,142,55,76,80,91,74,105,137,70
blue,2,77,121,63,153,57,74,71,76,18
red,0,107,55,29,80,6,155,143,51,158
blue,121,65,2,24,74,36,37,55,137,119
blue,134,38,140,17,119,90,60,64,50,100
blue,78,117,71,17,45,104,142,120,49,14
blue,101,30,144,9,158,34,38,26,17,128
red,43,107,103,76,108,114,38,56,17,12
blue,90,86,124,69,45,145,88,56,51,100
red,111,78,47,17,12,90,38,55,85,82
red,59,86,125,133,136,0,38,94,157,45
blue,151,142,53,106,96,18,65,2,76,148
blue,0,142,148,136,153,39,145,1,133,53
red,110,87,43,106,128,3,26,150,129,82
red,78,102,44,133,96,114,107,121,106,45
blue,36,98,19,133,159,58,40,56,29,9
red,159,58,151,129,15,59,87,71,49,99
red,90,46,144,106,99,74,58,55,29,153
red,110,38,19,17,148,154,44,1,52,100
red,59,111,121,29,158,31,98,1,49,45
red,134,111,26,129,45,18,149,136,76,82
red,0,130,136,116,128,88,77,1,8,5
blue,37,61,136,150,96,115,124,101,9,93
red,31,113,150,29,100,130,13,64,17,158
blue,57,40,2,51,153,90,58,31,133,45
blue,145,98,68,29,109,110,30,106,17,158
blue,0,5,11,24,45,43,65,64,51,119
blue,91,145,55,52,82,0,54,121,17,45
red,18,102,68,106,119,43,84,64,52,4
blue,112,65,140,136,91,90,77,68,106,126
blue,142,98,144,76,74,25,67,64,106,93
blue,103,154,150,17,123,135,40,68,29,53
blue,107,44,64,29,93,151,146,144,76,9
blue,101,61,56,52,82,18,13,159,116,118
blue,0,78,64,9,15,90,40,121,137,70
blue,123,142,54,24,45,22,74,64,17,53
blue,74,58,124,17,111,123,13,138,76,160
blue,146,124,151,24,160,47,38,143,76,128
red,2,58,6,69,74,31,94,19,87,93
blue,48,26,131,29,128,110,107,56,24,138
red,131,40,143,17,53,22,54,121,106,93
blue,78,30,115,17,93,151,38,64,9,53
blue,137,58,55,17,127,107,13,125,54,128
red,114,13,121,52,128,22,38,1,29,45
blue,145,46,54,29,45,40,23,55,17,108
blue,112,40,151,52,100,150,130,55,29,70
blue,57,142,120,49,53,123,74,89,133,93
blue,31,107,64,51,14,22,40,68,17,91
blue,36,27,6,137,16,107,40,121,106,160
red,103,23,150,116,153,37,125,56,137,76
blue,0,88,64,136,100,2,134,110,17,53
blue,35,38,159,106,100,0,40,143,9,80
red,18,28,2,76,53,54,145,143,29,154
red,0,134,121,52,16,47,58,2,29,66
blue,32,13,2,9,153,20,84,34,29,71
red,36,145,151,54,108,31,58,148,17,79
blue,31,84,0,133,82,43,46,55,9,45
blue,72,38,143,106,66,47,142,121,51,112
red,101,145,143,133,70,104,38,33,106,99
blue,18,61,78,116,45,74,142,125,54,119
red,39,92,19,129,76,90,46,121,24,80
red,110,40,143,17,41,42,142,55,51,93
red,0,145,1,49,96,101,111,121,8,128
red,112,154,120,76,108,74,142,2,51,45
red,0,111,41,29,96,43,75,148,76,14
blue,101,142,120,8,4,18,130,121,51,119
red,91,145,55,51,108,74,98,53,29,148
blue,18,38,11,9,66,0,77,120,106,99
blue,137,28,55,147,93,31,142,132,17,5
red,43,142,64,106,5,121,86,68,17,53
red,101,77,159,9,93,0,134,64,51,154
red,47,134,120,116,70,0,130,127,51,82
blue,78,141,11,76,70,36,142,2,8,80
red,31,38,55,133,5,107,145,140,76,108
red,90,142,93,76,148,121,102,136,133,70
red,34,142,132,51,80,31,38,55,106,82
red,127,60,144,69,12,115,142,143,76,70
red,134,145,159,51,91,0,124,57,106,82
blue,121,65,143,136,119,34,142,89,29,45
red,31,141,124,8,45,3,145,55,17,79
red,110,142,11,150,121,31,79,55,9,100
red,31,67,121,116,53,47,77,105,76,70
red,18,142,56,9,119,37,46,124,106,82
red,125,92,2,63,70,90,141,55,85,119
red,18,145,41,9,119,37,155,121,24,5
blue,90,130,121,129,133,0,87,1,49,12
blue,73,58,150,29,109,6,65,112,24,93
red,90,65,2,49,41,78,124,140,137,108
blue,20,86,144,159,108,112,130,2,17,71
blue,0,92,1,9,70,146,67,11,133,14
blue,0,54,151,52,93,135,60,155,109,108
blue,74,142,140,24,82,101,84,155,109,108
red,22,141,89,50,74,101,23,155,133,70
blue,74,65,150,133,153,35,98,121,76,118
blue,103,13,64,76,9,101,58,122,133,70
blue,90,65,121,133,70,107,13,144,136,100
blue,129,23,120,133,160,22,38,143,17,12
blue,113,40,150,109,108,151,102,6,133,139
blue,2,38,94,129,93,92,111,73,76,128
red,62,58,122,129,45,47,27,159,9,118
red,137,124,155,17,71,81,142,140,95,9
blue,0,46,68,133,41,151,58,138,49,153
blue,110,5,151,133,45,78,38,132,50,53
red,103,27,155,49,9,144,91,93,133,119
blue,57,149,1,24,45,114,102,121,147,153
blue,107,46,155,29,109,151,27,6,76,100
blue,151,142,6,63,4,0,30,155,24,80
red,0,60,6,29,128,35,107,32,106,82
red,78,60,143,50,70,0,38,6,29,4
blue,47,58,1,51,66,134,65,6,24,14
blue,91,46,11,17,108,0,65,6,109,45
red,150,13,6,147,100,31,60,43,29,90
blue,39,107,150,51,108,0,141,124,49,128
blue,90,117,143,24,53,0,102,6,8,45
blue,18,58,55,129,93,150,141,6,29,153
red,151,125,6,133,80,35,134,129,76,158
blue,35,30,143,29,153,0,146,6,147,108
blue,144,46,91,76,83,18,154,89,109,111
blue,103,124,64,106,99,151,30,21,137,66
red,104,38,136,51,82,151,40,158,122,108
blue,78,44,151,76,153,150,40,2,17,128
blue,151,61,143,49,9,18,65,71,8,100
blue,74,77,139,63,70,151,60,55,8,5
red,3,38,2,8,80,59,46,151,133,12
red,18,134,124,29,119,90,77,11,106,123
red,57,65,143,8,128,81,46,90,133,14
blue,34,37,143,9,16,103,84,94,49,100
blue,137,142,73,15,158,74,38,159,29,119
red,37,67,129,147,158,11,38,68,51,108
blue,101,130,1,17,9,74,60,19,147,53
red,152,84,83,17,4,91,125,143,106,100
red,57,134,38,76,46,115,65,56,51,128
blue,62,46,54,129,153,0,13,143,9,108
blue,117,74,140,106,79,154,130,121,85,14
red,150,77,143,116,79,90,37,26,51,14
red,102,23,115,76,66,47,60,155,29,160
blue,107,60,40,17,79,19,58,23,50,128
blue,151,38,121,133,70,54,40,2,106,93
red,72,38,54,17,45,114,23,43,133,100
red,103,58,121,49,160,47,98,21,17,53
blue,121,13,151,106,120,42,125,27,52,4
blue,77,5,109,17,79,155,125,53,9,45
blue,72,146,38,8,70,91,84,3,17,45
blue,31,124,127,51,82,48,30,144,17,128
red,112,38,155,9,96,0,27,122,17,79
blue,0,40,89,133,44,103,67,150,17,12
red,131,88,1,49,108,144,145,55,52,100
red,107,13,120,150,93,135,97,144,106,12
red,91,111,2,106,93,131,23,143,8,109
red,137,44,3,9,159,103,27,157,76,66
blue,151,77,11,106,14,152,111,93,29,53
blue,101,40,64,76,128,18,46,159,116,53
blue,115,28,129,147,96,18,125,26,137,45
red,101,30,151,106,82,114,67,1,137,45
red,41,61,1,49,82,114,13,21,116,45
red,151,146,19,106,74,90,58,144,8,100
blue,88,38,132,76,5,137,65,121,24,74
blue,18,28,120,133,108,0,65,155,76,30
red,0,46,143,17,74,112,61,83,106,96
blue,137,91,143,9,5,22,134,71,106,14
blue,107,141,159,116,53,112,155,1,76,128
red,18,13,133,17,79,101,54,129,69,82
red,92,84,155,76,82,135,65,1,17,14
red,114,97,43,49,128,131,155,11,8,92
blue,34,86,2,49,128,39,65,143,150,12
blue,95,134,26,17,14,20,84,155,29,119
red,31,77,159,49,53,112,13,140,17,100
blue,0,13,55,17,53,103,88,115,136,54
red,90,38,129,54,128,57,65,122,52,93
red,31,155,120,138,153,123,92,140,137,45
red,114,84,34,54,92,18,60,32,17,119
blue,101,142,144,9,148,35,58,121,17,70
red,22,27,138,29,93,78,155,32,8,82
blue,88,84,121,150,93,78,27,151,76,96
red,110,28,104,17,108,37,102,43,29,153
blue,95,154,56,51,82,144,60,151,76,9
red,114,75,19,29,128,101,154,140,76,82
red,123,46,33,137,79,36,67,139,51,82
blue,115,142,143,29,160,36,67,2,49,96
blue,31,97,89,133,96,18,67,114,95,45
blue,112,134,121,29,119,103,67,159,116,100
red,103,61,121,9,70,78,40,3,51,53
blue,151,146,19,51,14,57,40,121,29,53
blue,0,94,143,29,53,18,141,2,9,45
red,143,134,43,29,53,90,38,1,133,71
red,31,67,109,76,93,90,87,11,17,70
blue,110,75,64,52,66,112,67,155,76,100
blue,0,38,11,51,100,92,58,148,116,12
red,112,60,158,51,128,0,142,143,137,79
blue,43,78,144,17,160,47,23,34,51,70
red,47,54,94,51,119,22,92,150,133,93
red,90,98,73,24,158,53,60,144,17,70
blue,151,130,121,51,82,18,102,33,147,14
blue,115,60,140,50,139,39,38,27,24,128
blue,112,125,53,76,70,91,58,32,17,158
blue,43,141,143,76,5,0,134,109,17,100
red,146,60,143,29,70,0,98,6,106,93
blue,47,67,155,49,71,36,87,140,17,53
blue,112,60,143,24,14,107,141,64,17,79
red,0,60,121,51,100,78,46,140,109,96
red,2,98,151,50,93,72,142,121,9,45
blue,0,124,94,76,80,43,54,3,17,71
red,34,13,2,106,82,22,61,64,76,96
blue,101,65,136,29,45,36,102,89,52,66
red,150,94,1,133,96,101,13,124,52,128
blue,34,111,138,17,53,146,38,143,49,100
blue,43,30,143,9,4,154,40,1,50,74
blue,18,38,109,133,99,101,74,158,116,96
red,39,102,1,17,53,101,40,19,29,12
blue,0,23,122,109,46,90,38,150,120,9
blue,37,38,19,49,82,0,87,11,29,53
red,18,13,120,76,53,36,23,150,17,100
red,110,46,144,116,80,107,23,43,24,119
red,37,65,143,106,120,74,130,144,50,128
red,120,142,122,129,100,90,23,150,49,111
red,43,84,143,17,53,0,65,121,29,100
blue,77,65,19,116,12,18,38,6,51,120
blue,31,87,155,51,112,95,58,41,76,53
red,91,58,144,69,45,117,65,143,106,71
red,136,38,151,120,108,39,77,32,156,45
red,137,86,33,29,120,90,38,121,17,53
red,103,141,105,50,148,90,60,143,116,45
blue,92,38,2,9,12,18,102,143,51,100
blue,34,40,6,29,153,112,44,26,8,96
red,36,38,151,17,108,18,54,144,9,93
blue,101,125,109,17,128,57,87,71,51,111
blue,139,65,132,51,5,2,46,94,54,128
red,107,111,151,51,100,36,102,143,50,53
red,90,84,73,76,45,31,38,56,51,4
red,110,38,55,51,45,0,134,158,129,123
blue,22,28,58,129,80,107,97,1,50,45
red,18,60,139,69,16,81,40,151,76,53
blue,35,102,11,116,118,0,46,121,17,120
blue,31,58,68,29,71,43,134,120,52,12
red,97,38,143,76,74,0,134,89,116,128
blue,77,60,143,116,119,72,38,19,17,45
blue,39,37,91,137,93,97,117,21,9,74
red,112,40,140,137,111,36,23,150,29,120
blue,154,37,110,51,93,112,40,121,29,158
red,39,27,3,51,93,115,5,143,17,45
red,72,27,101,49,93,104,124,150,17,14
red,47,124,150,52,130,38,60,104,136,93
red,90,67,43,17,93,31,98,56,49,82
blue,110,145,11,29,76,22,154,55,17,118
red,39,125,64,9,76,103,13,33,136,100
blue,39,91,7,17,128,0,102,68,24,93
blue,123,98,144,116,92,31,145,121,76,45
blue,103,61,121,8,14,90,38,140,24,89
red,115,13,140,120,126,38,91,2,137,119
red,31,94,140,17,128,135,102,56,51,80
red,78,46,21,51,70,25,91,158,49,9
blue,0,77,55,147,96,90,38,143,29,53
blue,107,23,101,69,80,59,40,155,51,5
red,103,38,144,106,5,0,27,121,116,70
red,35,27,3,17,148,47,40,143,133,128
blue,103,67,90,76,160,107,38,150,157,119
red,31,65,159,8,100,90,38,71,76,66
blue,35,97,2,9,120,103,102,121,116,80
red,101,102,94,138,108,103,65,71,49,112
red,90,130,2,29,128,39,23,150,49,96
blue,74,30,151,29,70,90,154,79,106,4
blue,22,40,19,8,93,112,142,121,17,53
blue,0,46,94,52,130,74,111,2,76,128
red,107,75,26,63,70,90,142,1,106,93
blue,72,40,143,49,12,121,38,139,17,128
blue,112,125,56,106,99,0,38,68,29,153
blue,115,130,33,17,100,114,28,69,51,82
blue,62,38,124,17,100,110,60,143,106,82
red,36,65,121,76,45,88,142,2,137,100
blue,119,67,151,51,99,91,38,6,17,96
red,0,154,68,76,99,31,28,143,137,9
blue,123,84,148,116,9,48,38,121,106,82
blue,22,61,1,17,71,101,75,27,50,153
blue,34,38,151,157,96,0,46,89,49,126
blue,90,60,151,129,96,31,28,55,17,45
red,34,78,125,17,53,57,149,121,50,70
red,101,40,19,120,53,74,75,121,51,82
red,101,154,2,9,71,38,37,151,8,80
blue,0,46,140,29,119,43,91,11,51,93
blue,90,46,144,49,53,34,38,1,78,71
red,34,87,139,136,79,150,65,1,50,4
red,74,87,38,133,70,10,88,6,9,45
red,22,54,151,17,79,48,91,159,76,12
blue,101,65,11,120,80,0,40,55,51,66
blue,146,26,57,9,160,150,46,94,51,66
blue,146,84,55,51,128,112,102,6,29,80
blue,146,38,55,9,74,115,60,21,17,12
blue,115,65,140,51,71,146,98,155,147,27
blue,107,102,121,29,153,146,40,41,51,45
blue,146,97,155,51,158,110,124,3,129,119
blue,57,13,32,129,9,146,40,143,29,93
red,74,27,56,24,4,18,146,136,116,5
red,35,30,151,17,153,146,38,121,76,118
red,146,97,64,76,80,130,23,155,17,71
blue,0,84,155,54,45,146,111,148,133,158
blue,107,77,56,24,93,146,40,41,76,79
blue,101,88,2,8,96,146,134,41,106,5
blue,43,134,122,24,12,146,5,41,50,70
red,22,38,11,29,45,146,58,41,24,71
red,146,60,140,51,79,135,46,94,29,12
red,146,23,151,76,80,74,61,89,9,119
red,146,58,124,49,4,114,134,121,137,153
red,146,30,143,17,99,90,102,155,109,79
red,90,46,143,9,70,146,124,140,49,148
blue,146,130,2,106,153,114,107,42,24,93
blue,0,67,151,17,108,146,30,43,133,45
red,31,67,1,133,70,146,54,151,76,45
red,146,13,64,76,128,110,58,1,51,153
red,62,67,56,8,70,146,154,0,51,37
blue,0,102,20,69,108,146,26,151,133,70
blue,146,145,151,49,15,22,84,71,9,93
blue,0,38,2,76,45,146,87,91,137,53
red,151,60,143,116,119,146,134,35,133,128
blue,37,67,94,24,100,146,13,143,85,45
blue,110,60,138,156,153,146,26,43,50,74
blue,146,86,151,29,119,144,13,124,129,5
blue,97,5,122,9,66,146,30,23,49,158
red,146,79,144,9,12,31,134,19,129,126
red,146,115,110,133,80,90,23,151,109,99
blue,146,5,11,76,80,67,23,150,133,45
red,146,60,144,106,99,150,107,121,63,70
red,146,65,89,76,71,91,111,140,17,9
blue,97,38,143,76,96,146,75,11,137,93
blue,11,44,146,17,99,59,111,35,133,70
blue,103,74,1,17,79,146,58,139,9,70
blue,146,107,56,76,71,151,79,19,49,82
blue,146,84,138,49,93,31,23,26,9,53
red,146,46,1,63,93,78,130,143,116,45
blue,146,65,56,49,142,39,44,150,17,126
blue,0,113,60,49,71,146,58,140,109,53
red,146,102,124,49,71,18,134,136,29,53
red,112,98,20,129,80,146,65,56,49,153
red,90,111,119,137,70,146,30,33,17,53
red,146,65,1,49,159,22,26,150,2,126
red,146,23,155,29,139,62,46,150,15,160
blue,146,84,64,29,12,25,77,140,106,53
blue,22,44,11,17,128,146,98,73,116,100
red,146,78,121,24,45,36,40,2,76,74
blue,146,65,138,106,99,90,40,143,137,118
red,146,134,155,9,119,18,38,143,49,53
blue,34,141,94,157,118,146,13,143,76,153
red,146,46,120,106,93,0,86,143,24,53
blue,0,86,56,76,160,146,124,63,49,80
blue,146,142,64,106,158,0,60,21,109,153
blue,137,146,53,51,93,34,74,109,116,12
blue,137,146,56,29,45,36,65,144,76,15
red,146,113,138,24,119,31,91,155,49,15
blue,146,141,143,63,153,42,75,158,116,70
blue,146,27,140,24,158,36,60,121,17,45
red,0,60,6,17,71,146,154,3,76,84
red,146,60,110,51,153,57,5,151,9,93
blue,131,13,140,54,108,146,98,64,17,45
red,43,75,70,63,96,134,40,56,49,148
red,107,46,33,52,5,88,23,32,8,9
blue,78,91,35,24,66,112,44,55,17,53
blue,112,86,89,17,76,39,13,150,129,66
blue,151,38,138,51,82,3,65,124,133,80
red,18,13,64,106,100,91,40,121,136,66
blue,0,23,143,51,82,151,86,2,49,46
red,123,27,3,76,153,47,125,109,52,120
red,101,23,2,129,9,97,84,64,106,74
red,0,75,144,109,14,18,40,69,9,15
red,103,44,71,137,9,78,86,125,106,99
blue,101,40,26,76,5,39,38,121,106,74
blue,22,107,21,76,133,74,23,3,51,128
red,146,60,21,76,14,59,142,19,106,5
red,46,38,55,106,160,35,98,53,51,93
blue,97,102,143,129,5,114,142,55,106,66
red,22,27,94,106,99,110,111,11,147,100
blue,39,102,120,106,96,150,23,151,17,12
red,47,46,148,133,70,48,44,136,106,99
blue,72,155,143,51,66,22,154,11,106,91
blue,35,60,89,133,93,39,38,11,106,100
red,35,38,144,17,128,0,23,120,106,82
blue,31,23,120,29,108,112,46,33,106,100
red,74,75,0,54,96,57,40,155,109,4
blue,31,97,56,49,108,110,142,140,106,74
blue,18,102,155,109,153,31,78,140,106,5
blue,22,27,151,8,148,31,111,11,24,5
blue,110,60,71,63,74,154,98,140,69,80
red,22,87,140,49,80,150,27,55,109,108
red,0,27,56,76,45,59,102,143,129,53
blue,0,27,124,136,45,36,154,2,76,71
red,36,54,105,147,96,2,141,32,156,80
blue,123,107,3,29,5,151,67,34,133,70
red,67,30,94,122,108,152,78,73,76,123
blue,47,145,55,76,158,137,30,1,51,153
blue,90,30,150,76,99,103,134,19,17,45
blue,2,30,94,116,83,146,60,125,9,160
red,145,134,121,51,14,151,30,56,76,5
red,43,97,121,24,80,36,30,144,76,14
red,2,46,120,106,66,137,23,89,150,93
red,22,28,151,29,153,137,30,19,9,93
red,35,30,120,76,109,43,111,144,133,148
blue,22,58,121,9,153,43,30,11,51,93
blue,135,30,56,69,80,117,13,159,51,53
blue,37,145,43,8,128,0,30,151,85,82
blue,137,30,2,109,108,103,58,6,29,153
blue,103,67,140,76,160,74,30,54,17,9
blue,31,75,143,116,45,154,38,132,109,158
blue,22,74,132,9,45,101,30,125,17,71
red,43,30,159,29,96,31,38,144,49,111
red,110,111,159,9,79,134,30,140,8,14
red,47,30,56,49,119,135,58,121,8,12
red,137,30,56,76,5,135,61,150,51,45
red,34,27,144,76,82,3,86,104,51,153
red,18,88,121,51,12,123,30,140,76,14
blue,101,30,32,17,118,34,23,3,19,82
blue,0,5,121,17,53,110,30,151,133,100
blue,158,30,151,49,124,74,58,1,17,148
red,151,30,56,133,96,22,40,57,51,82
blue,6,102,55,136,79,115,30,144,24,5
blue,43,23,131,29,91,31,27,0,51,154
red,18,30,151,17,12,59,86,131,49,66
blue,91,46,71,29,45,48,30,0,156,53
red,18,60,94,143,120,22,30,63,116,158
blue,48,30,2,8,5,135,149,1,76,100
blue,103,38,55,51,96,54,58,151,17,53
red,47,30,155,109,45,115,58,32,133,70
blue,103,30,2,51,100,90,23,150,76,53
blue,0,154,140,8,9,42,30,121,51,93
red,77,13,143,24,80,0,30,121,9,45
blue,36,84,94,51,96,151,13,144,17,119
red,18,75,139,76,100,13,134,140,17,158
blue,0,142,73,24,118,114,102,144,9,74
red,31,30,35,17,119,81,98,11,9,80
blue,0,46,148,51,14,135,130,1,29,80
red,114,38,143,129,108,57,124,150,24,119
red,47,37,2,85,70,151,98,1,51,41
blue,0,37,21,51,96,59,154,55,106,45
red,0,46,144,24,71,151,38,138,106,82
blue,3,98,55,8,128,5,60,143,29,53
blue,0,111,94,51,74,101,142,68,91,12
red,103,30,55,9,53,0,38,138,17,74
blue,115,60,124,133,158,0,28,37,50,70
red,129,97,121,49,158,36,84,155,54,108
red,57,97,91,17,66,26,46,33,137,96
blue,81,97,143,51,9,18,74,55,17,71
blue,114,142,140,49,41,78,97,11,116,128
red,3,130,143,136,96,74,97,1,76,128
red,2,97,1,29,123,127,40,150,137,70
blue,88,97,143,51,45,0,30,21,137,12
blue,117,37,131,76,5,103,97,11,133,12
red,74,58,23,69,70,18,97,121,49,80
red,18,38,105,129,109,102,84,151,51,45
blue,97,125,26,133,70,127,142,89,116,45
blue,74,102,148,116,53,90,98,71,137,45
blue,0,98,143,24,4,38,23,151,9,93
red,151,46,1,24,45,101,97,159,17,80
red,151,87,120,9,108,103,97,11,81,53
red,127,97,55,133,108,0,111,64,51,82
red,74,27,43,49,53,112,97,151,116,70
blue,90,97,94,129,70,0,26,101,9,100
red,131,97,122,133,70,35,46,139,49,128
red,74,23,43,61,118,47,97,158,17,70
blue,53,97,55,76,118,90,142,120,29,158
red,22,97,71,17,45,90,7,26,9,88
red,0,38,71,109,100,103,75,64,9,37
blue,154,149,56,29,93,31,46,155,137,70
red,137,23,105,49,45,72,98,143,24,93
blue,151,98,11,24,12,0,86,143,133,100
red,101,58,121,29,128,90,23,155,133,100
red,112,38,143,24,45,74,142,121,25,109
blue,151,86,155,49,71,47,40,6,17,66
red,35,27,125,54,12,151,102,148,9,70
red,90,102,56,76,70,0,38,143,116,45
blue,151,38,121,106,4,31,30,148,51,96
blue,3,142,109,29,45,72,97,121,17,12
red,78,125,2,133,70,103,46,143,76,5
blue,0,77,139,24,9,36,61,155,109,53
blue,22,23,104,69,93,19,111,56,17,80
blue,22,38,125,41,96,47,60,2,150,80
red,41,38,121,17,12,22,124,72,29,71
blue,78,61,151,24,53,125,154,150,109,108
blue,0,38,104,76,100,90,84,151,29,45
red,159,142,35,24,100,31,58,64,52,93
blue,92,74,64,116,70,78,46,150,17,71
red,35,46,148,49,96,0,13,143,17,45
red,54,38,70,106,93,53,40,21,49,66
blue,74,54,64,24,93,34,40,19,17,37
red,2,102,29,49,5,37,86,10,17,109
blue,90,23,91,24,96,97,13,143,29,139
blue,25,5,125,76,93,151,46,55,17,53
red,154,27,93,51,96,20,102,3,24,100
red,43,142,136,76,82,48,23,155,17,45
red,72,134,121,116,119,95,5,32,76,45
red,47,58,121,17,70,81,146,56,109,108
blue,36,23,150,24,100,35,13,59,85,45
red,36,23,143,24,120,78,40,151,8,100
red,34,134,140,17,70,65,75,121,24,80
red,102,61,121,17,79,0,107,140,6,92
blue,146,60,121,76,100,37,38,53,51,70
red,0,111,2,9,108,123,67,151,17,93
blue,0,142,21,29,153,103,27,155,76,100
red,48,30,143,106,4,0,46,37,76,80
blue,88,154,151,54,100,18,67,143,150,45
blue,36,125,11,29,100,0,46,89,52,96
red,101,58,124,17,119,18,23,33,24,96
blue,18,40,1,24,100,25,87,142,51,45
blue,0,13,158,147,96,18,58,127,49,93
blue,31,27,6,116,119,144,58,53,136,100
blue,98,67,43,109,71,35,125,64,133,53
red,31,23,150,49,96,2,54,136,76,100
blue,112,75,158,24,96,88,58,11,139,153
blue,110,124,3,29,93,103,13,139,51,66
blue,134,13,64,133,153,120,142,3,76,45
red,103,38,54,76,96,113,40,143,52,14
red,154,40,159,109,108,90,23,151,29,153
blue,127,40,125,137,100,78,145,129,109,96
blue,144,75,151,133,45,22,102,26,29,148
blue,0,130,140,50,119,3,77,89,49,96
red,0,61,144,76,99,39,13,155,17,93
red,18,134,44,133,71,101,40,64,150,70
blue,35,98,140,52,66,0,130,64,133,96
blue,0,61,140,133,100,107,149,124,129,96
red,144,98,122,29,118,34,40,2,9,128
red,38,65,11,17,71,18,23,132,29,12
blue,134,60,143,17,71,115,75,1,54,93
red,115,60,87,17,80,47,23,94,49,53
blue,114,98,121,49,153,18,113,2,17,82
red,115,102,140,24,100,151,58,121,69,71
blue,18,23,155,29,119,0,54,64,133,9
red,85,38,2,76,45,151,58,140,29,108
blue,114,97,148,106,46,115,30,1,8,119
blue,18,134,55,8,100,0,111,23,24,45
blue,145,26,151,9,96,115,23,155,17,53
blue,0,65,105,51,109,18,26,148,17,12
blue,135,26,136,150,93,107,40,56,139,96
red,18,60,89,85,53,110,154,26,50,70
red,18,5,155,51,93,34,94,139,24,82
blue,115,13,121,116,160,90,134,109,54,74
blue,115,142,2,17,133,151,38,155,54,138
blue,110,38,124,52,91,43,92,68,106,100
red,78,58,155,17,12,43,130,144,50,153
blue,91,102,104,137,45,115,58,121,9,70
red,115,28,121,29,128,135,40,89,9,153
red,19,142,121,133,9,18,54,2,51,119
red,78,13,155,136,82,31,74,159,76,128
red,18,130,109,51,14,47,58,1,85,153
blue,0,130,26,129,153,78,60,144,76,118
red,62,98,121,147,12,135,58,150,133,153
red,18,61,143,109,45,91,13,155,120,139
red,88,38,83,24,100,115,141,6,17,148
red,57,75,94,49,82,18,130,144,9,45
blue,135,58,143,129,12,113,154,140,9,93
red,135,65,138,17,91,103,13,55,76,5
blue,90,86,68,51,45,36,75,33,76,9
red,48,58,104,76,45,0,65,148,69,80
red,78,58,151,54,119,115,27,53,150,82
red,115,13,143,17,53,38,117,157,76,12
red,154,58,55,116,100,18,92,143,137,70
red,0,130,77,116,128,36,142,64,29,80
blue,103,13,139,8,82,18,67,64,50,126
blue,115,67,155,137,100,36,46,143,150,120
blue,115,38,144,9,79,47,61,155,51,53
red,115,67,31,49,9,39,30,151,17,82
blue,62,65,55,9,120,0,13,158,51,128
red,115,77,19,76,82,0,30,11,133,99
red,125,78,120,116,119,18,134,11,76,74
blue,134,38,158,51,37,107,58,43,49,96
blue,37,98,55,150,53,74,58,1,17,71
red,13,107,144,17,118,83,58,3,69,80
blue,102,92,144,69,4,57,78,121,51,99
red,146,154,89,133,119,134,46,143,51,93
red,134,84,151,129,14,57,92,140,8,128
blue,134,92,121,51,128,103,98,59,49,82
red,31,30,159,137,45,35,154,37,76,53
red,102,28,159,133,109,150,65,19,51,96
blue,69,97,143,17,66,34,13,159,76,126
red,37,58,159,106,93,144,94,57,9,53
red,35,117,159,76,109,135,87,21,24,16
blue,78,40,143,9,119,101,145,159,76,153
red,127,60,140,17,53,0,75,159,133,153
red,22,58,159,116,126,134,40,121,69,153
blue,135,23,110,17,45,144,54,155,29,153
blue,78,38,159,51,12,137,65,150,50,93
red,0,13,120,17,9,36,28,32,49,148
red,22,75,159,51,114,25,23,138,116,93
blue,22,38,159,63,114,39,65,105,51,91
blue,0,134,158,106,99,3,91,143,63,70
red,152,38,159,63,70,0,125,124,143,83
blue,146,58,150,89,30,0,40,159,24,70
blue,2,102,121,76,80,0,98,33,133,70
red,144,46,155,17,80,53,60,2,137,45
red,0,141,144,24,45,150,38,37,50,80
blue,150,130,136,116,128,72,141,139,51,100
red,115,102,159,63,80,18,134,2,9,79
blue,134,30,159,17,119,107,133,121,51,70
blue,134,58,159,29,76,101,60,55,17,119
blue,74,58,56,17,80,112,142,159,76,100
blue,57,155,122,8,71,144,46,124,52,160
blue,18,124,56,116,128,150,134,11,49,119
red,0,124,143,69,53,77,13,32,54,5
blue,0,46,151,54,108,43,13,121,133,70
blue,0,155,140,76,70,22,154,109,9,108
red,88,87,148,24,93,90,130,122,50,128
red,18,38,2,76,100,37,111,69,133,82
blue,74,58,20,24,128,90,30,155,17,3
red,18,134,1,49,100,90,94,68,51,96
blue,91,98,159,17,119,43,94,140,129,158
blue,88,61,121,24,160,37,154,3,76,128
blue,43,98,55,76,14,47,65,57,69,16
blue,31,60,121,108,53,101,130,56,9,70
red,103,38,139,76,153,47,154,155,49,6
blue,34,23,159,17,119,74,142,136,24,45
red,121,13,55,9,80,145,65,144,17,118
blue,0,84,19,24,14,145,46,139,69,93
red,77,67,109,49,14,112,38,121,133,70
blue,150,149,126,76,70,101,38,122,29,5
red,57,125,122,116,53,25,142,15,76,108
blue,78,30,122,133,53,0,79,121,49,139
blue,112,155,122,76,100,53,46,89,51,119
red,73,75,122,52,100,145,40,1,51,108
red,0,142,122,109,93,90,111,151,24,9
red,35,23,3,122,108,0,142,2,116,79
red,110,107,143,51,5,0,98,122,17,12
red,0,134,26,17,53,74,142,122,129,82
blue,74,40,120,17,45,134,38,138,147,14
blue,18,141,144,17,70,151,145,89,76,119
blue,31,54,47,17,70,74,67,150,106,14
blue,90,91,121,24,158,35,26,151,76,9
blue,103,125,120,76,79,123,54,89,24,14
blue,110,84,2,51,74,0,92,144,106,82
blue,18,107,120,51,53,110,98,144,29,160
red,74,86,89,76,66,78,58,151,109,108
red,101,40,121,116,45,95,46,33,133,82
red,36,65,144,9,119,114,102,3,17,70
blue,115,98,43,51,41,113,142,7,85,160
blue,74,134,89,76,153,103,44,143,24,45
blue,22,40,121,63,70,78,149,151,24,45
blue,39,142,121,49,9,103,87,120,76,153
blue,39,145,151,9,14,91,58,53,24,96
red,34,97,150,9,119,77,23,151,76,128
blue,77,5,55,69,82,78,61,43,9,119
blue,0,27,144,17,119,110,75,53,24,71
blue,53,102,43,116,118,11,46,31,51,70
blue,42,154,144,116,109,103,142,6,49,93
red,18,40,15,29,45,20,60,143,69,80
red,78,142,43,133,45,131,134,113,76,80
blue,39,40,71,17,45,18,92,120,63,12
red,0,46,21,24,100,22,149,129,50,41
blue,0,28,143,9,45,59,67,142,24,70
blue,31,84,93,51,120,35,58,43,106,14
red,25,98,124,17,100,53,77,64,76,37
blue,0,142,89,133,114,2,46,33,69,16
blue,78,26,151,52,100,0,111,104,9,45
red,34,134,143,17,100,35,141,11,76,70
blue,18,23,101,76,53,123,58,2,17,16
red,151,61,2,29,53,101,23,132,76,139
red,107,38,63,9,99,151,23,109,76,139
blue,101,84,94,51,100,18,142,33,63,45
blue,22,134,56,9,96,59,98,136,51,100
red,135,65,26,8,128,43,27,151,133,100
blue,121,65,89,24,100,0,5,148,76,66
blue,110,65,57,76,100,47,78,155,25,80
blue,18,134,151,25,139,0,40,89,116,153
red,78,141,94,137,100,146,98,143,133,109
blue,78,88,89,69,148,90,40,159,17,139
blue,150,58,140,29,139,0,154,89,133,70
blue,0,98,1,9,100,31,154,55,76,109
blue,78,38,151,116,118,0,67,55,17,100
blue,34,142,121,109,128,114,154,150,9,139
blue,13,65,37,51,14,103,125,71,76,139
red,74,88,56,29,100,35,65,37,76,82
red,3,88,64,76,70,2,98,1,9,139
red,78,46,37,76,139,2,86,140,29,119
red,90,117,23,137,139,62,134,78,106,4
red,152,142,148,49,108,103,38,139,29,93
blue,0,142,120,49,53,37,65,150,106,82
blue,112,54,159,8,119,110,60,121,9,108
blue,103,23,155,136,108,31,61,121,76,119
red,0,111,139,49,128,62,58,11,76,153
blue,22,27,121,17,6,59,46,143,106,45
red,127,13,150,51,96,137,84,151,17,99
red,151,98,150,76,139,0,134,55,17,12
blue,0,58,143,51,126,3,13,2,76,53
red,78,67,43,129,126,101,23,150,76,12
blue,19,130,143,49,93,22,38,159,116,126
blue,22,91,121,133,153,110,125,143,9,70
blue,31,125,159,106,82,107,40,64,76,74
blue,151,38,121,24,4,110,46,55,76,99
blue,0,60,159,69,153,31,74,143,51,82
blue,31,134,1,51,160,18,88,138,49,53
blue,43,40,23,51,99,34,38,155,139,128
red,34,74,69,9,5,137,75,124,17,71
blue,103,28,155,29,53,0,46,78,133,45
blue,152,142,144,8,96,150,60,37,136,53
blue,0,154,121,52,126,152,46,138,109,5
red,18,58,158,106,74,88,142,7,51,53
blue,104,86,89,76,53,90,142,159,29,140
blue,22,23,151,150,93,0,13,121,85,45
blue,22,142,148,51,108,110,13,71,76,119
red,103,67,144,24,133,150,54,121,17,70
red,18,23,144,157,21,47,75,138,24,118
red,154,60,143,51,14,90,98,26,29,45
red,90,142,68,76,15,22,75,121,24,12
red,72,84,155,76,128,22,142,140,129,96
blue,151,28,70,24,1,91,67,129,50,108
blue,110,65,35,122,160,18,142,2,50,12
red,151,86,19,51,154,115,54,150,76,5
red,47,142,1,49,153,0,46,64,51,74
blue,95,142,121,116,12,127,98,151,8,70
blue,34,65,143,50,99,57,142,56,129,4
blue,43,28,150,17,153,74,86,8,133,96
red,18,46,109,17,70,144,113,94,76,80
red,47,58,11,17,126,134,60,143,85,119
blue,136,98,155,133,70,20,142,55,76,12
blue,104,155,94,137,80,57,23,125,116,9
blue,72,142,1,17,53,48,65,140,76,82
red,144,145,6,17,53,152,77,55,8,160
blue,152,88,150,17,160,47,13,143,76,119
red,22,38,90,24,159,0,142,55,76,100
red,102,46,159,52,82,142,38,124,17,45
red,59,13,139,17,53,0,125,148,106,93
blue,72,13,143,8,96,22,38,109,129,93
red,59,60,93,52,5,78,88,143,76,158
blue,36,58,139,9,14,22,46,121,52,128
blue,22,38,139,49,9,47,13,158,52,96
blue,95,130,11,24,80,47,40,140,17,100
blue,22,98,144,51,14,48,134,121,110,108
blue,0,13,144,17,70,35,141,55,24,37
blue,22,44,121,51,99,38,75,2,78,108
blue,37,40,143,9,12,0,87,64,17,53
red,97,75,150,109,148,90,87,144,137,82
blue,103,54,3,51,74,70,61,93,109,90
blue,110,13,133,8,70,18,84,151,49,12
red,72,40,139,116,81,115,74,143,137,70
red,90,154,143,51,16,103,61,105,9,5
red,43,154,143,76,16,101,13,56,51,66
blue,139,154,94,136,12,109,98,62,76,128
red,137,154,1,17,128,22,13,3,29,139
blue,114,154,150,49,53,34,130,144,17,100
red,121,154,93,29,70,90,111,75,116,100
red,0,154,139,51,82,110,141,143,116,70
blue,22,111,154,49,74,0,134,157,51,70
red,22,58,121,29,53,36,154,139,51,41
blue,103,154,131,157,153,31,98,143,49,9
blue,151,77,19,133,9,31,111,1,76,119
red,143,46,22,109,128,19,44,124,49,93
blue,102,142,104,24,119,31,67,155,106,128
blue,31,23,155,129,128,110,60,104,51,108
blue,31,155,121,69,45,103,13,54,17,158
blue,103,60,120,76,66,31,27,155,9,119
red,31,141,155,29,53,35,125,1,9,109
red,31,26,155,17,128,35,97,109,76,126
red,31,155,2,29,108,34,27,144,17,160
blue,112,84,155,29,124,78,65,151,9,71
red,81,97,89,52,158,31,67,155,143,53
blue,31,154,155,76,53,136,40,90,8,70
blue,35,134,56,51,74,31,54,155,50,70
blue,151,145,143,51,5,18,54,94,50,70
red,18,23,155,76,99,74,125,35,69,80
blue,31,155,54,106,148,0,30,129,116,119
blue,31,155,143,29,93,107,38,1,51,82
red,90,38,68,137,158,18,155,1,24,74
red,131,54,121,116,45,35,155,2,9,53
red,112,155,111,116,153,121,97,2,29,70
blue,135,38,120,24,126,112,155,143,54,93
red,31,155,1,24,126,90,111,89,50,12
red,131,155,1,29,153,43,107,121,69,12
red,81,40,1,9,100,131,54,151,69,126
red,131,54,68,29,82,43,23,155,137,153
blue,31,60,138,106,100,43,124,36,63,70
red,31,54,155,17,80,110,142,109,136,45
blue,57,125,120,50,14,31,87,55,17,139
red,31,54,94,50,12,62,58,155,76,53
blue,72,58,138,8,45,137,113,26,24,70
blue,31,13,155,49,93,57,38,64,17,100
blue,31,134,155,63,70,101,65,136,133,158
red,31,60,1,29,53,135,65,120,52,119
red,101,92,140,9,153,112,23,125,52,93
red,31,124,155,106,126,90,134,1,29,5
blue,146,60,143,51,153,112,125,32,49,119
red,112,60,56,50,45,134,38,143,9,12
red,31,155,138,24,93,0,141,21,50,118
red,31,142,155,137,14,112,30,105,8,128
red,37,27,3,24,119,31,125,1,129,15
blue,31,26,155,137,45,36,40,144,51,128
blue,115,113,159,8,45,31,84,155,83,108
red,31,28,155,76,128,114,23,150,50,12
blue,115,46,1,24,14,31,23,155,69,126
red,31,111,155,133,70,110,30,3,8,128
red,31,84,155,49,82,47,28,68,51,12
red,105,58,151,29,128,0,102,56,24,93
red,62,27,136,49,12,135,102,155,17,53
red,53,30,55,133,126,146,60,143,50,119
blue,18,40,43,54,66,74,65,56,137,44
red,22,46,140,52,91,2,145,35,116,53
red,115,61,78,147,45,0,28,155,106,5
red,74,61,56,106,82,0,145,57,17,53
blue,140,23,121,150,100,151,65,7,50,70
blue,92,37,56,150,45,18,75,19,116,70
red,115,23,151,137,100,34,65,2,52,9
blue,47,13,144,51,45,36,23,35,29,111
red,115,23,35,49,53,131,38,2,51,12
red,123,111,143,51,93,146,86,144,129,80
blue,74,134,120,76,79,22,88,53,106,82
blue,110,145,121,150,160,37,26,43,8,128
blue,37,141,56,133,70,78,98,143,76,160
blue,91,5,121,129,93,18,77,19,147,45
blue,47,117,143,76,6,91,84,151,17,45
red,152,141,155,109,14,78,104,43,129,119
blue,107,40,68,51,123,74,111,155,24,158
red,110,23,150,51,12,78,130,136,133,119
red,107,86,124,9,153,57,65,155,116,45
red,110,23,91,51,9,35,102,19,49,128
red,154,98,143,24,5,22,87,56,133,100
red,31,74,158,133,100,107,26,155,29,45
blue,151,98,26,109,119,74,134,101,17,71
blue,22,38,124,9,70,112,98,56,29,119
red,130,74,68,133,5,39,40,158,51,90
blue,37,130,64,8,118,62,102,1,17,53
blue,42,86,139,69,16,90,142,56,17,100
red,90,65,64,49,54,22,38,121,106,53
red,90,61,19,116,9,112,40,56,49,109
red,59,88,94,129,15,112,60,68,17,100
blue,0,142,121,85,14,112,102,136,133,90
red,101,38,11,17,126,31,145,121,156,70
red,37,38,55,17,71,143,40,18,52,5
blue,119,24,114,85,45,43,38,155,138,9
blue,90,46,136,50,53,135,28,1,69,45
blue,101,60,121,133,93,37,40,73,106,100
red,90,65,53,50,128,112,27,94,17,109
red,31,104,121,8,90,88,23,10,51,82
red,114,86,105,106,82,151,26,3,9,74
blue,36,75,138,24,70,110,111,2,147,100
blue,0,111,78,8,158,53,92,57,76,119
red,144,149,124,129,100,0,102,109,49,80
blue,35,40,159,8,74,114,38,109,76,4
blue,18,98,68,9,160,131,38,159,17,71
red,48,75,3,51,82,35,58,1,76,158
red,151,38,56,24,158,47,54,125,76,45
red,90,142,54,24,126,3,84,43,76,82
blue,114,40,43,76,108,0,23,150,8,158
blue,34,134,159,50,158,74,46,155,17,53
red,103,40,109,17,128,31,23,151,150,158
red,53,155,2,17,158,152,146,21,137,119
blue,2,141,155,116,119,103,38,1,29,158
blue,39,65,121,129,120,0,74,154,17,158
red,103,38,26,24,45,47,40,139,17,158
blue,53,60,73,116,45,74,154,94,49,158
blue,3,28,131,147,153,39,130,157,51,158
red,57,60,155,116,158,121,61,25,29,12
blue,57,40,144,129,66,42,130,121,49,158
red,110,65,114,29,158,25,102,121,17,100
red,137,98,2,133,158,88,134,121,51,53
red,131,67,151,17,53,37,58,144,9,110
blue,144,111,150,9,96,151,113,121,17,120
red,0,58,159,17,100,151,78,68,76,154
blue,34,77,109,85,91,112,46,124,76,9
blue,135,58,144,17,79,57,38,125,9,53
blue,31,23,155,29,96,18,87,26,17,80
red,18,91,6,116,9,62,84,11,29,118
red,0,13,121,49,12,72,38,138,76,119
blue,101,154,158,133,5,74,40,138,17,128
red,22,154,91,54,45,112,75,68,9,70
blue,0,87,2,29,15,74,60,148,129,70
blue,134,111,105,29,121,25,60,26,144,9
blue,151,102,155,76,14,47,28,158,116,93
red,47,111,120,29,12,0,65,2,17,45
red,20,40,125,150,80,115,102,64,147,123
blue,112,61,54,29,119,47,111,121,9,153
red,101,44,55,116,96,53,111,26,49,93
red,18,154,155,157,12,31,111,55,116,158
red,2,111,132,129,74,90,28,0,9,93
blue,150,44,151,109,16,144,13,94,133,9
blue,43,28,155,29,45,154,61,75,109,123
red,113,111,125,49,128,81,146,129,29,92
red,103,27,120,29,100,31,54,82,106,150
blue,135,44,144,9,108,22,87,120,17,53
blue,0,141,144,51,70,62,87,1,8,128
blue,48,141,132,24,5,31,26,104,29,45
blue,22,141,121,129,12,18,23,119,50,82
blue,62,60,140,29,148,145,98,143,76,93
red,0,91,21,109,93,134,40,122,76,111
blue,101,27,3,106,100,31,75,121,24,45
blue,35,40,43,109,118,110,124,0,9,53
blue,39,134,109,133,93,46,97,11,76,96
red,110,142,2,24,0,18,102,136,76,37
blue,44,88,2,76,128,115,13,143,52,5
red,0,91,1,137,12,43,38,54,24,93
blue,42,38,157,9,45,47,155,143,8,128
blue,135,54,157,29,14,39,98,91,109,119
blue,18,40,137,133,100,31,65,21,51,9
red,146,13,55,137,12,0,23,150,51,119
blue,131,28,90,76,158,0,134,155,49,153
blue,107,65,143,133,100,90,46,55,76,82
red,92,23,143,51,128,90,38,121,116,153
red,81,28,150,51,80,78,86,2,76,119
blue,22,27,129,56,82,35,38,140,69,80
blue,19,102,159,51,153,0,13,140,76,45
red,22,113,3,52,126,151,97,124,17,160
red,88,84,121,136,128,131,26,155,76,14
red,33,141,3,9,80,2,74,155,49,108
blue,90,95,57,29,153,74,102,55,9,15
blue,72,65,1,49,148,137,26,142,9,41
red,91,155,32,51,9,152,23,124,76,71
red,90,46,55,9,99,103,75,121,133,70
red,47,134,144,54,53,22,65,143,133,70
red,115,23,155,9,126,131,94,144,51,16
blue,72,38,56,29,82,0,141,6,9,96
blue,101,84,68,129,93,22,154,143,133,128
blue,112,75,56,116,148,36,60,121,29,53
red,90,141,143,106,5,151,77,104,133,153
red,152,38,143,17,99,31,30,150,29,153
red,101,38,68,136,128,2,37,150,120,45
red,77,125,140,133,153,74,84,3,76,93
blue,35,27,151,109,93,62,124,129,76,99
blue,115,86,54,17,53,31,38,55,29,82
blue,43,113,121,17,45,53,61,1,133,80
blue,37,107,125,50,158,31,111,143,106,154
blue,25,58,144,133,96,57,134,1,150,93
red,103,28,120,150,66,112,88,53,51,100
red,114,65,1,76,45,0,86,124,51,109
blue,159,61,101,76,45,150,23,37,137,128
red,22,46,157,17,119,18,155,143,49,53
red,152,67,56,106,4,36,142,64,116,100
blue,152,13,124,76,119,47,98,159,129,100
blue,39,75,121,76,70,110,107,56,106,82
blue,112,13,139,76,45,18,40,64,29,14
red,0,84,155,17,66,18,60,148,106,100
red,150,125,143,69,16,90,65,56,106,4
red,22,113,1,17,53,43,38,89,9,100
red,131,58,11,51,100,146,13,120,29,53
blue,112,87,101,116,70,150,98,55,52,82
red,0,130,1,76,100,112,87,143,129,80
red,74,142,6,9,128,20,38,68,63,100
blue,112,61,2,116,81,121,155,120,137,45
blue,103,46,2,24,80,18,67,112,17,45
red,74,98,2,9,12,114,60,23,17,70
red,78,102,3,106,79,22,46,143,9,14
blue,0,92,150,51,121,35,28,2,50,70
blue,144,30,94,17,53,112,23,155,51,108
red,22,30,33,129,96,135,84,140,17,158
red,88,30,94,24,82,47,155,144,51,100
red,150,30,11,133,148,112,23,143,24,119
red,34,28,155,9,70,0,30,94,29,80
blue,18,65,124,29,119,140,30,101,63,70
red,43,30,29,8,126,54,13,150,17,9
blue,119,28,155,24,100,74,30,143,106,80
blue,114,30,121,51,45,137,40,140,109,99
blue,57,30,37,24,45,0,134,120,136,53
red,114,13,91,8,45,142,30,144,24,82
red,110,30,124,29,71,90,65,1,8,108
red,0,75,121,133,45,22,30,56,109,108
red,31,30,150,17,71,22,60,2,76,70
red,135,30,94,29,158,125,84,68,133,70
blue,115,155,143,116,153,151,30,140,76,9
red,34,30,26,51,53,31,107,136,150,100
blue,58,30,26,24,5,115,13,43,109,16
blue,88,124,140,29,9,74,60,132,8,154
red,4,67,137,129,93,110,30,121,17,16
blue,104,46,19,136,14,2,30,151,51,93
blue,110,54,19,29,45,38,30,121,137,93
blue,47,102,55,133,45,41,30,151,116,123
blue,101,58,121,106,99,36,30,32,29,12
blue,31,65,122,29,53,41,75,120,17,126
red,74,98,55,51,114,41,134,19,29,119
red,123,65,55,109,100,146,54,34,24,82
blue,88,27,155,85,79,36,40,2,137,82
blue,0,146,143,50,82,39,23,150,51,16
blue,47,60,143,116,74,0,61,122,51,66
blue,36,146,72,116,45,137,58,53,17,93
red,97,58,139,24,71,103,61,55,9,119
blue,0,154,32,76,45,110,67,55,51,70
red,34,146,21,76,53,110,26,143,24,82
red,101,146,109,17,15,39,142,31,51,14
red,90,107,55,129,119,42,61,29,109,93
red,74,61,119,76,15,3,134,120,17,109
red,103,145,136,156,153,36,40,121,76,30
blue,0,61,105,50,100,123,142,19,76,5
red,18,84,6,17,45,107,134,148,29,118
blue,90,155,124,76,160,48,142,53,17,71
blue,18,102,44,50,108,43,67,140,9,153
red,0,13,121,85,14,95,58,7,106,128
blue,90,102,144,133,126,103,40,155,54,110
red,103,134,140,109,93,112,46,32,133,70
red,103,102,1,106,82,31,46,55,9,128
red,74,98,109,76,5,22,27,125,52,14
red,79,40,158,133,53,107,102,155,24,41
blue,0,27,73,133,118,135,102,64,157,158
red,131,84,151,50,66,90,111,143,49,158
red,2,102,140,76,128,34,22,132,9,53
blue,0,111,144,17,9,62,30,150,106,45
red,151,65,159,17,108,103,46,2,147,96
red,36,86,1,49,15,110,67,26,106,108
red,158,75,121,9,128,103,23,155,50,70
red,62,91,148,76,70,115,103,138,17,119
red,114,58,122,63,3,103,5,64,17,71
blue,31,134,1,76,70,101,88,26,9,126
blue,103,98,109,9,70,74,54,155,76,128
blue,131,111,124,8,100,2,142,29,54,108
blue,110,60,11,49,160,154,111,71,8,128
blue,144,65,3,9,160,151,84,2,29,100
red,144,125,136,17,148,137,97,21,54,5
red,144,60,3,69,45,1,58,92,8,66
red,22,26,143,29,128,18,5,11,76,46
blue,90,130,1,51,53,22,46,2,116,70
red,95,142,39,150,53,114,13,155,29,153
blue,0,46,15,69,45,107,149,1,49,128
blue,154,67,150,76,108,0,54,151,17,79
red,137,149,83,29,45,74,37,150,63,4
red,151,94,144,76,138,123,84,64,49,74
red,46,130,55,76,37,97,142,136,24,153
red,0,61,56,29,14,35,142,19,106,45
blue,74,94,155,9,153,47,86,20,29,45
blue,154,46,1,106,91,39,38,129,15,128
blue,74,98,150,49,54,22,28,155,29,100
red,43,98,89,51,93,39,13,53,129,119
blue,115,65,140,24,120,114,54,150,49,148
blue,2,58,69,106,119,0,65,136,8,45
blue,34,38,1,54,5,43,102,121,25,96
blue,0,154,143,106,153,22,13,56,76,158
blue,103,117,2,50,70,22,23,59,8,123
red,22,75,159,106,82,110,65,156,51,126
red,47,111,109,76,158,43,13,68,24,70
blue,0,102,21,17,72,114,38,35,76,158
red,0,30,56,129,158,18,26,20,29,45
blue,43,23,159,50,70,138,74,150,133,100
red,0,149,56,8,123,146,54,94,150,154
blue,22,38,124,116,80,110,61,19,9,119
blue,78,65,43,129,93,102,77,144,51,41
blue,0,98,56,106,100,110,134,159,116,108
red,88,27,56,8,128,18,98,19,51,79
blue,120,40,143,17,119,22,54,91,133,70
blue,74,58,143,106,12,11,23,150,24,93
red,0,134,56,76,9,19,155,97,8,123
blue,78,46,56,133,53,34,125,47,76,139
blue,78,65,148,49,9,0,38,120,17,15
red,0,58,19,133,80,90,124,125,106,79
blue,31,38,122,51,82,0,60,41,137,66
red,18,125,55,49,66,47,38,89,17,79
blue,0,38,56,116,153,22,40,132,76,4
blue,36,75,21,17,148,74,38,55,76,128
red,31,38,1,51,82,18,23,3,133,154
blue,90,134,56,17,96,39,38,94,156,160
red,67,38,26,24,16,90,13,143,51,96
red,57,60,23,85,128,135,86,32,17,12
red,18,142,23,76,9,110,134,32,109,158
red,90,134,121,133,128,0,40,1,49,82
blue,20,13,32,76,45,41,154,1,24,9
blue,32,54,155,133,70,151,134,55,50,158
red,137,46,155,116,96,78,98,3,156,93
red,25,46,121,50,53,119,86,1,17,71
blue,91,84,1,85,81,22,111,33,76,128
blue,151,65,1,51,79,0,88,159,150,4
red,25,130,1,49,15,22,107,143,69,80
blue,31,5,1,76,9,18,60,2,50,108
blue,59,58,151,51,12,107,142,1,106,82
blue,78,13,1,106,99,135,142,139,51,74
blue,22,134,26,51,93,62,88,120,29,111
red,31,65,1,51,158,22,133,55,9,82
blue,30,75,155,76,126,38,87,1,106,100
blue,103,75,143,17,128,37,65,6,76,93
red,53,60,64,133,158,112,40,94,17,71
red,0,134,23,150,99,135,61,55,129,133
red,107,134,151,51,153,103,84,2,49,41
red,0,74,89,17,82,31,84,53,51,128
blue,18,46,32,116,120,0,26,89,17,53
red,34,98,55,49,74,90,46,143,8,119
red,37,13,121,49,119,151,88,140,24,96
red,123,130,104,51,140,25,23,155,129,93
blue,115,84,2,133,45,135,13,55,157,82
blue,36,26,155,24,14,74,134,1,29,12
blue,18,75,2,133,70,151,146,65,24,53
red,78,46,140,76,119,36,87,155,9,80
red,62,98,132,8,44,2,28,43,106,93
blue,37,102,64,17,153,35,75,139,9,45
blue,34,65,155,136,70,110,27,2,17,100
red,152,75,64,138,96,151,107,34,54,74
red,137,102,64,51,82,152,65,121,49,148
blue,35,23,121,49,158,0,84,120,9,108
red,72,58,104,29,96,37,60,143,133,99
red,134,61,64,8,128,78,46,140,76,82
blue,103,117,105,116,79,74,58,55,76,128
blue,90,142,2,76,128,110,23,121,136,12
red,127,23,151,129,66,144,149,1,76,128
blue,131,142,37,29,53,34,23,132,51,128
red,103,65,34,49,5,48,23,125,17,71
blue,151,75,10,147,96,107,23,94,24,82
blue,0,84,150,76,4,146,23,101,8,128
red,22,23,139,9,12,31,13,55,133,70
red,2,46,23,17,82,107,67,3,76,80
blue,107,65,139,116,119,103,98,158,76,126
blue,18,23,150,51,12,31,98,144,29,99
red,47,23,26,17,80,37,13,121,24,53
blue,103,84,151,9,45,0,23,89,106,128
red,3,23,26,116,70,117,78,159,9,158
red,150,46,144,137,70,91,28,151,133,96
red,0,38,159,63,100,74,77,109,76,5
blue,90,46,159,50,128,74,40,148,116,100
red,107,130,1,24,5,137,102,140,29,153
red,0,87,94,29,99,43,23,150,76,96
red,74,130,148,51,14,31,102,140,29,158
blue,92,40,56,49,14,88,125,68,138,4
blue,107,46,148,17,15,18,102,33,69,74
blue,127,87,121,76,80,74,102,140,63,70
red,113,40,139,51,66,101,84,150,137,80
blue,24,13,121,29,80,78,124,91,49,82
blue,103,78,151,51,16,31,98,53,17,81
red,43,125,55,17,45,3,124,143,76,82
red,107,102,71,51,148,22,46,1,133,109
blue,103,40,121,109,99,22,58,56,29,119
blue,103,61,136,51,5,0,124,93,29,53
red,117,60,143,17,132,45,65,1,51,82
red,0,37,143,51,108,117,98,56,133,93
blue,0,27,150,29,9,103,142,121,76,74
red,137,124,101,52,70,90,146,56,17,119
blue,117,74,150,17,12,37,46,67,29,79
red,47,37,121,29,108,110,67,144,76,9
red,34,92,56,29,4,112,77,73,106,99
red,35,40,11,29,111,131,60,124,49,96
blue,115,154,11,49,45,57,60,46,17,71
red,151,87,106,76,53,18,84,133,51,93
blue,90,23,129,51,5,39,61,48,29,16
red,135,141,83,8,100,57,149,53,133,70
blue,151,54,121,17,96,31,30,129,109,119
red,18,46,2,51,70,0,111,120,29,109
blue,90,77,143,17,53,110,61,136,29,64
red,0,77,33,17,71,127,145,110,49,14
blue,20,84,94,17,45,3,65,121,29,109
blue,107,23,155,69,119,130,134,129,109,139
blue,31,77,64,129,53,150,5,140,17,99
red,112,142,1,116,15,90,13,89,49,110
blue,56,145,122,49,16,74,84,2,69,12
red,18,38,26,76,41,31,102,71,17,12
red,36,65,143,133,100,135,145,140,29,96
blue,90,61,64,51,96,36,40,143,8,100
blue,43,134,56,156,45,19,46,2,69,80
red,43,28,159,51,45,19,30,129,29,119
red,112,142,121,51,108,0,97,148,129,93
red,47,22,56,17,82,110,40,122,116,15
red,47,142,68,9,45,81,46,2,129,5
blue,47,46,56,17,12,114,74,151,29,148
red,107,61,78,29,9,92,38,148,109,118
red,0,61,121,51,74,101,97,54,52,79
blue,114,60,3,51,93,18,75,83,76,71
red,43,27,125,137,53,146,38,56,49,118
red,107,13,1,106,66,0,94,56,29,108
blue,0,84,105,29,119,22,61,143,17,45
blue,47,75,143,29,93,0,61,11,51,80
red,18,58,140,49,12,35,46,1,76,74
blue,127,154,89,29,12,114,46,143,51,110
red,36,13,124,29,91,31,28,64,51,9
red,22,13,105,17,119,36,58,143,63,70
red,34,134,89,49,9,151,40,26,129,126
red,78,124,150,51,71,25,46,1,9,70
red,3,149,155,54,45,59,46,125,76,5
blue,31,98,105,49,53,47,142,121,50,153
red,47,23,11,29,0,36,40,159,76,158
blue,107,94,1,106,96,31,87,143,50,99
blue,95,26,53,29,100,101,13,151,17,132
red,40,38,55,29,108,0,102,114,106,148
red,103,23,94,51,128,131,145,71,137,158
blue,57,58,155,29,118,151,37,3,17,80
blue,47,46,2,50,153,31,84,155,51,74
red,57,92,64,29,46,37,102,155,116,12
red,74,117,21,29,53,0,23,155,17,120
blue,107,88,121,49,80,127,98,140,8,158
red,22,130,55,51,93,135,40,140,116,153
blue,0,117,21,109,158,110,102,11,17,45
red,47,67,109,49,128,18,58,120,29,153
red,104,58,121,24,4,72,23,151,76,80
red,22,98,68,76,126,62,130,11,51,93
red,18,130,89,129,100,36,5,23,51,93
red,62,74,33,76,82,47,58,23,29,53
red,18,125,121,51,154,152,142,140,17,120
red,11,28,129,51,74,114,65,56,50,70
red,135,40,148,49,126,145,30,143,24,118
red,5,23,150,29,45,18,26,141,133,128
blue,35,38,114,9,153,113,13,132,51,82
blue,74,130,121,17,45,107,75,33,51,93
red,74,84,150,85,108,145,65,148,133,16
red,145,102,2,51,82,43,75,121,76,79
red,90,98,143,69,153,110,87,2,17,71
red,18,125,19,116,5,0,23,150,109,82
red,101,46,89,133,70,31,27,136,116,53
blue,22,130,2,76,4,90,75,121,133,37
red,31,75,79,76,45,107,77,89,17,5
blue,101,67,59,49,80,31,91,143,51,45
red,88,27,155,17,70,115,125,140,49,160
red,135,65,11,76,45,25,75,139,17,153
red,103,125,138,8,70,90,67,151,51,118
red,0,141,109,17,119,110,74,144,24,128
red,25,134,89,133,153,145,37,144,51,5
blue,78,125,64,24,139,31,154,55,133,80
blue,31,155,140,156,96,0,60,143,76,100
blue,90,134,129,51,74,36,154,140,133,53
red,57,58,125,133,96,81,92,143,49,158
blue,18,60,104,51,45,77,38,140,133,100
red,90,102,124,51,6,110,65,7,17,158
blue,137,125,7,133,70,151,117,144,24,118
red,22,58,121,29,12,126,60,2,136,82
red,39,98,143,129,82,31,141,71,133,100
blue,77,23,121,9,70,18,46,21,133,80
blue,135,74,129,51,160,78,75,68,76,66
red,18,111,43,133,109,0,141,32,17,80
red,19,61,101,133,80,31,60,55,24,119
red,151,23,150,63,100,47,30,21,24,45
blue,78,65,151,76,96,2,30,150,133,70
blue,77,141,143,29,14,36,38,1,133,70
blue,39,142,143,50,79,107,134,151,76,53
blue,110,87,6,49,12,18,91,1,17,70
blue,115,142,78,17,120,22,74,26,133,108
red,57,145,61,76,128,31,40,19,69,80
blue,90,65,143,17,70,18,124,74,76,108
red,70,13,109,29,33,34,38,105,8,100
blue,35,30,11,50,70,18,60,1,76,119
red,107,65,151,17,70,47,94,1,133,45
red,22,146,104,129,100,74,107,143,116,4
red,90,28,109,51,99,0,134,54,17,53
blue,0,115,2,29,12,151,154,56,133,153
blue,112,111,124,63,53,43,86,7,106,93
blue,36,111,59,76,4,110,65,143,63,70
blue,22,142,159,106,82,103,130,109,133,4
red,31,91,124,133,45,131,97,152,24,100
blue,0,60,143,29,70,97,61,64,51,66
blue,101,142,11,49,148,102,130,83,133,100
red,18,94,144,133,66,36,154,23,136,108
blue,0,134,148,49,66,62,130,139,76,80
red,47,26,2,51,93,22,60,143,17,119
blue,92,23,56,29,70,77,86,140,9,82
red,74,102,121,133,70,151,60,144,51,45
red,110,142,19,76,70,0,130,121,9,128
blue,74,87,121,52,79,97,60,144,17,71
red,101,121,144,29,158,22,40,140,17,12
red,18,98,121,8,83,131,107,140,51,14
red,123,13,11,133,70,22,130,1,136,159
red,22,84,11,69,100,65,77,1,50,82
blue,31,26,11,69,80,54,46,23,116,70
blue,31,86,56,133,100,38,26,120,52,128
blue,112,111,59,8,110,103,87,140,106,82
blue,34,98,136,8,16,129,142,122,76,93
red,0,46,143,51,128,134,38,139,106,91
red,0,88,121,76,128,107,149,56,129,82
red,158,65,144,49,119,22,28,54,106,100
blue,158,40,124,50,128,90,38,71,49,5
blue,88,87,74,51,45,112,117,20,17,12
red,131,23,150,52,158,81,60,109,24,74
blue,22,98,55,129,158,74,40,151,133,153
blue,150,44,144,17,71,34,38,1,51,9
red,53,40,56,17,128,22,98,154,51,119
blue,31,142,94,9,108,0,30,43,17,53
red,67,65,6,8,128,115,40,140,109,9
blue,115,134,56,17,53,77,154,151,8,119
blue,25,61,33,50,119,37,27,155,116,100
blue,0,46,140,133,9,92,61,7,17,45
blue,123,30,150,9,12,90,46,143,116,74
blue,155,88,144,116,70,72,38,64,50,80
red,114,13,121,136,135,90,97,2,129,153
red,0,13,1,8,12,110,67,143,17,53
blue,74,142,148,17,118,37,23,155,116,82
red,90,61,132,76,70,88,40,73,17,9
blue,0,111,37,52,100,127,113,151,29,9
red,101,23,150,106,128,151,30,56,129,108
blue,135,27,43,116,148,22,54,155,133,53
blue,81,98,124,17,66,72,130,150,137,53
blue,9,38,143,49,53,0,13,34,122,71
blue,90,98,55,133,158,0,141,138,8,70
blue,81,23,143,69,82,22,77,120,109,93
blue,0,40,43,54,79,125,5,19,29,128
red,123,75,158,29,80,117,97,150,54,45
blue,137,134,89,50,153,117,125,132,76,120
blue,78,124,150,147,45,117,65,32,76,128
blue,42,142,121,133,70,117,23,150,85,45
red,115,23,27,29,81,117,142,19,51,53
red,22,88,94,9,70,117,84,143,49,82
blue,142,13,21,150,121,117,74,6,51,93
red,47,142,33,137,12,117,40,125,8,9
blue,117,88,6,17,108,22,44,151,76,53
red,117,111,19,76,9,88,30,146,106,100
red,117,13,56,137,158,25,75,121,51,4
blue,103,75,139,24,12,117,98,157,69,80
red,117,102,56,157,80,90,98,155,17,66
red,13,111,109,137,5,117,77,89,138,100
red,117,142,53,49,128,146,23,121,133,80
blue,117,142,121,147,82,18,58,32,116,119
blue,117,38,121,76,82,90,40,140,147,53
red,57,102,121,17,109,117,40,115,29,153
blue,117,38,1,52,128,2,23,150,29,100
blue,74,88,2,106,93,117,28,43,49,128
red,117,142,56,133,71,107,13,136,108,128
red,117,134,1,17,158,137,142,125,76,12
blue,117,130,143,29,148,151,87,48,109,108
blue,47,124,151,133,12,0,60,6,17,79
red,107,141,144,51,82,0,13,136,49,121
blue,0,46,143,50,45,31,65,64,133,80
red,0,75,56,17,53,110,102,64,49,45
red,37,28,43,17,53,101,23,106,76,5
blue,47,86,138,133,70,31,38,143,17,128
red,110,134,2,17,53,22,154,106,54,93
blue,135,124,94,147,45,90,130,56,49,119
red,36,46,136,17,128,0,28,10,133,153
blue,18,38,121,17,79,31,65,10,8,14
blue,90,46,11,29,45,0,134,6,51,14
blue,103,98,1,106,5,134,88,32,51,128
blue,154,30,129,24,119,31,86,68,133,70
red,48,30,151,49,119,0,142,71,24,148
red,59,46,143,17,71,123,26,155,51,93
blue,72,13,1,133,139,35,107,68,69,41
blue,121,27,155,52,100,135,26,105,76,9
blue,22,40,2,137,80,110,65,56,156,70
red,43,5,155,133,159,0,38,140,156,71
blue,35,102,32,76,71,39,65,144,17,45
blue,0,130,55,76,53,95,87,143,24,128
red,31,84,6,50,12,35,134,32,17,45
red,78,65,124,17,128,36,38,1,85,70
red,43,102,55,17,153,35,146,23,63,108
blue,78,54,150,76,93,115,102,64,17,71
blue,134,23,143,116,139,131,37,120,49,159
blue,151,141,124,24,93,26,149,7,54,82
red,34,30,11,51,93,114,65,143,76,79
blue,31,145,89,49,158,127,102,6,17,109
red,78,60,55,76,4,62,40,41,9,70
blue,151,98,120,51,153,43,142,19,29,9
red,136,84,71,116,70,37,23,155,76,100
red,115,28,6,50,80,59,65,19,52,128
blue,47,27,150,51,126,110,65,120,129,66
red,31,65,94,19,126,36,102,89,133,30
blue,134,13,105,17,158,74,65,120,8,119
blue,90,65,89,106,93,22,113,125,49,148
red,110,65,2,76,128,90,60,19,106,82
blue,18,102,159,76,53,78,46,144,17,128
red,135,142,160,106,45,18,134,2,133,70
red,92,86,121,116,14,0,60,56,9,100
blue,31,94,2,129,128,134,67,150,8,12
blue,34,98,64,9,100,151,142,71,133,45
red,151,102,64,17,160,0,58,150,137,15
red,137,98,56,109,74,152,142,144,51,12
red,131,78,144,51,12,34,60,89,106,5
red,131,102,150,19,158,127,5,2,129,45
red,22,134,2,9,74,131,94,32,51,96
red,47,84,38,76,93,31,40,53,49,160
red,67,125,121,17,45,90,58,1,76,128
red,85,40,64,49,66,112,38,2,147,41
red,115,38,56,106,74,114,65,155,24,70
blue,48,154,136,9,70,2,38,26,51,119
red,57,141,151,51,158,121,46,19,106,82
red,114,46,155,51,5,18,102,53,116,110
blue,0,46,121,69,99,109,38,140,106,80
blue,91,67,95,116,118,90,146,56,8,100
blue,25,13,11,76,53,48,46,43,85,30
red,91,46,3,41,119,72,113,37,106,153
red,131,46,140,76,53,151,5,129,122,100
red,88,92,3,76,5,22,46,157,9,53
red,22,46,159,76,53,34,65,143,129,70
red,25,38,6,24,128,36,125,26,63,70
blue,81,61,121,51,14,123,86,155,133,119
red,31,78,121,9,80,77,46,144,17,82
blue,90,125,144,9,108,0,65,157,133,70
red,127,60,89,116,108,48,38,140,109,45
red,0,46,143,8,119,95,26,74,51,45
blue,78,38,143,50,82,39,74,151,29,120
blue,0,38,121,148,93,114,142,21,133,153
blue,107,142,140,49,158,0,40,19,51,160
blue,74,97,11,51,119,135,142,155,17,5
red,35,142,79,156,53,74,38,89,133,100
red,93,125,144,9,15,36,54,150,119,108
red,47,98,94,29,74,152,92,93,51,53
blue,113,98,144,9,70,112,146,2,17,45
blue,97,27,89,29,108,110,77,143,24,100
red,3,134,115,9,45,137,130,143,147,93
red,48,38,2,49,12,39,111,151,133,80
red,95,111,104,106,37,22,54,136,49,91
blue,72,65,26,17,118,18,102,104,54,80
blue,53,60,68,49,93,13,102,19,54,45
red,22,125,139,49,4,59,38,94,133,119
blue,0,60,68,49,108,62,102,121,106,128
blue,150,92,140,106,4,65,67,6,49,96
blue,0,130,63,49,9,6,40,2,17,120
blue,151,134,38,29,158,103,61,64,49,74
blue,137,44,156,29,159,90,154,151,49,93
red,70,141,68,51,99,158,87,49,106,93
blue,22,26,53,129,153,154,58,56,49,80
blue,37,58,26,137,53,143,141,11,29,108
blue,18,60,121,29,53,127,46,138,24,128
blue,18,13,121,9,74,0,40,55,133,158
red,0,125,138,17,93,115,58,143,106,110
blue,20,13,55,51,82,90,40,138,129,45
red,48,40,10,24,93,124,65,121,129,100
red,72,60,64,52,139,88,102,140,51,45
red,18,134,109,49,15,117,74,144,51,66
blue,42,27,150,76,45,119,60,121,29,12
red,47,77,55,137,14,60,5,56,69,120
blue,43,38,19,29,71,0,58,55,69,45
red,101,26,55,106,153,78,58,6,76,16
blue,35,95,140,50,126,22,125,33,106,5
red,135,26,55,76,160,18,23,19,49,158
blue,67,58,136,17,79,77,46,55,49,45
red,43,38,55,17,53,22,98,151,54,80
red,47,154,55,147,96,91,30,155,116,74
red,101,28,159,147,5,35,145,55,51,153
red,146,154,55,69,45,35,28,136,24,100
red,43,23,55,76,74,0,111,3,9,128
red,81,44,33,106,66,67,26,3,50,153
blue,90,98,56,49,148,91,40,121,106,153
blue,107,146,56,24,70,90,102,2,69,9
blue,134,46,121,29,12,0,97,83,69,80
red,90,38,73,17,66,78,145,139,133,14
blue,41,58,138,9,45,0,30,68,49,12
blue,62,23,151,76,109,101,60,79,51,93
red,101,23,144,129,53,2,27,125,49,119
red,117,61,68,120,45,57,67,121,17,108
blue,88,26,56,50,158,37,65,41,133,70
blue,18,26,129,106,4,78,46,148,49,122
blue,74,38,132,76,70,0,26,121,106,128
blue,78,26,34,51,158,2,142,140,106,119
red,53,26,151,51,160,18,134,64,136,79
red,101,130,2,17,100,81,26,115,50,70
blue,22,40,159,9,74,90,141,138,76,133
blue,101,98,55,24,70,18,134,138,17,45
red,22,58,120,24,92,31,46,121,17,53
blue,0,65,122,49,71,22,13,57,29,41
red,110,84,136,85,5,22,38,120,137,14
blue,57,155,121,129,128,123,38,148,49,160
red,18,154,109,17,79,137,13,143,61,128
blue,18,46,140,52,45,65,26,155,133,70
blue,90,65,139,52,5,146,130,19,17,79
red,151,74,1,29,45,90,142,121,76,93
red,101,67,19,51,82,36,23,109,76,100
blue,143,13,137,52,16,72,142,121,17,82
red,31,154,78,106,93,112,86,143,116,96
blue,74,58,26,51,108,137,155,121,150,93
blue,112,102,104,49,158,31,94,63,17,79
blue,0,23,129,9,16,39,46,150,17,82
blue,137,86,1,9,16,110,141,129,29,153
blue,103,38,143,147,66,0,141,151,138,93
blue,18,121,134,106,82,103,30,55,76,16
blue,107,74,150,17,53,112,77,2,133,70
blue,36,65,132,29,96,142,130,11,76,93
red,106,46,124,51,82,151,38,120,76,110
blue,74,46,144,116,158,88,23,93,51,82
red,110,58,143,85,93,88,46,121,109,66
red,39,65,1,116,9,59,98,131,8,16
red,113,142,64,106,82,101,61,11,49,4
red,22,65,143,51,82,0,142,1,29,53
blue,31,75,124,17,100,43,92,122,51,93
blue,131,142,37,129,153,74,84,144,76,93
blue,31,142,143,116,82,0,102,154,54,158
red,102,141,155,144,93,58,84,121,24,12
blue,112,58,121,136,82,107,74,19,52,160
blue,144,65,143,29,93,72,142,159,76,96
blue,142,149,121,6,93,37,58,150,144,128
blue,72,13,59,17,79,123,38,6,106,82
blue,83,38,6,76,93,0,77,140,9,148
blue,151,26,142,133,4,18,38,19,17,82
red,134,125,120,116,82,74,130,150,8,66
red,131,130,11,109,79,62,27,53,106,93
red,0,27,151,17,66,101,84,35,120,71
red,18,46,121,51,71,101,40,1,139,93
blue,110,44,143,139,93,42,23,150,76,14
blue,101,61,2,157,12,131,125,19,17,54
blue,31,30,73,51,4,107,75,121,29,45
blue,101,13,158,17,93,151,98,71,29,118
red,38,94,159,116,12,72,13,71,29,45
red,123,23,3,29,53,110,65,1,49,128
blue,43,46,136,106,82,0,13,148,51,66
blue,25,38,120,51,128,39,23,150,137,45
red,72,26,121,129,5,47,125,71,133,70
red,101,145,104,51,100,47,38,133,29,4
red,131,107,144,150,119,101,13,140,29,93
red,36,30,3,85,66,35,75,159,133,153
blue,91,98,121,129,14,31,88,19,9,119
blue,3,149,1,51,12,74,46,138,49,45
red,22,58,132,17,153,152,88,3,106,45
red,59,38,143,49,148,34,65,132,17,79
blue,123,88,140,108,82,0,58,53,137,45
blue,22,38,143,9,70,123,98,11,17,71
blue,37,13,1,129,93,112,134,63,133,45
red,88,94,159,17,93,31,67,155,29,53
blue,146,13,143,50,70,103,38,140,17,45
blue,3,84,2,50,66,103,40,55,116,5
red,114,111,34,109,153,53,91,136,137,80
red,57,74,6,29,93,45,98,32,76,9
red,123,67,151,15,80,150,27,64,17,33
blue,22,87,142,76,12,78,65,121,116,45
red,144,87,109,106,128,31,142,121,17,33
blue,78,146,140,76,12,137,86,23,50,70
red,36,86,121,109,12,13,44,59,29,45
blue,38,124,151,9,4,101,40,23,54,12
red,101,142,56,147,100,151,125,23,106,99
blue,103,46,64,9,96,90,125,1,69,80
blue,47,40,89,50,53,146,13,120,78,108
blue,101,145,159,106,14,110,98,11,76,96
red,18,111,124,76,119,47,107,121,116,12
blue,31,78,48,116,119,0,65,89,9,45
blue,101,134,121,52,128,47,13,139,129,110
blue,88,102,89,51,96,130,111,55,69,45
red,114,92,37,17,96,31,103,143,51,82
red,158,13,37,76,96,110,86,73,52,93
red,31,23,1,69,100,48,67,151,133,70
red,103,111,138,51,110,88,23,20,106,82
blue,47,111,58,138,33,103,145,121,17,53
red,31,130,124,133,153,103,40,140,106,4
blue,144,84,129,29,128,22,23,150,76,12
blue,62,13,1,29,133,2,38,121,51,96
red,131,5,155,17,114,151,28,56,9,70
red,90,28,155,76,96,78,60,6,50,70
blue,42,30,103,17,119,31,46,155,63,45
red,121,60,122,136,83,57,125,155,51,4
blue,78,149,155,137,153,18,134,2,29,9
blue,88,23,1,49,148,123,28,150,51,100
blue,103,65,26,116,5,74,134,140,76,9
blue,121,134,89,147,70,107,13,144,133,93
blue,121,46,143,76,12,22,134,90,157,5
blue,144,60,146,116,153,44,97,56,137,45
blue,101,28,143,29,128,0,30,2,49,108
red,71,113,110,116,53,11,134,155,69,45
red,18,23,54,24,45,78,125,104,76,93
red,92,46,32,63,70,18,134,68,76,5
red,39,60,26,17,108,31,65,139,76,153
blue,127,38,155,17,100,18,134,121,29,45
blue,2,77,56,51,109,103,102,11,29,100
blue,123,23,139,8,96,0,26,155,136,14
red,22,60,121,17,80,110,107,136,85,109
blue,123,113,53,69,70,36,23,151,106,100
blue,115,65,121,85,93,18,23,94,51,80
red,101,60,89,76,148,146,30,56,29,9
red,92,23,11,17,9,134,142,1,120,108
red,88,134,64,9,4,107,46,19,116,80
blue,0,65,43,29,160,88,134,148,116,74
red,101,134,109,106,100,135,58,144,54,108
blue,0,60,105,133,100,47,65,143,17,70
blue,31,134,101,17,109,36,130,150,52,82
red,36,134,144,136,9,18,58,2,106,53
blue,90,23,151,76,4,110,27,121,9,153
red,18,23,143,24,128,31,134,114,133,71
blue,94,60,31,29,109,0,134,144,76,9
red,48,23,151,49,71,115,134,109,102,30
red,22,134,17,54,109,48,67,151,63,70
blue,90,40,155,54,14,135,61,0,8,119
red,43,86,94,76,12,31,134,23,49,158
blue,47,84,151,76,119,43,60,6,29,45
red,107,134,121,106,82,88,141,7,133,16
blue,74,23,121,49,9,31,134,150,129,128
blue,91,28,64,70,24,31,38,122,76,9
blue,0,155,148,29,153,18,134,109,63,70
blue,117,141,155,133,70,0,46,41,51,91
blue,107,111,1,137,45,110,87,159,52,120
red,110,113,56,133,100,78,30,125,52,70
blue,22,113,11,24,80,110,40,56,133,119
blue,151,102,148,137,119,43,134,143,51,66
blue,101,38,121,116,80,64,134,150,76,159
red,88,40,144,17,79,112,134,64,76,5
blue,144,60,155,133,12,77,40,41,24,79
red,47,27,56,29,108,110,60,120,133,9
blue,35,134,138,49,45,90,142,148,29,158
blue,137,134,64,17,70,152,26,121,49,128
red,60,28,3,106,82,152,58,1,51,70
blue,152,113,144,8,70,60,38,1,17,80
blue,5,134,1,137,70,18,113,140,9,79
blue,101,113,155,138,12,0,60,6,76,148
red,0,134,124,49,93,35,111,143,17,79
blue,72,38,151,76,45,37,28,155,63,53
red,103,38,105,51,5,115,134,143,106,9
blue,31,134,143,133,70,35,142,56,76,80
blue,0,54,2,8,128,131,30,21,76,133
blue,110,134,1,51,128,59,46,121,76,108
blue,152,23,140,76,53,127,98,55,29,80
red,127,13,19,17,45,107,142,151,120,82
blue,127,134,151,157,108,62,40,155,120,80
blue,92,98,132,51,12,137,65,43,29,153
blue,115,107,143,150,96,0,65,19,17,4
blue,103,102,109,17,96,107,38,104,129,119
blue,151,98,138,156,108,135,13,2,63,70
red,59,117,129,17,12,121,98,11,69,80
blue,62,23,150,116,108,35,154,2,85,153
blue,43,38,57,17,71,101,98,143,9,12
blue,115,77,143,76,53,37,130,159,17,100
blue,137,67,19,76,82,35,98,139,51,66
blue,103,58,121,49,80,31,98,143,137,12
blue,74,102,55,17,160,38,98,34,9,71
red,22,13,144,29,126,150,145,121,24,100
blue,36,102,55,76,5,103,98,19,29,12
blue,37,13,121,24,4,154,145,150,106,53
red,115,98,104,9,139,74,75,55,76,45
red,74,46,121,116,128,112,142,11,8,118
red,74,65,94,54,93,112,98,56,29,53
red,101,98,6,137,118,35,74,122,17,109
red,101,40,140,17,71,18,149,56,76,100
blue,74,125,140,133,99,151,142,2,137,70
red,137,154,2,116,108,22,110,64,54,5
red,36,141,109,54,93,22,27,3,136,5
blue,34,134,11,136,93,39,92,1,24,90
red,107,98,159,17,45,131,60,37,133,153
blue,97,54,151,49,93,112,40,148,133,70
red,90,61,121,17,12,35,154,155,51,79
red,107,23,94,49,53,22,142,121,17,12
red,37,61,2,76,119,36,30,103,49,80
blue,72,23,155,49,14,101,92,33,133,153
blue,34,22,37,29,79,78,111,55,9,12
blue,115,87,124,76,45,90,61,55,150,93
blue,19,27,150,76,53,47,92,143,24,158
blue,34,54,151,17,81,74,86,89,49,100
blue,90,134,64,49,15,22,60,11,51,82
blue,47,142,19,106,30,22,58,121,8,99
blue,2,102,151,54,108,110,92,140,69,37
red,59,92,19,69,128,146,46,21,76,12
blue,112,111,121,116,119,74,26,43,9,45
red,37,54,155,116,93,72,60,121,50,119
red,0,134,1,9,128,74,65,7,133,70
blue,151,67,1,8,128,22,54,71,17,45
blue,36,91,122,116,80,110,65,73,8,100
red,18,145,140,76,4,0,102,37,29,80
blue,101,27,144,24,93,22,65,142,76,160
red,137,38,55,29,118,143,54,22,52,93
red,0,142,144,137,74,43,154,124,109,108
red,101,84,20,17,79,114,26,144,106,82
red,114,142,125,9,70,0,86,1,136,108
red,123,40,11,76,9,91,84,56,133,153
blue,145,84,121,17,108,107,111,55,51,91
blue,0,125,1,52,100,101,40,121,29,9
red,88,46,143,136,71,36,65,140,129,158
red,146,154,155,29,93,0,23,150,17,79
red,37,84,142,51,45,110,40,93,29,53
red,31,149,19,29,128,0,60,56,51,71
blue,121,154,109,24,16,0,58,144,8,45
blue,151,149,122,8,71,38,46,68,29,53
red,0,58,121,17,80,101,23,3,29,71
red,103,38,2,29,71,107,102,89,133,41
blue,22,113,121,29,12,0,38,19,17,108
blue,59,113,2,49,45,31,98,23,116,148
blue,0,134,1,116,153,62,46,121,51,82
red,151,65,104,116,158,74,142,134,9,93
red,110,78,104,17,71,0,23,150,76,153
blue,2,46,6,116,76,59,134,43,17,5
blue,91,142,121,8,5,0,58,33,51,82
red,48,142,59,76,45,121,5,151,52,100
red,155,26,94,9,71,18,13,109,49,12
blue,74,87,94,9,12,22,46,56,50,93
red,131,111,94,133,148,2,46,150,51,82
blue,91,40,3,89,12,0,135,94,133,158
blue,154,61,148,29,128,0,27,56,106,45
blue,37,60,143,133,128,2,40,94,24,100
red,134,111,121,51,14,36,54,94,106,5
red,154,27,125,29,16,36,23,155,51,82
blue,74,38,89,24,158,31,134,55,49,128
red,110,154,57,17,99,18,13,144,29,45
red,121,13,21,9,158,112,61,55,116,14
red,78,26,151,9,14,107,77,19,157,100
red,101,84,29,17,100,114,142,94,8,41
red,74,61,144,129,128,88,142,55,29,53
blue,151,142,159,85,45,22,102,56,50,70
red,2,111,89,116,9,37,22,139,29,70
red,103,40,89,109,108,18,102,132,76,118
red,39,102,157,9,12,101,44,140,76,70
red,3,40,2,76,91,151,84,53,147,5
red,95,155,2,76,45,31,26,125,63,100
blue,135,26,94,76,96,134,146,2,9,160
blue,103,60,51,17,53,83,13,94,76,93
red,107,13,2,106,128,88,38,120,53,108
red,107,125,151,9,70,123,38,144,51,153
blue,31,125,68,8,100,112,40,89,106,91
blue,121,130,19,51,122,155,125,33,52,100
red,62,38,11,63,128,0,149,54,76,41
red,22,102,89,52,100,62,107,83,51,99
blue,139,23,138,24,14,97,125,144,49,100
blue,102,58,57,17,71,101,40,158,9,70
blue,37,38,143,9,100,47,30,33,17,66
red,36,98,121,51,118,0,30,159,133,45
red,47,65,53,17,71,78,58,121,8,45
red,110,102,149,29,15,131,141,150,54,119
blue,101,60,41,51,126,22,38,143,106,82
red,35,40,140,106,82,137,84,121,17,126
red,110,141,121,76,82,74,125,124,133,128
red,107,141,143,52,128,47,26,151,24,79
red,103,134,3,150,124,74,38,53,106,93
blue,22,38,26,76,119,74,141,2,129,128
blue,135,142,6,76,109,115,141,3,51,153
blue,110,91,2,129,80,121,40,150,51,14
red,77,98,144,52,128,0,134,1,76,100
blue,123,84,43,106,99,36,141,143,156,53
red,103,38,121,54,100,107,40,41,52,128
red,22,40,89,133,96,112,141,11,69,15
red,151,141,11,51,100,131,78,55,106,74
red,74,60,21,50,16,36,134,151,147,14
blue,35,74,55,95,70,0,23,109,69,53
red,77,23,155,17,53,47,74,89,29,45
red,102,125,55,17,160,94,74,121,147,123
red,145,98,140,76,93,151,74,6,106,153
red,0,74,43,8,93,53,40,37,50,70
blue,74,141,1,76,119,114,77,3,54,79
blue,90,13,151,63,53,0,74,2,29,93
blue,22,84,62,133,124,151,125,132,95,12
blue,62,46,143,156,158,114,13,121,129,96
red,0,78,151,17,93,37,74,150,29,53
red,31,102,2,76,80,110,74,1,24,108
blue,101,107,64,129,110,92,74,2,106,45
red,109,74,43,17,45,42,23,150,106,93
red,31,74,56,116,93,135,13,6,17,1
red,0,134,26,9,91,22,74,144,17,53
blue,146,38,127,69,14,72,102,62,54,108
blue,0,87,138,29,45,72,74,57,24,133
blue,112,125,143,8,79,95,74,151,17,37
blue,103,155,140,123,108,31,74,56,17,53
blue,31,74,148,51,45,19,38,159,24,153
blue,107,149,94,76,45,0,74,5,51,126
blue,22,13,68,85,5,18,74,155,147,153
blue,47,74,122,17,128,31,28,91,29,12
blue,151,154,150,29,128,91,84,73,24,158
red,34,74,68,17,158,22,98,1,76,4
blue,0,142,64,137,93,90,124,143,76,45
blue,90,23,143,69,108,62,28,21,51,128
blue,0,102,151,51,93,31,154,143,76,82
blue,34,142,1,24,82,78,61,159,17,16
blue,31,154,64,9,5,88,23,150,116,119
red,134,84,26,51,119,74,98,64,49,108
blue,77,142,139,49,160,103,38,1,29,9
red,2,86,159,133,93,18,98,68,106,158
blue,22,84,94,106,14,0,98,64,51,128
blue,74,102,19,137,93,88,38,154,106,82
red,77,65,1,61,45,31,60,121,24,5
red,72,58,124,76,53,78,74,11,116,108
red,25,38,143,29,53,135,28,89,133,118
blue,34,98,121,147,96,88,77,140,9,128
red,31,27,143,76,66,47,38,11,139,80
red,0,154,1,63,148,18,58,121,133,80
red,20,13,64,9,93,37,75,150,17,53
blue,34,149,121,116,158,90,30,144,17,93
blue,142,58,124,49,4,0,87,11,17,128
blue,18,67,140,116,45,47,28,155,49,14
red,90,13,129,109,128,35,65,2,106,70
red,103,13,6,17,108,47,26,150,76,96
blue,36,77,143,17,45,107,154,6,51,89
blue,123,58,155,9,70,107,65,143,17,120
blue,151,65,2,49,91,121,23,155,9,158
blue,37,38,19,106,15,123,88,7,8,71
blue,90,65,121,116,45,47,102,143,17,93
blue,3,28,74,76,66,150,54,92,51,91
blue,53,58,19,8,128,101,46,11,157,91
blue,0,141,11,9,91,57,125,89,76,5
red,131,141,56,51,91,101,23,11,17,100
red,6,38,10,76,91,19,40,121,129,96
blue,37,13,150,50,12,151,65,2,29,71
red,90,58,81,50,70,77,130,143,51,91
red,88,30,6,17,91,113,58,56,116,12
red,110,98,3,106,91,0,130,138,51,7
red,131,154,19,49,153,88,86,55,17,148
blue,72,102,144,63,110,75,61,89,106,91
blue,112,23,151,106,14,107,113,150,63,91
red,130,77,151,109,45,91,87,155,76,154
blue,91,40,138,29,153,43,98,150,109,119
red,31,28,2,9,91,43,77,139,51,14
red,0,23,158,106,91,22,141,1,29,100
blue,135,13,11,106,119,42,27,94,51,91
red,43,78,142,76,5,36,75,93,9,66
red,0,27,3,106,82,18,13,143,54,119
red,18,91,121,29,139,110,23,150,50,45
red,78,125,121,150,96,22,58,159,17,71
red,59,154,150,29,9,104,60,34,78,37
blue,22,23,150,137,118,74,134,140,49,45
blue,90,84,150,129,12,104,91,155,49,96
red,0,61,56,9,4,74,58,143,52,119
red,31,40,143,29,12,97,130,64,51,5
blue,88,38,64,137,70,103,23,148,51,82
red,41,58,140,116,70,123,154,125,54,96
blue,18,130,64,24,45,47,155,121,52,128
red,151,46,124,29,118,48,154,64,133,153
blue,18,134,132,51,79,101,65,129,17,109
blue,31,65,94,76,139,0,102,20,109,45
red,146,46,56,133,100,40,54,55,8,9
red,97,46,55,24,45,0,58,159,129,100
red,151,130,23,24,45,78,113,2,133,70
red,151,54,143,116,5,110,40,121,133,45
blue,90,38,109,17,99,22,13,143,51,74
blue,31,40,57,109,53,90,38,143,8,45
blue,130,28,155,17,45,88,145,19,24,140
blue,103,13,64,85,108,131,75,155,54,100
red,53,26,129,49,41,123,38,114,147,82
red,103,26,124,29,53,18,134,64,106,12
blue,144,13,148,116,92,154,58,64,106,82
red,31,124,64,49,80,18,117,140,51,5
blue,123,84,64,17,71,36,155,1,50,79
red,0,65,64,51,12,59,86,21,76,53
red,47,102,1,133,118,112,124,64,51,100
blue,0,38,56,51,111,47,44,55,76,66
red,0,30,133,29,74,72,67,89,49,108
blue,137,44,6,75,114,90,134,56,116,53
red,112,125,143,69,66,90,44,122,24,80
blue,146,65,56,29,80,103,44,156,137,45
red,103,44,136,129,4,31,124,150,49,108
red,43,134,67,54,76,0,40,2,17,154
blue,103,40,121,51,79,0,98,64,29,108
blue,18,26,2,76,99,72,88,68,9,80
blue,78,134,159,137,109,90,44,151,9,45
red,36,38,140,29,14,135,134,26,51,82
red,107,37,129,137,119,90,134,152,29,158
red,103,44,155,50,158,22,38,121,51,93
red,110,54,20,137,80,0,134,105,49,59
red,78,130,151,133,70,72,40,132,15,12
red,91,74,143,76,41,43,44,121,49,53
red,146,134,143,137,100,0,65,1,9,80
blue,110,27,21,116,70,0,142,143,76,74
blue,19,134,105,156,109,95,58,0,120,12
blue,0,78,19,17,79,146,38,140,133,12
red,146,125,139,76,41,107,134,144,17,100
red,146,54,150,29,80,83,84,26,24,53
blue,18,142,148,106,121,81,104,29,129,53
blue,31,28,155,51,126,47,60,2,76,96
red,18,145,64,137,70,35,40,56,52,100
red,0,111,138,85,108,123,26,3,17,14
red,101,102,64,51,91,18,86,143,133,45
red,103,84,44,76,5,31,142,138,133,80
red,0,60,144,51,45,110,84,43,29,119
blue,107,125,64,9,5,74,67,142,133,93
blue,90,60,2,49,93,134,38,143,29,153
red,103,154,114,9,91,47,97,41,52,45
red,103,78,69,74,108,31,30,136,29,154
blue,90,46,19,76,71,34,60,1,17,139
blue,31,58,121,8,12,135,46,2,17,80
blue,92,46,143,116,14,62,13,2,29,80
red,110,142,121,9,93,151,54,94,17,126
blue,9,87,97,129,100,101,141,138,116,70
red,91,84,155,9,80,31,23,140,17,132
red,127,40,64,106,154,88,111,26,137,12
red,137,61,2,136,160,19,46,64,17,12
blue,151,60,136,133,5,25,44,143,76,100
red,107,84,121,52,100,0,27,148,9,4
red,90,84,132,29,100,127,94,121,17,9
red,152,23,138,29,100,22,142,159,52,148
red,78,84,155,76,71,110,91,64,9,54
red,110,28,155,24,119,47,40,1,136,128
red,35,46,155,157,153,151,145,56,9,14
red,18,38,148,17,71,101,46,155,158,70
blue,78,40,143,76,66,110,130,2,54,93
red,151,98,2,51,93,36,134,121,9,4
blue,36,28,155,17,45,35,67,64,95,53
red,35,141,148,24,108,135,46,1,29,45
red,112,102,121,76,5,3,77,32,120,9
red,57,61,136,129,45,35,142,55,49,100
blue,22,40,55,29,5,101,27,121,51,70
blue,18,23,151,116,45,155,102,2,106,16
red,115,38,138,129,139,34,104,159,29,96
red,47,40,125,29,153,90,60,109,137,45
blue,74,38,140,17,53,127,58,56,29,160
red,57,40,37,49,82,18,84,121,17,128
blue,90,13,136,76,119,130,38,104,69,96
red,90,13,2,17,71,22,124,155,29,6
red,2,38,125,29,100,151,65,11,76,80
red,53,98,105,76,153,0,13,20,156,100
blue,90,130,104,8,80,112,86,89,76,100
blue,144,94,43,17,119,103,13,159,69,80
blue,43,23,121,51,93,0,107,159,76,153
blue,0,154,138,129,53,90,111,1,9,14
red,31,46,2,17,9,131,28,151,29,45
blue,90,102,53,156,70,22,74,122,29,80
blue,145,28,86,76,5,73,13,74,29,9
red,90,134,151,51,45,92,130,124,49,70
red,110,142,68,29,153,31,65,64,24,128
blue,110,75,124,116,70,101,38,30,133,119
red,145,46,89,150,99,18,86,11,76,45
red,25,27,143,136,93,59,98,1,76,108
blue,0,111,151,24,53,36,38,143,76,82
red,101,61,56,49,71,31,38,143,17,53
red,112,58,56,49,71,18,141,89,76,96
blue,0,134,10,120,108,114,40,89,17,118
red,22,130,73,116,109,103,134,29,17,12
blue,31,60,1,76,108,43,87,148,29,153
blue,0,38,55,24,80,123,61,158,133,153
blue,59,125,150,51,93,36,40,132,106,153
blue,112,141,6,9,109,146,54,43,129,70
red,0,65,143,109,153,22,98,68,17,71
blue,47,67,1,24,111,22,61,140,9,109
red,123,84,91,9,160,77,26,43,116,126
red,47,92,143,51,99,90,27,150,76,133
blue,110,40,150,51,99,36,88,143,76,93
red,123,154,143,106,37,31,102,121,116,70
red,43,84,19,116,66,22,26,151,147,4
blue,59,46,148,17,9,22,87,138,116,100
red,31,141,1,17,96,43,98,64,50,45
red,18,84,15,50,96,36,44,104,95,109
red,22,102,21,76,5,81,40,121,29,12
red,43,44,11,17,79,0,54,89,49,93
blue,135,86,26,17,128,107,46,11,51,108
red,90,46,2,133,53,115,134,148,51,100
blue,41,86,94,109,71,88,38,11,120,66
red,114,38,11,106,5,90,46,73,50,126
blue,91,60,1,76,158,88,46,11,29,153
blue,22,58,15,116,82,31,23,56,50,45
red,22,60,132,49,53,0,38,15,29,133
red,113,91,1,106,15,22,87,103,51,160
red,90,134,3,109,9,34,145,15,51,158
blue,113,87,159,137,96,74,61,15,76,53
red,37,111,15,17,100,22,142,2,76,12
red,13,40,11,76,5,74,23,150,116,118
blue,0,117,2,76,45,18,40,121,49,12
blue,22,60,109,51,41,0,75,140,17,158
blue,90,46,144,133,70,0,87,55,136,159
red,37,111,151,150,80,0,130,26,69,9
red,19,58,150,147,9,0,60,56,106,66
red,95,60,109,54,5,112,38,57,76,120
blue,107,65,122,17,12,83,154,136,9,45
blue,0,38,148,29,108,31,94,53,51,82
blue,0,84,121,29,108,90,61,3,51,119
blue,90,142,11,17,128,19,134,53,51,70
blue,43,23,151,136,12,110,65,140,29,53
red,90,134,56,49,82,18,40,120,76,153
red,31,125,2,17,45,18,38,140,51,128
red,18,46,94,51,82,0,38,143,116,128
red,123,58,124,76,109,0,13,121,29,45
blue,31,130,121,8,70,74,5,140,76,93
red,131,28,150,129,30,18,27,143,69,153
blue,0,13,1,52,100,18,111,143,133,9
red,0,23,150,91,6,18,46,53,76,111
red,77,5,6,49,108,22,102,68,17,119
blue,18,149,26,8,70,131,141,1,17,79
red,90,38,1,17,71,103,60,143,50,128
red,2,38,26,17,71,0,65,151,76,108
red,0,13,144,129,12,37,91,71,106,82
red,42,125,104,109,12,90,58,56,29,45
blue,28,13,64,9,16,31,26,140,50,82
blue,35,92,3,24,158,112,130,55,76,110
red,74,98,143,49,41,2,58,151,76,118
red,136,155,89,9,45,35,124,11,49,93
red,110,37,155,17,121,72,65,142,51,93
red,74,102,2,76,130,151,97,155,49,93
blue,90,87,56,116,93,101,27,73,106,100
red,25,46,6,76,158,135,124,155,133,93
red,134,102,144,51,93,34,142,139,138,14
red,22,61,11,51,12,0,84,139,29,93
blue,0,58,121,52,93,101,134,115,17,128
blue,112,13,64,29,12,123,65,68,76,80
blue,123,125,3,148,118,77,61,55,116,126
red,123,27,24,69,80,151,75,155,76,139
blue,70,40,32,133,100,123,141,26,29,119
blue,123,154,151,76,120,19,61,132,106,5
blue,0,65,3,109,108,123,145,32,116,45
red,123,75,55,17,71,114,84,151,51,16
red,123,141,56,29,9,151,149,19,137,45
red,123,23,155,29,12,90,77,143,17,14
blue,123,61,2,129,82,18,154,43,17,71
red,123,130,140,49,6,43,58,148,17,109
red,123,40,81,129,119,22,58,56,49,153
blue,101,86,64,129,14,112,98,144,49,96
red,123,130,155,51,119,2,98,69,17,5
blue,123,75,121,17,45,37,38,143,49,119
red,135,111,19,29,120,123,27,150,106,100
blue,18,58,1,24,70,123,28,151,8,80
red,123,98,2,69,80,22,30,136,116,100
red,78,23,151,29,119,123,54,125,133,80
blue,152,75,144,106,82,123,142,56,76,100
blue,18,142,140,8,128,123,30,56,17,45
red,62,30,136,9,100,123,97,89,17,80
red,123,146,143,50,45,22,65,55,106,153
blue,123,30,159,29,93,112,54,155,51,119
blue,25,61,56,106,93,123,130,121,17,15
blue,18,38,120,29,12,123,130,19,109,108
blue,123,54,2,17,76,18,154,94,51,53
blue,123,67,143,150,76,140,146,55,9,74
red,103,40,125,51,80,123,23,129,76,12
blue,31,38,89,17,70,123,142,105,76,99
blue,123,84,63,29,15,107,75,148,133,158
red,123,65,11,17,41,101,84,150,116,45
blue,127,61,144,109,108,65,75,54,17,119
blue,0,142,56,51,118,72,40,83,49,158
blue,35,130,1,9,15,31,60,140,52,82
blue,0,125,55,76,16,43,77,155,9,120
blue,22,46,144,54,45,104,40,121,9,158
blue,151,77,76,129,5,0,92,140,116,16
red,78,46,1,24,82,35,142,143,129,100
red,41,142,129,9,158,0,75,139,69,153
blue,90,98,71,17,24,36,46,32,157,119
red,47,134,140,49,158,78,124,3,76,96
blue,90,125,151,109,99,47,67,70,29,128
blue,110,26,2,51,16,88,77,121,17,119
red,35,155,105,17,15,103,65,144,29,158
blue,31,54,94,49,82,34,107,56,17,153
red,18,26,0,24,16,31,61,158,106,82
blue,25,149,2,29,53,78,65,132,116,158
red,74,38,148,29,128,115,40,19,24,14
red,101,111,148,17,128,39,65,0,150,45
red,43,75,148,133,100,151,13,55,51,70
blue,20,38,26,106,123,127,130,151,136,53
blue,0,107,148,29,9,113,38,159,109,108
blue,110,67,120,51,108,36,40,23,133,93
blue,43,155,148,139,108,19,141,144,24,128
red,34,125,148,17,139,0,61,1,8,80
blue,110,58,140,24,119,74,60,148,17,53
red,34,23,155,136,45,112,65,148,17,120
red,104,54,151,156,45,47,84,158,51,53
red,151,142,148,76,41,53,38,132,147,12
red,0,13,148,9,74,37,23,150,17,70
red,36,38,148,76,53,0,61,144,106,160
red,78,134,53,129,45,115,27,89,106,100
blue,39,86,101,17,118,112,130,2,76,53
red,135,38,55,9,118,31,54,69,24,12
blue,48,26,64,8,128,37,98,53,76,119
blue,0,102,114,24,12,36,23,53,109,108
blue,72,13,53,50,66,47,58,138,51,128
blue,57,78,32,106,74,42,13,33,116,119
red,37,13,53,29,12,57,81,2,76,128
red,43,125,2,24,16,101,67,151,9,120
red,95,38,105,106,5,0,27,69,17,71
red,75,84,94,51,74,22,13,64,17,159
red,18,155,54,136,70,40,111,1,51,53
blue,47,60,56,17,53,20,40,3,51,118
blue,146,67,94,17,96,43,38,121,129,4
blue,103,38,94,109,118,110,46,68,17,158
red,146,84,143,8,70,22,76,64,9,153
red,110,98,143,17,45,18,38,11,51,53
red,88,27,150,76,119,18,67,151,9,70
blue,110,130,1,24,128,90,75,143,9,70
red,131,145,151,17,80,39,130,31,51,45
red,107,98,143,63,70,78,134,55,17,128
blue,77,30,72,24,128,92,13,143,9,119
red,18,26,56,116,128,151,130,41,17,160
red,114,13,143,147,128,41,65,150,24,45
red,47,94,120,29,9,78,40,143,106,128
red,88,26,143,24,128,18,113,89,17,46
red,104,46,32,17,160,25,142,120,69,128
red,31,142,32,29,53,0,54,150,17,45
red,47,142,32,129,80,18,40,132,76,160
red,0,149,32,76,66,18,107,11,50,79
blue,104,141,140,49,12,0,65,32,51,108
red,22,58,71,17,66,31,13,32,29,6
blue,22,65,32,29,15,41,13,89,85,53
red,32,107,124,69,80,155,84,1,17,122
red,78,61,64,116,99,31,141,32,51,6
blue,131,38,32,129,74,43,111,2,133,66
red,0,154,121,69,80,36,133,32,106,128
blue,3,134,32,54,158,151,61,144,52,128
blue,0,134,32,50,100,120,13,3,51,99
red,131,58,122,76,12,34,30,32,29,118
blue,131,46,120,17,108,90,60,32,51,45
red,123,130,32,17,100,154,149,159,29,9
blue,101,91,106,24,53,90,142,64,9,21
red,43,91,32,49,66,9,61,68,17,126
red,102,23,150,50,70,151,13,148,129,82
blue,151,102,26,116,70,37,46,56,133,158
blue,88,74,56,129,14,103,44,68,76,9
blue,47,97,21,49,128,48,114,122,76,45
blue,37,60,143,24,80,135,58,121,76,9
red,92,13,121,51,158,103,67,71,76,4
red,72,149,158,51,124,34,26,143,76,128
red,90,98,139,17,80,110,40,114,76,100
blue,103,154,150,137,119,88,5,55,76,82
blue,0,79,2,76,128,78,154,1,17,9
red,22,67,121,69,7,0,5,140,51,53
blue,36,54,151,29,119,35,142,121,76,158
red,39,38,89,133,45,151,87,43,76,100
red,36,13,144,51,70,74,23,155,24,80
red,0,60,21,17,45,3,54,155,133,124
red,0,84,11,106,5,62,125,143,24,100
blue,93,23,11,52,66,115,111,20,17,128
red,101,111,129,17,9,0,75,72,49,160
blue,0,142,2,51,70,59,60,55,137,119
blue,90,65,151,109,108,112,38,26,150,66
red,48,40,2,51,66,43,88,109,116,118
blue,31,88,139,17,71,0,65,63,41,53
blue,151,58,124,17,100,90,102,138,49,119
red,31,23,159,91,108,107,46,10,17,71
red,77,124,121,150,45,97,65,143,136,14
blue,112,65,121,52,119,97,94,1,129,70
blue,25,86,109,116,70,97,111,124,106,120
red,104,61,43,76,45,121,134,34,49,153
blue,112,40,1,17,100,107,61,121,29,93
blue,18,102,55,63,70,112,40,1,69,45
red,78,98,143,133,91,8,130,159,24,128
red,43,28,53,50,128,110,154,120,8,70
blue,107,154,9,76,70,151,60,121,8,45
red,90,13,2,150,70,31,61,143,76,100
blue,31,65,26,76,158,57,38,148,17,53
blue,57,39,97,133,148,18,13,121,49,53
red,37,30,155,9,53,101,75,158,49,71
red,72,65,140,17,53,90,46,150,76,80
red,81,13,155,50,159,18,58,115,139,158
red,3,134,121,138,93,0,40,109,29,158
red,56,142,143,17,108,103,37,119,133,53
blue,18,13,159,9,119,110,60,136,29,148
blue,101,142,55,29,53,36,125,54,109,108
blue,0,23,151,76,5,88,46,32,133,70
red,3,54,81,49,45,48,60,143,29,41
red,107,92,159,106,93,34,38,1,29,100
blue,151,13,139,17,128,103,23,132,9,158
blue,112,5,144,17,128,31,23,150,136,158
red,74,40,109,116,53,103,60,55,17,148
red,135,38,1,129,82,47,114,120,24,132
red,145,98,89,76,153,104,38,17,9,70
blue,36,113,143,116,45,0,40,159,50,96
red,133,38,151,136,71,154,46,159,17,120
red,0,23,150,49,153,154,98,38,51,120
blue,135,28,155,51,6,152,30,3,49,74
red,152,40,157,156,9,131,38,20,76,109
red,152,142,114,137,93,67,102,120,9,108
blue,22,74,140,109,128,146,77,55,133,9
blue,146,67,35,129,119,22,86,55,76,9
red,0,13,1,129,93,112,125,140,85,119
blue,146,142,21,76,128,152,98,136,29,80
red,152,28,55,76,126,34,134,94,9,128
blue,78,38,110,106,5,47,46,144,9,118
red,151,65,121,85,119,152,107,26,133,80
blue,152,87,64,29,133,43,75,121,129,109
red,20,134,6,76,70,110,102,55,133,44
blue,0,130,121,51,66,152,117,1,76,96
blue,112,58,148,116,153,110,134,19,69,74
blue,110,125,121,24,71,31,141,56,29,153
blue,72,13,148,50,70,36,111,55,51,128
red,134,26,11,9,45,152,65,121,29,12
blue,152,102,148,129,5,47,142,41,9,15
red,152,134,55,150,45,0,145,139,120,80
blue,152,40,158,76,12,47,60,121,17,70
blue,47,84,138,24,66,152,65,124,50,45
red,136,142,155,51,153,90,60,56,106,14
blue,35,40,155,116,45,90,13,11,106,96
blue,97,37,155,50,70,141,13,143,8,45
red,36,28,126,76,4,43,23,155,150,124
blue,0,141,26,76,120,22,79,155,29,108
red,135,102,122,24,82,34,54,155,133,153
blue,18,44,89,49,9,127,86,155,24,45
blue,47,5,155,133,70,88,134,78,51,100
red,72,98,26,133,128,154,65,19,50,108
red,110,134,155,8,119,150,67,159,106,82
red,48,130,55,133,5,53,13,56,51,82
blue,92,38,124,17,71,74,145,55,133,153
red,35,134,144,24,4,18,65,2,147,12
red,101,65,144,49,91,107,23,150,9,159
red,35,23,56,24,5,18,27,121,51,100
red,103,65,140,51,74,0,38,143,29,64
red,78,77,26,49,148,103,27,155,29,53
red,22,98,64,9,70,59,65,138,106,82
blue,36,75,55,50,53,43,46,138,24,70
red,62,142,21,85,70,74,27,89,133,41
blue,3,39,143,85,93,134,27,155,50,70
blue,110,88,55,156,80,90,46,20,29,12
blue,110,154,71,76,100,0,87,121,69,80
red,110,125,140,17,119,19,87,3,133,70
blue,31,46,26,76,100,91,84,87,69,80
red,47,125,120,138,108,107,87,140,51,9
blue,74,61,41,17,109,107,30,55,147,108
blue,31,58,143,76,119,152,87,2,137,93
red,38,30,148,51,100,107,54,155,8,4
red,127,87,159,116,100,78,98,11,136,70
red,74,124,150,24,70,22,87,155,78,118
red,18,87,140,8,70,39,142,155,133,80
blue,47,65,136,133,100,137,87,33,17,12
red,59,60,34,93,153,20,54,151,9,45
red,0,111,143,116,158,110,23,151,29,53
red,39,94,43,76,9,25,97,34,17,120
red,101,84,43,51,74,22,13,120,76,118
red,151,38,121,51,93,0,149,43,54,9
blue,107,54,151,85,14,101,124,43,53,93
red,112,141,150,54,53,18,87,43,116,70
red,0,134,43,139,118,2,142,150,76,5
blue,31,111,151,156,158,18,65,64,116,45
blue,18,38,121,133,4,107,77,64,116,158
blue,34,38,143,24,100,22,87,2,11,133
red,0,46,121,51,93,113,98,54,76,66
red,36,38,2,51,118,90,102,139,9,100
blue,74,65,53,150,82,142,60,134,29,153
blue,65,23,121,9,108,74,40,139,106,82
blue,90,125,150,54,108,31,107,43,139,12
blue,88,102,55,49,96,112,67,1,8,12
red,123,84,101,29,82,90,23,1,51,110
red,31,13,140,129,100,72,75,150,116,153
red,90,46,11,9,128,18,13,121,116,70
blue,22,75,120,116,80,90,40,115,143,93
red,110,30,48,17,45,150,154,155,76,119
red,40,30,73,29,153,101,74,138,17,119
blue,0,97,138,29,119,113,46,23,50,70
red,39,98,143,76,119,18,46,56,51,74
blue,151,23,11,76,5,74,94,121,49,119
red,103,44,144,116,119,115,114,21,24,45
blue,35,130,55,50,80,48,46,59,29,119
blue,53,40,155,106,153,114,145,121,50,119
blue,90,75,148,116,53,19,60,43,51,93
blue,0,87,121,150,93,22,58,139,76,66
blue,74,65,140,8,118,43,38,139,51,100
blue,77,107,57,50,53,43,38,64,116,100
red,74,149,121,76,14,43,58,2,17,82
red,43,133,19,17,53,47,121,151,8,123
red,90,111,64,76,45,43,141,19,139,108
blue,78,77,3,8,45,43,13,121,29,153
blue,31,38,26,106,128,72,102,121,76,70
red,114,130,150,76,14,107,23,155,9,16
blue,0,27,129,24,128,34,38,2,51,91
blue,31,28,148,17,79,77,74,140,9,45
red,132,124,69,52,96,103,125,136,9,80
blue,77,46,64,17,79,101,142,21,76,9
red,77,23,155,54,110,114,46,1,24,14
red,90,38,68,116,45,107,28,1,24,128
red,62,38,68,51,16,13,23,2,76,74
blue,41,38,56,49,128,57,155,69,136,82
red,20,30,69,29,158,115,102,157,116,153
red,112,46,89,17,120,97,134,143,116,119
red,97,134,10,49,9,0,40,71,137,6
red,42,142,148,24,70,0,38,89,144,124
red,0,149,121,51,123,25,65,140,29,12
red,48,58,159,49,12,31,84,144,17,158
blue,127,23,155,51,9,25,46,144,147,96
red,114,61,138,9,100,90,77,136,49,96
blue,0,86,143,76,45,129,87,43,54,160
red,0,13,143,9,109,101,23,155,17,100
blue,90,58,124,29,53,110,86,2,9,109
red,43,130,109,133,70,18,13,52,51,5
blue,72,38,150,52,96,34,58,2,76,100
blue,25,155,124,76,82,74,98,1,29,100
red,18,130,6,76,82,47,75,68,109,16
blue,151,102,155,106,99,110,38,68,50,70
blue,81,13,124,51,12,154,58,143,150,9
blue,112,13,140,49,100,137,142,120,17,82
red,39,40,56,76,96,112,91,120,136,9
red,22,98,61,76,124,90,102,148,29,119
blue,131,46,150,137,45,88,102,148,52,14
red,31,28,64,69,80,36,13,148,51,96
red,131,60,109,9,96,0,134,148,29,158
blue,22,23,148,8,128,0,102,71,76,74
red,151,114,55,9,45,81,102,159,106,128
blue,101,38,55,17,120,18,23,148,9,12
blue,53,102,1,9,139,18,141,148,52,5
red,18,154,148,51,45,90,142,104,17,79
blue,92,75,59,69,80,145,28,148,51,153
blue,34,58,121,76,53,0,155,148,109,108
blue,103,78,57,17,100,0,94,148,133,80
red,0,23,68,52,96,62,67,148,49,100
blue,0,141,124,52,14,62,130,148,51,93
red,103,74,91,41,126,102,107,151,29,45
red,102,39,121,49,9,65,38,1,29,93
red,102,60,3,137,100,48,75,56,29,148
red,72,75,53,69,126,22,28,155,51,121
blue,25,65,143,51,66,22,97,124,85,126
blue,154,58,114,76,70,37,134,150,51,126
blue,123,141,32,9,128,78,102,1,136,126
red,110,60,104,29,12,0,61,122,106,126
red,127,46,26,52,126,88,38,6,106,128
blue,31,98,64,133,53,110,107,121,116,100
blue,109,134,121,116,108,112,61,6,129,5
blue,78,102,64,136,109,90,38,121,41,93
red,90,95,150,9,109,134,142,54,17,148
red,92,30,38,51,41,22,65,136,137,74
blue,57,13,144,49,74,35,60,94,54,119
red,135,23,151,50,74,18,154,143,150,99
blue,112,27,94,85,74,42,58,68,133,126
red,47,125,121,129,15,74,134,41,49,119
red,134,141,121,9,53,43,84,20,52,93
blue,36,75,121,116,123,47,77,144,76,119
red,146,130,155,50,108,74,30,94,116,53
blue,112,134,138,24,82,103,91,26,9,153
red,103,134,1,17,27,110,28,41,133,80
red,2,98,136,76,93,51,87,74,8,153
red,22,111,109,49,9,131,27,125,76,74
blue,101,65,144,129,74,20,134,32,49,53
red,41,130,11,106,74,22,27,129,17,153
red,37,61,2,24,74,47,102,158,54,108
red,110,92,155,116,74,39,40,143,136,4
blue,0,38,159,106,99,36,102,33,17,79
blue,20,125,155,8,118,34,26,151,29,119
red,55,75,0,76,100,104,46,34,24,45
red,92,65,32,156,45,31,142,138,8,96
blue,36,87,26,51,53,114,149,2,133,41
blue,88,130,55,51,119,36,134,10,52,109
red,22,98,121,76,53,144,13,3,136,70
red,3,28,26,49,93,0,54,137,76,128
blue,0,98,139,29,81,53,38,143,76,82
blue,0,40,1,116,9,25,155,121,17,100
red,114,46,121,51,93,92,58,159,116,45
blue,144,91,129,24,80,43,25,139,147,70
blue,78,75,121,106,82,110,61,157,147,93
blue,104,98,121,8,96,137,28,138,76,53
blue,125,38,124,76,153,0,40,105,106,14
red,91,134,11,106,119,135,154,139,17,45
red,106,40,144,25,12,0,130,139,29,91
blue,35,75,124,51,14,110,134,140,29,45
blue,114,92,55,106,82,31,65,140,85,12
blue,101,58,140,8,128,0,134,144,51,100
blue,2,46,73,9,120,0,145,140,24,4
blue,34,98,48,17,9,134,58,151,136,100
red,48,149,1,156,53,31,142,26,17,71
blue,22,13,120,17,71,48,67,140,49,14
blue,0,92,132,9,109,48,142,37,76,108
red,59,65,48,106,128,78,125,140,51,45
blue,31,58,158,129,82,127,146,143,76,93
red,92,58,144,17,153,103,38,55,137,119
blue,47,142,139,69,80,18,38,64,76,93
red,103,27,151,9,100,0,142,144,49,148
red,18,141,159,17,80,95,23,136,8,12
red,18,58,32,76,70,25,60,1,9,53
blue,35,58,51,147,12,110,141,21,54,119
red,18,87,121,52,100,151,58,120,51,80
blue,31,38,154,106,66,110,61,121,9,12
blue,31,13,54,24,96,110,134,104,116,93
red,18,94,2,76,119,90,58,19,106,128
red,18,125,157,17,119,31,94,138,24,14
red,18,125,57,54,80,90,61,55,24,53
red,103,61,55,51,100,18,87,3,17,5
blue,77,102,144,49,139,103,27,155,17,4
red,103,27,121,17,53,130,46,143,51,153
blue,36,46,143,29,9,110,27,121,156,153
red,77,142,89,49,100,18,74,120,50,45
blue,112,102,73,9,123,110,46,148,24,30
blue,92,46,144,91,12,110,28,143,17,119
blue,112,23,150,69,80,110,155,144,17,30
blue,18,107,56,51,14,127,88,155,129,74
blue,97,98,56,29,93,18,88,21,24,6
blue,90,130,144,106,99,31,58,2,133,70
red,103,134,26,76,45,18,58,143,116,119
blue,103,91,143,49,153,131,38,71,17,12
red,103,102,157,116,100,78,149,121,29,45
blue,18,46,20,8,70,103,84,39,51,82
red,110,30,94,49,82,22,145,150,106,45
red,37,38,1,51,126,103,97,71,50,158
blue,110,46,148,17,14,0,91,73,51,45
red,18,13,144,17,148,103,74,143,9,108
red,103,117,19,17,12,110,88,144,116,76
blue,18,130,89,69,100,144,92,120,24,66
blue,134,60,139,69,80,59,125,55,24,14
red,135,27,151,17,128,154,125,2,50,45
red,59,13,121,147,99,18,67,55,106,45
blue,35,142,157,137,128,31,54,56,29,14
red,22,154,53,109,108,110,98,89,50,119
blue,0,46,11,156,70,43,67,143,133,12
blue,113,134,68,9,12,0,155,144,116,66
blue,81,154,155,76,119,31,60,140,50,45
red,42,13,19,51,108,35,134,143,50,127
blue,31,46,64,29,120,43,40,2,83,128
blue,78,60,55,50,128,0,84,139,51,119
red,79,65,129,50,128,101,40,10,133,70
blue,131,94,136,50,53,35,60,89,49,71
red,48,65,151,50,74,0,47,19,76,45
red,103,87,148,50,27,74,46,56,76,5
blue,151,38,57,50,53,145,84,159,9,128
blue,72,46,55,29,153,148,154,131,156,100
red,112,130,19,116,4,91,23,31,136,100
red,0,154,68,156,82,35,113,2,133,153
blue,107,142,122,49,45,90,46,143,50,100
blue,34,13,143,50,70,107,134,133,76,12
blue,90,141,157,17,45,22,98,78,50,119
red,144,5,94,50,45,112,75,55,17,128
red,112,98,55,49,100,31,60,63,9,45
red,57,60,140,9,87,114,65,150,76,119
blue,144,61,43,8,108,31,65,157,69,80
red,0,84,21,76,9,37,27,157,85,108
blue,48,111,3,54,108,34,127,155,83,82
blue,37,65,159,29,64,127,60,95,83,158
blue,43,13,1,83,66,18,60,2,133,148
red,53,98,143,51,128,0,23,155,83,93
red,0,83,11,133,45,74,91,144,85,12
red,121,124,150,156,70,63,58,22,83,45
red,34,97,143,29,53,0,58,151,150,93
red,114,154,150,9,119,115,60,121,8,70
red,22,102,64,106,99,43,130,143,8,45
blue,91,149,140,8,109,101,145,55,9,12
blue,115,40,83,17,119,57,117,73,133,70
red,57,134,120,8,53,22,117,144,106,74
red,34,26,155,8,100,110,107,121,133,12
red,3,13,1,29,12,53,38,139,8,119
red,22,23,90,8,158,81,77,138,17,53
red,103,154,140,76,100,31,141,1,106,5
red,78,40,18,17,53,144,98,155,83,123
red,115,38,83,76,5,0,54,71,8,128
red,57,134,155,50,53,142,124,143,76,82
red,0,38,23,8,126,22,107,143,63,70
red,37,141,19,50,12,0,149,122,29,45
blue,36,49,144,106,100,77,28,125,76,53
red,101,75,1,133,12,90,23,140,8,70
red,101,60,55,129,71,95,107,109,8,100
red,62,26,136,8,70,0,30,121,106,5
red,31,102,148,76,153,57,92,91,8,96
red,77,75,144,8,45,53,87,68,49,148
red,114,58,55,51,45,25,98,111,8,100
red,47,46,144,8,119,0,26,110,51,128
red,97,27,1,51,45,22,46,121,8,53
blue,22,38,159,17,118,43,113,34,8,70
blue,43,87,46,9,16,0,38,89,8,128
blue,88,38,37,29,53,36,60,121,83,93
blue,115,155,154,8,45,22,23,144,50,70
red,95,155,120,85,119,115,46,2,51,128
red,88,28,10,76,153,150,134,2,17,79
blue,92,61,2,50,119,112,46,143,17,74
red,101,130,151,83,108,31,84,136,49,12
blue,0,60,56,50,5,78,77,10,76,100
red,112,58,2,29,109,0,38,105,156,9
blue,20,25,151,133,158,90,40,140,137,82
blue,57,130,154,50,70,43,40,55,129,96
red,31,130,32,54,5,151,27,155,83,96
blue,90,58,71,50,53,78,134,101,116,153
red,42,142,140,50,45,48,13,26,106,119
blue,150,75,53,9,158,112,61,55,50,15
blue,0,142,105,133,80,150,13,3,83,100
blue,0,141,64,29,119,115,102,155,83,15
blue,47,141,69,83,93,2,98,64,76,108
blue,113,134,138,51,100,150,54,143,50,108
blue,155,61,120,116,70,90,84,142,83,4
red,110,141,19,29,118,138,13,32,51,5
blue,34,61,139,50,70,90,38,21,9,53
blue,103,75,2,109,160,154,13,121,50,45
red,55,46,34,50,96,2,130,0,17,93
red,154,102,91,17,71,90,125,11,50,70
red,31,65,104,50,4,0,145,53,17,70
red,110,23,151,50,93,74,86,143,51,96
red,2,142,159,129,82,92,54,121,50,93
blue,91,92,6,50,5,34,40,124,29,128
red,107,13,1,76,128,154,58,121,51,82
blue,159,102,89,51,70,74,38,55,129,45
red,90,61,33,51,100,18,149,121,52,128
blue,0,149,121,50,70,31,61,2,51,45
red,47,38,32,9,79,155,102,56,54,53
red,142,38,143,29,53,127,98,132,76,128
blue,72,13,129,69,45,101,65,140,50,53
blue,103,23,151,106,82,0,13,143,50,154
blue,0,37,150,49,71,74,65,6,137,70
red,90,155,143,133,158,0,46,144,29,108
blue,88,92,55,9,109,0,44,143,51,99
blue,72,98,64,63,70,135,77,144,49,160
blue,25,58,143,129,158,107,60,73,50,45
red,31,28,144,76,158,0,40,159,129,12
red,31,92,1,51,16,78,155,55,129,70
red,113,154,64,116,119,47,46,136,51,82
red,74,58,151,17,119,18,38,143,51,45
red,31,65,56,63,53,54,145,94,129,12
red,151,65,56,49,12,47,84,150,69,53
red,101,46,55,8,119,140,65,43,51,80
blue,115,65,120,49,82,6,142,89,133,153
red,117,88,19,29,82,135,40,21,76,64
blue,0,75,89,51,4,137,154,19,29,160
red,31,38,68,29,96,25,67,155,50,128
red,103,111,159,50,70,112,60,45,138,108
red,115,98,1,50,79,43,117,71,116,123
red,151,141,32,50,70,0,58,2,49,45
red,114,142,151,69,16,57,65,129,54,82
red,103,27,138,106,82,18,102,105,54,45
red,103,13,55,17,53,47,27,64,9,5
red,135,142,122,116,93,81,27,94,156,80
blue,144,46,55,17,80,35,142,57,76,70
red,31,104,159,106,96,18,23,21,29,9
blue,42,30,43,69,80,22,104,120,51,96
blue,74,38,143,8,96,112,58,48,109,148
red,18,104,38,24,96,0,134,144,49,139
blue,47,38,120,133,96,31,86,2,29,45
red,74,38,138,8,96,47,107,2,76,9
red,90,40,71,116,96,18,87,120,51,66
red,0,104,55,52,96,57,117,23,24,9
red,47,104,155,109,96,31,107,56,50,133
blue,53,87,155,51,82,92,40,68,76,96
blue,3,40,1,137,96,43,154,138,29,41
blue,62,30,43,133,119,47,88,139,51,96
blue,78,142,148,29,153,53,40,35,51,96
red,18,154,56,51,5,43,38,120,116,148
red,146,94,19,29,12,31,154,121,50,128
blue,103,13,136,76,108,36,149,56,106,5
blue,39,65,1,109,45,43,142,143,9,82
red,0,38,140,133,100,91,61,71,52,128
blue,31,60,138,51,12,47,38,121,76,14
blue,31,38,56,29,9,90,26,155,8,118
blue,115,88,143,9,70,90,38,121,116,160
blue,95,58,122,51,93,31,60,23,50,82
red,19,46,90,17,45,32,65,0,76,70
blue,131,38,64,49,53,103,102,55,76,70
blue,114,40,94,76,119,0,79,55,52,100
blue,152,44,56,24,99,115,113,73,116,128
red,74,87,64,76,108,18,67,155,51,93
blue,113,58,151,69,118,18,28,155,51,160
red,151,142,132,9,79,36,125,21,51,53
blue,47,78,3,51,30,0,46,125,158,80
blue,72,40,32,17,158,36,145,131,138,109
red,103,141,64,51,139,0,134,158,17,71
red,151,46,1,24,14,110,84,6,17,59
red,74,107,64,50,12,114,46,3,116,160
red,131,142,122,9,158,137,149,140,29,12
blue,31,130,122,17,70,0,92,143,133,160
blue,103,38,57,129,14,31,54,90,76,96
red,31,102,41,129,93,77,44,143,76,100
blue,152,58,105,106,93,150,97,55,129,96
red,137,84,151,129,70,112,44,21,106,74
red,72,142,144,106,93,0,58,151,137,100
red,151,154,105,8,53,0,77,68,106,140
blue,43,38,104,76,9,135,44,19,133,70
blue,59,23,151,106,153,74,102,148,116,96
blue,103,38,55,116,153,0,154,48,29,53
red,22,67,74,49,53,18,13,143,51,82
blue,103,46,120,24,82,112,87,6,106,53
blue,145,23,3,51,71,47,40,159,29,53
blue,34,142,143,106,93,31,38,159,17,160
blue,78,38,122,51,108,74,134,144,17,46
red,90,102,26,17,119,22,46,144,41,108
blue,0,23,151,17,108,47,60,120,51,53
red,3,111,2,29,74,0,107,159,76,108
blue,36,67,132,63,120,90,38,55,116,139
blue,42,102,89,136,120,101,38,1,9,82
red,144,149,150,51,74,0,102,1,106,120
blue,57,13,19,133,82,47,65,54,17,96
red,135,130,138,17,12,77,97,2,24,45
blue,0,13,143,51,70,81,28,21,137,53
red,40,38,48,29,71,62,58,21,156,9
blue,78,13,121,69,74,22,134,55,51,53
blue,114,46,56,17,71,103,67,155,143,70
blue,18,54,151,29,12,135,67,121,76,100
blue,90,26,3,76,12,31,149,15,17,119
red,146,91,143,17,53,78,38,26,49,12
red,123,125,23,76,100,0,38,124,29,128
blue,146,155,26,8,74,0,60,53,51,119
blue,0,141,140,109,12,151,94,143,150,33
blue,0,94,159,9,118,110,38,140,49,12
blue,0,38,121,116,118,103,40,143,51,93
blue,0,87,120,106,5,151,38,121,133,100
blue,0,98,2,25,12,119,60,143,51,3
blue,139,78,129,49,128,22,38,158,17,100
red,134,113,3,29,45,22,46,1,17,124
red,38,94,143,147,96,0,67,121,24,153
red,72,155,87,50,70,59,40,73,129,100
blue,40,27,150,51,93,151,46,2,8,128
red,72,125,56,106,100,0,54,55,9,82
red,102,134,2,106,99,110,54,29,137,14
blue,22,124,19,29,82,103,23,151,116,119
red,103,87,106,157,119,0,26,155,9,45
red,114,149,71,29,53,36,145,89,136,128
red,0,130,1,29,100,123,75,143,76,82
red,107,58,19,63,70,81,142,148,24,45
blue,0,38,26,50,5,103,44,55,63,126
red,31,23,121,156,119,78,13,24,76,82
red,78,75,140,136,100,46,54,51,17,120
red,62,113,20,9,70,88,46,2,76,100
blue,18,67,132,49,45,114,61,121,17,128
blue,112,40,56,106,99,22,38,68,51,96
red,0,141,64,24,12,112,27,11,17,100
red,53,13,89,17,100,0,38,11,49,118
red,74,130,140,69,5,101,86,159,133,153
blue,121,142,150,17,128,39,40,94,119,66
blue,112,28,29,9,100,57,102,2,17,153
blue,59,107,155,52,74,102,26,94,129,100
blue,42,27,121,76,96,151,38,139,9,158
red,22,26,139,76,128,83,146,121,106,9
red,0,86,139,106,4,135,38,143,51,12
red,37,61,11,106,66,35,98,7,51,9
red,0,87,139,137,100,90,130,121,50,15
blue,101,61,54,133,153,90,134,53,106,66
red,78,145,143,49,130,88,46,124,76,12
blue,0,60,10,17,160,18,74,34,49,158
red,19,67,125,106,99,31,141,1,76,66
red,103,113,33,52,82,112,26,155,156,53
red,74,54,155,129,45,35,61,154,85,153
blue,144,38,143,76,96,31,142,26,17,45
blue,22,130,64,76,93,31,86,1,52,96
red,91,46,122,129,128,103,30,94,51,79
red,101,13,138,95,153,72,61,2,24,109
red,101,46,121,52,66,112,107,43,17,118
red,31,107,1,51,82,144,142,55,29,53
red,39,65,64,76,158,110,98,159,24,93
red,39,65,121,52,100,110,133,56,109,108
blue,77,38,121,133,12,34,13,2,24,120
blue,101,40,56,129,45,110,13,121,133,148
red,143,54,101,106,128,0,44,55,51,160
red,0,142,68,24,160,101,65,64,106,4
red,31,38,121,29,41,90,75,159,17,100
blue,31,155,23,76,139,142,13,63,51,14
red,57,60,155,109,139,37,5,151,76,70
blue,101,113,139,9,128,103,61,55,129,70
blue,31,130,138,8,100,107,142,143,109,9
red,103,125,2,51,158,31,111,150,20,108
red,103,26,120,49,45,31,94,124,8,148
blue,31,149,159,136,128,103,13,151,54,119
blue,31,23,155,133,4,115,26,151,17,30
blue,31,38,121,17,119,18,142,57,51,160
blue,31,38,159,17,71,74,113,56,29,93
red,47,102,143,116,93,104,40,21,9,128
red,123,154,120,17,80,31,38,1,133,158
red,47,102,121,49,71,114,13,1,129,9
red,31,13,144,9,53,47,149,109,17,12
red,31,38,121,129,14,0,107,64,109,93
red,31,58,150,24,100,103,84,121,63,12
blue,37,98,120,156,153,31,91,144,9,14
blue,31,38,140,24,4,48,142,11,136,74
blue,90,38,143,50,93,31,23,158,24,128
red,47,38,139,8,128,19,98,140,51,93
blue,47,46,71,52,93,103,38,89,17,119
blue,31,154,158,17,9,153,75,143,51,82
blue,31,13,144,29,153,95,58,121,17,71
blue,31,130,140,17,138,72,88,20,24,5
red,110,26,104,49,112,74,38,121,8,12
blue,112,54,94,137,70,35,98,105,52,82
red,35,39,6,17,96,77,61,140,137,70
red,136,98,159,24,82,103,94,121,17,130
blue,110,38,121,109,108,103,77,64,17,119
blue,34,67,1,137,12,90,84,120,76,130
blue,110,23,149,17,128,0,30,1,52,100
blue,22,91,124,116,53,78,38,1,24,119
red,22,38,1,85,128,31,113,121,51,82
blue,112,154,148,29,128,151,28,35,9,118
blue,104,141,43,76,5,109,58,3,52,100
blue,62,102,143,9,119,0,86,1,49,100
red,22,67,109,133,96,154,86,104,24,71
blue,35,13,55,50,66,92,65,140,51,14
blue,31,61,109,54,45,43,154,121,137,153
red,74,54,151,29,93,59,60,150,76,66
blue,18,44,143,17,71,95,60,148,76,9
blue,103,75,31,49,45,110,13,33,17,66
blue,109,44,151,49,128,110,154,55,24,53
red,90,26,19,9,70,0,61,1,17,6
blue,62,91,121,29,79,101,102,55,17,128
red,149,46,55,133,153,31,44,56,69,93
red,119,75,143,133,66,151,134,157,136,76
blue,0,60,109,51,45,22,40,114,8,12
red,74,134,136,76,80,137,44,19,29,93
red,90,78,121,17,100,101,13,132,136,70
blue,110,23,150,76,12,22,134,138,133,70
blue,0,13,53,150,5,18,58,138,76,37
red,31,65,143,29,118,36,134,6,76,70
red,78,23,150,29,96,110,84,56,49,9
red,19,38,150,51,128,101,134,1,24,45
red,90,134,1,17,45,152,40,56,69,108
red,0,84,121,17,128,90,154,94,76,53
blue,47,134,140,17,45,31,124,43,133,82
blue,0,94,143,129,14,97,142,139,69,82
blue,0,87,121,51,70,37,98,94,129,14
red,90,142,143,76,93,0,97,56,133,12
red,57,38,56,76,100,42,77,2,8,79
blue,2,38,6,17,37,110,46,120,49,114
blue,110,102,56,129,128,31,58,122,50,74
blue,19,54,3,17,93,18,111,1,49,108
red,57,38,144,76,104,41,84,155,17,153
blue,127,94,41,76,119,0,38,55,17,9
red,74,38,56,129,100,146,23,155,29,153
blue,0,5,11,24,53,22,134,143,76,93
red,54,61,151,50,158,57,134,138,76,111
blue,0,60,143,116,53,151,88,37,76,45
blue,119,13,7,17,118,22,65,2,9,79
red,47,77,138,106,74,31,65,32,129,111
blue,146,87,26,129,74,115,46,2,29,111
blue,31,28,1,136,100,43,98,55,129,109
red,90,58,55,147,96,114,28,56,116,45
red,31,91,120,17,148,37,38,159,116,53
blue,78,84,155,76,12,47,145,2,17,119
red,48,87,64,116,82,123,40,56,133,80
red,0,97,55,17,160,36,84,43,109,118
red,47,13,6,133,70,31,97,148,76,15
blue,115,142,1,24,139,110,86,0,54,108
blue,137,111,2,51,82,81,92,143,133,153
blue,127,97,140,156,70,103,86,148,76,126
red,114,142,144,129,91,107,102,1,29,9
blue,152,60,151,51,5,31,23,150,17,128
blue,3,13,140,51,80,112,75,159,50,70
blue,57,155,32,50,45,41,142,1,17,96
blue,0,65,148,24,159,62,38,23,133,119
blue,43,142,125,116,71,47,92,140,129,119
red,31,75,143,106,128,101,78,129,17,4
red,114,141,71,129,66,103,65,56,29,153
blue,137,130,121,17,119,31,65,64,51,5
red,42,154,3,17,53,22,65,55,116,9
red,101,84,55,49,108,26,134,144,17,119
blue,107,61,144,76,45,112,142,143,24,119
blue,121,61,136,52,4,112,38,144,106,100
blue,25,102,129,106,5,41,58,144,29,111
blue,150,112,56,24,45,31,149,144,133,96
blue,74,107,143,144,158,31,38,21,109,82
blue,34,84,144,9,66,2,134,35,51,12
red,70,75,144,8,158,146,58,6,9,119
blue,72,102,144,61,5,154,65,64,133,70
blue,2,65,144,8,128,154,26,155,17,79
red,102,130,143,76,108,22,74,120,29,81
red,31,102,11,116,108,112,84,140,133,158
red,0,60,143,29,119,78,111,53,76,93
red,48,145,55,76,41,90,88,138,24,109
red,2,102,51,24,4,103,67,138,29,53
red,115,107,56,52,119,18,74,121,102,44
red,36,27,155,29,53,101,146,144,51,128
blue,38,84,89,9,12,90,40,56,156,153
red,101,74,143,29,139,18,23,15,76,80
blue,90,142,2,51,79,20,84,33,49,14
red,0,74,64,29,153,18,145,1,51,82
red,18,84,55,49,83,22,5,51,17,53
red,34,145,144,85,16,87,141,150,137,66
red,78,84,91,17,12,0,27,151,109,108
red,74,145,104,76,128,35,67,140,63,70
blue,42,74,2,150,93,35,146,56,106,70
blue,77,58,121,29,153,36,145,41,51,45
blue,151,75,136,8,96,74,154,56,24,70
red,53,145,155,133,41,119,23,150,17,128
red,127,134,124,106,30,53,13,155,137,128
blue,0,37,35,76,80,127,58,89,106,126
red,0,84,143,76,139,31,40,140,8,80
red,101,91,148,17,45,0,145,143,51,108
blue,22,84,43,76,128,103,145,55,116,45
red,114,75,11,29,53,155,40,124,69,80
blue,0,98,138,51,89,31,58,159,76,74
red,91,154,109,129,64,110,98,73,76,71
red,36,38,122,137,109,0,98,140,49,76
red,110,102,20,76,74,43,88,136,9,45
red,90,54,155,51,74,107,65,21,95,128
blue,22,60,158,50,5,44,40,150,106,74
blue,31,154,2,137,80,18,124,55,29,153
blue,115,40,121,76,74,0,27,32,29,139
red,134,58,55,76,96,35,23,32,50,53
red,130,125,159,76,120,107,75,140,24,93
blue,47,124,140,116,53,2,46,1,76,128
red,35,145,140,17,74,77,23,94,20,71
red,121,13,1,51,153,43,40,55,29,158
red,110,40,68,116,53,43,23,139,150,82
blue,114,111,121,29,45,0,134,26,150,71
red,43,65,55,157,96,0,13,2,106,99
blue,31,142,143,120,153,77,124,43,76,96
red,0,46,2,50,138,134,98,56,51,96
red,22,142,55,29,82,103,54,51,49,45
blue,90,78,2,51,3,115,60,19,29,12
red,101,26,151,29,118,112,58,55,69,82
red,31,30,124,147,53,36,26,2,24,45
blue,134,38,68,69,15,0,130,2,8,100
red,110,130,32,129,128,103,78,56,17,45
blue,0,46,157,52,99,101,65,2,76,81
blue,0,84,151,150,124,101,65,140,106,110
red,0,27,41,85,100,103,65,55,8,128
red,31,97,159,133,96,57,75,109,106,15
red,31,84,55,29,118,110,98,121,116,14
blue,110,40,124,17,153,103,130,121,8,128
red,59,149,64,137,53,110,141,151,17,15
red,110,65,132,150,14,144,60,121,24,158
blue,110,38,55,54,108,62,61,2,76,96
red,110,134,121,17,12,37,13,11,137,53
red,0,78,159,110,108,136,142,19,106,82
blue,37,102,94,29,12,110,142,143,51,119
red,110,37,150,50,119,103,60,11,8,80
blue,103,40,120,29,153,110,25,121,50,70
red,103,40,56,109,119,110,28,151,116,118
blue,31,28,150,76,128,3,84,79,8,14
blue,101,28,64,106,4,2,98,140,63,45
blue,34,38,143,49,119,115,84,124,137,100
blue,11,61,155,9,122,19,65,56,24,45
blue,43,61,150,51,148,88,23,151,24,122
red,110,86,114,9,108,42,102,21,8,16
red,137,86,23,52,90,112,60,144,9,53
blue,135,77,114,129,45,88,38,26,49,16
blue,3,46,121,106,16,114,86,151,129,4
red,34,98,144,17,128,103,38,1,76,41
blue,0,149,109,29,119,78,46,121,51,14
blue,90,142,136,29,128,36,134,6,9,126
red,144,111,155,129,108,22,46,6,51,128
red,90,107,1,51,128,47,65,143,133,158
red,90,86,121,51,128,110,38,94,8,93
blue,0,134,143,17,45,114,13,140,133,153
blue,35,13,11,76,108,91,44,144,17,100
red,36,142,121,76,45,107,92,1,9,37
red,0,75,87,76,100,131,142,159,49,9
blue,158,65,155,116,79,34,87,26,76,12
red,34,44,139,17,119,22,142,55,51,100
red,31,98,26,24,9,90,94,56,17,108
blue,72,130,11,76,128,151,46,2,29,45
red,37,65,11,76,126,47,38,148,136,9
blue,144,134,155,129,4,121,111,158,76,82
red,36,111,1,24,45,101,40,71,9,100
red,72,38,121,76,99,31,77,73,129,45
blue,101,145,122,69,80,0,67,64,24,119
blue,114,28,69,109,15,0,102,1,136,45
blue,88,98,11,109,100,48,65,143,17,158
blue,103,23,155,51,5,151,77,26,29,153
red,112,13,55,85,45,57,142,121,51,158
red,78,61,90,52,9,62,26,151,8,100
blue,62,84,121,24,14,88,38,6,50,4
red,47,23,150,76,93,104,60,11,17,79
blue,131,28,124,76,6,2,102,3,133,128
blue,74,155,140,76,9,72,67,151,49,6
blue,31,40,11,129,70,0,86,140,24,82
red,18,25,121,76,108,101,65,138,29,5
red,103,75,155,109,45,18,142,143,129,108
red,0,134,120,52,70,110,60,94,51,74
red,107,134,144,133,16,18,40,120,129,82
red,34,102,144,51,119,110,23,159,147,96
blue,127,58,155,17,71,18,40,140,76,80
red,95,46,139,76,140,18,97,143,29,9
blue,123,54,151,17,108,18,60,148,76,12
blue,34,92,11,136,70,74,46,143,24,96
blue,151,141,90,157,45,34,149,144,49,12
blue,154,26,89,129,5,34,46,56,137,12
red,34,13,11,50,45,72,40,143,116,119
blue,121,75,155,76,82,34,125,135,133,80
blue,34,46,2,52,121,74,134,55,24,53
red,34,13,144,147,4,54,30,43,51,14
red,34,54,151,69,80,0,26,155,76,66
red,18,38,120,137,96,0,58,150,29,153
red,144,13,138,29,45,36,107,125,24,53
red,36,26,154,24,158,34,38,143,29,79
red,25,46,121,116,12,78,28,69,9,70
red,101,58,68,69,153,103,125,64,133,128
blue,31,98,11,17,148,144,142,94,24,14
red,101,65,2,120,91,0,26,121,29,153
blue,115,40,155,54,80,18,38,140,69,119
blue,145,77,121,76,53,36,87,19,106,93
red,37,38,129,139,53,107,154,150,24,80
blue,31,28,43,50,9,130,58,144,136,93
blue,62,38,144,17,12,107,94,63,116,9
red,73,67,155,9,66,31,54,151,8,70
red,150,77,2,29,70,90,75,132,156,12
red,37,60,19,133,5,90,149,71,49,70
red,90,38,159,51,45,103,107,144,17,119
blue,20,38,114,133,12,78,13,143,137,91
red,34,91,121,17,128,90,98,11,50,79
blue,90,104,94,109,93,74,38,41,137,70
blue,18,26,94,49,71,151,58,132,17,9
red,34,124,2,17,80,31,141,64,133,70
red,0,94,26,137,70,43,84,11,133,119
red,3,141,122,29,109,119,75,24,116,100
red,38,104,23,76,153,35,65,55,138,119
blue,90,40,121,17,100,103,130,1,137,80
blue,0,154,107,106,66,34,65,140,8,100
red,121,60,159,8,70,25,92,19,76,45
blue,3,58,121,9,45,151,40,2,17,100
blue,101,40,2,133,153,25,134,145,29,108
blue,22,46,143,49,12,0,37,151,76,53
blue,90,98,2,51,93,0,28,151,137,128
red,2,13,56,69,93,39,107,64,24,5
blue,37,102,144,136,53,47,67,71,17,45
blue,38,149,56,17,14,0,74,121,49,120
blue,18,84,26,116,70,72,38,1,76,12
blue,112,60,151,139,160,74,65,35,17,96
blue,151,104,120,9,82,144,98,3,76,12
blue,0,40,121,50,153,107,23,150,116,158
red,3,46,114,17,70,90,23,150,49,53
red,81,142,104,17,9,0,65,144,156,128
red,78,111,0,106,128,22,5,32,137,9
red,90,54,94,8,14,34,40,121,17,53
red,36,38,53,133,14,22,46,41,116,80
red,101,149,89,29,70,144,13,41,151,53
blue,130,77,109,133,70,0,38,89,49,53
red,77,124,19,17,139,101,145,55,29,53
red,90,124,114,106,99,18,13,67,138,100
blue,43,38,120,54,66,37,46,132,24,100
blue,3,124,43,8,128,22,98,11,25,12
blue,31,84,132,17,128,103,149,55,69,80
red,78,130,91,49,45,47,23,94,51,93
red,43,60,121,17,71,0,38,143,51,82
blue,18,134,6,150,5,159,104,57,76,82
red,88,98,71,52,126,36,40,56,29,12
blue,114,23,155,150,123,121,141,120,17,66
red,0,102,121,76,5,81,40,148,139,12
blue,70,46,140,29,12,78,60,64,51,82
blue,151,124,94,17,53,31,38,144,116,160
blue,107,46,55,17,4,95,130,138,29,153
red,91,141,121,17,12,127,65,19,76,66
red,39,92,125,29,14,0,154,150,17,16
red,151,130,143,29,12,90,111,155,76,5
red,150,154,19,24,118,18,67,159,69,153
blue,131,154,10,150,128,47,60,55,133,45
blue,135,40,64,17,91,36,67,3,69,80
red,151,149,140,9,53,74,88,143,17,70
blue,0,61,11,17,80,47,44,89,136,74
blue,0,23,155,51,82,31,92,21,136,53
red,78,125,138,85,45,47,98,143,8,100
red,90,67,136,51,16,37,13,121,137,82
red,97,38,133,52,119,22,46,63,29,153
blue,34,130,143,17,96,114,141,1,24,93
red,62,54,43,49,119,151,23,150,24,45
blue,74,154,94,129,148,81,23,155,49,108
blue,35,125,109,51,139,31,27,151,49,128
red,35,37,1,17,128,112,141,150,137,15
red,74,124,94,17,70,22,142,121,106,66
blue,110,149,144,17,79,74,30,94,52,93
blue,35,60,55,24,96,114,65,121,9,16
red,114,61,2,52,91,74,40,143,24,93
blue,3,54,2,24,14,35,130,11,9,70
red,35,124,2,133,158,51,141,143,137,82
blue,114,92,55,150,14,18,58,104,133,109
blue,37,78,34,76,158,74,30,155,17,109
blue,22,75,34,24,128,37,60,73,106,93
red,47,65,136,24,70,35,13,121,17,15
red,58,60,120,136,96,81,134,143,51,12
blue,74,40,55,129,82,101,84,124,106,154
red,114,102,68,51,66,135,23,69,109,158
blue,35,5,89,76,80,74,60,11,156,100
blue,115,13,3,157,82,81,130,2,17,53
blue,152,60,143,76,109,74,84,43,9,80
red,146,87,124,133,109,110,134,11,137,118
blue,31,87,19,133,153,107,38,56,29,119
red,36,75,120,52,14,114,58,23,156,12
blue,18,23,6,9,66,114,134,151,76,16
red,81,27,148,8,96,123,61,2,9,118
red,74,37,150,24,45,22,5,139,116,70
blue,154,30,37,76,109,114,67,43,147,119
blue,114,142,57,76,160,151,134,3,17,71
red,114,124,101,63,70,62,65,26,17,14
blue,114,124,86,29,119,151,23,2,136,80
blue,114,40,121,29,139,39,60,26,76,80
red,114,142,90,137,70,37,40,57,29,93
blue,39,37,65,106,82,114,117,94,51,41
red,114,13,71,54,108,57,98,144,24,45
red,152,61,89,150,4,114,58,143,76,5
blue,91,60,143,9,70,114,46,121,17,100
blue,103,67,1,29,126,74,142,64,150,100
blue,101,92,21,76,45,90,65,56,106,93
red,90,46,2,116,70,123,60,136,133,153
red,121,142,150,17,96,146,23,72,76,45
blue,113,23,155,133,14,47,107,64,24,99
red,47,97,136,116,100,151,54,155,9,160
red,31,97,64,147,9,103,23,131,49,53
blue,0,113,101,17,119,31,134,121,49,74
blue,144,40,150,137,53,121,46,1,17,80
blue,92,142,133,51,128,43,23,131,109,153
blue,103,142,143,109,9,90,61,26,49,66
red,133,98,121,127,120,31,65,107,24,99
blue,115,154,3,106,92,41,13,26,147,96
blue,18,61,121,29,96,127,65,150,106,100
red,43,117,55,49,71,34,22,133,24,99
blue,43,94,0,138,53,22,13,2,76,70
blue,134,28,94,147,96,90,13,131,120,108
red,22,60,2,17,12,151,154,55,76,5
red,114,142,121,9,70,103,125,122,76,14
blue,88,38,148,106,9,48,58,55,29,5
blue,83,142,35,51,5,115,60,121,76,119
red,74,98,122,17,53,103,129,71,133,5
blue,97,79,141,50,53,101,28,34,17,9
red,18,61,121,17,82,101,98,55,116,96
red,90,38,129,54,118,110,26,139,8,45
blue,90,26,155,51,100,74,141,121,158,108
blue,150,92,1,157,12,2,38,154,133,80
blue,53,75,121,51,82,18,149,33,109,12
red,151,38,55,9,93,88,154,26,49,66
red,103,40,109,9,66,107,75,143,17,119
red,74,130,121,116,66,88,13,143,9,12
blue,90,30,68,29,108,74,88,21,85,12
blue,101,26,47,116,66,43,134,124,133,70
blue,151,94,143,17,71,22,46,155,49,12
blue,0,111,140,51,66,112,58,155,109,53
red,0,98,7,17,66,22,38,19,24,74
blue,34,124,3,24,5,0,13,26,51,120
red,146,58,10,9,158,115,145,19,24,108
blue,62,98,143,51,119,88,13,159,109,108
red,97,124,140,17,53,47,13,114,76,119
red,0,13,33,106,74,107,28,150,137,16
blue,18,97,23,106,82,3,61,64,116,96
red,0,23,125,8,53,13,46,143,76,139
blue,151,125,121,9,70,97,23,34,29,12
blue,0,102,71,106,4,83,60,23,51,118
red,22,98,119,24,33,43,23,26,8,128
blue,18,142,56,8,66,0,84,155,63,100
blue,97,125,121,133,53,115,40,139,29,153
blue,0,87,125,148,82,18,58,143,63,70
red,0,88,155,136,5,53,107,1,49,158
blue,0,134,144,52,66,47,58,143,41,53
blue,18,111,89,133,100,107,40,41,52,96
blue,151,154,19,49,128,14,38,10,29,153
blue,35,38,90,49,160,43,87,155,8,45
blue,31,61,1,51,80,36,87,29,76,45
red,137,75,71,76,53,123,38,143,24,153
blue,0,58,121,49,153,95,61,151,136,128
red,47,40,144,116,119,73,75,89,133,70
red,35,74,104,116,123,113,46,143,24,33
red,35,60,121,116,108,34,124,93,76,128
blue,103,27,155,76,70,107,149,140,136,45
red,2,13,94,49,128,141,61,151,51,53
blue,88,142,132,51,6,78,124,125,9,108
blue,18,60,11,147,99,90,40,56,76,45
red,90,27,114,52,4,78,23,155,106,128
blue,119,142,55,9,74,134,65,56,133,158
red,101,58,56,150,0,91,61,2,109,5
red,35,38,140,116,41,123,58,143,17,82
blue,95,46,2,17,96,90,107,155,24,12
red,34,38,114,133,70,31,98,55,137,96
red,88,38,11,51,14,18,13,121,17,76
blue,31,30,151,120,82,47,61,158,157,53
red,0,84,151,8,109,110,67,43,9,70
blue,47,67,151,147,99,103,88,150,157,109
blue,34,86,1,52,5,104,38,143,69,153
blue,37,58,2,29,128,90,77,109,150,45
red,102,38,120,17,64,151,54,94,9,70
blue,102,86,144,133,139,101,60,10,76,64
red,110,61,144,9,64,102,60,104,24,153
red,102,28,143,129,41,90,65,140,29,12
red,102,124,155,49,118,91,65,1,29,30
blue,159,40,89,133,45,114,75,119,29,64
blue,101,84,26,29,45,103,38,104,119,108
red,137,30,11,29,82,114,65,155,76,45
blue,22,38,33,17,71,110,75,109,116,128
red,39,142,121,8,100,102,125,143,17,71
red,0,61,121,133,53,22,38,26,29,80
red,48,88,6,129,119,31,30,2,52,128
blue,47,46,121,69,71,53,38,159,17,126
blue,47,86,11,133,70,154,23,136,76,12
blue,2,46,159,52,4,135,13,150,109,12
blue,31,98,64,9,118,18,38,121,51,74
red,31,125,33,106,93,144,130,151,51,82
red,18,46,104,76,70,62,124,94,29,119
red,151,65,2,51,93,62,142,104,8,74
red,101,84,121,8,45,0,65,73,85,153
blue,59,142,143,17,74,103,13,56,116,45
red,18,67,151,76,100,47,142,33,133,70
red,22,58,55,17,45,90,125,57,69,14
red,137,142,121,25,153,41,58,54,63,70
red,121,58,3,17,81,90,38,144,52,93
red,59,77,32,52,82,103,40,136,76,71
blue,114,46,155,109,108,47,61,26,69,82
red,112,58,104,9,119,43,155,159,116,70
blue,62,155,1,51,5,47,86,33,116,45
blue,103,40,139,116,71,22,65,158,49,148
blue,43,134,121,69,71,34,111,26,156,80
blue,151,65,1,150,126,25,61,140,17,119
blue,144,107,151,69,128,112,103,120,76,91
red,11,38,89,133,119,35,149,20,116,80
red,0,58,121,17,9,151,61,144,93,108
blue,22,130,56,76,4,20,134,121,17,15
red,151,142,143,52,100,137,38,11,156,158
blue,103,38,68,69,16,35,13,158,133,70
blue,31,98,144,76,45,88,154,73,133,66
blue,57,92,56,76,153,142,38,121,133,66
blue,137,130,151,138,82,31,67,94,29,53
blue,134,154,106,17,96,25,142,1,76,45
red,151,65,56,49,148,48,107,3,17,71
red,0,23,1,52,128,78,38,53,129,100
red,47,28,6,52,12,31,65,55,133,82
blue,115,13,120,24,108,39,141,155,29,12
blue,144,46,143,52,5,18,87,1,106,74
red,115,61,55,9,160,90,46,1,51,82
red,90,77,11,76,128,22,38,148,137,100
blue,97,107,151,50,12,0,46,41,54,82
blue,22,102,56,106,53,2,58,89,24,41
blue,43,26,78,133,100,47,5,0,51,93
blue,78,98,29,76,70,103,13,64,116,45
blue,0,38,140,106,82,90,65,143,29,14
red,31,38,1,29,119,0,142,121,17,108
blue,101,154,121,29,9,0,38,136,49,45
blue,101,154,136,17,53,18,46,105,49,148
red,101,154,32,137,5,48,102,144,106,96
blue,110,154,0,29,12,137,30,155,76,74
blue,43,154,6,50,118,62,134,140,17,53
blue,18,154,151,106,53,0,54,144,51,100
red,72,65,144,76,80,34,141,121,137,41
red,112,87,73,24,45,90,65,143,8,119
blue,137,23,121,50,93,35,67,132,51,45
blue,78,40,121,9,70,36,30,132,52,5
blue,37,154,150,8,153,57,111,89,137,45
red,57,61,64,136,45,151,102,90,52,30
blue,74,65,122,133,153,90,27,151,17,79
blue,35,23,142,116,119,37,65,155,51,14
blue,34,84,90,150,37,154,102,2,116,153
red,101,23,150,8,119,110,142,55,17,12
red,78,125,151,76,9,152,74,2,133,108
blue,2,13,32,8,5,112,86,19,17,9
blue,11,86,19,51,9,146,60,2,116,153
red,90,84,150,106,119,115,141,132,8,128
red,78,155,2,17,45,0,46,121,9,53
red,18,98,121,157,119,48,107,143,17,128
blue,154,149,109,51,18,151,125,133,54,53
blue,151,60,143,133,70,0,38,69,144,45
red,18,58,143,17,12,151,13,26,76,70
red,43,30,3,9,70,37,54,149,17,53
blue,110,146,55,51,45,31,149,121,24,15
blue,31,60,2,133,9,115,149,104,85,93
red,22,58,121,150,96,112,60,26,75,79
blue,74,61,140,24,82,31,38,121,147,100
blue,110,58,105,116,37,43,13,6,106,100
blue,0,102,144,116,45,47,60,37,76,9
red,151,26,143,49,45,22,149,136,17,41
red,107,149,138,116,100,22,87,104,150,12
blue,39,26,125,52,5,20,149,104,9,100
blue,110,26,19,76,80,92,149,139,51,45
red,0,146,143,17,80,88,134,54,69,66
blue,103,142,140,133,74,88,149,143,29,14
blue,131,38,1,136,93,77,60,151,157,119
red,59,142,143,17,160,0,65,125,9,119
red,22,142,143,106,82,154,60,3,150,148
red,110,102,55,76,16,57,142,121,24,44
red,123,84,56,106,66,59,40,43,129,126
blue,22,58,140,49,45,18,102,121,51,82
red,146,23,151,17,71,39,44,0,9,53
red,20,61,19,147,12,115,5,159,29,93
blue,34,23,73,63,96,74,38,56,51,45
red,107,61,143,137,119,35,40,19,76,12
red,88,13,32,29,109,18,40,41,106,45
red,0,146,158,51,70,115,28,151,8,128
red,78,65,151,137,70,88,28,43,76,128
blue,77,142,68,133,118,0,13,1,24,79
red,34,142,127,51,82,151,111,1,9,108
red,57,149,19,17,128,151,30,1,106,45
blue,90,28,94,123,108,22,130,26,76,45
red,114,54,94,17,45,41,58,64,76,119
blue,103,142,11,133,70,81,23,56,17,45
blue,115,77,33,9,54,22,142,109,49,12
blue,31,75,68,29,153,18,142,121,76,70
blue,31,84,94,120,119,101,98,151,49,71
red,0,130,136,106,82,57,46,142,52,16
blue,144,142,11,24,71,62,60,43,136,41
red,90,142,33,50,128,57,97,155,29,12
blue,150,74,68,76,14,0,26,155,51,93
blue,0,111,143,17,5,134,102,144,29,53
red,0,67,74,147,93,31,125,63,51,128
blue,150,28,94,116,119,18,102,2,157,108
red,74,30,151,8,45,54,98,120,49,53
red,92,134,143,157,3,0,154,109,133,70
blue,18,26,150,9,93,0,13,143,156,5
red,0,38,140,29,16,91,111,121,85,4
red,0,27,93,116,70,114,75,121,106,53
red,0,134,33,116,45,151,102,104,106,93
blue,31,98,11,129,153,0,102,33,69,66
blue,127,65,6,129,5,0,75,140,109,12
red,0,102,23,150,119,31,124,3,147,82
red,22,65,11,133,83,19,61,151,76,53
red,22,98,11,137,16,31,37,138,51,14
blue,78,54,150,116,118,0,13,26,29,153
blue,78,38,151,51,74,22,44,55,76,6
red,0,111,68,17,53,18,60,64,76,45
blue,95,134,143,17,53,0,58,94,137,158
blue,0,142,56,51,12,110,58,121,29,140
blue,74,134,144,17,71,112,23,150,133,45
blue,0,38,143,147,82,18,13,140,17,45
red,22,124,143,51,12,113,13,81,29,158
blue,18,40,56,9,119,0,38,114,116,53
blue,93,78,121,24,14,22,27,19,106,82
blue,72,23,120,76,93,47,155,121,17,71
red,3,61,124,116,70,134,92,26,49,76
red,0,111,140,76,82,110,13,139,116,15
red,0,23,91,29,70,72,46,151,76,66
red,110,65,6,50,4,59,58,148,49,93
blue,0,65,140,76,100,43,154,89,29,12
red,135,84,143,76,100,103,65,94,54,128
red,39,58,151,150,100,22,67,94,106,66
blue,77,125,121,76,128,59,38,109,129,99
blue,0,98,2,139,45,74,102,124,29,100
red,103,92,140,51,53,151,58,121,17,128
blue,3,58,139,29,93,151,23,150,17,119
red,78,65,43,157,96,97,107,6,76,53
blue,0,98,89,17,100,92,38,143,109,93
red,101,38,83,9,70,47,46,2,133,53
blue,90,84,110,133,153,150,40,33,106,45
blue,103,134,51,17,53,74,142,1,49,133
blue,47,40,2,17,45,151,23,56,133,93
red,18,111,32,24,82,113,124,1,63,153
red,31,155,133,106,66,0,97,140,76,96
red,107,111,93,137,119,101,23,155,17,53
blue,103,54,155,136,128,90,98,71,17,53
red,123,67,1,29,3,25,40,71,51,5
blue,0,75,150,51,12,152,142,54,129,96
blue,25,38,121,29,93,91,13,138,17,159
blue,145,13,132,76,158,90,40,143,51,100
red,131,124,43,76,93,107,134,155,139,9
blue,22,60,64,76,96,77,46,143,17,92
red,107,142,121,29,12,103,38,109,136,93
red,72,27,138,116,66,130,141,1,137,53
blue,37,141,64,76,93,31,27,6,116,96
red,154,60,73,52,99,101,125,64,29,30
blue,110,78,89,8,16,90,40,122,133,128
blue,57,102,89,87,66,35,124,1,76,45
blue,0,154,144,1,16,22,40,143,116,45
red,22,125,121,29,53,0,142,140,51,160
red,47,26,19,24,45,110,134,140,76,14
red,3,142,140,54,71,85,98,56,157,82
red,112,98,140,24,148,150,84,121,51,119
red,101,88,121,109,158,34,13,21,106,5
red,0,94,140,8,70,18,134,68,51,128
blue,36,65,120,133,118,0,46,140,63,70
red,103,40,159,51,119,81,98,140,17,80
blue,72,38,159,49,119,45,60,140,29,93
red,78,84,69,17,74,90,5,140,116,93
blue,22,13,2,29,79,90,142,136,17,12
blue,107,88,144,17,9,112,65,64,29,45
blue,112,86,121,17,79,47,141,144,29,45
blue,0,28,155,76,66,135,78,140,24,9
blue,19,38,89,29,27,137,149,37,106,140
red,34,142,1,24,45,77,67,89,85,153
blue,31,75,121,17,71,88,27,89,29,100
blue,36,38,109,133,118,92,98,114,76,93
blue,90,23,34,17,119,113,155,136,29,153
blue,88,54,63,76,79,18,40,143,133,45
red,31,46,124,49,128,2,88,1,76,66
red,31,102,148,129,153,110,30,143,76,119
red,110,87,54,69,153,22,26,105,24,93
blue,90,130,120,51,126,92,154,143,147,100
red,101,61,2,29,119,0,75,111,85,153
red,78,46,151,17,119,47,54,3,116,93
blue,0,58,121,24,80,123,84,3,29,119
blue,144,67,151,50,128,103,149,121,29,119
blue,115,13,143,51,45,77,61,121,76,119
red,0,130,144,54,82,91,40,155,51,111
red,97,134,150,8,148,22,38,124,136,66
red,59,58,94,76,16,103,40,55,49,82
red,110,46,143,120,109,107,77,148,76,74
blue,18,61,140,116,128,25,27,91,24,93
blue,74,141,159,9,83,18,54,155,24,114
red,18,38,1,49,100,110,102,64,137,70
red,0,84,94,76,45,18,38,26,49,80
blue,135,28,139,17,45,18,60,11,41,82
blue,112,60,1,133,100,18,28,19,49,158
blue,72,38,143,51,6,18,23,140,17,70
blue,38,23,150,9,128,18,58,139,133,158
red,18,134,89,150,80,107,24,122,137,11
red,18,107,2,76,70,0,58,33,116,14
blue,101,23,159,17,128,18,154,26,29,148
red,18,65,64,138,4,47,38,140,52,96
blue,0,40,143,29,100,2,134,26,116,96
blue,18,125,19,137,70,0,117,138,49,158
red,18,84,122,106,91,78,67,151,24,119
blue,43,142,55,106,120,18,26,7,133,45
red,22,102,55,133,5,18,38,120,85,153
red,48,146,23,63,45,18,111,140,136,70
blue,18,47,11,116,70,81,134,25,50,93
blue,18,30,150,29,12,72,134,155,116,82
red,18,154,1,51,14,35,84,64,137,128
blue,18,141,42,63,100,137,46,23,116,153
blue,131,74,69,9,119,154,27,121,24,82
blue,59,23,125,29,5,112,102,121,52,45
blue,103,60,124,76,53,114,40,64,17,108
red,18,30,155,137,45,0,40,33,136,53
red,103,67,159,69,108,2,40,64,51,128
red,65,78,110,17,79,59,38,132,76,14
blue,103,58,132,17,160,0,40,64,123,108
blue,0,54,132,137,108,110,44,150,138,5
blue,31,111,140,49,159,74,102,6,17,70
blue,103,75,143,109,108,31,65,104,51,14
red,150,97,143,29,96,101,84,121,24,93
red,37,38,33,106,4,22,28,150,29,119
red,145,40,64,52,99,107,61,159,116,5
blue,112,149,104,49,12,0,60,159,136,119
blue,22,142,159,51,82,74,149,143,109,108
blue,36,125,86,76,108,103,78,68,116,128
blue,48,92,1,17,53,22,141,55,54,128
blue,137,92,122,106,93,59,115,69,51,100
red,2,146,143,116,71,90,46,21,49,138
red,25,75,159,24,128,142,154,140,51,100
blue,74,75,159,17,9,31,154,52,109,100
red,90,84,159,76,5,74,134,64,49,9
red,22,111,140,17,53,114,88,151,63,93
blue,0,60,143,29,45,110,61,56,24,64
blue,152,88,57,29,70,47,84,159,76,96
red,0,134,159,24,80,31,28,143,76,37
blue,35,141,143,43,99,103,23,75,24,128
red,22,54,129,50,80,31,27,143,17,53
red,26,88,143,137,128,107,23,150,136,74
blue,35,28,151,29,53,154,98,7,69,111
red,41,61,11,137,108,36,5,144,51,148
red,101,97,64,51,99,131,46,89,137,128
blue,31,23,64,51,45,101,38,21,54,53
red,47,38,150,29,45,125,40,143,51,133
blue,150,107,20,133,148,37,125,1,29,100
red,143,13,130,51,93,22,107,56,76,119
blue,22,28,151,129,158,135,46,136,76,92
blue,0,88,143,76,15,115,65,1,17,158
red,92,58,2,29,158,90,40,143,51,93
blue,137,58,56,49,9,159,40,110,136,93
red,90,142,143,17,71,57,86,1,133,70
red,18,142,143,76,53,36,98,121,50,74
red,22,125,138,76,96,41,13,1,29,92
blue,131,40,94,109,15,115,98,55,137,118
blue,145,84,159,49,160,101,40,2,78,9
blue,43,134,20,25,108,18,13,120,69,82
red,25,88,143,15,93,22,74,151,78,153
blue,152,58,11,24,37,0,121,29,25,71
blue,31,141,21,25,108,146,61,1,52,126
blue,113,142,55,24,128,74,38,151,25,158
red,101,23,121,25,45,0,40,143,51,66
red,85,46,10,17,96,103,154,143,78,109
blue,101,54,136,9,70,0,78,125,17,71
red,0,58,143,17,53,18,142,131,78,159
blue,72,91,2,78,93,103,13,143,8,119
red,0,134,121,76,153,151,26,105,25,80
red,107,130,2,17,128,146,44,35,78,9
blue,112,38,143,25,100,18,86,55,116,108
blue,115,61,2,133,82,152,141,104,78,108
blue,36,84,11,17,70,59,60,151,78,82
red,34,134,155,8,66,74,130,150,25,148
blue,101,65,83,78,14,0,54,94,51,9
blue,0,13,89,136,96,18,92,55,25,119
blue,74,61,121,20,12,103,92,53,29,119
red,3,38,124,85,158,0,61,115,78,53
red,36,125,94,78,14,0,107,140,49,12
red,31,58,120,133,100,92,60,121,78,82
blue,0,65,120,17,159,103,111,41,25,158
red,20,61,132,17,9,114,37,140,106,96
red,20,75,140,17,71,24,113,3,29,82
blue,78,134,151,49,45,20,26,56,136,148
red,20,65,121,9,128,3,61,56,49,12
red,20,98,143,9,53,120,87,1,29,153
red,90,75,140,51,12,20,87,125,76,82
blue,53,58,121,8,128,90,40,64,9,71
red,78,46,20,51,139,115,58,11,9,99
blue,43,61,121,51,153,20,60,143,9,80
red,20,40,35,133,153,119,97,144,137,70
red,47,87,6,129,12,78,27,143,76,108
red,0,142,55,51,45,22,65,64,9,76
red,18,61,129,76,100,78,46,56,51,70
red,110,111,56,17,53,20,60,150,85,45
red,0,87,150,50,80,104,154,94,151,45
red,25,75,10,8,45,152,84,11,63,80
red,36,40,159,133,70,74,13,143,24,66
blue,0,140,64,76,158,125,154,3,54,66
red,22,28,33,29,80,43,40,155,54,93
red,47,134,143,133,70,135,67,23,116,80
blue,90,141,120,106,14,42,87,125,139,9
red,22,75,2,106,99,0,102,121,157,153
red,22,61,1,24,123,103,130,136,51,15
red,151,38,55,63,100,103,46,54,51,82
blue,22,46,1,24,158,103,149,84,17,128
red,103,149,26,133,70,48,84,94,76,99
blue,0,26,43,29,12,45,154,150,51,96
blue,101,134,2,69,53,0,130,121,17,12
blue,107,155,11,147,119,18,65,143,29,12
blue,142,23,151,76,66,62,77,144,8,53
red,110,84,3,49,128,22,23,104,133,53
blue,22,65,23,24,53,35,46,55,17,100
red,31,46,1,49,159,0,98,121,139,9
red,18,87,110,54,119,0,155,151,109,140
red,0,61,159,85,99,62,98,143,9,70
blue,151,155,143,17,93,35,141,121,24,80
red,0,75,19,29,45,62,107,124,116,70
blue,151,87,72,29,93,78,13,125,116,158
red,18,60,143,24,82,31,13,56,129,16
red,0,40,1,9,53,39,107,91,24,45
red,20,87,1,51,80,78,142,62,17,100
red,78,26,115,116,66,62,65,64,29,12
red,19,13,53,116,9,25,46,89,17,45
blue,151,134,33,116,119,0,67,155,133,45
red,101,75,53,51,118,25,154,150,123,108
blue,88,23,3,150,120,31,130,2,129,4
red,103,46,121,136,100,90,23,155,49,118
blue,154,13,2,137,133,22,27,143,69,80
red,77,134,140,54,93,74,38,89,29,159
blue,134,23,6,137,4,78,67,150,76,5
blue,18,13,1,29,93,74,54,121,76,96
red,104,149,91,116,128,74,86,89,29,109
blue,5,84,3,9,108,72,23,64,51,99
red,123,46,121,8,12,36,86,55,76,53
red,31,23,143,24,108,90,38,2,76,158
blue,107,38,157,9,93,154,23,155,17,96
red,131,13,56,24,71,151,142,2,147,96
red,22,78,132,76,108,0,98,121,133,93
blue,146,84,155,76,118,38,40,158,50,93
blue,48,58,89,106,93,22,54,0,69,153
red,110,94,144,17,14,22,154,140,69,80
blue,36,38,2,8,128,127,13,155,17,79
blue,155,60,55,29,45,123,5,121,133,153
blue,115,60,2,76,148,35,40,104,9,128
red,0,23,143,76,100,62,65,2,133,45
blue,43,87,56,8,5,0,27,143,133,70
blue,31,88,51,147,82,91,67,110,133,45
red,72,67,150,17,160,74,38,158,133,153
red,37,142,148,106,82,77,65,68,133,100
blue,0,28,140,51,5,18,30,9,133,100
blue,18,27,19,63,70,0,40,89,51,93
red,145,107,151,133,70,35,26,3,17,82
red,78,37,155,8,148,90,46,77,133,99
red,152,125,144,133,9,31,142,1,17,148
red,43,27,132,150,99,78,46,151,133,82
red,90,58,132,133,9,137,13,1,85,70
blue,90,23,151,17,118,78,38,43,133,81
red,36,75,1,133,70,103,65,138,29,12
red,36,87,143,129,45,152,130,105,9,100
blue,0,65,143,106,159,43,145,148,9,119
blue,121,102,159,76,53,115,84,6,133,108
blue,34,111,11,63,70,31,23,150,76,80
red,22,13,32,29,153,107,40,121,9,128
red,43,26,24,133,153,2,151,56,122,30
blue,0,13,121,29,153,43,27,124,133,70
blue,74,84,3,29,71,62,134,2,76,96
red,47,130,159,51,96,121,134,155,85,128
red,18,40,157,109,128,123,75,1,24,80
red,95,155,143,29,71,18,84,33,41,93
red,18,65,2,24,160,112,75,144,76,45
blue,18,107,143,29,118,141,38,11,17,71
red,78,38,160,116,53,18,13,115,9,66
blue,101,102,140,136,108,31,23,150,49,128
red,18,65,120,69,118,31,74,151,17,12
red,18,28,1,51,79,112,111,144,147,74
blue,18,38,72,17,159,31,84,150,9,37
red,103,86,59,9,66,18,145,55,17,100
red,18,40,9,49,15,74,94,124,51,14
blue,18,98,150,51,96,103,154,143,9,153
blue,135,149,121,51,91,18,28,155,17,158
blue,38,28,144,52,128,18,135,121,50,100
red,18,13,55,52,100,38,28,150,76,121
blue,18,75,148,116,70,101,60,6,52,100
blue,0,38,143,106,33,18,26,151,49,160
red,18,30,3,54,121,2,125,140,17,57
red,18,30,55,50,45,90,38,6,51,158
blue,18,30,10,24,96,31,40,55,76,93
blue,88,40,55,147,110,18,145,143,76,5
blue,18,30,148,17,79,43,61,122,106,128
red,31,65,54,137,66,103,107,43,51,118
blue,31,27,114,51,53,18,75,126,54,79
blue,18,75,126,52,100,103,38,55,29,120
blue,22,37,1,9,45,31,154,155,17,158
red,31,38,55,49,159,57,91,121,24,14
blue,18,54,155,50,5,112,30,143,133,70
red,0,134,148,76,158,18,27,125,51,82
red,103,30,6,76,5,18,91,114,51,153
red,74,13,26,76,82,18,44,6,50,100
blue,146,54,19,17,93,18,111,56,29,12
red,117,38,150,138,108,18,84,26,76,5
red,18,46,150,51,93,145,102,1,158,45
blue,117,37,56,137,100,18,40,120,76,139
red,135,130,69,29,12,131,111,72,24,6
red,18,127,43,63,109,31,38,121,29,74
blue,18,154,26,133,119,42,13,155,9,153
red,107,124,35,9,126,18,38,56,106,71
blue,35,38,144,51,4,31,154,56,76,14
red,110,40,105,29,153,18,98,32,76,14
blue,74,125,55,9,4,18,111,3,51,70
blue,131,84,3,129,4,18,60,73,9,128
red,18,155,73,116,119,150,37,55,29,153
red,18,130,1,76,100,43,134,54,24,102
blue,78,13,132,9,15,18,154,1,51,119
blue,18,98,143,17,9,90,87,136,24,15
blue,25,30,109,52,15,18,97,55,29,126
red,131,92,33,51,96,42,38,15,150,41
red,18,98,55,29,53,90,38,9,129,5
blue,59,28,58,136,99,18,98,75,144,153
blue,131,107,64,50,93,43,125,140,150,37
blue,104,75,155,133,70,18,60,68,54,100
blue,117,38,140,116,14,18,134,124,69,16
red,18,67,121,116,45,145,30,2,29,133
blue,18,58,125,133,118,145,87,53,129,93
red,114,124,38,29,45,0,142,19,17,100
blue,20,13,114,129,119,127,111,63,9,108
red,0,111,124,51,4,90,60,121,129,96
blue,37,61,125,29,66,121,54,155,106,93
blue,0,5,121,29,53,77,86,26,9,82
blue,18,58,21,133,80,101,44,151,51,160
red,67,102,2,116,100,78,86,19,17,71
red,67,102,120,76,158,115,134,143,8,100
blue,0,94,68,76,128,39,46,56,69,80
red,74,13,64,106,5,37,38,155,116,158
blue,137,98,155,9,45,49,65,55,35,93
red,101,84,151,49,128,0,142,56,129,109
blue,74,40,11,50,80,34,54,21,17,45
blue,35,23,150,133,53,0,44,2,9,93
red,0,77,140,51,45,105,87,151,106,82
red,0,38,83,137,100,90,87,64,76,12
blue,91,102,121,9,100,0,61,2,52,70
red,88,46,20,76,100,108,38,2,9,12
blue,91,61,64,17,12,115,54,3,133,45
red,78,26,43,29,9,151,124,150,116,158
blue,0,98,122,49,66,91,13,2,129,70
red,114,75,139,51,70,151,28,155,91,53
red,36,102,121,51,14,22,142,58,24,128
blue,150,141,1,85,153,155,92,144,116,160
blue,74,98,55,150,66,137,38,1,85,153
blue,22,27,143,76,158,134,142,131,51,5
blue,34,134,143,85,119,22,38,138,76,5
blue,90,60,143,76,70,112,94,54,49,108
blue,137,86,41,76,159,151,5,120,51,14
red,19,74,150,85,46,101,13,121,9,45
blue,107,44,129,74,108,110,142,21,133,153
blue,144,130,121,51,53,97,98,55,85,120
blue,18,142,144,129,66,22,134,151,9,93
red,34,65,121,76,37,90,13,150,109,12
blue,72,23,73,69,80,134,40,19,17,4
red,0,65,139,24,5,72,58,120,49,153
red,31,102,2,158,108,110,125,109,52,16
blue,43,84,94,29,82,103,86,140,106,121
blue,90,84,48,49,12,22,13,2,76,80
red,81,84,94,51,93,74,61,64,147,96
blue,103,46,1,17,6,72,84,129,24,9
red,18,27,56,17,82,35,84,159,9,53
red,151,26,89,29,12,103,38,19,17,79
blue,22,145,105,29,53,103,5,144,147,9
red,117,142,29,129,16,74,22,121,24,128
red,31,26,150,129,53,18,40,124,76,12
red,107,154,55,106,128,25,130,68,24,53
red,151,61,64,9,119,107,46,109,156,80
blue,34,125,151,54,93,110,58,56,24,128
red,18,88,56,8,53,151,141,121,109,153
blue,74,86,150,51,93,18,88,33,106,100
red,151,65,64,106,93,25,46,125,51,82
red,151,141,89,20,108,107,74,143,106,82
red,78,75,19,133,100,151,58,2,150,5
blue,22,142,151,150,53,0,40,56,129,5
red,34,60,55,136,158,114,125,155,133,53
red,114,40,150,9,83,151,13,33,51,104
blue,2,142,55,17,70,53,125,151,49,148
blue,144,65,2,17,100,19,46,64,49,119
blue,43,67,151,24,93,0,154,150,133,53
blue,72,58,64,29,53,151,130,2,8,128
blue,110,87,121,49,9,81,74,151,8,128
red,0,54,3,51,14,20,84,151,9,16
red,151,38,121,156,100,107,13,83,120,93
blue,47,111,55,116,100,62,13,151,157,45
red,78,111,151,109,118,25,86,143,76,45
red,151,75,109,76,93,101,84,11,9,5
blue,34,40,55,51,82,144,86,151,147,12
blue,150,154,36,50,53,151,86,78,9,109
red,22,38,157,52,79,137,107,121,51,74
red,36,46,143,9,128,0,13,151,51,15
blue,0,86,2,9,16,22,38,21,106,90
blue,0,142,1,116,96,112,125,143,24,45
red,47,40,143,106,153,0,38,89,116,82
red,0,98,64,9,81,31,58,158,52,4
red,0,23,158,76,80,22,125,136,129,5
red,0,61,19,150,96,43,98,121,133,100
blue,103,75,143,133,4,35,54,89,51,100
red,91,38,140,49,100,74,87,6,133,70
red,0,38,143,51,70,22,23,155,9,6
blue,0,142,6,54,108,78,44,132,76,93
blue,25,58,139,76,80,36,84,6,9,119
blue,38,58,6,129,100,114,130,151,54,118
blue,102,134,6,9,12,0,40,144,76,80
blue,101,88,71,116,119,134,28,6,76,91
red,31,125,23,76,82,90,60,6,137,153
red,78,86,104,49,9,36,23,6,51,160
red,95,13,6,29,153,22,142,1,76,91
blue,107,84,53,136,128,18,40,6,76,82
blue,35,58,56,17,66,47,23,151,49,74
blue,110,38,120,116,4,123,65,158,106,82
red,92,38,6,118,71,0,67,64,29,109
blue,110,84,56,133,70,22,102,19,51,128
red,131,65,6,116,80,3,87,21,52,100
blue,127,30,155,24,74,92,38,120,9,119
blue,31,142,55,52,14,38,124,129,51,4
blue,88,78,55,29,99,22,67,138,69,158
blue,90,125,155,49,153,18,46,143,8,12
blue,88,67,129,17,100,114,65,143,136,118
blue,103,46,54,29,153,18,26,155,51,82
red,18,38,2,137,119,151,23,120,85,153
blue,31,141,122,108,82,95,67,124,50,53
red,0,58,136,17,93,53,107,121,69,153
red,90,38,124,52,70,0,44,64,106,4
red,31,145,89,51,5,78,13,159,116,16
blue,47,77,120,76,9,112,146,155,49,37
red,103,27,155,106,74,0,67,144,76,100
blue,90,23,125,17,14,37,58,139,116,16
blue,110,142,132,76,53,151,102,56,116,74
red,110,65,89,51,100,74,142,53,17,128
red,130,38,56,17,120,151,75,57,49,158
blue,22,44,26,116,128,74,94,11,51,82
blue,18,23,64,54,108,134,38,71,76,5
red,74,13,122,91,12,36,65,159,76,119
red,90,40,2,69,128,53,145,6,51,82
blue,77,72,1,69,4,47,102,7,63,70
blue,91,74,144,136,45,77,102,155,76,15
red,22,40,144,29,153,90,38,143,17,16
blue,77,134,121,50,100,137,28,155,51,126
blue,77,65,2,106,5,22,61,109,52,100
blue,34,130,150,76,93,77,38,157,29,109
red,107,38,143,17,126,90,67,94,49,71
blue,107,142,3,24,119,90,61,2,17,93
blue,77,75,70,49,153,127,28,155,54,45
blue,72,46,19,24,100,31,38,121,120,16
red,11,65,150,76,139,31,102,148,17,93
blue,112,38,109,9,70,0,58,151,29,12
blue,31,46,1,133,70,131,154,150,120,108
red,31,142,121,51,148,110,38,34,147,96
red,31,38,121,9,120,47,125,37,17,53
red,31,65,6,76,82,59,23,148,8,128
red,57,38,125,8,41,31,84,37,9,66
red,110,104,3,76,139,31,67,89,49,128
blue,0,60,143,76,158,112,125,121,19,5
blue,31,142,144,106,99,145,13,81,29,128
blue,0,97,2,49,71,31,102,143,9,108
blue,115,65,71,106,96,18,84,101,17,128
red,152,46,159,106,93,0,38,124,17,66
blue,25,87,159,133,128,22,154,104,17,100
blue,90,94,34,17,71,88,65,124,61,119
blue,97,46,1,17,148,90,98,159,29,45
red,102,65,1,24,100,57,75,151,29,14
red,142,46,89,49,160,144,111,149,109,80
red,43,65,1,76,12,103,38,2,116,128
red,103,141,55,49,109,112,40,2,106,119
red,104,130,143,9,100,59,46,91,49,128
blue,151,102,48,129,124,107,149,33,116,153
red,22,46,19,116,70,0,134,105,156,14
blue,91,27,56,24,153,22,154,33,76,16
red,22,111,104,51,74,112,149,121,29,12
blue,31,133,120,29,53,54,125,11,51,12
blue,101,65,64,76,119,125,58,120,51,93
red,115,46,124,51,71,90,58,11,116,70
red,137,145,1,129,70,144,40,64,133,45
red,35,141,1,106,80,91,111,120,137,139
red,104,30,151,17,6,43,142,1,51,82
red,18,146,1,116,70,130,86,143,120,12
blue,47,87,1,116,148,18,26,151,24,70
red,31,61,143,137,45,18,26,1,136,12
blue,78,38,151,17,158,20,40,1,106,82
blue,151,13,53,137,148,115,97,1,29,158
red,36,38,121,41,158,0,40,1,133,9
blue,62,58,53,17,45,36,60,1,109,108
blue,53,60,71,50,70,57,38,1,29,45
red,90,28,56,50,128,78,60,1,109,118
red,22,98,1,116,153,67,78,155,17,70
blue,22,58,159,29,80,18,92,1,50,119
blue,0,46,121,24,93,101,26,1,29,100
blue,43,65,136,8,53,102,60,1,116,70
blue,135,142,1,133,80,51,67,140,29,12
blue,81,77,144,76,12,62,67,1,52,124
red,151,84,1,129,126,112,124,121,49,160
red,131,67,1,76,100,97,130,143,8,9
red,77,61,2,129,4,20,23,69,133,70
blue,81,125,1,9,160,0,26,121,76,12
red,0,60,144,69,80,72,40,1,51,9
blue,36,65,1,24,93,43,84,3,9,109
blue,35,46,121,52,53,78,142,1,106,93
red,83,134,55,106,14,37,58,1,137,70
blue,37,40,158,51,100,151,27,155,76,108
blue,18,61,21,9,153,101,125,121,54,108
blue,90,46,155,49,108,0,94,138,29,153
blue,90,46,68,17,9,3,102,120,139,82
blue,0,142,11,51,110,74,46,143,106,80
red,112,61,93,109,9,146,94,55,116,12
blue,0,125,148,150,99,90,130,159,29,80
blue,0,46,150,51,148,151,134,144,8,70
red,35,46,64,51,45,0,23,2,29,81
red,78,145,55,49,93,22,27,129,51,53
red,145,61,155,109,128,2,130,122,9,158
blue,110,145,144,49,70,74,111,56,17,53
blue,20,46,3,29,53,110,65,26,17,71
blue,22,26,140,129,96,18,46,56,76,45
red,43,27,56,9,70,151,26,140,29,12
red,97,13,105,51,14,101,23,125,54,9
blue,90,46,121,9,64,101,65,158,17,160
red,81,46,148,49,80,36,60,143,17,5
red,151,98,122,129,14,101,38,143,63,70
red,81,46,33,76,93,22,130,2,50,70
red,152,65,68,76,108,22,46,1,29,62
red,110,46,64,51,99,74,142,155,69,53
blue,78,75,151,109,9,0,46,122,17,153
blue,22,146,121,17,70,145,124,43,116,92
blue,0,86,56,133,100,103,46,1,63,70
blue,103,84,155,50,128,113,98,57,49,53
blue,39,61,159,29,45,78,30,3,24,74
blue,101,145,159,106,82,0,65,56,76,93
blue,22,75,19,52,100,0,61,64,9,92
blue,144,61,150,76,96,18,23,73,133,70
blue,57,102,32,24,100,137,145,15,76,128
blue,72,145,121,137,140,47,60,144,17,16
red,22,145,155,109,108,91,124,41,133,70
blue,36,61,68,137,128,103,149,26,29,99
red,35,75,1,76,128,97,146,109,49,9
blue,123,13,73,17,53,74,97,64,50,70
blue,107,61,55,49,148,36,30,121,17,93
blue,131,67,151,50,100,152,145,56,17,119
red,135,67,121,29,128,112,142,151,17,120
red,151,60,33,17,12,74,67,155,50,80
red,0,67,10,17,153,95,77,144,49,158
red,0,67,64,51,70,88,130,33,24,93
red,112,67,155,76,100,134,38,56,17,148
blue,53,92,158,24,66,127,67,151,51,70
blue,121,13,150,29,45,0,67,122,49,12
blue,146,60,11,51,14,88,67,122,17,153
red,0,67,122,49,16,57,75,138,24,100
blue,18,67,122,17,70,137,23,138,116,128
red,0,67,122,29,120,48,94,71,133,70
blue,74,67,1,8,100,112,141,140,133,70
red,22,67,124,129,82,145,102,57,138,81
red,18,154,64,129,82,34,67,2,50,158
red,74,67,151,17,71,18,134,143,29,96
red,22,67,151,29,118,107,98,20,106,108
red,90,54,125,49,99,102,67,151,106,71
red,78,58,155,51,14,22,67,94,76,53
red,150,67,122,49,93,0,13,56,109,119
blue,62,67,122,29,4,43,107,26,116,6
red,47,60,140,106,126,2,26,1,24,119
blue,31,84,33,106,74,39,88,26,49,53
blue,25,38,124,116,158,39,98,121,150,118
blue,22,13,159,17,153,90,67,151,106,82
blue,25,23,105,150,14,78,142,54,147,45
blue,91,154,1,24,5,48,155,132,106,112
red,114,40,54,106,12,47,130,121,17,14
blue,103,134,55,29,153,137,13,23,116,12
red,41,13,19,24,14,35,46,144,106,100
red,37,23,155,8,80,74,46,39,76,12
blue,0,102,122,76,4,43,23,3,106,100
blue,25,60,2,17,12,47,26,41,61,53
blue,3,154,143,9,5,62,60,2,106,123
blue,103,84,43,76,45,25,142,55,50,160
red,62,61,143,106,82,0,38,138,52,45
red,90,58,144,17,14,2,107,53,137,45
blue,91,77,143,24,160,53,40,2,137,153
blue,110,107,144,52,119,112,142,143,51,45
blue,142,107,121,17,79,18,23,64,76,66
blue,90,102,0,51,119,110,65,71,129,133
blue,19,40,29,51,128,90,13,155,8,153
blue,90,44,138,108,74,88,67,56,17,109
red,90,145,2,29,158,47,141,138,51,70
blue,81,155,26,158,108,90,27,150,17,53
blue,36,149,144,17,53,135,102,148,129,119
red,34,86,143,9,158,90,154,43,133,153
red,115,46,56,9,80,36,38,1,136,128
red,35,38,19,8,82,90,141,120,106,128
blue,101,65,1,41,120,90,58,154,76,45
blue,90,142,11,51,14,115,65,121,17,45
red,145,142,2,76,96,18,27,136,9,70
red,91,142,124,17,66,36,30,64,24,53
red,145,142,151,52,82,101,84,125,29,158
blue,22,78,121,29,108,113,92,64,17,71
blue,62,78,155,49,150,0,61,121,76,160
blue,0,40,122,17,9,117,61,121,129,109
blue,123,30,1,106,93,101,46,124,51,80
blue,114,60,109,133,100,62,27,121,50,70
red,135,134,2,133,70,31,26,121,51,14
red,150,27,159,51,118,47,26,73,50,119
blue,34,67,155,133,153,31,26,159,49,93
blue,114,60,136,29,5,22,26,143,17,119
red,72,26,150,116,153,78,94,151,76,16
blue,74,26,23,76,160,22,40,125,54,126
red,112,26,140,129,82,110,107,20,51,96
red,90,26,56,51,70,134,13,121,49,148
red,78,141,144,17,53,18,26,155,49,12
blue,115,146,122,116,14,114,102,89,29,53
red,35,111,122,17,82,101,124,105,49,45
red,151,27,105,8,12,74,111,121,29,158
red,43,111,138,76,45,0,58,159,49,153
red,48,111,121,29,9,2,61,104,106,100
red,155,111,121,17,9,151,67,54,133,108
red,0,26,143,76,96,154,77,144,17,12
blue,101,40,143,51,81,150,67,121,24,14
blue,74,111,121,76,108,22,75,120,17,45
red,103,13,121,116,70,123,111,26,137,100
blue,131,107,88,50,66,35,111,121,63,70
blue,117,127,3,24,18,112,111,26,17,45
red,22,111,26,29,45,0,23,94,9,153
red,43,111,56,133,70,2,23,150,24,153
blue,34,46,63,129,109,112,60,143,52,93
blue,39,141,33,29,53,74,60,1,157,93
blue,34,94,89,24,53,0,98,124,19,93
blue,0,38,143,29,74,43,124,89,76,5
blue,101,142,19,76,119,31,107,55,9,96
red,43,38,59,29,76,1,154,152,106,82
blue,78,40,139,106,119,110,38,159,51,74
red,90,61,64,51,66,103,58,120,29,91
red,0,58,53,17,119,78,38,138,76,109
red,78,38,1,63,70,3,65,89,50,99
red,123,102,143,49,93,134,38,109,137,70
blue,2,142,150,51,82,74,58,55,147,96
blue,0,46,33,76,109,53,58,11,133,70
red,112,46,56,17,70,110,142,143,76,53
blue,107,111,151,136,128,120,58,121,17,79
blue,131,121,76,8,45,95,27,3,51,96
red,127,13,144,49,118,136,142,150,17,160
blue,92,130,143,51,99,103,102,71,76,74
blue,22,38,139,29,153,158,142,115,49,160
red,107,75,139,51,4,43,40,157,116,80
red,62,87,143,29,118,35,74,139,137,9
red,25,141,139,133,80,41,60,121,29,53
blue,127,40,73,137,108,34,28,139,50,70
red,92,146,139,69,80,151,102,1,76,109
blue,18,46,143,29,99,0,102,140,19,82
blue,47,130,129,83,53,88,38,140,17,14
blue,154,91,32,24,12,103,141,140,76,96
red,47,38,140,133,45,0,58,11,76,12
blue,22,111,140,17,100,18,124,121,29,45
blue,18,61,55,76,16,90,142,140,51,14
blue,22,46,55,76,45,48,111,140,51,53
blue,22,77,140,109,119,110,46,122,150,154
blue,90,38,21,49,133,54,60,140,17,45
red,43,98,140,129,71,0,84,7,29,5
red,119,77,140,8,9,74,28,2,24,128
blue,74,46,139,17,71,2,13,158,9,45
red,110,125,73,29,33,145,111,2,49,93
red,0,28,140,106,108,18,134,19,29,119
blue,18,40,140,24,53,22,27,120,49,96
red,90,28,139,51,12,35,37,140,76,128
red,88,65,140,129,5,3,91,122,29,158
blue,103,111,140,17,45,92,87,143,51,66
blue,90,146,21,51,82,75,154,140,17,79
red,91,130,124,76,5,47,84,140,133,45
blue,31,130,143,51,82,72,58,140,76,153
red,34,26,155,49,82,31,134,138,129,14
red,36,60,155,54,96,72,154,140,63,93
blue,48,46,109,147,153,35,40,140,129,128
blue,134,46,121,9,96,38,125,140,17,53
red,90,58,140,51,93,35,142,120,147,80
red,41,149,140,85,82,144,74,68,9,153
blue,103,154,151,76,100,115,13,140,150,126
blue,6,30,2,106,66,22,87,7,17,71
red,103,46,2,69,9,22,67,94,49,14
blue,2,46,151,76,153,107,23,150,29,33
blue,110,65,68,52,100,151,154,2,29,53
red,78,102,62,24,132,0,27,2,76,5
blue,146,65,1,106,93,144,61,140,29,53
blue,91,60,2,17,12,24,87,55,109,14
blue,90,98,155,136,45,107,13,140,52,128
red,78,92,140,29,119,43,87,158,17,82
red,57,40,138,49,4,35,130,11,17,100
blue,35,28,104,17,79,22,134,55,116,153
red,74,65,2,17,80,35,84,94,9,5
blue,123,125,91,51,66,35,149,138,106,53
blue,31,102,26,51,93,35,65,56,17,96
red,35,28,94,116,148,101,84,155,41,45
blue,103,107,1,49,108,22,28,121,156,119
red,0,13,143,17,70,62,97,2,76,100
blue,104,102,124,69,3,22,155,144,17,5
red,101,65,64,8,119,34,141,140,147,160
red,110,60,138,51,53,0,65,2,9,45
red,110,46,89,116,45,0,149,1,69,80
red,0,54,94,147,12,88,86,140,76,158
red,110,26,131,76,82,43,23,1,29,108
red,110,26,3,76,82,74,145,125,17,16
red,22,46,140,136,12,110,54,115,49,93
blue,110,134,151,76,53,90,65,136,129,153
blue,35,23,121,156,53,90,98,2,137,15
blue,55,40,83,49,100,0,60,19,17,71
red,78,46,3,133,119,0,40,148,129,53
red,0,60,121,133,70,34,154,143,137,80
red,91,149,143,54,118,146,38,121,116,153
red,43,98,1,17,45,0,13,55,133,119
blue,0,84,125,76,158,22,28,110,109,108
red,90,149,55,29,15,130,61,121,69,80
red,74,58,140,17,71,127,38,89,137,70
blue,155,130,136,52,119,90,27,35,17,100
red,107,27,155,51,82,137,23,89,116,96
blue,90,142,68,51,158,22,88,59,49,53
blue,22,75,120,150,96,47,134,140,24,91
blue,112,60,6,17,12,92,88,2,54,45
red,154,86,21,29,53,22,13,160,52,119
blue,74,154,110,76,109,134,46,120,17,79
blue,154,13,151,8,100,103,23,150,76,45
blue,87,65,121,17,15,36,40,139,106,93
red,74,104,129,76,96,145,61,39,116,45
red,43,65,53,24,160,154,38,129,51,14
blue,115,84,89,9,128,154,38,143,133,100
red,110,61,1,133,126,74,40,154,24,93
blue,109,13,140,76,160,74,58,155,136,108
blue,74,38,6,17,41,103,58,155,76,124
blue,114,13,1,17,12,103,40,56,76,45
blue,59,84,94,106,93,110,54,32,136,70
blue,22,142,109,17,12,154,38,121,24,148
red,131,30,154,50,158,78,28,56,17,9
red,0,13,51,52,93,154,142,1,133,158
red,154,98,64,29,119,34,86,139,51,118
red,110,65,64,50,70,91,74,73,29,93
blue,114,46,3,106,66,0,102,140,8,45
red,95,86,121,17,6,154,155,157,51,15
blue,74,60,139,51,93,88,13,55,106,128
red,110,38,83,17,71,0,154,155,136,100
blue,110,46,122,133,70,22,40,159,17,12
red,151,37,125,17,119,110,28,6,29,12
blue,110,94,121,76,74,22,142,144,116,79
red,110,102,68,17,53,0,129,55,52,100
red,110,46,140,147,96,152,111,129,8,70
red,74,60,64,133,100,110,58,140,51,70
blue,72,98,159,52,82,110,155,64,17,15
blue,74,23,156,133,70,47,25,1,137,80
red,127,13,23,50,70,151,86,143,129,5
red,0,107,26,76,45,35,13,140,129,53
red,81,141,68,129,100,2,65,35,51,82
red,0,13,121,133,80,38,77,2,63,70
blue,88,152,6,52,100,38,134,19,76,139
red,37,92,3,52,9,121,142,120,51,74
red,0,142,1,51,5,18,130,94,52,64
red,53,142,19,52,128,74,60,105,106,99
red,34,23,83,129,4,3,125,64,52,96
blue,91,27,143,50,45,3,23,158,109,93
blue,74,38,143,129,15,0,58,1,133,70
red,31,23,11,9,70,57,78,151,17,109
blue,0,87,26,17,45,34,27,21,76,99
red,22,154,104,76,109,115,91,136,52,100
red,59,102,155,9,119,90,142,55,116,71
red,101,111,23,76,159,103,130,136,24,5
red,115,58,23,69,14,39,142,159,52,128
red,47,28,19,133,70,90,60,138,52,99
blue,97,38,101,109,108,74,125,143,116,118
blue,77,98,2,8,119,0,54,132,29,53
blue,88,134,101,76,71,95,23,81,17,53
blue,0,67,11,129,93,3,130,159,106,119
blue,22,60,132,106,66,37,44,151,17,100
blue,97,46,132,51,70,123,40,143,54,0
blue,59,58,151,17,53,146,67,143,76,71
blue,39,61,159,137,119,0,84,110,54,93
blue,0,102,143,29,53,13,146,41,8,100
blue,78,60,151,24,153,2,142,132,116,70
blue,31,23,110,52,82,0,67,151,9,16
red,0,111,157,116,66,103,65,21,17,45
red,101,13,132,116,15,154,134,140,133,53
blue,151,74,132,116,82,107,84,33,76,12
blue,35,77,138,129,96,110,102,132,120,74
red,103,40,143,29,54,0,154,121,17,100
red,78,134,125,24,66,101,145,143,76,128
red,134,60,143,24,148,112,13,56,9,160
blue,81,124,144,9,70,90,40,143,29,100
blue,152,77,143,24,12,37,13,121,51,14
red,131,111,56,51,153,35,102,148,76,5
blue,78,38,68,85,119,131,27,155,49,118
red,3,67,11,29,100,0,134,121,17,109
blue,115,125,56,17,119,18,38,6,51,45
blue,113,130,56,116,153,152,38,143,137,45
blue,81,155,143,133,70,83,38,73,51,12
red,112,40,140,76,96,90,60,121,129,64
blue,31,67,124,17,53,18,145,109,9,74
red,36,60,133,76,45,74,40,159,106,100
red,107,27,151,116,108,22,65,121,52,128
red,103,60,89,76,100,0,84,20,51,53
blue,37,28,48,133,71,142,27,150,69,16
blue,58,98,2,129,120,103,26,94,17,9
blue,103,61,122,8,79,78,125,105,17,153
red,35,60,144,52,93,43,86,109,51,81
red,22,28,155,17,160,131,130,55,52,100
blue,90,60,11,147,5,35,87,121,106,120
red,110,130,89,136,123,152,20,55,76,66
blue,43,44,143,63,45,3,65,55,17,153
blue,56,40,109,116,119,90,28,155,129,128
blue,47,38,121,129,128,101,87,1,76,14
blue,114,61,53,106,154,22,155,138,76,41
red,47,134,143,17,53,151,60,19,29,119
red,25,23,150,76,9,22,75,143,106,70
red,110,26,150,76,159,2,98,105,51,99
red,31,38,64,106,93,47,65,121,51,53
blue,35,26,142,51,82,43,154,2,17,16
blue,103,98,23,54,119,43,154,143,106,74
blue,18,60,68,52,93,137,65,140,50,82
red,110,86,63,49,158,103,26,91,51,53
red,35,65,138,52,57,0,142,1,147,91
blue,22,38,132,76,66,107,30,155,49,120
blue,110,23,160,129,70,0,60,33,83,66
blue,150,13,33,51,5,134,154,155,137,70
blue,103,40,159,156,70,145,142,33,17,53
blue,103,23,55,52,93,42,27,155,49,148
red,83,5,55,69,80,43,60,64,52,153
red,31,125,64,17,53,0,23,155,29,158
red,36,40,157,76,96,0,60,64,8,37
blue,151,23,11,150,53,47,65,121,109,108
blue,0,67,137,76,100,31,92,124,24,118
blue,22,58,144,9,96,0,23,132,150,12
red,110,142,143,17,12,25,130,11,50,80
blue,35,87,121,137,12,150,23,155,9,100
red,62,75,132,109,3,72,155,121,17,12
blue,90,142,121,49,12,35,23,11,63,70
blue,0,87,121,24,12,18,141,62,29,53
red,110,27,0,137,12,103,13,158,106,93
blue,103,92,54,9,158,37,75,33,29,12
red,22,61,143,106,128,125,113,158,17,12
blue,57,13,55,106,16,81,58,140,76,70
blue,137,13,19,24,82,0,98,120,76,93
blue,103,87,143,109,108,18,58,144,49,120
blue,62,65,136,49,148,18,84,57,52,96
blue,34,40,121,51,139,101,13,55,52,119
red,18,60,11,147,45,107,23,150,133,118
red,144,142,151,9,120,18,98,140,51,153
red,107,13,140,76,53,34,111,2,63,7
blue,34,61,72,51,45,101,84,132,17,53
red,18,130,143,8,93,110,13,2,76,82
blue,34,38,124,150,14,107,146,159,29,119
red,34,67,105,17,53,18,27,151,29,45
red,18,44,121,29,53,107,13,158,52,93
red,110,65,120,106,83,18,142,68,52,5
red,18,134,1,50,109,151,38,121,49,119
red,60,142,143,51,100,18,40,157,9,79
blue,20,146,125,109,66,18,26,38,9,82
red,18,84,140,29,158,31,23,150,76,66
red,31,40,68,17,12,48,134,155,109,53
red,0,54,155,51,53,101,37,33,29,119
blue,0,75,140,106,100,36,30,155,129,70
blue,90,154,2,150,5,95,58,133,120,128
blue,78,84,3,52,4,145,134,121,51,12
red,35,23,155,76,108,151,79,140,106,148
blue,90,5,143,76,93,0,146,120,9,128
red,74,61,56,51,82,0,37,64,156,158
blue,36,28,121,51,99,59,13,151,29,12
blue,74,79,38,106,12,151,28,155,51,64
blue,31,75,109,17,45,48,27,22,29,41
red,103,27,138,17,45,151,23,1,106,74
blue,22,142,121,24,82,43,107,3,17,124
red,101,84,56,24,15,2,40,0,9,53
blue,78,13,2,133,91,0,61,32,76,100
blue,0,60,1,51,82,18,142,64,17,148
red,43,111,26,17,45,36,46,55,49,153
red,0,130,51,49,53,90,61,26,9,71
blue,0,77,143,116,153,78,27,155,50,70
red,31,107,139,49,53,74,54,155,17,79
red,72,135,121,17,109,31,27,105,29,108
red,0,23,129,76,119,97,13,54,24,6
red,74,27,155,17,70,43,58,19,95,53
blue,39,75,155,17,80,0,142,121,24,5
blue,101,30,43,129,108,103,27,151,137,12
blue,0,38,105,29,45,31,84,136,24,100
red,3,98,94,54,109,107,142,55,24,7
red,31,27,109,137,80,107,75,43,147,53
red,74,27,144,76,45,22,60,121,49,111
red,74,13,121,17,45,107,27,143,29,9
red,18,27,32,29,45,92,38,105,17,76
red,101,27,48,52,45,0,61,19,8,119
blue,43,75,1,69,81,0,27,11,29,108
blue,22,87,56,17,96,123,125,11,50,158
blue,18,58,120,133,100,112,44,129,51,159
red,35,40,6,52,100,18,65,104,51,82
blue,18,65,143,9,100,91,13,157,17,79
red,18,54,56,63,100,91,65,1,17,148
red,152,38,56,29,100,90,40,6,116,153
red,90,134,158,137,100,110,65,23,136,153
blue,131,61,55,133,100,144,38,3,106,91
blue,57,40,89,24,93,115,142,23,137,100
red,42,30,143,129,154,0,134,68,9,79
red,110,13,121,9,119,34,78,120,17,79
red,77,65,144,29,12,74,149,2,24,119
blue,103,38,143,51,45,0,107,144,29,9
red,47,46,143,49,118,103,125,109,76,9
red,62,30,94,69,5,77,26,120,116,108
blue,18,107,144,51,153,101,44,64,76,45
red,151,38,55,24,93,88,125,140,8,119
blue,144,84,29,8,82,146,142,44,133,45
blue,115,58,157,109,93,107,65,144,116,96
blue,112,61,2,133,153,0,154,143,129,14
red,123,61,64,150,108,88,38,144,29,12
red,114,61,140,29,93,91,46,64,133,66
blue,37,141,68,49,12,36,26,143,147,96
blue,0,98,144,24,93,77,46,109,76,66
blue,112,28,151,137,153,31,130,55,8,118
red,74,78,155,17,99,47,142,11,24,91
blue,90,5,159,129,70,0,60,121,76,93
red,0,130,2,8,82,110,23,150,24,45
blue,31,92,11,85,82,47,124,21,150,96
blue,39,13,1,51,128,103,40,121,8,158
red,145,142,121,9,128,90,38,2,76,53
red,74,23,151,109,5,20,58,105,136,53
blue,103,107,2,137,100,97,75,11,49,5
red,36,23,11,147,128,31,58,150,17,148
blue,91,125,148,49,53,144,40,64,51,93
red,37,111,121,9,14,0,84,56,76,82
blue,18,87,89,147,111,0,155,11,110,108
red,135,142,64,49,119,35,38,32,17,30
red,90,38,122,8,93,42,28,121,9,12
blue,103,134,2,106,100,107,54,151,129,45
blue,22,60,143,52,5,39,46,21,24,45
red,151,134,121,17,70,2,75,64,85,158
red,3,67,125,120,93,0,130,11,139,158
red,35,58,124,51,82,0,92,55,106,71
red,95,124,121,29,70,110,38,1,51,128
blue,74,142,2,116,53,151,23,143,133,158
blue,93,46,133,17,108,22,74,1,29,82
blue,112,98,137,51,82,144,40,56,29,96
red,45,28,150,106,82,25,58,159,76,119
red,0,94,3,148,53,115,58,1,49,93
blue,90,84,94,133,119,22,23,155,29,80
blue,101,65,121,116,100,103,74,155,133,153
blue,74,13,155,76,96,18,98,37,106,66
red,112,142,132,49,120,114,134,155,29,12
blue,0,38,143,69,45,135,94,159,106,121
blue,74,130,2,50,12,18,87,155,136,120
red,35,98,144,76,93,103,102,140,51,12
blue,31,87,56,133,108,47,13,53,136,70
blue,0,13,150,122,96,151,27,144,51,9
blue,151,65,21,136,74,22,98,159,129,100
blue,151,28,19,9,160,91,13,144,150,118
red,36,98,151,106,41,43,107,75,24,160
blue,22,58,155,54,66,78,149,56,51,53
blue,97,154,142,136,160,22,141,1,49,100
blue,18,67,143,50,53,74,40,158,9,118
red,78,102,158,137,53,35,58,121,17,66
red,48,107,55,155,82,101,130,2,51,45
red,110,40,143,120,91,151,67,43,17,71
blue,144,142,53,63,70,18,98,121,157,108
blue,131,58,1,8,53,18,130,144,76,5
blue,13,58,64,49,160,97,61,89,106,5
blue,151,30,2,17,45,31,38,150,106,82
red,132,40,89,106,66,0,58,121,133,45
red,34,58,138,17,53,48,67,55,76,5
red,103,46,1,17,71,48,75,87,76,9
blue,67,65,2,76,99,37,46,56,133,96
red,22,46,121,109,108,110,40,132,106,82
blue,0,154,109,136,160,22,124,151,76,9
red,53,154,140,106,96,18,87,143,17,71
blue,22,154,150,129,119,36,75,19,54,9
red,104,102,140,129,66,43,75,143,9,70
red,151,23,155,9,100,0,54,121,129,82
red,130,38,121,29,74,0,65,11,49,99
red,74,60,121,133,153,37,27,155,24,14
red,0,27,121,24,96,3,54,155,50,74
red,18,98,139,29,108,59,65,143,17,12
blue,90,65,144,50,70,22,13,64,24,80
red,31,67,159,29,45,0,130,11,133,12
blue,34,13,157,49,53,112,97,125,76,160
red,135,67,131,159,80,115,154,157,50,14
blue,77,67,64,17,128,22,111,121,129,153
blue,74,86,143,51,14,0,134,124,24,119
red,38,40,64,17,45,151,113,26,76,15
red,152,142,56,133,45,57,23,34,129,4
blue,22,134,56,24,70,57,37,150,133,96
blue,101,30,138,17,118,22,60,89,116,45
blue,36,58,1,17,5,35,125,122,129,45
blue,47,40,55,133,107,42,130,159,17,41
red,135,38,11,17,71,92,117,121,50,45
red,20,46,55,76,14,112,60,158,129,91
red,112,38,43,8,128,36,26,3,9,70
blue,74,61,159,17,128,135,134,2,29,119
red,112,94,26,24,128,18,13,121,29,14
red,90,23,155,29,74,78,58,144,17,9
blue,91,23,150,24,107,135,58,55,85,12
red,91,117,56,49,12,57,88,55,76,80
blue,135,44,125,15,160,31,40,94,54,128
red,35,107,2,24,118,39,46,151,136,5
red,22,40,56,9,14,0,67,94,24,119
red,146,61,43,49,128,121,23,144,76,108
red,37,38,3,76,139,74,84,1,8,123
blue,74,111,143,106,37,0,38,26,51,45
red,36,142,89,109,14,110,13,143,116,4
blue,117,40,144,17,16,34,38,121,24,14
red,47,40,150,24,14,135,26,124,17,12
red,48,26,3,116,16,103,125,55,63,70
red,3,40,64,24,74,22,117,19,17,12
red,113,40,109,17,79,0,60,26,9,153
blue,110,26,155,116,9,127,58,55,24,45
red,78,102,157,51,79,123,65,154,76,45
blue,25,149,121,8,37,3,98,157,51,100
blue,131,58,122,24,99,57,130,144,76,45
red,91,23,2,9,41,20,142,144,24,45
red,90,60,144,17,71,78,30,33,76,158
blue,134,98,73,29,153,22,23,43,76,154
red,0,141,144,24,45,22,102,2,76,119
red,112,113,109,106,14,59,38,154,17,80
blue,34,28,144,49,108,0,60,143,17,80
blue,103,40,26,17,12,37,75,154,29,80
blue,18,46,54,106,96,34,86,33,51,45
blue,92,86,144,9,153,31,75,59,19,82
blue,107,75,144,51,80,43,125,140,49,12
red,18,75,144,106,5,101,28,143,8,93
red,127,46,55,17,70,0,58,91,76,118
red,103,98,55,9,41,127,145,6,51,128
blue,152,142,2,17,148,127,67,3,8,82
blue,146,134,144,29,80,127,13,91,51,100
red,101,60,150,17,128,107,40,139,76,93
blue,31,130,89,24,118,47,60,55,17,53
red,158,58,51,24,33,101,142,109,41,53
blue,107,67,155,129,119,104,13,6,61,100
red,151,142,57,76,82,18,40,120,137,96
blue,151,146,120,157,53,95,134,2,51,160
red,107,88,19,76,71,35,87,90,69,153
red,35,86,21,17,9,135,58,20,61,80
red,62,60,26,137,14,0,13,110,51,66
red,144,61,26,51,4,121,98,37,150,82
red,25,23,94,24,148,101,84,2,106,82
red,110,38,132,116,70,114,78,74,51,53
blue,90,13,121,17,153,18,61,64,133,96
red,35,154,140,17,100,47,38,1,147,96
blue,90,54,125,49,154,104,141,155,116,70
red,2,61,55,123,108,127,60,73,9,45
red,101,40,11,50,80,18,60,32,76,119
blue,43,40,144,50,53,150,37,143,29,12
blue,31,23,158,76,66,137,78,26,17,96
blue,110,67,26,24,45,92,60,19,29,148
blue,0,84,109,9,45,78,58,1,51,118
blue,0,91,19,17,16,36,38,143,9,45
red,112,154,19,137,153,121,58,143,51,14
red,36,54,143,49,53,31,27,105,51,5
red,103,155,122,51,126,90,13,129,8,80
red,18,98,55,51,93,103,54,129,128,153
blue,0,84,125,157,158,18,75,71,50,119
red,31,146,1,50,128,115,88,121,150,100
red,92,54,150,50,108,2,134,11,8,30
red,88,38,6,133,153,3,65,55,51,5
blue,42,87,89,49,12,90,111,69,116,158
red,137,38,23,51,74,101,77,68,76,100
red,44,98,55,51,45,81,30,6,76,71
red,20,54,151,8,80,67,26,94,50,118
blue,103,111,105,29,96,0,60,143,50,80
red,103,61,121,69,108,22,23,68,29,70
blue,34,61,21,51,100,43,13,11,29,118
blue,107,46,1,51,93,117,111,138,133,53
blue,146,23,136,51,45,22,40,26,17,153
blue,115,154,121,51,9,74,141,33,116,148
blue,72,58,151,76,9,0,94,2,49,53
blue,110,61,11,156,153,78,86,122,52,71
blue,0,60,159,106,93,59,107,125,29,132
blue,0,26,1,51,70,110,61,140,133,158
blue,90,75,87,17,53,62,111,68,29,118
blue,22,140,139,51,12,90,60,64,52,128
red,154,38,139,147,100,0,46,64,17,79
red,31,154,2,129,5,59,130,120,76,9
red,22,54,155,76,154,144,92,151,17,12
red,0,28,142,63,71,77,154,148,51,30
blue,74,102,64,63,100,131,154,2,137,45
blue,36,154,151,17,108,2,58,43,116,45
blue,103,102,105,24,100,31,154,94,85,53
red,67,58,151,49,71,78,13,1,9,153
red,0,98,38,54,100,43,75,71,9,93
blue,39,40,63,51,80,36,13,71,49,45
blue,78,27,155,51,12,146,130,159,76,66
red,0,91,55,106,16,48,37,143,133,70
red,103,91,64,8,45,18,87,6,76,71
blue,137,38,11,109,108,18,92,144,76,96
red,151,38,132,17,80,103,13,124,76,79
red,130,142,64,9,80,134,58,56,29,139
blue,43,26,1,9,45,0,91,121,17,158
blue,3,98,144,52,4,42,134,125,116,12
blue,125,60,144,8,119,35,46,3,19,153
blue,103,58,144,29,71,22,54,1,69,80
red,22,27,146,24,80,101,107,159,133,9
red,115,58,56,49,121,43,54,125,52,93
blue,68,98,140,9,53,31,38,121,54,12
red,37,38,2,76,158,47,75,121,29,45
blue,22,61,32,9,33,62,46,157,76,45
blue,22,58,151,49,148,19,102,35,76,45
blue,22,78,148,49,93,130,38,124,76,158
red,35,13,121,51,93,20,46,159,29,53
blue,25,102,64,76,12,115,60,2,63,45
red,22,58,62,133,153,43,84,155,120,128
red,48,124,151,51,4,114,23,34,24,128
red,2,125,132,51,70,36,75,56,29,74
blue,35,26,121,137,41,34,40,144,49,158
blue,20,146,31,76,9,115,94,121,17,45
blue,39,125,151,29,128,121,111,150,51,96
blue,90,38,121,106,93,103,54,155,17,16
red,19,38,150,76,92,31,117,54,17,80
blue,90,58,150,17,9,18,102,120,133,158
blue,35,75,143,8,12,103,40,55,137,5
red,88,40,124,76,16,149,54,138,17,14
red,18,98,68,49,41,78,75,144,17,45
red,0,65,121,17,100,107,146,122,51,93
blue,115,54,151,69,80,127,26,31,116,128
red,18,130,143,76,45,131,84,90,8,109
red,115,30,3,17,66,103,130,1,106,93
blue,22,125,120,116,12,31,30,155,29,14
blue,114,13,56,76,112,78,130,6,137,70
blue,18,142,155,41,53,25,46,121,29,148
red,74,58,2,17,45,130,46,143,76,12
red,74,46,132,116,139,2,125,63,136,82
red,41,102,140,133,4,74,38,121,24,5
red,31,141,120,106,139,74,40,2,17,96
red,74,155,122,49,100,47,38,64,24,53
blue,72,40,121,51,153,74,46,124,106,99
blue,81,102,2,116,70,74,40,133,17,53
red,37,65,91,76,71,59,102,150,17,128
red,110,102,2,49,100,25,92,143,51,96
blue,2,111,73,147,100,91,23,155,51,53
blue,22,65,110,51,53,149,111,55,8,45
blue,43,86,122,147,70,152,102,121,54,12
red,18,86,11,106,82,22,40,21,133,119
red,77,23,150,51,16,90,26,64,29,118
red,43,67,64,24,14,18,141,159,17,119
blue,54,86,143,137,153,36,130,1,49,45
blue,107,111,83,133,45,130,154,144,76,79
red,110,60,121,51,45,130,134,11,8,70
blue,9,65,139,76,41,130,102,151,136,53
blue,78,38,151,147,82,39,60,91,133,93
red,25,23,150,17,79,115,46,144,51,128
red,62,125,7,137,80,18,40,55,51,128
blue,72,65,56,17,4,101,60,140,76,9
blue,0,38,138,24,100,43,107,10,133,74
red,120,61,122,17,82,31,86,19,129,45
blue,78,86,43,49,53,90,13,11,9,16
red,79,86,57,52,119,130,142,121,129,74
blue,0,67,151,17,80,43,142,132,116,70
blue,39,98,101,17,12,74,38,56,116,100
blue,1,65,21,17,120,47,145,2,116,128
blue,47,60,143,133,100,151,23,33,129,53
red,151,149,2,9,70,134,65,121,50,128
red,144,60,151,8,53,90,40,55,17,148
blue,137,113,151,9,160,20,102,2,50,70
blue,47,60,139,51,12,152,13,11,52,66
red,152,37,137,51,128,103,98,121,106,82
blue,103,134,140,51,53,47,37,3,17,71
red,103,65,132,106,119,101,58,23,24,45
blue,90,77,120,9,45,103,13,121,24,53
red,112,142,103,29,82,43,102,138,76,79
red,103,98,138,76,82,43,102,136,51,128
blue,47,40,69,143,159,101,134,133,17,70
blue,101,75,1,17,100,18,125,155,54,93
red,18,40,1,51,120,47,65,143,17,100
blue,56,124,114,129,82,135,111,19,29,108
blue,112,84,131,144,108,103,75,53,49,160
red,62,38,143,29,12,103,46,33,69,80
red,103,46,140,109,108,0,75,2,17,66
blue,110,98,89,29,120,18,46,26,24,70
blue,39,84,91,51,93,112,40,6,29,119
blue,115,142,1,51,9,102,13,105,29,12
red,22,88,68,133,153,127,154,121,51,108
blue,31,87,11,17,108,59,28,129,29,12
red,0,141,68,139,108,110,26,125,17,93
blue,95,60,55,9,108,36,102,159,109,12
red,95,125,56,109,108,0,26,11,29,45
red,34,141,132,9,108,47,142,109,29,148
blue,22,98,64,147,108,78,30,43,106,82
blue,37,61,57,9,12,115,111,89,49,108
blue,0,149,132,133,108,151,28,64,49,16
red,39,141,53,52,99,154,134,144,76,108
blue,35,127,21,24,108,22,13,151,157,80
blue,18,44,75,51,108,104,40,158,137,93
red,34,84,91,54,82,37,13,124,147,12
red,137,30,11,150,93,0,149,120,17,82
blue,31,46,26,29,80,90,38,121,133,153
blue,0,30,62,157,99,18,46,26,136,100
blue,92,111,26,133,112,47,38,2,8,66
red,155,111,121,17,70,3,58,26,148,118
red,91,58,143,69,80,150,40,55,106,66
red,0,94,124,76,128,137,142,120,69,100
blue,59,86,155,69,53,134,38,144,51,14
red,0,84,120,129,91,57,58,136,147,96
red,103,65,124,51,45,31,46,120,137,158
blue,48,97,55,17,71,95,61,125,50,120
red,90,28,64,76,82,20,141,143,150,108
red,72,46,144,76,119,36,142,143,109,100
blue,78,38,136,9,53,90,58,143,17,100
blue,47,141,78,8,128,88,91,109,85,119
red,18,134,140,76,128,90,58,21,49,9
blue,31,30,23,76,5,2,13,159,90,108
blue,47,54,101,133,53,115,60,121,17,80
red,78,40,3,69,12,31,111,56,9,53
red,151,54,57,24,14,39,28,34,76,12
blue,150,27,155,106,74,113,125,159,51,93
blue,77,142,1,133,93,131,58,124,29,153
blue,115,86,140,76,12,20,38,1,133,100
red,112,60,148,52,119,137,84,37,76,80
blue,78,91,151,150,153,34,98,56,69,45
blue,78,142,158,17,53,72,13,21,29,80
blue,59,65,121,52,100,22,67,21,9,74
blue,77,38,121,17,109,83,75,11,52,82
red,22,38,55,29,119,18,28,129,24,100
blue,34,54,1,17,108,31,40,143,24,14
red,39,84,125,133,70,0,142,90,157,119
red,150,134,33,49,80,113,84,139,17,108
blue,113,92,144,49,148,103,37,150,17,9
red,91,44,144,151,100,115,54,81,156,118
red,47,65,3,17,12,22,40,53,9,96
red,78,28,151,51,66,0,65,115,17,9
blue,112,30,125,157,45,53,13,56,52,128
blue,78,102,94,29,119,112,58,56,17,80
red,110,146,89,76,80,112,75,140,54,128
red,36,134,32,76,128,112,145,73,17,93
red,90,60,33,133,119,22,46,137,9,70
red,43,54,2,51,5,34,75,140,76,119
red,90,141,7,24,153,102,61,140,109,119
blue,131,98,89,129,80,107,130,37,76,128
red,74,130,138,76,9,101,40,124,17,100
blue,59,38,104,8,100,112,111,63,133,70
red,62,142,83,76,5,37,65,43,8,80
blue,0,125,150,136,5,18,142,121,24,12
red,47,107,94,17,71,46,58,56,106,14
blue,43,58,104,29,64,31,130,23,76,128
blue,38,117,143,8,93,31,104,3,76,5
blue,74,27,151,17,108,0,125,11,51,14
blue,41,40,143,49,53,158,98,1,17,119
red,72,98,120,106,96,131,37,43,17,93
red,114,40,23,49,41,18,61,144,109,71
red,90,46,26,76,70,115,60,143,17,119
blue,151,58,11,76,71,0,54,125,116,12
blue,74,67,93,17,108,0,23,150,24,100
blue,112,77,143,76,70,144,142,89,52,14
red,0,61,121,17,71,25,125,158,9,153
red,110,142,158,29,118,0,149,121,51,153
red,107,38,89,8,70,78,130,121,17,71
blue,47,13,11,29,53,70,38,55,76,80
blue,70,30,3,129,82,37,134,1,24,66
red,18,46,64,137,80,131,38,121,49,9
blue,137,23,151,17,12,104,38,132,51,70
red,0,149,143,9,53,36,130,70,17,128
blue,127,38,143,137,70,0,40,121,136,82
red,139,87,22,133,71,95,65,124,76,70
blue,0,84,2,137,158,104,58,159,63,70
blue,0,142,121,51,119,113,155,159,29,12
red,146,124,151,106,82,0,58,121,24,45
red,90,91,124,17,158,154,13,73,76,114
red,91,38,132,51,37,20,61,33,76,82
red,22,77,91,157,12,31,86,56,24,82
red,41,60,11,74,108,146,77,64,51,70
red,0,38,11,17,82,43,134,1,76,53
blue,74,98,43,106,99,53,92,55,116,70
red,137,154,132,106,82,145,38,53,69,80
red,151,92,104,76,5,70,13,121,49,108
red,114,65,53,17,9,137,13,73,136,119
red,13,41,120,51,82,43,142,56,29,153
red,0,40,120,24,12,107,58,151,54,128
blue,43,149,1,129,93,137,84,68,76,82
red,35,142,19,76,82,103,88,151,49,5
red,92,98,148,76,93,150,67,19,17,153
red,0,13,56,24,160,151,75,64,29,108
blue,57,30,55,51,70,3,27,1,129,100
red,121,38,94,50,14,72,40,140,76,100
red,0,23,89,50,70,112,46,1,9,45
red,90,117,56,50,158,107,40,11,51,82
red,53,102,114,24,119,151,77,1,17,45
blue,151,30,3,9,41,37,60,136,17,66
red,101,60,144,133,100,151,134,121,29,53
blue,90,146,144,9,70,151,134,53,76,109
blue,151,67,155,9,80,114,40,43,51,126
blue,0,5,6,133,4,151,23,140,29,53
red,151,88,143,17,71,34,27,43,9,100
blue,103,126,120,17,158,151,27,143,109,12
red,145,65,109,52,100,2,130,43,138,45
red,35,61,124,29,153,0,98,105,51,53
red,137,145,140,76,5,94,98,109,50,119
red,127,58,151,133,153,90,65,6,17,70
red,103,107,121,17,158,18,75,26,51,128
red,31,13,114,137,70,36,5,89,76,158
blue,0,13,1,51,45,151,107,148,76,119
blue,18,27,155,9,109,91,87,139,76,57
red,31,54,91,76,53,127,86,37,49,148
red,110,13,6,51,45,90,46,2,156,53
red,74,58,155,138,119,112,102,143,8,100
blue,35,130,121,116,4,34,154,125,8,79
red,0,111,143,76,108,22,130,124,17,71
red,36,78,155,24,45,0,61,83,29,119
blue,97,40,140,150,93,120,38,1,29,111
blue,107,58,89,150,119,47,88,33,76,100
blue,103,124,55,150,153,19,22,29,156,53
blue,103,58,159,150,4,22,75,73,109,153
red,18,65,89,150,153,35,125,143,17,90
blue,107,46,143,150,100,101,98,6,139,119
red,37,92,151,150,70,0,13,143,116,128
red,37,60,56,150,53,18,142,114,152,41
blue,121,111,11,116,93,152,38,1,150,66
blue,43,44,109,51,53,78,46,89,150,15
blue,127,58,155,9,53,59,65,121,150,128
blue,57,77,150,19,108,90,37,140,17,119
blue,58,155,57,150,4,88,75,121,157,118
blue,0,125,104,156,45,78,46,2,150,37
blue,144,125,68,50,119,2,92,131,150,12
red,125,46,121,150,128,31,86,2,49,53
blue,55,142,72,156,153,78,107,62,150,96
red,74,37,35,150,71,2,113,121,76,9
blue,154,38,6,150,95,127,92,155,63,70
red,112,28,43,150,158,117,127,140,17,72
red,151,23,136,150,16,18,149,55,76,70
blue,22,30,155,8,70,158,142,140,9,66
blue,101,67,105,29,45,34,87,1,76,93
blue,22,67,2,76,70,123,94,143,136,14
blue,0,67,151,106,66,101,134,78,76,74
red,95,46,159,76,80,112,77,144,17,79
blue,2,84,129,49,91,72,44,38,1,53
blue,112,27,104,76,41,110,58,140,9,53
red,48,27,143,91,9,123,65,124,76,80
blue,31,54,3,136,53,146,84,140,76,80
blue,150,141,73,136,128,36,130,1,76,14
red,115,40,158,76,53,39,107,43,116,12
blue,152,54,110,29,80,18,84,151,106,96
red,74,60,2,76,5,18,54,151,110,108
blue,150,38,139,8,96,146,65,124,17,71
blue,0,98,144,76,100,47,94,121,136,96
blue,123,13,142,17,139,97,60,55,51,45
blue,31,65,10,50,70,0,38,121,17,108
red,112,40,143,8,128,53,38,121,106,4
red,3,13,143,17,12,0,23,15,49,100
blue,95,13,136,17,80,31,84,143,76,82
blue,22,30,155,116,45,101,84,94,49,53
red,31,40,124,116,108,115,111,105,8,45
red,18,78,121,49,74,134,40,19,106,66
blue,107,28,151,8,128,0,58,105,24,80
red,107,38,2,116,128,135,102,121,17,139
blue,22,40,144,17,71,135,61,6,109,53
red,88,58,87,109,93,103,46,143,76,139
blue,91,60,140,17,93,95,58,148,9,119
red,88,13,56,51,93,91,141,2,69,80
red,151,130,26,109,93,81,113,115,29,12
blue,36,46,144,51,93,37,142,114,29,74
red,2,58,53,24,93,133,145,1,49,123
blue,144,60,122,116,96,37,40,94,51,93
blue,110,142,55,116,93,59,30,104,8,96
red,42,30,140,8,93,43,111,38,106,74
red,57,87,71,24,93,47,26,143,9,45
red,3,78,148,106,93,135,23,150,8,82
blue,137,46,151,9,139,88,44,104,17,53
red,103,40,151,17,119,90,134,144,133,70
red,37,142,155,150,80,0,38,144,76,4
blue,131,40,19,17,118,18,54,65,150,45
blue,62,134,64,150,128,0,98,143,50,66
blue,137,125,140,17,70,130,40,144,150,12
blue,0,65,150,17,45,115,149,79,29,80
blue,0,23,151,24,154,78,46,150,29,41
red,47,60,151,51,66,37,134,138,17,100
red,90,13,78,116,70,18,37,150,69,45
blue,151,102,55,156,153,107,77,68,9,82
red,37,98,150,52,128,35,40,144,116,70
blue,90,142,121,9,14,78,30,150,51,45
red,0,98,155,120,71,151,38,121,50,122
red,90,84,143,63,119,35,40,144,29,12
red,110,54,151,106,82,121,142,144,76,118
blue,62,58,143,49,82,101,142,144,24,93
blue,103,38,144,85,93,78,87,48,69,80
blue,31,61,121,69,93,130,155,144,116,96
blue,41,13,11,108,128,0,26,143,50,14
red,74,46,104,116,109,34,84,144,51,82
red,145,54,94,76,99,107,60,71,49,4
blue,0,86,1,17,53,91,84,144,9,82
blue,53,13,94,51,148,22,92,71,24,82
blue,135,102,109,133,110,123,142,1,51,82
red,0,77,23,9,100,72,134,150,49,160
blue,112,98,120,52,100,36,142,73,109,12
red,47,58,144,106,128,22,98,55,76,110
red,0,13,139,50,41,88,145,144,106,5
red,90,37,34,109,108,115,102,159,137,118
blue,151,125,144,90,108,31,23,34,52,128
red,72,142,55,136,45,47,97,150,17,71
red,109,154,148,76,80,19,125,2,29,153
red,103,61,1,29,80,110,78,43,51,14
red,130,13,19,69,70,0,27,124,137,14
blue,22,46,56,147,93,0,102,19,29,153
red,110,102,78,116,66,37,91,155,29,153
red,137,102,159,109,14,81,28,151,76,108
red,81,65,79,9,70,31,60,159,129,128
blue,0,27,94,76,100,18,58,140,136,30
red,34,40,109,8,153,36,134,110,137,4
blue,0,61,104,8,100,31,60,115,76,148
blue,117,13,129,133,70,112,75,136,50,93
blue,72,102,140,106,93,121,58,143,17,126
red,112,94,19,50,119,90,87,64,116,45
blue,3,23,155,69,80,0,142,57,17,14
red,114,28,53,17,4,81,74,125,106,158
blue,31,142,11,24,5,144,134,121,50,45
blue,2,149,48,9,6,144,44,151,29,66
red,151,13,1,122,125,39,98,155,51,118
red,31,91,143,52,99,150,142,56,51,93
blue,42,58,56,69,153,90,38,55,147,96
red,90,142,144,51,158,42,40,2,76,80
blue,31,125,159,9,99,115,46,139,69,4
red,0,44,41,116,158,151,65,121,8,100
red,88,154,143,106,66,47,134,120,17,153
red,107,13,2,51,93,0,146,124,8,6
red,144,102,155,69,25,43,142,150,51,9
blue,31,23,150,8,79,97,77,2,29,82
blue,35,13,68,51,9,41,155,81,8,99
blue,110,23,155,8,66,0,38,64,17,80
blue,90,13,144,9,45,74,23,94,8,4
blue,31,46,143,17,80,105,60,151,8,4
blue,88,28,125,136,93,137,38,6,8,109
blue,22,111,54,137,96,152,146,1,8,70
red,0,142,6,8,82,127,154,76,69,71
red,145,60,73,8,4,0,40,144,29,53
blue,145,102,32,133,96,117,60,43,8,4
red,22,28,105,8,4,152,26,155,69,70
red,2,111,1,8,4,43,40,127,76,93
blue,117,23,55,133,45,152,60,105,8,4
red,74,13,155,51,4,31,28,138,133,153
blue,152,40,137,29,148,104,61,159,85,153
blue,123,26,19,24,82,78,60,94,109,100
red,25,134,155,109,53,22,130,6,51,82
blue,53,77,140,51,93,151,40,1,76,82
red,93,134,124,147,45,35,141,148,9,53
red,53,134,56,69,6,151,13,122,29,154
blue,151,40,2,106,91,11,142,121,50,70
red,64,46,22,24,93,137,13,144,106,4
red,42,46,143,17,99,101,84,132,51,37
blue,123,30,151,63,70,43,13,32,106,100
blue,47,13,53,51,99,78,38,71,129,153
blue,31,13,55,76,128,47,54,155,116,12
red,135,38,21,137,108,34,30,53,24,82
red,151,149,71,137,70,90,84,144,116,109
red,2,134,155,51,14,38,30,73,17,45
red,64,38,1,9,128,127,30,143,76,93
red,2,65,3,76,81,59,77,159,52,119
blue,151,134,143,51,93,3,58,55,138,45
blue,88,30,158,63,100,115,23,150,76,53
red,72,111,43,9,109,3,74,140,24,158
red,22,104,114,76,70,151,154,121,17,12
blue,0,58,120,24,79,90,67,3,29,96
red,18,130,140,76,12,83,98,19,17,100
blue,95,26,71,116,70,3,13,19,51,118
blue,34,141,1,156,153,151,124,155,9,118
blue,3,126,138,49,93,37,13,157,76,66
blue,78,124,125,116,100,0,145,140,49,158
blue,90,44,3,101,32,34,78,140,9,110
red,115,111,132,51,93,134,124,3,29,12
blue,110,98,138,17,71,3,124,132,49,5
red,22,74,3,51,96,36,38,143,133,82
blue,35,28,155,133,96,3,86,73,50,45
blue,146,13,68,76,9,3,54,155,106,45
red,121,130,3,49,100,57,23,150,76,82
red,101,46,121,17,71,115,23,150,24,119
red,151,13,122,52,12,39,38,155,116,80
red,0,23,1,116,53,88,67,56,76,70
blue,57,86,56,76,70,43,58,11,51,66
blue,3,84,151,120,108,127,65,1,76,100
red,151,75,105,24,70,114,84,150,147,9
blue,115,113,1,76,93,103,86,3,54,119
red,110,75,124,29,96,3,27,121,129,119
red,34,46,3,109,12,43,23,1,50,74
blue,107,84,150,51,158,90,44,151,17,92
blue,91,28,64,129,82,34,86,159,51,128
red,90,142,89,51,82,47,87,121,76,154
red,25,77,1,24,5,37,61,56,29,112
blue,131,154,26,51,70,78,38,56,136,53
red,3,130,109,106,108,31,38,136,49,66
red,146,134,125,109,108,31,28,155,136,100
blue,114,84,143,109,93,97,65,1,136,96
red,144,154,151,51,128,57,142,55,29,139
red,0,77,143,50,100,92,155,11,133,74
red,43,23,143,8,160,90,75,11,76,109
red,0,87,143,49,45,103,46,32,133,70
blue,31,87,64,85,153,2,141,32,17,45
blue,31,37,2,129,80,74,87,121,61,153
blue,121,87,143,76,93,72,75,53,51,16
red,107,23,53,106,4,0,87,32,29,153
blue,152,141,150,50,53,59,142,109,52,14
blue,137,87,11,51,14,0,27,155,29,53
red,0,23,155,51,119,78,86,151,8,70
blue,78,30,94,106,93,22,87,55,69,12
red,39,87,18,17,79,36,58,121,51,100
blue,18,141,1,49,12,57,145,125,9,53
red,88,87,144,51,128,57,154,143,76,96
blue,57,87,26,17,12,53,38,64,49,108
blue,31,26,2,8,128,0,87,138,9,100
red,0,92,143,29,119,101,84,151,24,93
blue,37,46,1,51,93,112,94,32,76,45
blue,34,13,143,9,14,144,134,11,24,80
red,74,134,56,76,79,152,30,151,137,93
blue,20,26,81,17,93,0,75,2,76,124
red,0,98,148,106,82,31,125,143,51,93
red,103,54,89,76,110,31,44,139,24,119
red,114,124,150,106,128,103,26,3,116,119
red,78,117,110,157,9,74,38,120,133,118
red,120,40,144,147,153,39,141,155,116,74
red,43,38,124,24,82,123,149,19,17,108
blue,154,142,56,120,158,31,54,129,17,53
red,22,30,154,51,89,48,13,143,116,64
red,107,84,129,69,126,112,75,57,50,119
red,57,102,0,24,45,31,91,55,76,14
red,18,98,143,52,112,151,155,2,137,70
red,2,98,148,52,112,36,102,151,54,80
blue,112,54,94,49,30,35,13,55,29,119
blue,35,107,151,51,70,131,26,155,129,93
red,35,30,19,51,45,48,27,89,9,128
red,0,30,32,49,158,35,84,68,52,12
red,35,154,1,17,12,78,30,151,29,45
blue,48,61,121,76,138,35,40,56,51,82
red,36,75,124,17,158,115,142,19,49,128
red,35,154,55,9,45,47,107,15,49,80
blue,110,149,93,116,109,35,111,89,76,5
red,35,111,124,17,71,0,142,89,136,12
blue,78,75,121,51,126,35,134,124,24,45
red,127,38,56,85,70,35,154,121,51,153
blue,25,111,121,69,16,35,23,56,24,45
blue,35,23,121,17,45,0,75,143,133,100
blue,134,78,2,69,80,35,141,34,109,53
blue,74,46,1,52,93,35,155,154,76,128
blue,35,13,143,137,70,18,38,121,76,108
blue,78,107,138,8,128,0,58,157,49,108
blue,90,134,15,76,9,78,40,56,133,70
blue,35,102,56,9,12,145,61,121,51,53
red,22,27,151,106,82,146,23,114,61,9
blue,35,74,2,51,119,110,46,121,17,53
blue,67,58,121,17,80,35,125,159,52,82
red,110,58,143,9,100,92,75,31,76,96
red,88,54,150,17,45,35,23,68,51,80
red,131,28,140,51,71,22,38,64,9,3
blue,151,107,158,9,53,78,86,150,136,153
red,78,145,43,106,45,39,38,68,49,128
red,35,78,143,17,91,142,134,56,69,80
red,57,61,23,49,108,22,87,155,109,158
red,110,91,120,116,76,78,86,140,9,128
red,135,38,140,137,80,35,28,143,17,70
blue,35,142,109,133,4,107,30,56,51,93
red,74,149,101,76,148,35,130,56,17,158
blue,35,23,121,9,53,36,142,56,76,66
blue,78,111,138,106,74,35,125,120,137,79
blue,90,102,71,29,53,35,75,121,17,158
red,0,65,143,51,45,78,102,132,50,128
red,35,38,55,129,4,22,28,143,136,80
red,35,111,136,50,70,112,86,89,17,9
blue,152,58,144,51,93,35,75,23,85,119
blue,22,86,144,109,111,35,146,121,133,108
red,101,58,122,51,79,78,60,144,17,12
red,26,97,110,17,119,35,23,121,29,45
red,103,91,114,76,119,22,58,143,17,4
red,0,13,143,50,119,110,87,1,29,83
blue,146,38,150,29,160,22,149,144,52,33
red,0,142,120,50,100,35,74,121,8,70
red,0,13,71,63,93,78,102,3,9,70
blue,35,13,1,51,53,11,77,144,29,14
red,114,46,94,51,96,35,23,62,17,100
blue,90,98,148,9,33,35,30,55,17,53
blue,35,87,125,54,121,146,38,122,137,154
red,35,154,140,9,70,47,142,43,17,128
blue,110,28,43,137,45,31,75,121,116,153
red,110,30,19,76,66,31,23,105,9,70
red,135,28,150,9,128,22,154,138,51,100
blue,22,134,56,106,128,37,58,129,19,82
red,22,97,56,76,45,34,30,144,51,93
red,152,84,105,76,74,35,60,121,50,119
red,22,40,72,29,14,78,58,155,83,93
blue,35,75,144,51,110,31,40,79,106,108
red,47,92,55,129,80,35,46,72,17,45
blue,101,54,155,9,79,35,141,158,51,14
red,57,88,159,9,53,78,84,81,76,128
blue,101,84,94,49,100,35,46,121,76,45
red,59,61,43,17,99,35,65,73,76,5
blue,74,134,21,51,45,65,37,159,106,92
red,74,154,1,51,82,90,146,155,137,16
blue,37,40,155,52,12,90,54,121,116,45
blue,31,124,101,49,37,0,27,151,147,96
blue,110,58,89,133,70,151,30,142,8,100
red,0,94,138,106,154,151,40,121,156,84
red,135,40,121,69,45,34,65,144,51,118
red,92,26,47,106,133,103,58,131,51,4
blue,0,13,1,17,126,2,117,136,9,108
red,47,54,129,133,100,73,38,18,24,128
blue,90,38,114,24,158,151,141,148,133,128
red,18,46,2,17,80,151,154,73,49,158
blue,20,102,11,17,158,18,145,122,29,119
red,151,46,132,29,148,113,13,11,17,71
red,47,84,155,157,82,150,23,6,51,108
blue,35,61,121,109,118,151,46,33,8,153
red,18,91,6,133,45,90,28,129,17,153
blue,151,97,2,133,5,31,67,155,51,119
red,47,111,155,51,93,0,60,138,106,148
blue,74,75,105,29,100,151,46,124,17,96
red,18,149,59,137,100,135,65,151,51,119
red,34,60,148,24,33,18,65,2,51,82
red,18,134,139,24,99,22,23,3,9,100
red,18,102,121,106,126,123,67,3,29,64
blue,31,60,144,129,12,0,154,159,76,82
red,18,30,140,29,9,25,67,155,17,128
red,25,75,144,29,153,18,30,10,17,71
red,18,107,148,76,53,36,102,56,138,93
red,142,40,69,109,53,152,38,55,49,108
red,3,92,34,15,14,0,44,143,29,153
blue,131,40,139,76,53,94,149,121,17,82
red,150,46,105,76,118,112,142,143,29,153
red,25,92,1,116,70,37,141,56,49,53
red,22,27,95,29,14,0,111,139,76,45
red,151,141,19,76,96,0,88,121,17,79
blue,48,134,2,109,53,0,88,94,120,82
blue,78,86,3,137,128,18,40,159,50,53
blue,22,86,55,29,41,103,54,121,24,89
red,131,54,144,50,74,43,86,2,137,3
blue,0,86,150,69,53,103,102,140,17,104
blue,34,13,124,147,128,112,86,140,9,93
red,103,86,138,156,53,31,98,143,51,153
red,18,86,94,138,53,0,46,124,133,70
blue,151,86,1,24,66,47,130,121,76,148
blue,135,58,6,52,74,62,86,155,54,82
blue,90,86,155,137,70,127,67,151,129,71
blue,151,142,144,139,91,107,86,109,63,100
blue,0,20,69,157,158,37,86,19,51,12
red,46,86,121,24,45,90,92,140,52,70
blue,53,38,120,133,100,0,60,64,150,37
blue,47,46,89,51,82,18,155,55,133,53
blue,0,13,159,9,12,31,67,143,133,45
red,34,46,11,133,153,73,111,53,109,108
blue,36,46,6,51,93,47,125,140,133,70
blue,113,65,41,17,148,90,67,151,51,14
red,0,38,144,29,53,78,65,143,106,14
red,57,130,43,106,14,95,92,55,29,110
blue,90,40,1,51,100,34,75,121,24,70
blue,31,67,125,76,90,0,134,1,133,96
red,151,124,94,106,100,77,60,93,157,66
blue,0,84,138,151,9,90,61,143,17,71
blue,90,154,1,133,45,78,13,143,29,53
red,137,141,143,133,158,123,98,139,8,12
red,112,102,54,76,158,22,40,1,9,119
red,47,65,64,133,82,90,94,138,76,128
blue,59,13,3,50,45,0,98,1,29,71
blue,125,142,10,52,93,2,65,143,76,74
red,6,65,26,29,93,74,142,10,129,99
red,18,23,143,52,46,78,40,121,51,108
blue,35,38,10,116,45,115,46,89,51,70
blue,0,61,144,49,80,151,65,10,17,45
red,103,65,10,129,70,47,38,19,69,74
blue,83,149,17,29,158,0,125,55,8,70
red,41,65,143,8,12,123,23,155,49,9
blue,77,154,140,17,159,150,23,121,9,119
red,123,124,121,69,66,35,102,11,9,158
red,134,60,143,29,14,74,61,1,24,79
red,115,102,53,17,16,2,40,134,51,158
blue,2,46,56,51,79,43,23,19,8,70
red,90,38,120,133,70,74,67,155,17,109
blue,0,23,143,137,70,103,30,65,54,14
blue,18,97,1,9,45,47,155,64,17,128
blue,115,92,121,17,71,158,130,143,50,128
red,110,13,121,17,109,78,58,1,116,80
blue,88,130,2,8,93,103,54,151,17,70
blue,90,84,139,24,74,0,92,1,17,71
blue,107,88,144,76,80,25,141,19,17,45
red,57,61,140,76,119,112,155,1,17,160
red,47,13,43,109,119,154,65,143,17,12
blue,18,92,151,17,119,78,58,122,150,71
blue,112,75,104,50,100,36,23,150,54,45
red,78,40,32,76,108,48,102,56,109,82
blue,114,38,91,129,96,150,145,2,49,37
blue,107,98,89,76,79,74,38,159,29,80
blue,144,142,159,17,158,22,38,64,108,53
red,57,46,151,133,158,107,91,21,76,93
blue,143,134,94,17,153,151,46,78,9,108
red,2,5,125,85,100,74,58,114,17,71
red,123,38,55,85,119,105,13,11,156,158
red,18,134,148,24,30,74,61,53,85,16
blue,43,26,120,24,66,3,58,71,85,153
blue,146,145,155,24,100,18,65,138,137,70
blue,36,13,140,49,119,91,60,2,76,66
red,144,67,155,29,53,59,107,151,137,70
blue,37,23,150,109,108,0,67,121,17,112
red,101,13,26,109,100,47,142,138,129,160
red,20,13,33,106,71,22,60,26,142,100
red,44,78,94,76,66,47,84,139,106,82
blue,37,13,155,49,158,121,92,146,147,108
red,18,78,106,136,99,53,23,3,69,4
blue,113,130,139,24,158,81,58,3,157,5
blue,41,58,89,106,128,150,78,143,133,70
blue,2,30,151,24,45,31,102,159,133,70
blue,90,61,124,63,96,76,102,140,114,79
blue,110,58,121,50,128,114,46,56,147,100
blue,47,13,68,116,70,110,26,155,106,93
blue,57,154,56,17,100,31,111,129,24,45
red,0,111,144,52,128,92,38,143,129,120
blue,90,84,140,76,108,0,13,143,133,70
blue,43,134,122,116,12,35,13,159,17,96
blue,74,38,68,8,4,35,75,32,116,96
blue,18,65,159,51,12,103,40,158,29,79
blue,3,13,55,51,12,144,58,1,76,93
red,0,154,64,9,70,22,30,151,51,41
blue,78,40,143,17,120,112,60,56,133,139
red,145,40,121,133,118,115,142,143,9,45
blue,90,46,1,116,100,62,38,121,147,53
blue,78,26,131,76,45,123,40,68,17,100
blue,92,102,20,24,91,0,154,151,147,128
red,90,40,143,17,119,36,124,37,29,80
blue,90,46,120,17,100,131,75,121,109,153
blue,0,58,158,116,82,115,149,53,50,100
blue,144,40,155,29,108,78,142,68,76,16
blue,110,65,143,49,153,31,111,155,76,15
blue,90,40,143,29,5,0,141,132,76,15
red,3,78,138,17,124,0,13,11,76,9
red,34,38,2,133,80,43,40,73,156,153
blue,0,125,122,29,53,35,75,143,51,45
blue,25,30,155,51,93,36,61,19,138,82
blue,2,87,143,106,5,74,84,19,76,93
blue,150,87,138,29,148,88,141,1,123,108
blue,19,154,139,17,93,112,149,120,137,100
blue,110,75,114,9,45,101,13,19,29,118
red,47,46,2,51,93,42,154,155,24,119
red,155,87,71,106,100,19,46,150,133,70
red,18,61,19,50,100,35,46,140,29,15
red,19,30,135,24,158,152,104,151,76,53
red,43,141,19,76,53,115,28,125,29,153
blue,114,87,19,24,45,18,111,159,17,93
red,88,30,19,76,12,31,54,144,8,100
red,2,145,124,85,45,37,40,19,76,100
red,74,46,19,150,12,0,26,155,29,70
red,88,28,56,108,12,34,13,19,76,96
blue,19,102,129,106,82,112,23,150,76,123
blue,48,97,6,147,96,19,154,120,76,45
blue,0,149,19,51,109,113,102,143,85,153
red,19,92,151,69,6,35,58,159,133,153
red,19,142,140,17,82,127,38,129,52,112
red,19,81,39,76,66,134,30,141,24,158
blue,39,107,140,133,70,103,30,19,49,119
red,57,38,143,109,108,34,126,19,129,158
blue,137,46,122,147,96,2,142,124,76,108
red,0,60,1,17,45,95,58,2,116,128
red,154,102,37,76,82,107,65,19,137,70
red,31,61,55,136,46,0,134,154,9,139
blue,36,13,121,9,128,150,154,115,51,70
blue,81,30,114,85,45,144,38,125,76,79
red,31,40,136,51,119,135,46,121,17,160
blue,0,98,148,17,128,135,154,32,49,12
red,0,130,2,76,14,97,38,157,9,70
red,127,26,143,17,45,54,98,89,136,93
red,88,46,19,76,109,22,60,89,8,108
blue,77,30,32,29,108,47,67,56,116,45
blue,53,142,55,50,14,72,40,158,51,128
red,107,30,150,24,79,135,65,104,17,128
red,18,67,94,51,5,47,130,11,50,100
red,90,61,89,50,153,31,60,121,29,41
red,107,46,140,106,82,110,13,121,8,74
blue,112,30,151,85,99,74,134,121,49,9
blue,114,94,2,129,72,152,98,121,9,160
blue,31,134,64,137,82,72,40,19,9,109
red,91,98,55,116,12,103,67,125,49,111
blue,101,60,89,29,153,59,30,95,76,5
blue,0,60,158,52,45,151,40,148,116,139
blue,115,98,37,116,12,22,40,158,9,108
blue,0,134,2,24,128,48,142,37,49,80
red,74,134,124,76,153,72,77,6,109,12
blue,90,142,143,24,82,97,124,129,51,128
red,48,46,89,76,119,121,142,140,29,45
red,146,154,94,24,148,59,60,114,17,79
red,44,40,140,109,153,35,125,2,76,14
red,35,91,144,8,12,22,30,159,9,123
red,74,38,23,76,96,110,40,140,137,12
blue,42,58,56,24,153,146,40,121,129,128
blue,0,67,155,52,12,34,38,140,8,126
blue,74,38,51,17,71,78,142,37,8,70
blue,115,142,19,106,82,90,38,155,109,15
red,22,88,109,41,4,146,134,143,106,66
red,103,75,37,69,80,3,40,19,147,12
red,39,60,155,51,68,90,58,55,76,109
blue,112,27,32,150,80,103,98,56,76,158
blue,47,46,124,51,45,107,60,111,29,7
red,103,98,56,17,53,0,58,151,52,121
red,90,142,19,76,45,0,58,94,157,9
blue,31,134,138,9,108,74,40,1,51,100
red,110,30,142,83,128,22,134,2,51,153
blue,43,142,143,51,12,91,107,19,85,108
red,115,98,64,24,99,43,88,56,106,4
red,114,142,124,133,45,18,60,121,51,153
blue,34,40,121,49,109,22,5,56,51,12
red,0,155,21,24,45,151,98,124,85,12
blue,115,54,32,17,53,18,40,56,133,45
red,83,40,19,29,53,35,67,31,51,81
red,112,30,143,49,119,77,97,1,129,45
blue,35,125,1,69,80,0,67,94,17,79
red,31,134,159,17,9,0,27,114,76,109
blue,35,30,150,51,126,74,146,121,69,16
red,115,38,143,52,139,47,125,138,50,14
red,72,111,143,76,45,31,27,3,51,9
red,101,142,33,76,14,90,130,136,51,119
red,90,38,89,129,53,103,102,26,51,100
blue,42,87,19,63,70,107,155,143,76,96
red,0,125,37,76,158,22,23,57,150,96
red,0,124,74,76,119,78,58,151,136,70
red,36,46,56,76,108,22,102,53,133,120
blue,47,84,121,52,128,59,77,125,76,66
red,0,134,91,29,126,103,61,64,17,12
blue,36,111,132,116,148,151,54,94,29,80
blue,22,26,152,29,148,39,40,42,76,80
blue,152,38,124,76,109,31,94,148,29,100
blue,65,28,143,69,153,101,46,140,29,119
blue,22,65,121,137,80,74,61,140,17,4
red,107,26,143,29,12,88,23,55,150,148
red,47,75,64,9,96,101,65,56,109,158
blue,90,30,150,129,82,37,75,53,51,80
blue,47,98,144,129,121,150,28,33,51,128
red,150,146,21,29,4,25,86,32,49,153
red,121,23,150,29,12,73,142,101,76,119
red,78,40,33,129,82,57,30,159,9,99
blue,42,142,55,17,119,144,65,155,157,153
red,144,107,125,129,14,18,124,43,76,45
blue,121,154,143,50,70,144,38,155,49,109
blue,18,74,73,76,96,144,125,1,17,12
red,74,54,155,17,80,144,46,151,76,12
blue,144,102,151,29,80,0,86,150,24,74
blue,144,60,121,24,70,0,84,103,133,93
blue,103,46,68,8,128,144,60,89,17,71
red,58,87,7,49,45,90,65,143,69,128
red,0,28,138,17,45,114,13,4,9,71
red,144,13,6,76,53,131,65,83,129,153
red,144,60,157,24,120,88,13,71,76,109
red,159,46,103,76,79,144,111,150,9,16
blue,151,40,55,120,45,144,65,125,29,158
blue,22,44,55,76,45,74,98,89,116,12
red,152,23,144,85,119,78,124,150,50,100
red,0,40,64,54,159,78,91,151,49,12
red,144,38,43,63,80,44,81,110,24,128
red,78,38,144,17,53,113,133,26,49,80
red,78,146,121,133,70,88,141,56,51,126
blue,144,60,143,137,45,69,84,77,49,53
red,90,38,78,29,80,104,40,121,137,108
blue,78,30,64,24,118,127,38,125,106,5
red,0,40,56,9,109,2,5,151,51,66
blue,112,23,121,29,82,20,46,78,129,12
red,22,84,121,129,108,57,102,23,49,119
red,144,60,148,24,160,47,30,0,129,109
red,144,46,159,106,128,101,27,143,76,80
red,78,40,32,49,53,47,23,121,8,153
blue,78,23,150,29,12,34,46,160,17,53
blue,48,46,160,150,128,78,60,151,8,53
red,42,141,150,54,118,78,125,105,17,15
red,18,54,106,76,109,47,98,57,147,53
red,110,87,56,106,109,90,94,140,116,33
blue,31,154,55,50,118,59,75,158,76,5
blue,140,142,90,9,160,151,84,143,17,128
blue,90,117,136,8,70,31,84,159,29,82
red,31,38,159,49,12,37,61,143,50,70
blue,110,142,143,76,133,18,154,56,9,70
red,42,40,143,50,27,43,30,120,29,118
red,104,58,11,17,119,78,86,144,9,160
red,78,60,121,9,53,110,27,32,133,16
blue,31,74,3,51,119,90,84,151,9,118
red,54,111,121,29,9,62,40,139,116,45
red,74,58,140,69,153,31,84,2,51,93
red,53,40,132,76,74,92,38,143,51,82
red,101,58,151,54,12,74,111,122,9,45
red,0,65,121,116,153,34,26,124,76,5
red,107,13,20,106,91,43,58,64,147,96
blue,121,77,56,129,70,114,134,71,17,45
blue,78,38,151,17,109,31,65,1,116,80
blue,19,23,150,9,70,31,154,55,17,5
blue,0,46,157,76,158,107,67,151,137,108
blue,110,77,64,76,53,135,23,159,9,70
red,39,149,94,106,100,19,60,146,133,5
red,88,26,1,137,119,110,146,120,17,79
blue,74,13,19,69,16,43,142,143,24,99
red,88,125,143,76,12,154,146,156,29,109
red,121,54,38,52,16,2,117,43,17,93
red,22,23,155,76,153,48,141,150,17,120
blue,90,91,104,116,53,74,155,56,51,12
red,31,54,155,116,158,72,75,157,106,80
blue,97,113,140,116,14,88,26,11,133,119
red,0,13,121,116,80,146,27,78,69,93
blue,31,23,120,17,82,135,102,78,133,108
red,105,87,38,129,9,48,60,136,76,82
blue,31,113,32,51,93,114,40,56,133,70
red,151,91,56,116,80,127,38,120,8,96
blue,103,46,159,106,83,91,65,2,29,18
red,103,40,138,17,160,110,75,26,76,9
blue,31,98,33,133,153,101,154,124,116,70
blue,0,26,150,133,15,78,23,73,116,153
blue,3,75,89,17,108,110,87,2,50,70
blue,18,142,6,157,45,0,23,155,17,100
blue,43,142,1,116,93,0,60,140,8,70
red,131,124,150,51,93,74,28,3,106,82
blue,34,60,139,137,108,103,40,56,116,70
blue,39,30,150,17,128,134,38,26,133,93
red,78,111,1,116,93,145,130,121,137,53
red,48,60,144,52,14,20,142,11,17,9
blue,0,142,132,17,45,103,84,57,116,70
blue,83,124,143,29,93,35,75,89,157,128
blue,18,67,150,106,82,91,46,11,51,14
red,131,142,2,85,66,35,86,68,49,96
red,107,23,150,63,70,104,134,129,29,66
red,101,98,143,8,53,48,13,1,17,70
red,101,111,55,116,9,110,58,136,51,5
red,43,58,11,76,14,53,84,143,29,119
red,0,142,11,29,108,101,84,2,17,119
blue,107,155,2,116,53,0,61,68,49,158
red,0,141,148,69,80,101,84,68,17,70
blue,101,130,11,29,148,107,13,121,129,5
red,2,134,48,29,148,101,74,143,51,53
red,115,46,144,49,158,74,97,89,9,153
red,22,125,132,17,160,158,97,148,106,53
blue,39,97,91,137,140,74,5,155,17,93
blue,42,121,2,24,128,65,97,6,29,118
blue,35,65,2,52,14,0,102,143,51,110
red,22,23,155,24,5,88,54,11,52,100
red,42,142,109,137,70,131,40,121,29,53
blue,88,75,140,9,12,90,58,71,52,96
red,90,154,29,54,99,121,134,151,17,16
red,59,141,138,29,82,90,44,143,76,9
red,37,40,94,9,128,90,88,29,24,53
blue,115,38,150,106,82,90,54,29,24,93
blue,0,107,136,51,100,90,102,29,50,128
blue,90,81,29,51,71,0,23,150,133,53
red,90,75,29,54,45,59,107,3,17,109
blue,97,13,56,50,128,90,58,1,76,14
blue,90,40,29,156,119,131,28,109,49,71
red,90,40,1,50,79,43,23,150,85,128
blue,90,145,143,51,45,53,134,150,136,158
red,36,23,150,49,153,0,58,143,29,119
blue,47,141,150,29,153,31,30,23,8,4
blue,127,125,159,50,70,22,60,151,148,80
red,119,60,104,8,70,2,23,150,129,37
red,31,142,143,69,80,151,65,19,17,70
red,137,23,120,51,93,47,154,68,129,71
blue,37,130,144,9,81,39,65,120,17,99
blue,0,60,120,29,9,144,86,155,133,70
red,37,38,120,116,45,53,46,2,129,96
blue,0,107,120,24,160,152,67,151,137,109
red,36,54,155,9,53,135,74,120,17,100
red,150,23,120,85,126,47,13,2,50,70
blue,74,102,143,8,126,135,46,6,106,82
red,112,58,1,29,93,103,23,124,76,128
red,92,46,121,76,93,0,65,143,116,80
red,101,84,143,76,45,0,65,1,51,66
red,18,125,121,76,109,90,40,55,8,91
blue,130,65,121,76,128,150,154,159,17,109
blue,121,65,1,24,100,78,38,139,76,128
red,0,60,73,17,108,25,65,139,76,53
blue,31,98,121,106,91,45,142,19,76,82
red,112,60,143,51,91,144,61,34,8,96
red,74,111,143,76,45,112,13,89,116,99
blue,0,13,64,49,71,144,134,124,24,14
blue,90,38,139,29,45,34,58,2,76,82
red,90,133,89,24,5,31,27,101,76,66
blue,37,154,3,50,70,47,149,64,76,99
red,92,28,151,51,93,114,38,1,8,53
blue,137,40,132,19,45,22,38,143,63,110
red,0,44,120,17,93,123,124,3,76,159
blue,114,102,1,17,53,34,44,159,29,82
red,114,38,151,51,93,25,44,143,76,158
red,112,91,120,137,100,90,125,0,54,53
blue,31,124,43,8,45,112,38,2,29,93
red,53,58,2,17,79,74,67,150,50,45
blue,0,84,155,29,96,90,40,159,76,158
blue,18,125,6,106,82,0,94,151,76,37
blue,31,65,144,8,45,37,84,3,116,70
blue,77,58,121,85,53,0,38,41,76,9
red,90,38,2,24,160,31,145,139,76,16
blue,34,38,21,109,158,2,154,151,24,96
red,114,130,109,51,100,104,98,138,69,5
red,95,84,63,17,80,59,146,159,129,96
red,66,13,125,148,82,42,74,121,51,100
red,62,28,143,51,66,90,130,68,76,79
blue,31,130,144,69,82,59,154,150,29,96
red,22,60,143,29,100,151,94,83,49,12
red,78,38,143,29,71,123,58,23,76,53
red,3,154,144,29,153,91,60,121,17,100
red,142,84,94,106,12,22,38,105,8,45
red,47,78,19,29,93,35,40,2,109,108
red,31,13,101,109,12,3,40,56,137,108
red,18,111,55,29,12,0,141,26,76,5
blue,0,65,121,51,12,22,91,54,137,45
red,0,65,55,51,93,22,54,121,106,154
red,31,40,140,49,108,125,74,121,17,12
red,36,141,124,76,96,31,98,121,129,93
blue,152,130,143,29,96,22,37,121,24,93
blue,0,38,143,116,123,22,97,1,76,45
blue,13,65,109,116,45,18,40,51,106,4
red,154,65,150,61,5,74,28,29,49,12
blue,36,28,155,51,96,90,77,120,9,108
red,90,38,121,24,108,112,67,144,51,80
blue,103,38,120,49,108,74,60,151,51,66
red,91,23,94,17,80,151,40,1,49,108
red,48,141,55,76,45,34,88,121,52,80
red,151,74,159,17,148,90,61,26,49,108
blue,78,65,73,51,12,88,46,2,29,108
blue,151,46,122,17,108,47,102,140,29,12
red,151,134,55,129,108,22,155,56,24,126
red,47,13,159,76,128,74,40,120,129,153
blue,74,98,6,17,45,144,86,104,129,9
red,144,40,131,69,12,74,141,151,115,108
red,95,30,101,120,108,20,98,56,24,82
red,123,30,6,116,158,22,107,56,51,5
red,25,65,89,29,53,104,38,159,24,66
red,152,61,64,137,80,39,98,159,51,119
red,39,98,43,29,12,110,40,57,76,53
blue,18,134,143,136,45,22,58,120,9,153
red,39,65,18,17,53,101,102,55,9,118
red,103,40,2,51,53,115,30,151,69,120
blue,103,84,43,29,108,151,13,140,109,96
red,151,142,55,51,45,107,13,56,150,160
blue,101,125,6,51,74,25,58,143,49,160
blue,101,23,143,150,45,0,13,37,63,53
red,38,88,37,106,5,0,65,56,138,79
red,127,28,69,52,128,146,141,11,17,74
red,18,84,148,52,128,78,125,143,9,109
red,103,75,155,116,53,97,84,101,51,128
red,37,38,51,133,100,91,40,6,137,120
red,72,67,94,50,128,90,23,150,49,158
blue,91,54,1,69,80,117,142,144,17,139
red,74,149,64,24,100,81,65,59,17,14
red,103,58,89,51,82,112,37,11,8,100
blue,31,65,121,24,14,0,38,143,9,100
red,22,91,121,17,12,78,102,143,49,100
blue,72,75,144,106,82,78,102,51,49,16
blue,77,88,37,49,12,47,27,143,50,70
blue,112,87,143,129,71,90,61,43,109,108
blue,31,84,3,109,53,22,40,64,106,126
red,78,134,142,51,128,154,75,94,106,79
red,110,111,25,24,148,74,88,55,85,45
blue,2,98,3,17,45,43,5,72,51,37
blue,104,102,143,24,70,0,61,38,120,100
blue,110,142,159,24,80,0,28,151,29,71
blue,37,38,56,17,158,112,27,89,51,9
blue,3,38,143,76,82,31,102,55,116,41
red,92,58,148,50,118,48,13,124,9,120
red,95,124,73,9,153,18,60,143,24,99
blue,135,145,69,17,153,110,134,143,24,45
red,0,46,143,109,108,36,130,64,51,100
red,53,125,109,133,153,107,102,37,147,14
blue,90,98,11,49,81,0,124,109,51,37
blue,36,111,151,109,81,127,142,143,116,93
red,137,134,144,76,109,22,58,55,52,158
red,121,65,109,136,107,77,142,32,116,12
red,110,65,105,69,93,97,75,109,17,71
blue,101,67,120,17,93,151,142,26,109,53
blue,0,111,19,17,93,107,38,138,76,66
blue,0,86,124,116,118,18,40,68,76,119
blue,107,86,155,49,82,36,130,124,138,9
red,35,97,155,51,5,137,65,1,17,70
blue,121,111,71,76,82,103,23,155,9,5
red,25,28,140,24,70,37,13,121,133,153
red,107,58,56,51,91,36,38,20,133,70
red,18,27,151,76,45,90,26,155,17,71
red,35,54,3,109,108,90,13,121,29,12
blue,158,75,73,17,70,65,60,56,157,14
red,0,134,121,24,108,18,13,68,51,82
red,20,40,155,9,16,72,75,2,76,14
blue,36,149,1,136,71,107,98,26,17,53
blue,110,67,89,76,153,78,102,124,17,71
red,103,104,121,17,45,90,58,150,51,96
red,0,28,64,24,82,103,60,94,51,100
red,25,77,124,76,53,0,23,63,24,45
red,43,77,148,85,96,110,13,132,133,70
blue,107,102,139,147,83,47,61,159,116,82
blue,151,117,26,17,9,0,23,142,109,29
red,150,61,143,85,158,151,111,121,29,45
red,31,61,140,8,100,120,87,94,9,96
blue,22,46,55,133,108,107,61,143,51,80
blue,18,78,143,76,109,22,61,6,24,119
red,137,117,143,49,45,103,23,139,76,93
red,78,40,158,8,100,22,23,61,17,12
blue,110,61,64,9,148,90,98,15,8,12
blue,0,61,64,116,45,107,46,1,133,128
blue,20,65,13,8,45,22,40,132,133,12
blue,144,92,155,24,66,0,61,132,148,133
blue,0,61,89,109,93,151,77,11,24,100
red,0,58,144,52,82,114,30,155,116,53
blue,90,130,143,116,53,137,65,121,106,5
red,101,84,68,85,100,103,91,143,133,70
red,81,134,41,133,158,107,111,155,54,108
red,103,130,1,24,66,0,40,144,76,14
red,47,58,64,85,80,37,65,1,116,45
red,0,46,154,17,139,31,38,143,24,80
red,107,46,1,49,45,0,142,136,133,108
blue,90,46,68,133,153,78,130,124,116,70
blue,54,155,89,85,70,22,61,143,51,100
blue,18,26,121,24,66,90,60,140,133,45
red,18,60,11,51,128,39,38,121,50,158
blue,35,142,158,29,148,107,134,2,116,12
blue,31,38,26,9,93,25,61,109,50,45
blue,151,88,121,8,70,101,141,11,51,119
red,90,65,120,51,93,31,61,55,76,110
blue,78,26,155,17,53,90,67,69,24,93
blue,70,44,151,116,109,37,134,121,133,100
blue,0,28,34,9,12,22,13,139,76,128
blue,144,38,43,51,41,37,134,94,76,53
red,0,61,159,52,82,155,58,1,51,80
blue,43,130,19,49,128,0,46,109,51,120
red,36,130,121,24,64,0,23,150,51,82
red,78,149,1,51,74,137,54,155,24,5
blue,25,124,70,8,119,77,74,1,17,71
red,22,124,151,51,16,35,134,6,9,126
blue,104,125,94,29,4,151,40,74,9,109
red,34,84,150,51,99,25,26,144,116,128
blue,78,146,148,49,45,43,84,155,51,128
blue,103,79,150,76,92,43,84,33,24,12
red,77,84,122,52,93,134,23,143,133,74
blue,31,13,121,51,14,35,65,55,137,80
red,107,155,2,29,153,0,113,148,69,80
red,22,40,121,138,100,25,78,151,51,5
blue,0,92,139,24,100,88,84,94,8,93
blue,35,40,2,156,70,154,67,125,29,53
blue,154,58,37,51,53,142,40,55,24,5
red,0,60,90,54,80,150,125,37,51,158
red,112,37,150,17,45,151,98,57,109,108
blue,57,142,121,51,110,74,65,2,29,45
blue,85,13,144,52,74,131,61,2,106,100
blue,35,24,104,116,114,158,44,2,129,93
red,36,141,37,76,93,0,54,124,17,80
red,59,38,26,29,96,31,40,20,133,71
blue,22,60,121,76,153,134,154,158,9,45
red,151,60,159,24,5,22,40,26,85,119
red,0,155,140,51,128,150,54,106,17,12
blue,152,134,110,51,45,115,84,150,54,99
blue,74,86,124,49,108,18,102,89,109,96
red,78,40,150,54,12,101,97,155,76,119
blue,0,40,73,116,5,22,125,64,95,45
blue,103,61,143,49,45,74,86,124,76,96
blue,74,58,143,17,79,35,77,2,51,128
blue,34,65,26,76,100,78,58,143,52,66
red,22,38,3,109,148,20,98,1,29,80
red,0,124,3,76,110,18,77,19,9,128
red,22,30,55,9,118,129,77,138,133,70
blue,22,60,143,76,4,146,46,68,9,82
red,31,124,3,29,148,106,46,109,76,5
red,103,102,26,24,96,36,28,89,51,128
blue,90,38,144,24,100,62,130,121,9,160
blue,18,141,121,69,80,112,58,55,49,160
red,0,54,106,76,100,77,60,11,17,148
blue,112,38,2,76,18,123,58,121,51,70
blue,0,54,151,17,100,31,61,55,9,18
blue,62,26,38,17,74,151,95,55,51,99
red,115,67,122,49,18,78,102,148,24,82
blue,35,40,29,63,119,130,58,56,137,81
red,57,46,1,17,79,0,77,109,9,159
blue,146,149,140,49,153,135,67,55,9,128
blue,90,40,89,9,92,103,60,120,136,82
red,90,27,155,137,119,0,134,111,17,53
blue,22,86,143,51,100,112,102,21,106,74
red,18,67,136,51,80,35,124,151,17,53
blue,20,58,1,147,148,74,38,3,106,82
blue,22,23,89,147,70,107,13,109,63,118
blue,64,44,11,51,82,47,38,124,49,45
red,91,13,124,51,120,36,60,138,29,153
blue,90,58,109,76,53,36,23,150,17,71
blue,90,40,124,129,91,137,44,143,49,93
blue,95,40,68,9,148,37,142,104,49,110
blue,54,58,151,29,12,90,87,148,49,111
red,88,38,21,29,53,64,98,55,76,109
blue,90,13,124,24,53,73,65,140,76,9
red,57,40,151,76,158,90,58,3,54,46
red,74,149,140,8,45,115,98,143,156,70
red,103,145,1,24,5,107,13,68,51,82
blue,154,117,159,76,45,35,88,1,136,120
red,151,67,53,150,16,78,134,35,106,96
blue,103,38,11,63,70,31,40,33,51,45
red,150,77,89,8,93,18,65,144,51,100
red,31,74,94,139,82,0,38,159,106,66
red,18,13,121,8,100,77,60,159,51,93
blue,67,65,120,133,108,107,92,157,85,70
red,151,142,150,76,90,74,38,121,49,109
red,151,84,19,51,5,43,75,26,76,53
blue,123,149,2,17,53,70,65,1,29,108
blue,143,142,144,50,70,18,23,140,9,79
red,53,125,94,69,80,103,84,3,29,120
red,131,84,132,51,82,36,65,7,133,53
red,22,124,26,85,153,0,30,143,29,45
blue,107,98,11,51,108,114,75,140,8,96
red,78,75,69,29,45,103,40,157,8,12
red,81,58,19,52,5,114,38,124,41,130
blue,25,84,26,76,93,107,61,121,106,71
red,131,30,94,139,4,37,125,150,106,74
red,18,30,159,116,153,0,65,143,51,14
red,110,30,19,116,93,74,94,143,49,53
red,0,130,158,133,70,36,30,143,49,15
red,137,30,120,106,93,74,26,43,133,70
blue,123,30,121,49,4,47,38,56,29,160
blue,115,30,2,24,139,119,58,11,29,66
red,0,40,2,106,14,31,30,121,8,12
red,37,38,140,137,158,25,30,3,29,153
red,22,30,129,51,82,31,38,120,17,53
red,1,58,68,136,70,72,27,155,133,148
blue,90,38,2,17,108,18,30,3,49,139
red,41,30,43,156,92,114,102,1,24,93
red,22,130,64,106,4,137,60,159,17,82
red,110,30,144,49,9,36,75,105,76,45
red,78,30,139,49,93,43,26,143,76,153
blue,74,142,144,116,126,91,102,159,17,70
red,25,60,140,76,12,62,30,56,108,128
red,18,30,68,129,128,115,130,89,9,123
red,25,65,1,150,45,112,40,19,24,30
red,35,38,1,136,53,119,13,55,51,128
blue,35,40,56,52,93,22,113,144,17,108
blue,74,142,56,29,128,0,40,143,106,45
red,2,13,144,17,71,131,77,155,116,139
blue,151,38,143,8,70,107,145,121,156,45
blue,43,38,32,49,108,110,58,26,29,153
red,35,58,53,50,79,2,54,155,76,5
blue,101,84,131,63,109,35,13,143,52,5
red,131,23,143,129,45,0,37,1,24,93
red,114,130,2,24,128,103,40,64,138,45
red,131,44,148,76,100,103,65,55,17,108
red,145,40,2,51,37,131,38,122,109,139
red,77,30,138,29,128,0,84,91,24,100
blue,25,75,26,9,100,0,124,131,52,45
red,59,61,131,49,82,67,46,121,52,100
blue,146,58,33,137,90,0,40,73,49,158
blue,0,98,35,50,128,2,75,20,116,5
red,97,84,155,76,14,143,67,35,51,119
red,137,38,1,24,45,151,134,131,9,158
blue,104,65,150,109,108,59,58,2,85,126
red,11,84,101,17,45,151,77,6,29,118
blue,110,142,140,17,160,77,46,6,51,5
red,37,91,44,54,80,103,40,143,76,5
red,18,130,2,106,14,22,54,151,17,79
blue,151,54,26,106,5,115,125,41,147,93
red,90,102,120,17,53,74,142,124,51,126
red,114,54,47,133,93,3,141,121,129,91
red,22,60,2,157,45,31,58,143,24,160
blue,103,102,122,76,66,72,58,124,147,119
red,47,102,64,133,153,0,75,104,106,41
red,0,98,120,133,91,77,102,1,49,153
red,121,102,148,156,5,90,111,159,9,12
red,53,102,159,51,119,3,23,89,69,100
red,110,102,151,76,159,103,87,33,17,121
blue,103,124,151,106,14,150,26,53,69,148
blue,0,84,19,8,128,146,102,1,49,53
blue,43,30,151,17,120,74,102,91,29,45
blue,90,142,140,17,12,48,87,56,106,45
blue,43,102,143,17,133,47,38,11,76,53
blue,18,102,1,109,153,146,91,140,29,80
blue,34,77,64,17,120,42,102,1,139,74
blue,77,13,143,8,128,145,58,139,51,80
blue,36,38,11,69,45,72,65,120,29,53
blue,115,87,56,50,99,72,23,150,51,79
red,23,141,120,29,12,78,13,2,137,100
red,94,149,56,106,45,107,46,55,50,70
blue,91,23,143,17,14,101,97,56,51,82
blue,36,46,159,8,128,72,142,1,76,45
blue,22,58,144,52,14,0,102,143,29,100
blue,34,67,76,17,128,107,154,94,109,45
blue,78,98,138,49,96,2,77,121,136,45
blue,37,44,122,24,119,150,154,19,76,80
red,72,111,150,9,128,22,30,138,76,45
blue,2,87,148,24,70,101,134,104,109,108
blue,107,13,6,9,93,95,27,43,51,14
red,20,77,155,157,128,0,65,68,29,158
blue,74,60,11,24,93,110,58,144,17,128
red,90,30,11,69,128,78,75,150,24,82
red,107,102,144,29,53,72,60,1,17,12
red,107,46,148,76,82,39,58,89,156,70
red,2,142,93,133,16,72,65,55,50,14
red,107,125,11,137,74,2,134,69,51,53
blue,115,58,94,8,99,78,23,150,137,5
blue,18,58,121,17,53,92,40,94,158,79
blue,137,54,94,129,96,0,65,109,106,45
blue,104,27,94,106,100,127,23,150,52,70
blue,74,107,56,150,72,34,27,94,29,45
blue,35,94,136,150,80,22,38,121,24,66
red,78,145,139,76,100,74,142,109,17,45
red,123,58,143,51,99,74,38,3,109,93
red,74,149,2,24,93,0,60,121,69,80
red,102,46,55,17,71,72,92,11,76,53
red,151,74,143,76,14,113,65,121,54,108
blue,0,75,121,109,53,115,134,124,24,45
blue,104,145,64,24,45,72,40,2,50,158
blue,22,88,140,9,119,104,40,134,29,160
red,104,141,144,106,45,31,58,124,24,121
blue,104,26,48,147,80,41,38,29,24,119
blue,59,40,87,129,4,24,67,120,49,128
blue,90,38,3,49,158,112,60,56,76,96
blue,112,61,6,137,45,154,13,73,49,37
red,0,38,114,24,45,34,77,33,76,41
red,0,54,122,133,70,74,23,150,76,4
blue,25,23,151,51,53,0,38,150,24,128
red,0,111,63,85,4,47,65,143,133,100
red,47,65,120,63,71,72,92,138,76,82
blue,129,65,2,156,158,77,134,150,49,96
red,31,46,150,136,160,34,23,155,50,70
blue,104,86,121,69,93,151,65,19,8,119
red,151,60,122,136,45,101,38,56,63,80
blue,107,149,151,29,119,78,65,68,50,154
blue,90,65,37,76,111,42,60,120,106,5
blue,74,134,125,29,15,130,94,143,106,82
blue,154,60,55,17,41,1,38,77,129,82
red,22,97,148,29,158,90,107,150,17,128
blue,57,40,140,29,93,127,38,159,17,80
red,88,60,1,133,9,62,142,125,69,118
blue,90,77,140,129,45,22,65,55,106,5
blue,101,65,144,17,53,107,60,68,24,5
blue,101,38,140,24,80,18,125,64,29,158
red,115,65,157,129,45,90,46,17,133,71
blue,151,134,94,76,82,114,60,115,137,119
red,110,88,139,133,80,74,60,157,106,4
blue,151,125,148,63,12,88,65,143,49,9
red,37,77,55,29,97,115,154,32,51,74
blue,59,65,120,50,80,36,84,155,116,45
red,31,65,132,76,109,77,58,1,51,82
blue,31,23,11,9,139,92,65,143,150,89
red,47,65,143,106,74,150,75,54,76,5
blue,90,58,120,76,121,36,23,150,85,128
red,38,97,140,109,108,137,60,89,24,14
blue,115,13,19,51,5,90,38,121,137,54
red,131,13,2,116,158,78,145,94,76,118
blue,88,75,150,133,53,22,23,120,49,5
blue,101,23,129,69,80,152,38,56,147,119
blue,47,54,155,49,45,22,46,6,24,5
blue,91,145,1,29,70,36,46,89,76,99
red,0,142,151,120,45,88,75,139,49,93
red,31,5,143,8,128,88,134,122,133,66
red,121,38,140,29,109,0,65,64,76,5
red,0,84,140,116,100,59,111,3,51,14
blue,36,40,64,147,41,90,134,19,51,5
blue,62,102,7,76,80,0,61,132,120,71
red,62,38,56,24,93,95,142,55,17,120
red,0,84,94,9,96,34,38,105,106,53
blue,37,77,121,17,53,43,38,2,76,5
red,107,102,151,17,71,35,65,64,76,119
red,38,77,136,76,93,78,65,55,9,128
red,22,38,138,76,12,114,142,155,49,148
blue,78,102,136,76,119,114,65,120,49,158
blue,72,40,143,150,96,0,98,68,29,45
red,62,125,2,8,12,19,60,124,50,109
blue,137,38,1,50,128,0,46,143,29,118
blue,101,154,136,50,70,142,94,2,17,119
blue,74,38,32,76,108,0,27,155,50,119
red,0,65,3,54,80,31,107,129,85,15
blue,90,146,140,17,100,0,60,64,76,9
red,90,60,11,129,6,146,142,121,106,15
blue,31,154,143,29,153,146,54,0,76,5
red,77,65,26,133,153,152,155,140,76,100
blue,114,107,151,17,80,0,130,138,49,53
blue,31,111,121,49,53,155,13,89,17,118
blue,112,141,121,106,100,43,98,23,17,79
blue,74,75,2,29,153,127,87,64,133,9
red,22,54,55,24,71,78,65,155,51,66
red,78,77,143,51,91,0,141,2,29,153
blue,115,67,55,17,45,20,134,0,49,12
blue,0,87,56,29,80,114,46,132,76,45
blue,74,77,71,24,66,107,113,43,51,119
blue,47,40,151,29,64,34,37,150,51,154
blue,36,91,71,8,100,72,38,11,29,12
red,154,102,11,49,153,18,75,120,52,70
red,114,58,124,17,12,0,60,11,9,45
blue,121,142,122,116,14,90,27,151,51,120
red,103,98,144,29,53,137,145,1,76,80
blue,107,130,55,116,45,103,26,155,133,80
blue,72,61,140,69,9,36,91,121,157,120
red,3,107,143,63,70,0,23,136,76,5
red,90,40,68,17,9,115,84,11,133,45
red,117,28,1,49,4,145,150,120,24,93
blue,0,145,121,133,80,95,75,19,8,123
red,88,27,136,116,12,115,87,1,29,9
blue,3,65,136,51,5,151,86,140,49,14
red,41,77,106,17,118,90,149,23,29,82
blue,144,77,157,24,89,91,98,106,109,108
blue,72,86,121,150,14,47,30,106,116,109
blue,0,30,155,109,108,53,84,151,147,153
red,37,61,64,49,15,135,40,1,17,121
red,59,58,125,51,82,57,65,140,17,93
red,31,28,57,49,100,114,30,106,136,12
blue,22,38,15,29,119,0,75,105,133,96
red,0,84,106,136,9,137,13,155,17,12
blue,78,58,136,24,87,112,154,2,150,70
blue,57,86,106,116,53,74,46,3,29,14
red,135,60,7,50,15,151,40,121,51,45
blue,0,84,3,49,148,62,26,106,29,82
red,92,98,106,17,45,53,27,3,136,82
blue,150,23,15,17,91,18,5,140,24,14
red,18,124,6,106,14,114,60,159,76,128
red,18,91,106,51,5,110,60,150,19,114
red,151,77,106,144,45,91,23,43,76,53
red,81,38,64,24,153,144,61,106,17,158
red,36,40,64,76,100,0,23,150,106,159
blue,57,141,106,51,0,110,97,124,17,119
blue,22,23,2,85,14,101,38,106,9,45
red,90,38,106,17,14,101,74,121,9,82
blue,145,37,151,106,45,20,28,3,51,70
red,0,145,109,116,12,34,130,121,106,82
red,43,65,6,17,148,0,113,144,156,153
blue,0,102,68,137,100,72,58,144,106,128
red,22,13,89,136,70,90,65,121,29,53
red,90,107,105,51,53,0,60,151,122,139
blue,101,74,94,106,148,78,111,155,116,100
blue,101,130,55,52,93,22,58,56,76,100
red,107,155,109,17,80,0,130,1,50,128
blue,101,26,136,17,74,36,125,140,29,12
blue,110,74,2,106,45,0,38,63,17,80
blue,78,13,64,85,126,90,141,136,76,118
red,103,98,71,17,119,31,60,144,106,99
blue,48,94,121,17,9,135,154,138,51,16
red,101,77,121,106,109,144,60,143,50,14
red,91,13,1,17,139,37,58,121,29,53
blue,22,38,143,17,45,103,26,148,50,100
red,112,60,140,29,108,123,38,2,17,76
red,36,102,143,50,16,77,46,139,136,82
red,22,40,2,24,153,0,46,33,109,53
blue,121,77,150,116,53,90,13,109,9,70
blue,36,111,159,9,93,0,91,121,17,118
red,47,98,72,63,118,155,154,132,51,5
blue,112,84,6,17,118,88,13,20,76,66
red,22,125,63,76,118,101,65,19,133,160
blue,95,130,55,9,118,18,46,144,76,53
red,22,40,64,9,118,134,38,33,17,100
red,125,58,155,129,118,151,65,140,8,160
blue,78,141,2,51,118,123,65,120,148,108
blue,0,23,72,49,76,115,13,155,157,108
blue,57,155,143,17,96,152,27,139,76,79
blue,150,87,139,85,45,135,23,158,129,80
blue,103,124,18,17,119,135,87,139,133,53
blue,74,111,155,51,119,2,142,139,17,82
red,103,37,150,50,99,18,113,155,137,70
blue,101,28,139,76,45,90,40,56,116,118
blue,90,141,68,76,45,88,145,139,133,70
blue,22,58,140,116,110,31,44,139,106,66
red,0,98,140,24,79,18,60,151,136,16
red,37,46,55,51,96,22,102,64,52,128
red,158,40,65,109,108,43,87,157,9,15
red,18,13,1,76,148,134,125,155,147,160
blue,107,84,140,8,5,112,111,89,24,79
red,0,46,112,76,148,43,87,159,50,70
red,114,134,34,49,53,31,61,121,17,80
blue,101,38,11,49,120,25,60,1,24,66
blue,25,46,121,95,0,74,38,143,76,108
blue,134,77,121,109,104,74,40,139,116,108
blue,18,37,11,50,100,57,142,2,17,80
red,115,13,1,49,91,103,149,143,17,71
red,107,75,124,116,4,112,92,120,133,153
blue,47,75,68,51,70,90,141,143,123,108
red,101,107,1,9,12,115,91,138,50,45
blue,36,155,140,109,79,151,37,121,76,93
red,31,107,121,76,79,72,117,41,50,53
red,48,40,1,51,5,18,92,2,49,15
blue,107,13,26,136,148,0,75,1,51,70
red,31,145,1,49,41,43,60,121,17,45
blue,19,75,114,9,45,48,107,2,133,128
blue,68,134,122,51,12,151,149,1,116,126
red,22,134,124,136,119,90,154,64,129,100
red,151,61,143,109,45,0,30,140,106,93
red,78,125,132,29,45,22,87,63,49,119
blue,18,107,105,8,100,101,154,55,17,71
blue,112,86,21,76,4,36,65,143,8,16
blue,18,67,155,106,82,90,77,121,17,53
red,36,75,137,129,70,112,134,53,106,93
blue,135,26,125,106,121,31,113,140,51,5
red,117,58,143,129,108,18,87,89,29,93
red,31,37,64,51,14,101,46,132,56,16
blue,35,44,56,17,53,151,98,55,133,119
blue,90,124,125,76,82,22,75,1,51,16
blue,90,61,1,17,108,0,67,26,136,45
red,150,46,57,17,82,19,117,90,69,80
red,151,61,89,9,45,36,23,2,106,14
red,74,98,154,147,100,59,40,2,52,82
red,88,38,121,147,96,2,46,155,106,82
red,121,91,65,106,99,47,146,56,76,15
blue,92,30,143,133,100,20,13,124,17,158
red,0,13,6,76,5,110,142,53,116,96
blue,74,98,124,17,80,114,46,6,109,111
blue,53,58,109,8,100,101,61,26,76,14
blue,114,40,55,76,16,47,84,94,109,80
red,0,13,148,51,53,78,60,155,49,153
blue,35,5,144,147,96,74,102,120,17,121
blue,47,38,56,50,70,25,75,151,76,45
red,25,27,43,17,148,127,61,151,24,70
blue,19,27,43,17,153,48,22,140,29,158
red,103,46,73,116,118,101,78,140,137,158
blue,103,58,136,129,126,2,86,90,133,70
red,25,88,64,17,119,31,142,19,76,45
blue,81,74,151,17,45,95,60,120,76,100
red,113,40,23,9,45,0,111,155,76,66
blue,18,142,122,147,4,0,102,143,129,91
red,47,67,55,76,46,90,134,11,136,66
blue,101,40,144,29,53,115,142,21,24,71
blue,43,58,122,29,12,101,97,140,51,14
red,110,65,121,51,153,47,142,43,148,160
red,39,23,155,50,109,112,28,32,156,96
blue,0,154,11,76,93,72,111,139,136,9
blue,101,75,19,29,160,31,13,159,116,16
blue,111,38,56,69,119,88,60,55,76,93
blue,110,58,148,29,93,134,91,64,8,153
red,18,142,143,51,154,0,67,150,76,9
red,74,28,155,49,128,151,124,91,129,83
blue,31,61,122,106,99,101,111,143,137,153
red,41,134,146,156,153,40,107,155,76,123
blue,90,46,133,76,80,78,13,150,51,9
red,134,46,26,69,148,22,102,11,29,96
red,123,30,32,133,45,131,65,143,51,93
red,78,60,143,69,93,10,58,125,29,70
blue,57,154,121,76,53,39,38,1,17,12
red,90,77,59,9,109,134,13,19,17,41
red,74,13,144,49,159,48,58,2,17,41
blue,90,98,6,116,119,0,38,71,76,128
red,145,38,1,76,45,90,67,143,49,108
red,74,28,1,69,45,90,13,64,106,93
blue,88,13,2,9,12,0,28,150,17,71
blue,104,38,121,51,82,110,23,155,29,12
blue,62,38,140,109,108,90,98,1,49,12
blue,131,102,105,76,119,101,141,138,24,45
blue,123,5,151,24,45,114,40,89,109,108
blue,0,67,155,150,23,36,65,1,108,25
blue,36,44,56,51,82,0,54,159,133,80
blue,18,102,158,29,99,115,54,143,150,128
blue,107,98,121,76,53,35,102,64,109,96
blue,90,28,155,63,70,31,46,26,8,109
red,135,146,55,116,109,78,75,2,51,128
blue,18,98,144,133,120,90,141,1,9,45
red,72,134,155,17,148,3,61,56,109,53
blue,74,46,55,116,148,18,88,139,76,160
blue,72,13,155,76,53,48,46,33,49,12
blue,103,23,109,133,70,18,87,1,51,66
blue,2,46,11,9,53,74,23,129,150,80
blue,112,61,144,9,80,137,86,140,17,71
blue,110,92,2,54,53,25,40,89,50,82
red,101,98,26,50,92,18,13,64,116,153
red,22,27,26,29,96,115,61,56,150,153
blue,90,65,54,69,70,72,145,144,50,93
red,72,46,26,106,5,95,77,6,29,128
blue,0,65,114,52,100,35,67,159,9,45
blue,0,27,151,17,71,101,58,26,49,9
blue,92,67,125,51,120,101,145,21,133,45
blue,78,40,151,69,16,0,13,152,29,96
blue,103,74,159,9,4,151,58,19,29,53
blue,44,40,122,29,93,103,60,68,49,139
red,43,26,73,49,66,145,98,155,9,148
blue,114,77,155,52,128,0,98,121,51,99
red,97,141,136,76,14,103,65,89,49,70
blue,107,13,33,85,45,90,130,1,116,153
red,74,28,34,51,160,90,102,33,52,64
blue,0,94,122,91,5,90,142,143,51,93
red,112,102,2,106,153,90,98,121,51,45
red,90,102,3,9,120,77,130,124,76,96
blue,90,65,43,137,4,117,86,138,129,99
red,47,38,21,136,9,0,130,54,76,80
blue,90,60,144,17,79,101,61,105,106,99
blue,59,65,1,29,12,95,26,11,63,70
red,0,13,129,41,158,62,65,1,69,80
blue,101,77,143,50,74,154,102,56,69,80
red,39,38,151,49,66,31,40,143,76,80
blue,107,58,64,76,66,123,40,1,150,93
red,35,134,79,76,100,112,75,1,49,12
blue,110,26,73,49,53,22,88,138,76,93
blue,90,38,143,24,45,97,58,89,133,70
blue,31,38,140,137,153,18,58,139,76,9
blue,25,125,2,51,79,72,155,143,76,71
red,34,60,32,69,80,115,38,19,51,66
blue,112,26,150,76,99,101,46,54,51,45
red,144,130,48,29,80,125,23,54,76,45
blue,151,98,121,116,82,101,134,139,147,126
blue,47,27,121,49,82,18,54,155,17,45
red,31,40,159,29,108,114,65,143,49,83
blue,78,38,151,17,71,91,88,55,133,53
red,90,65,56,17,82,0,26,143,29,153
blue,158,67,19,17,70,47,23,110,76,4
blue,37,154,73,116,53,103,84,144,17,153
red,107,13,1,17,14,88,30,55,49,153
red,18,38,56,49,100,31,28,32,76,119
red,34,23,89,49,12,35,77,55,9,45
red,90,75,105,49,53,115,28,32,24,45
blue,78,5,151,24,45,31,142,2,49,80
red,22,46,23,129,108,77,74,121,17,109
blue,74,61,144,137,100,44,30,19,116,118
red,18,74,11,76,80,90,13,33,147,96
red,31,74,56,29,124,44,154,94,49,14
red,47,98,55,29,128,150,65,2,137,70
red,114,54,151,9,93,110,154,1,24,80
red,62,37,121,17,123,114,46,33,49,160
blue,119,67,56,49,66,113,75,3,41,12
blue,112,98,159,51,153,31,102,144,49,82
blue,22,58,148,54,108,74,60,140,49,45
blue,0,145,121,8,100,34,26,150,49,53
blue,103,87,11,147,70,112,61,143,17,71
blue,48,58,143,95,119,103,91,3,109,90
red,103,58,2,49,108,90,60,64,76,96
red,36,124,155,51,153,103,26,151,17,53
blue,112,40,56,50,70,103,142,143,51,14
red,103,130,19,17,71,0,26,151,51,41
red,103,65,56,54,80,107,74,121,24,12
red,107,58,155,52,12,103,94,68,129,45
red,72,37,75,63,14,103,84,56,8,93
red,103,54,155,17,108,22,27,37,29,12
blue,22,54,3,137,119,112,84,94,17,82
red,47,130,114,17,45,115,54,143,69,80
blue,90,97,136,52,46,39,61,1,49,66
red,112,75,144,76,153,0,77,136,137,53
blue,34,87,121,17,74,115,102,143,76,45
blue,112,124,151,51,110,42,154,55,50,53
red,112,67,1,106,4,19,65,94,51,16
blue,110,58,23,76,119,90,130,114,17,45
blue,127,102,143,150,96,112,13,55,9,70
blue,90,91,143,76,96,57,74,6,85,108
blue,31,134,2,91,5,115,26,151,116,12
red,22,94,148,51,128,58,65,89,76,53
blue,110,134,11,29,128,74,65,64,24,93
red,131,141,121,147,82,107,58,3,129,5
blue,25,84,151,76,12,103,74,11,129,5
red,150,23,3,69,80,74,27,19,51,82
blue,31,145,144,49,5,114,98,19,51,118
red,134,46,121,24,119,112,5,2,17,100
red,151,46,3,54,80,78,58,109,116,119
red,114,46,90,133,70,137,30,94,76,82
red,78,98,136,76,45,31,84,151,17,148
blue,88,46,136,17,53,36,149,158,51,12
red,154,61,144,51,45,103,67,3,129,91
blue,25,142,121,129,160,131,155,151,136,12
red,22,60,144,106,99,112,149,3,76,71
blue,39,125,109,129,79,151,141,2,9,71
blue,57,77,89,106,14,18,27,151,76,53
blue,47,142,122,116,153,78,46,151,49,53
red,151,46,11,50,70,91,134,89,116,153
blue,107,75,53,147,70,0,13,143,76,99
blue,110,58,121,9,45,115,149,151,133,70
red,18,38,144,116,153,37,40,1,51,158
red,78,13,150,76,153,144,46,143,29,119
red,112,13,89,8,93,0,117,159,17,79
red,152,102,56,8,128,1,87,0,49,9
blue,131,58,143,29,128,110,155,1,137,119
blue,101,40,11,17,79,35,38,109,9,119
blue,78,65,120,147,45,90,60,89,51,9
red,151,134,59,133,82,103,54,29,109,66
blue,121,87,129,49,109,18,130,120,17,5
blue,115,130,56,24,66,90,30,26,51,99
blue,19,58,104,52,93,22,88,121,29,153
red,3,40,140,9,93,18,141,1,120,53
blue,39,13,155,54,93,101,67,104,50,100
blue,151,84,74,76,96,34,61,159,54,100
blue,90,142,143,49,45,150,65,158,138,93
blue,107,78,55,116,80,22,38,132,8,100
blue,102,26,125,133,109,112,65,121,116,100
blue,144,134,63,129,128,41,67,38,52,100
blue,104,124,3,29,93,19,102,140,106,96
blue,18,23,150,51,9,0,102,19,76,93
red,43,91,159,17,100,151,60,11,116,9
red,78,23,155,150,70,47,38,2,17,79
red,18,58,1,116,93,78,38,143,8,6
red,2,58,26,29,153,0,46,33,50,128
blue,22,78,139,85,118,88,40,89,106,82
blue,0,124,121,29,74,53,58,2,24,37
red,107,23,150,29,53,22,98,68,133,93
red,101,13,55,69,153,22,38,120,49,74
blue,18,74,109,24,108,88,98,143,17,80
red,0,149,33,17,12,131,67,132,76,128
red,112,78,109,136,108,74,13,19,29,16
red,107,13,109,116,118,22,46,144,137,71
red,22,149,109,76,12,62,111,2,24,100
red,25,38,121,17,71,20,26,151,76,45
blue,0,61,109,8,128,22,13,26,17,82
blue,151,67,140,29,137,154,84,155,76,93
red,59,130,143,24,93,22,124,1,49,45
red,22,38,55,24,5,91,60,1,51,100
blue,62,13,89,129,91,0,75,68,69,119
red,3,141,150,129,153,0,94,120,51,148
blue,110,40,121,137,119,115,130,55,17,160
blue,59,74,155,9,5,0,98,1,136,148
blue,0,23,151,29,5,88,28,129,116,53
red,112,40,121,54,9,22,61,2,76,5
red,62,134,11,51,80,144,46,3,106,99
red,131,146,140,137,158,72,40,89,9,45
blue,152,154,19,17,71,115,98,122,137,80
blue,103,86,11,24,100,0,102,144,12,146
red,110,75,121,9,70,101,13,119,76,5
red,91,134,63,76,9,78,58,61,24,100
red,91,130,121,76,53,35,65,143,17,45
red,155,88,121,29,93,112,74,2,24,82
red,90,38,144,24,14,138,28,101,29,80
red,131,61,143,116,71,35,155,55,76,53
red,83,117,55,29,108,113,26,2,133,93
red,114,133,140,51,15,2,142,0,29,45
red,0,134,64,24,53,146,91,35,54,118
red,18,154,19,9,96,0,30,136,51,80
blue,0,28,69,52,100,59,125,143,51,119
blue,22,40,122,17,93,35,30,150,9,100
red,31,91,159,17,53,35,58,124,49,45
blue,48,86,121,51,70,9,102,155,76,100
blue,34,26,155,24,66,37,75,114,49,160
blue,38,40,1,51,79,110,130,144,63,53
red,146,65,1,51,119,31,91,124,116,110
red,48,154,1,51,66,18,145,55,17,70
blue,18,61,11,133,153,98,46,143,116,45
red,115,125,136,116,153,114,141,159,76,4
blue,103,77,121,69,153,81,145,132,24,12
blue,41,107,121,51,53,0,97,2,17,158
red,107,60,148,51,12,127,40,143,76,96
red,91,60,55,29,153,0,86,144,17,160
blue,103,61,159,49,53,115,40,121,17,133
red,0,75,144,51,120,31,54,125,29,53
red,123,98,64,51,45,101,154,89,29,153
red,103,87,94,69,153,59,125,151,51,119
blue,101,60,132,54,99,36,145,2,137,82
red,70,23,150,29,80,37,13,159,69,45
blue,134,38,144,17,79,142,77,55,51,12
blue,11,155,2,76,70,150,23,107,17,45
red,2,92,73,24,53,110,58,143,133,93
blue,47,92,121,24,82,115,75,105,29,83
blue,18,98,143,51,133,101,87,2,24,80
red,43,28,1,51,80,90,141,109,129,128
red,0,28,140,24,82,47,38,34,133,126
red,38,149,6,51,80,90,28,121,69,45
blue,0,58,2,69,109,35,91,158,51,70
blue,48,13,124,129,5,0,134,1,69,9
red,92,87,105,69,109,43,30,143,24,128
blue,137,75,143,106,74,31,28,6,24,15
red,135,142,143,54,15,107,40,1,147,70
blue,150,77,143,76,123,31,61,56,54,82
red,131,38,55,54,15,150,65,37,76,14
blue,0,26,1,29,12,31,154,124,76,93
red,31,134,39,85,93,0,75,143,51,53
red,22,98,33,17,45,103,125,143,76,108
blue,47,28,143,156,118,35,60,1,106,82
blue,78,75,105,76,109,74,58,143,51,80
red,43,98,121,76,74,77,58,124,29,153
blue,135,60,104,76,153,103,94,114,24,158
blue,110,124,6,76,158,34,107,143,17,90
red,31,98,155,76,53,110,65,140,106,158
blue,0,67,94,76,9,107,38,139,116,4
blue,120,75,26,29,12,131,61,19,109,118
blue,38,46,143,76,82,18,74,6,17,108
red,90,141,121,29,45,123,27,56,147,9
red,90,65,140,133,70,101,27,32,69,80
red,103,102,55,76,100,90,40,121,52,82
red,146,61,1,17,158,18,38,121,24,93
blue,141,104,121,29,45,0,40,120,133,153
blue,39,102,155,137,45,74,38,53,17,148
blue,43,46,64,116,158,36,40,56,29,100
red,78,67,155,9,53,74,60,143,24,80
red,113,77,159,29,68,18,75,55,52,80
red,103,142,2,9,119,22,88,1,76,70
blue,74,46,104,51,93,158,13,143,29,100
red,39,102,150,51,128,36,98,121,49,120
blue,22,65,139,49,82,25,155,136,76,128
blue,43,97,6,24,45,104,13,109,129,153
red,110,102,138,24,12,90,28,94,50,158
red,42,87,139,106,99,102,107,121,29,12
blue,81,58,143,24,45,38,77,71,76,9
red,103,58,121,29,53,31,23,64,106,90
red,121,38,155,106,82,107,87,138,50,158
red,31,107,56,29,53,95,58,64,24,45
blue,107,67,155,29,158,90,102,21,133,153
blue,102,13,107,116,118,151,86,121,54,119
blue,103,65,140,29,118,36,38,143,17,53
red,74,155,2,51,128,39,46,151,61,153
red,39,65,109,116,14,90,107,155,51,93
blue,0,142,121,76,99,137,40,105,49,9
red,0,111,121,51,66,101,26,3,137,53
blue,78,142,43,51,93,107,65,121,106,45
red,112,60,68,9,53,101,23,90,109,108
red,0,54,155,24,108,112,13,132,49,120
red,112,141,148,9,128,74,77,121,17,53
red,112,13,53,106,5,103,78,6,29,160
red,112,13,1,138,12,88,67,37,76,71
blue,112,38,73,116,109,3,65,121,17,12
blue,18,46,121,24,118,112,40,56,29,53
red,90,5,142,50,160,112,44,55,8,128
red,112,30,55,17,45,22,38,1,138,9
blue,151,97,159,147,70,112,102,3,49,45
blue,42,46,32,116,119,112,142,68,51,109
blue,112,28,143,17,45,48,141,55,133,153
blue,72,23,133,24,53,48,98,2,52,128
red,34,98,121,50,100,151,124,150,76,123
red,37,13,131,29,53,0,23,89,76,5
red,103,98,1,69,53,37,40,121,76,153
red,0,40,1,109,100,91,38,151,76,104
red,81,78,155,109,139,154,98,54,69,80
blue,90,67,68,116,109,114,13,158,17,53
red,31,40,140,69,118,144,38,150,51,82
blue,154,40,155,8,16,117,98,121,50,128
blue,22,38,68,85,154,129,102,6,51,108
red,91,67,19,76,96,145,117,140,136,80
red,114,60,121,29,12,18,40,2,9,53
red,101,5,143,129,128,135,38,150,138,53
red,135,38,53,49,128,95,141,157,8,119
red,127,40,19,8,126,135,38,121,129,79
red,78,13,144,106,41,135,98,105,137,53
blue,90,54,155,29,6,135,28,11,24,82
blue,38,46,157,49,108,135,102,55,138,119
red,135,30,155,41,45,0,102,139,49,74
red,135,130,148,136,9,35,142,138,49,153
red,135,142,143,129,108,90,54,94,85,153
blue,135,104,94,150,93,131,67,144,29,53
red,43,27,47,17,45,135,23,151,51,82
red,135,154,91,85,148,110,97,1,106,9
red,135,27,109,9,100,43,38,155,17,153
blue,150,84,155,51,128,135,102,144,49,158
red,135,134,155,133,70,36,84,56,9,45
blue,144,61,151,9,100,135,26,136,76,45
blue,135,60,55,17,45,114,78,91,51,66
red,115,155,1,49,45,135,54,2,51,133
blue,135,155,32,106,119,0,98,140,9,12
blue,78,141,0,133,153,115,67,151,17,158
blue,38,125,73,49,14,135,98,122,9,111
blue,59,146,94,129,71,135,114,55,49,18
blue,135,98,90,29,109,0,27,3,17,108
blue,31,111,159,133,93,135,58,73,116,108
blue,72,38,2,51,15,31,77,155,54,119
red,150,13,19,133,37,135,111,73,29,110
red,135,13,10,49,153,31,22,71,54,82
red,135,94,158,24,100,22,86,68,129,80
blue,135,146,144,129,74,0,27,71,85,119
red,121,113,56,116,12,135,142,144,29,53
blue,134,141,26,137,70,135,113,143,136,5
blue,36,111,32,17,114,135,37,148,116,119
blue,135,98,121,129,128,155,154,56,106,100
blue,78,88,143,9,79,62,38,2,76,93
blue,37,30,125,29,9,22,38,143,51,128
blue,0,26,3,17,70,22,155,64,76,53
red,22,38,55,69,66,2,46,94,76,80
blue,90,75,143,116,80,110,84,155,137,66
blue,0,145,143,52,100,39,13,151,49,126
blue,78,46,143,69,80,37,60,121,51,14
red,115,65,19,51,66,107,67,155,69,80
blue,114,84,129,106,108,104,111,105,17,128
blue,111,38,2,76,45,43,65,11,29,12
red,65,58,129,120,128,0,5,2,52,4
red,47,134,94,29,53,77,142,160,120,14
red,121,44,144,76,128,19,142,155,29,12
blue,107,60,143,63,70,78,38,122,24,74
blue,150,38,11,29,41,144,74,19,106,5
blue,135,28,155,69,153,112,75,56,129,12
red,18,30,143,9,53,31,75,11,76,70
blue,18,61,121,76,53,37,38,56,106,66
blue,47,60,143,51,126,0,38,148,29,53
blue,2,61,159,17,80,47,107,3,52,128
red,78,13,150,116,70,90,125,42,29,93
blue,0,74,140,49,15,37,141,155,24,80
blue,34,84,125,85,9,114,65,55,52,126
blue,74,38,78,85,119,35,23,155,51,108
red,103,23,31,69,80,151,26,150,51,45
blue,74,58,89,49,45,20,46,19,51,82
blue,0,75,29,109,100,101,13,143,133,128
blue,101,58,71,76,139,20,38,55,129,66
blue,81,155,148,9,70,95,58,3,49,15
red,57,58,140,51,12,3,13,64,76,71
blue,88,27,143,29,53,0,142,2,9,71
red,57,38,2,17,119,31,13,64,76,100
blue,74,13,57,17,45,88,145,54,49,120
blue,2,102,142,95,153,35,77,139,116,12
blue,47,124,83,136,96,91,23,48,133,41
blue,48,58,83,17,15,47,61,89,51,14
blue,0,38,55,76,70,31,145,144,24,128
blue,74,61,11,52,128,62,58,155,109,5
red,18,13,144,76,70,0,38,2,29,84
blue,144,142,104,50,119,43,75,143,116,5
red,91,58,120,139,108,18,74,151,136,70
red,111,23,110,69,80,18,54,150,17,160
red,77,67,74,91,108,112,46,32,29,80
blue,131,40,105,29,93,130,38,12,106,5
blue,36,124,41,51,128,131,54,151,116,100
blue,19,61,121,76,45,151,102,105,49,158
blue,90,46,132,106,71,37,61,121,76,93
red,31,142,2,106,99,37,65,159,51,93
red,62,67,140,69,45,43,94,56,76,53
blue,103,13,21,17,12,0,67,132,24,93
blue,31,38,114,8,82,78,145,155,76,70
red,31,142,140,24,45,41,102,109,116,53
red,47,125,124,29,45,74,38,1,24,80
red,47,38,11,24,100,0,78,121,133,119
red,107,61,30,150,71,47,124,52,76,45
red,103,134,158,129,91,0,67,104,76,100
red,102,75,64,17,70,43,38,33,133,119
blue,0,30,73,133,93,78,142,2,17,45
red,31,74,136,109,45,0,78,143,29,126
red,135,38,121,29,119,36,146,132,85,71
red,146,125,6,52,160,34,142,155,133,12
red,78,40,143,106,6,90,13,151,54,119
red,103,145,121,29,12,78,91,143,106,100
blue,78,13,64,137,45,57,40,140,29,53
red,47,46,121,17,37,35,78,139,51,12
blue,151,40,143,76,3,6,58,144,24,158
red,112,23,41,150,53,77,60,124,109,14
blue,0,60,32,8,128,35,23,150,24,12
red,150,60,124,9,82,74,125,138,29,53
red,0,60,55,17,158,103,40,19,8,128
blue,57,40,140,9,5,78,58,150,29,160
red,91,134,1,51,128,145,38,59,137,70
blue,151,134,59,49,82,112,91,55,17,160
blue,62,65,59,54,80,115,102,55,24,100
blue,107,30,59,24,153,36,13,19,136,108
blue,22,13,11,129,100,107,154,59,76,80
red,0,91,41,133,153,110,142,140,9,70
blue,48,26,133,17,5,101,145,159,9,153
red,2,142,21,51,74,67,30,11,133,93
red,135,27,94,116,119,78,30,151,49,66
red,0,98,139,133,153,131,141,105,136,53
blue,3,84,19,49,45,0,13,124,133,15
red,36,46,121,50,99,103,107,26,8,15
red,42,23,3,8,41,22,13,73,129,119
blue,37,146,143,136,93,43,23,2,29,15
blue,59,65,139,24,128,43,46,11,8,100
red,95,27,121,29,128,77,67,120,137,12
red,18,130,1,63,70,101,40,140,8,128
red,37,94,26,50,128,22,134,3,15,9
blue,74,30,94,8,128,39,46,78,76,45
blue,115,60,65,41,14,131,146,26,109,15
blue,78,13,109,76,15,135,40,159,49,93
blue,151,77,144,8,45,31,74,89,133,96
blue,36,23,143,51,82,18,65,121,76,45
red,54,98,81,76,14,95,61,138,17,53
red,101,142,37,29,53,90,121,125,49,108
blue,110,130,64,17,44,59,94,75,9,45
red,78,65,55,85,118,137,74,43,116,148
red,47,61,55,24,126,18,130,1,133,119
red,152,130,136,51,82,0,77,140,116,45
blue,152,154,121,8,128,0,40,105,17,108
blue,22,77,126,76,80,142,86,56,147,96
blue,3,130,1,76,12,22,86,121,29,53
red,110,61,55,63,53,146,40,11,9,12
red,0,77,148,129,96,43,87,19,76,16
red,88,111,26,24,93,0,86,11,17,70
red,22,94,11,8,53,74,77,151,50,118
blue,133,46,148,76,128,0,84,55,49,111
red,22,67,139,8,70,31,130,55,17,53
blue,22,107,2,76,70,103,142,11,52,5
red,101,91,1,137,53,0,23,150,76,82
blue,107,142,6,49,160,48,65,11,17,71
blue,18,98,55,51,93,110,97,26,109,71
red,47,75,2,116,118,152,130,151,109,108
blue,127,65,155,69,158,103,26,140,116,153
blue,53,117,2,50,45,22,40,7,109,118
blue,22,125,158,76,53,36,75,155,17,71
red,152,30,120,51,158,47,65,71,49,79
red,146,87,94,24,158,43,125,121,150,108
red,6,65,124,147,160,150,130,2,133,158
red,2,61,140,29,45,39,154,3,17,128
red,31,130,140,50,45,135,46,157,76,79
blue,137,130,120,52,96,57,98,150,51,45
red,62,58,0,122,118,2,61,121,24,45
blue,36,74,159,150,82,107,125,140,76,45
red,0,84,121,50,45,47,92,23,51,4
blue,22,5,143,51,108,114,98,148,76,45
red,9,107,11,106,120,22,65,64,108,45
blue,103,145,124,106,100,78,60,48,76,74
red,78,58,106,17,128,107,38,121,8,100
red,22,28,121,17,16,78,38,55,76,128
red,78,65,94,17,109,112,58,64,136,12
blue,62,38,68,133,118,3,58,124,29,153
red,110,75,2,29,119,0,58,132,49,148
red,48,142,144,51,153,0,145,140,9,45
blue,127,58,55,29,153,2,46,125,17,71
blue,103,58,11,52,82,37,92,137,76,74
blue,39,58,124,76,70,101,142,122,116,119
red,0,58,144,133,148,34,102,56,129,93
blue,137,94,129,54,5,110,13,121,29,53
red,39,58,120,133,153,90,91,56,129,66
red,47,155,143,49,45,2,58,6,17,128
red,144,58,110,29,148,62,125,26,76,45
blue,22,154,55,116,70,110,58,144,137,64
blue,90,23,155,9,100,19,38,150,51,96
blue,34,23,150,29,66,77,38,54,50,53
red,35,91,56,133,53,37,149,139,106,82
red,127,38,53,51,99,81,58,155,106,5
red,2,38,155,129,5,37,78,94,51,128
blue,43,84,151,76,128,2,134,129,17,12
red,33,67,151,52,128,37,65,43,29,12
blue,59,142,2,106,66,37,111,150,51,74
blue,137,58,143,129,99,123,40,89,61,128
blue,78,154,94,106,99,43,102,64,63,70
red,74,61,159,49,12,3,40,105,156,158
red,145,13,159,76,45,47,111,143,17,118
red,134,102,1,106,14,78,46,139,133,119
red,90,40,155,6,12,110,111,63,49,54
red,36,23,120,24,5,39,65,143,49,12
red,103,130,143,51,5,74,134,73,106,99
blue,137,125,64,24,66,110,40,140,9,82
red,113,61,55,9,14,37,111,148,133,100
red,31,13,26,136,79,74,65,59,116,153
blue,78,149,148,51,45,101,142,1,49,5
red,88,145,93,129,119,110,30,3,17,100
red,22,91,6,51,128,90,77,143,29,4
red,35,75,143,17,100,88,38,56,69,12
blue,2,13,32,17,93,19,58,0,51,100
red,107,54,0,51,5,37,61,56,8,45
blue,90,149,68,147,96,114,94,0,76,154
red,19,38,0,137,70,18,134,132,51,41
blue,22,13,26,17,128,103,74,0,54,45
red,43,84,32,50,128,42,124,91,106,14
blue,42,84,150,17,53,123,141,159,106,45
red,110,30,35,106,5,18,65,2,29,53
red,53,38,122,17,79,74,58,140,24,12
blue,0,38,121,17,45,110,13,151,147,119
red,37,46,2,76,128,35,141,148,51,16
red,22,125,1,49,108,110,141,132,50,45
red,115,130,33,9,100,25,46,121,106,5
blue,22,30,159,89,9,90,141,2,116,14
blue,71,125,55,9,119,46,60,144,76,154
blue,22,84,140,106,82,112,94,120,133,70
red,0,125,23,24,66,43,13,151,54,45
red,18,65,41,17,128,2,155,0,49,5
red,18,65,143,17,118,127,61,1,49,53
red,34,60,56,49,12,74,38,124,9,53
red,88,54,3,51,82,0,61,32,24,119
blue,101,67,0,106,82,22,61,143,51,93
blue,47,26,132,24,45,112,60,121,17,148
blue,47,40,144,85,153,145,46,140,106,82
red,72,149,143,106,93,0,65,139,51,119
red,131,46,136,147,119,22,86,121,150,45
blue,112,102,89,76,80,78,38,158,9,70
red,115,107,121,29,14,47,30,43,49,16
red,115,141,11,133,70,47,130,143,50,53
blue,90,46,56,9,108,88,87,6,8,96
red,103,149,144,76,119,151,13,104,137,70
blue,36,46,144,50,128,74,40,120,116,9
blue,0,13,11,156,45,90,46,144,9,12
blue,88,46,55,76,158,22,77,89,116,160
blue,62,40,7,51,53,90,30,49,137,100
blue,35,5,19,51,128,88,107,159,106,120
blue,103,67,150,17,14,88,107,26,49,53
red,25,46,93,51,45,123,74,140,133,160
blue,0,125,2,29,158,53,86,121,51,16
blue,131,78,121,17,71,42,38,148,76,118
red,37,65,121,106,80,31,107,56,51,12
blue,95,79,23,17,53,115,98,94,54,80
red,90,44,143,69,80,0,13,132,116,53
blue,114,60,129,106,82,112,40,55,116,133
blue,103,23,121,133,111,90,74,10,76,70
red,154,134,140,150,9,31,114,151,137,100
blue,31,74,64,52,0,35,54,155,29,12
blue,53,58,105,24,100,18,75,159,49,71
blue,18,46,1,29,45,88,74,150,49,108
red,22,60,124,17,45,59,38,121,133,12
red,39,75,155,17,70,77,58,136,49,53
red,127,97,155,51,5,31,91,151,17,66
blue,18,78,132,61,82,0,134,94,29,96
blue,115,38,2,51,91,31,40,120,137,70
red,22,107,121,49,53,90,40,11,133,70
red,36,84,32,17,53,18,38,144,76,12
red,22,23,140,24,93,74,26,138,17,79
red,37,40,21,24,53,146,130,151,9,139
blue,91,107,73,116,108,35,40,138,29,53
blue,107,78,56,17,70,22,23,150,116,53
blue,78,27,121,106,93,127,149,154,17,114
blue,90,92,43,17,114,3,124,144,137,128
blue,131,141,2,133,128,110,130,6,8,114
red,43,37,121,49,114,90,60,11,76,12
red,3,154,152,29,114,0,130,121,133,93
blue,0,38,114,29,14,152,23,105,76,100
red,144,13,121,29,9,114,125,104,51,70
blue,110,13,55,9,82,31,38,121,29,126
blue,18,133,73,9,71,37,149,23,69,80
blue,107,154,29,147,119,115,27,143,49,45
red,101,58,41,147,15,82,65,121,24,93
blue,18,65,89,137,12,68,46,138,76,99
blue,35,98,140,116,41,37,65,143,150,93
red,135,38,55,49,5,25,102,155,133,71
blue,34,67,1,50,74,59,130,155,17,45
red,31,27,56,49,91,0,67,151,51,119
red,127,130,105,17,100,123,60,56,76,118
red,59,13,140,133,80,2,142,121,9,70
blue,74,61,83,49,158,78,102,132,52,45
blue,18,67,155,137,53,81,134,89,9,80
red,0,113,41,9,80,31,146,121,52,16
red,101,154,105,76,15,57,75,155,29,124
blue,0,58,121,156,71,78,13,56,24,53
red,35,67,3,49,128,127,58,89,85,108
red,150,13,56,54,9,79,61,89,109,139
red,112,54,34,69,80,144,40,3,29,160
blue,131,77,109,17,148,0,23,151,49,4
blue,107,30,81,17,108,59,13,138,129,93
blue,150,23,68,51,53,103,75,143,109,119
red,97,134,140,49,12,38,142,64,137,9
red,34,86,139,54,45,37,40,121,50,91
red,154,38,41,29,45,0,97,19,69,80
red,112,75,120,9,45,0,23,1,76,119
red,103,54,137,69,80,58,26,158,129,93
red,110,40,2,69,133,37,94,64,51,93
red,146,149,89,129,74,110,38,121,51,100
red,31,134,57,24,109,54,84,64,76,70
red,130,111,89,49,139,137,13,143,76,153
blue,22,65,143,106,74,34,13,121,76,53
blue,34,84,136,76,16,3,134,121,129,82
red,37,13,3,109,133,22,77,144,51,45
blue,36,23,150,29,119,3,134,121,17,70
blue,90,38,1,17,79,18,67,151,157,96
blue,31,65,157,8,16,0,84,132,51,82
blue,0,40,64,8,53,72,98,121,9,108
blue,107,27,150,76,4,137,40,120,109,121
red,18,5,33,76,53,138,77,125,17,12
red,109,154,155,45,137,107,23,150,136,153
red,77,154,129,133,70,22,13,11,24,5
blue,101,46,68,109,5,146,154,155,157,158
blue,78,75,56,9,128,107,77,140,85,93
red,0,134,124,76,160,54,13,155,17,12
blue,150,61,41,29,45,90,98,125,133,70
red,22,77,55,133,148,135,124,151,63,70
red,92,75,121,133,74,22,38,73,129,93
red,95,26,2,76,80,20,46,51,17,45
red,34,111,11,29,79,20,28,6,51,80
blue,18,30,55,17,118,20,98,124,76,70
red,0,149,55,8,123,20,84,26,137,45
blue,20,13,26,50,14,0,38,143,49,109
red,123,28,109,95,119,20,149,100,24,160
blue,74,38,135,106,4,20,77,151,109,108
blue,20,102,6,76,153,137,130,56,51,82
blue,20,58,155,52,82,0,38,143,129,100
red,74,142,124,76,12,114,98,11,52,80
blue,20,142,122,76,45,3,130,139,49,121
blue,114,98,158,76,82,47,67,3,9,128
blue,0,142,121,156,12,90,87,132,52,82
blue,31,107,138,50,70,101,98,150,51,128
red,31,46,53,51,45,59,155,143,50,93
blue,114,38,33,49,79,57,142,89,76,45
blue,103,54,32,17,82,31,125,1,129,93
red,103,86,37,51,128,107,13,2,129,158
blue,18,13,159,51,93,43,40,122,116,53
red,110,46,143,76,121,92,38,11,17,118
blue,90,61,151,109,108,78,38,122,29,93
blue,107,46,2,106,82,110,13,64,116,100
red,48,40,64,17,121,131,61,1,29,93
blue,22,23,56,150,153,20,98,158,24,96
blue,22,79,124,76,12,159,154,38,17,93
blue,2,46,43,76,148,95,74,26,9,12
blue,0,65,143,54,93,47,98,139,9,45
red,36,54,124,9,128,31,84,119,17,66
blue,0,87,55,106,82,90,107,34,51,148
blue,0,67,1,8,4,59,124,125,51,66
red,0,38,143,8,45,31,65,140,51,82
blue,0,75,1,17,109,88,26,155,24,153
red,135,27,124,136,128,81,54,109,76,158
red,38,149,64,8,128,3,61,121,138,12
red,110,27,32,116,45,47,87,121,76,5
red,0,38,19,54,119,110,27,43,17,100
red,47,27,121,129,70,0,26,6,9,45
blue,0,27,1,133,53,18,65,6,51,93
red,103,27,56,69,80,114,84,3,51,14
red,31,13,89,76,82,90,74,121,17,108
red,151,65,68,76,66,0,30,56,9,80
blue,35,30,68,49,66,135,111,76,17,119
red,0,58,2,29,9,74,86,71,76,148
red,0,134,159,76,128,35,60,26,51,53
red,74,61,121,17,12,9,145,122,29,108
blue,144,46,124,29,148,151,26,43,49,66
red,121,13,81,147,96,151,134,155,49,79
red,0,46,1,150,128,18,28,29,24,96
blue,22,38,32,129,66,47,40,143,137,100
red,34,38,2,137,12,144,149,3,52,66
red,101,84,151,9,100,90,38,121,24,66
red,22,102,71,52,66,95,134,55,51,16
red,88,130,124,24,5,18,98,55,76,66
red,110,134,140,106,153,152,142,121,51,70
red,151,38,159,129,124,37,145,114,49,93
red,6,65,2,29,53,0,142,26,51,139
red,0,60,122,17,148,31,125,71,69,80
red,119,61,89,8,16,90,54,2,150,82
red,103,134,1,76,158,39,86,156,51,14
blue,115,142,121,133,53,18,40,6,85,108
red,131,87,3,51,157,101,58,140,17,124
red,3,54,155,76,12,0,84,56,9,100
red,101,107,2,106,119,36,94,148,76,12
blue,90,60,124,136,82,0,26,43,24,100
blue,103,40,89,17,79,110,124,109,106,66
red,151,60,56,85,14,19,75,146,24,82
blue,57,91,39,17,12,114,130,21,76,45
blue,135,130,56,106,128,22,65,51,24,80
red,144,74,101,76,71,151,84,64,50,12
blue,22,27,89,137,12,0,46,73,49,45
blue,37,46,21,76,45,151,141,55,9,119
blue,137,130,2,24,160,90,61,64,17,71
red,144,92,140,51,5,31,58,151,24,53
blue,2,134,151,17,71,31,142,56,29,45
blue,31,38,144,49,12,22,23,159,76,14
red,103,65,144,51,100,114,84,48,116,70
blue,74,38,2,17,45,151,65,121,109,128
blue,43,28,143,76,53,115,46,151,49,120
blue,53,84,155,29,12,95,102,26,157,93
red,34,28,110,76,91,113,38,26,24,100
red,22,13,26,17,45,62,61,143,8,128
blue,36,130,55,29,45,72,67,151,106,4
blue,59,75,142,29,128,134,130,143,9,70
red,144,61,59,76,45,72,130,121,116,128
blue,31,27,151,106,124,110,38,148,76,71
red,72,67,155,150,154,74,60,2,17,53
red,31,134,155,51,120,107,124,143,157,108
blue,74,75,26,136,93,72,154,155,24,96
red,0,26,155,116,12,22,28,143,51,93
red,37,75,2,129,100,31,142,29,150,112
red,101,84,151,51,128,18,142,2,49,118
blue,18,13,132,76,100,74,130,2,17,71
red,121,61,64,50,45,72,74,159,133,93
blue,31,65,143,9,99,110,149,89,29,118
blue,18,67,23,150,96,47,75,140,76,158
blue,18,98,1,116,71,2,92,136,76,14
blue,135,60,2,8,12,31,141,19,49,100
blue,43,142,143,51,14,140,102,57,9,119
blue,31,38,121,50,66,112,142,1,76,71
red,47,38,6,76,45,18,46,2,85,53
blue,74,40,143,52,5,53,130,131,76,159
blue,18,46,121,54,45,47,38,143,51,66
blue,2,113,150,120,9,137,102,56,156,53
red,120,149,12,29,148,112,102,43,52,128
blue,90,23,155,76,128,18,91,159,51,82
blue,0,142,47,76,5,43,38,55,24,53
blue,0,27,155,8,45,31,61,89,76,96
red,107,46,53,76,30,18,38,83,147,80
red,0,134,144,76,128,81,58,56,133,153
blue,31,154,33,24,66,103,124,150,76,120
red,101,102,64,147,66,88,141,104,69,80
red,22,58,56,29,100,74,40,159,51,82
red,151,67,143,76,124,114,38,139,133,70
red,0,38,124,116,139,35,54,11,76,82
red,151,145,6,76,108,36,65,41,136,12
blue,107,98,64,106,5,31,65,57,76,108
red,31,107,94,76,54,72,23,41,74,108
blue,131,92,72,3,93,0,130,19,50,74
blue,57,84,125,17,45,127,141,151,51,128
blue,151,38,150,54,45,35,75,89,24,66
blue,154,27,151,17,133,36,61,155,129,119
blue,134,87,24,116,100,90,46,89,17,45
blue,18,98,56,9,119,134,142,11,17,128
blue,77,154,21,116,70,18,38,151,137,45
blue,121,130,159,9,80,134,46,56,76,108
blue,125,28,110,49,70,0,65,23,120,14
red,22,28,125,51,74,137,60,64,29,12
red,101,142,11,147,66,134,58,1,51,154
red,34,58,71,51,66,48,75,104,29,82
blue,134,130,19,17,158,22,107,56,106,82
blue,62,61,2,137,93,90,58,138,51,128
blue,2,111,121,17,70,18,79,143,29,5
blue,74,26,140,8,128,59,38,139,106,96
red,18,98,1,9,128,37,13,151,8,139
red,95,13,121,76,139,59,102,155,49,96
red,38,30,3,8,70,146,91,7,133,153
red,20,134,94,122,82,137,141,43,139,108
red,18,74,139,85,45,2,77,148,49,96
blue,137,102,138,52,5,22,130,55,24,93
blue,43,142,55,63,70,158,40,139,106,82
blue,18,5,21,29,53,35,102,121,76,153
red,0,86,121,150,93,135,134,143,51,82
blue,101,141,159,129,93,107,13,54,76,82
blue,0,98,143,106,93,34,58,89,76,12
red,59,58,142,69,120,48,13,26,50,45
blue,31,121,151,69,153,0,38,2,51,5
blue,150,125,7,116,45,0,142,53,120,9
red,74,23,150,50,12,110,58,1,109,108
red,22,94,121,17,27,31,23,110,51,126
blue,1,58,26,49,45,114,92,89,136,53
blue,88,58,122,8,45,18,38,11,49,9
blue,19,61,151,17,71,110,121,155,52,96
blue,48,111,136,29,153,37,58,10,3,9
blue,22,28,2,17,29,0,65,121,51,119
red,0,58,121,116,14,43,38,26,49,148
red,42,44,136,76,108,92,58,121,137,119
red,22,121,19,106,100,54,125,55,24,45
red,110,121,159,51,14,152,92,33,76,82
red,91,142,138,24,99,101,58,1,49,119
red,146,58,1,9,119,90,65,140,17,128
blue,103,121,151,138,93,0,38,7,29,53
blue,88,94,121,85,99,154,142,1,133,153
blue,154,38,104,76,100,31,58,55,24,45
red,74,58,21,133,153,112,154,89,106,126
red,0,38,68,63,109,35,142,143,50,108
red,31,40,48,148,159,151,46,121,17,82
red,34,111,104,19,82,25,58,151,148,53
blue,92,38,143,133,9,101,58,138,29,148
blue,0,28,101,29,148,2,40,68,51,158
blue,97,46,21,24,70,0,67,143,52,93
blue,36,142,109,76,14,103,54,131,17,9
red,112,40,89,76,119,59,65,150,17,80
red,22,142,41,24,45,62,102,124,106,92
blue,115,26,155,156,53,90,37,150,109,108
red,36,58,144,17,93,47,142,120,54,91
red,2,46,129,9,14,90,142,151,17,53
red,107,38,89,29,128,72,65,11,50,14
blue,18,65,121,24,74,103,111,124,9,148
blue,127,58,55,76,112,31,65,150,122,12
blue,120,40,139,133,70,47,130,144,49,12
blue,103,38,1,17,128,123,65,94,54,108
red,107,142,1,9,96,103,130,64,133,80
blue,0,46,143,24,100,39,40,94,156,70
blue,112,13,150,75,41,22,46,1,9,53
red,43,130,51,133,126,107,113,55,85,70
blue,31,65,73,51,74,107,26,71,133,93
blue,150,98,89,76,9,18,26,2,106,93
red,47,46,106,51,5,25,102,43,148,93
blue,59,75,140,85,45,31,65,132,24,119
blue,144,40,136,29,12,46,26,18,17,91
blue,144,60,151,29,123,78,142,21,159,12
red,95,98,143,17,148,18,38,121,8,66
red,78,40,2,17,53,62,134,143,52,74
red,137,102,2,52,100,131,58,56,9,96
blue,77,27,143,51,93,110,40,1,17,80
red,131,142,1,9,14,0,154,121,29,53
blue,2,61,138,8,45,91,67,3,106,5
red,59,130,73,29,100,104,46,71,8,70
blue,33,111,41,29,160,74,23,151,129,128
red,90,58,37,50,12,39,102,57,133,100
red,25,38,121,116,53,74,61,139,29,100
blue,112,124,3,76,128,25,37,121,129,82
red,42,111,33,106,82,123,58,121,9,12
red,25,46,83,76,53,123,124,3,9,109
blue,36,84,89,9,158,123,38,143,29,53
blue,101,65,143,133,53,123,38,132,76,5
red,0,38,120,9,4,123,54,91,106,99
red,123,61,1,51,96,18,58,143,29,153
red,123,149,89,51,45,90,40,144,76,93
red,123,61,136,49,148,0,87,151,116,12
blue,123,65,2,50,45,59,102,131,9,70
red,90,125,2,49,41,18,23,24,76,111
red,123,98,120,29,104,72,23,150,17,128
red,22,65,143,17,93,115,58,64,24,80
red,123,124,150,76,93,91,38,32,9,128
red,0,88,19,106,45,31,91,138,133,153
red,0,125,26,76,45,72,46,56,17,99
blue,110,130,2,41,53,47,146,52,106,5
red,2,38,121,137,53,0,130,124,49,45
red,151,38,55,129,119,77,23,26,150,100
blue,74,13,2,17,12,22,130,121,133,100
red,104,38,26,49,96,0,13,19,50,93
blue,151,13,72,9,100,104,84,94,24,14
blue,112,142,55,76,93,36,84,2,116,153
blue,110,77,150,109,45,101,74,56,9,119
red,101,67,64,24,119,0,40,127,69,16
blue,78,46,7,17,71,101,65,148,29,100
blue,92,13,144,116,12,31,142,114,137,119
blue,83,155,151,51,5,101,67,140,63,70
blue,101,60,124,51,119,90,154,150,133,53
red,43,23,155,116,53,92,154,114,76,14
blue,110,94,121,49,93,101,23,18,106,5
red,152,30,158,51,12,0,98,1,29,45
blue,43,27,120,109,108,0,111,159,17,12
blue,110,154,121,17,45,131,40,55,49,12
red,110,38,1,136,12,0,102,2,17,108
blue,22,124,1,49,12,142,44,122,133,121
red,31,77,23,17,12,123,61,143,9,53
blue,31,65,144,29,12,151,60,132,54,119
blue,31,142,21,116,123,0,27,144,133,12
blue,0,46,109,52,128,110,13,121,29,12
blue,34,38,144,133,12,31,107,26,51,14
red,31,28,159,49,12,18,84,129,157,9
blue,155,13,2,129,121,72,145,151,9,119
red,92,60,140,76,128,110,155,125,136,83
blue,20,13,1,8,71,34,87,150,106,14
blue,37,141,114,17,66,115,88,56,51,71
blue,110,54,155,29,119,65,46,114,49,41
blue,112,98,26,17,153,25,92,143,85,119
blue,134,38,159,156,70,43,27,26,51,128
red,18,87,94,54,53,103,38,26,51,82
blue,135,38,159,133,18,36,60,89,49,96
red,0,38,120,17,53,135,65,121,51,18
blue,77,84,150,76,15,22,38,56,9,108
red,37,46,144,76,96,88,74,124,49,80
red,103,142,140,137,128,110,141,33,51,130
red,0,130,56,69,128,104,61,155,136,74
red,22,65,108,136,119,151,54,69,51,109
blue,36,27,121,49,90,88,60,159,17,70
blue,47,130,56,50,96,74,23,91,24,99
red,146,130,124,51,128,110,86,6,116,12
blue,18,23,123,76,74,145,46,63,29,108
red,18,54,43,17,128,42,125,2,24,53
red,0,54,150,9,128,31,75,55,49,12
blue,34,84,155,24,66,135,149,144,49,9
blue,34,46,139,29,109,25,13,21,17,71
blue,48,84,144,17,93,20,38,143,24,45
blue,74,130,140,17,139,47,98,1,52,128
red,151,65,32,24,12,74,107,7,116,80
blue,90,61,140,76,71,107,84,155,17,45
blue,81,28,3,51,93,31,23,56,9,119
blue,18,77,29,51,109,110,60,55,54,4
red,18,102,19,9,81,135,46,120,17,71
red,135,60,6,29,45,134,107,114,56,108
red,31,44,55,76,92,2,145,155,129,108
blue,74,65,143,76,14,103,40,122,9,80
blue,74,38,32,8,45,110,142,11,29,71
blue,25,87,129,109,9,0,86,121,24,112
red,101,84,104,76,45,22,142,140,49,160
red,13,27,94,51,99,101,84,21,76,5
red,101,60,143,136,126,18,46,155,76,133
blue,134,141,122,9,41,101,60,143,51,70
blue,38,75,56,76,70,101,98,55,17,139
blue,101,26,94,49,128,110,54,3,24,100
blue,146,67,143,17,82,159,40,64,8,119
blue,151,58,121,52,99,42,40,143,51,100
blue,0,61,32,29,71,78,60,155,69,41
red,134,40,114,136,128,35,113,11,76,158
blue,112,130,3,17,6,22,40,143,9,109
red,77,54,121,17,80,90,40,143,69,74
blue,107,75,126,54,45,114,40,122,133,70
red,67,60,155,76,45,2,65,32,116,82
blue,112,60,11,24,108,18,102,33,129,12
red,103,40,55,76,100,18,23,157,129,82
red,43,40,1,51,160,74,13,157,50,119
red,2,60,109,147,9,129,146,55,133,45
blue,110,60,68,51,153,18,134,1,76,128
blue,95,40,89,69,153,31,141,32,29,66
blue,47,38,148,147,158,35,40,159,76,70
blue,146,58,2,129,53,25,13,159,8,45
blue,31,142,121,157,53,25,58,10,106,99
blue,0,67,138,150,4,42,38,11,140,82
blue,59,40,10,76,112,114,58,19,9,70
red,146,142,1,17,71,0,86,29,54,14
blue,144,111,43,51,45,59,61,124,29,12
red,37,13,159,24,45,42,75,122,8,70
blue,59,142,26,116,41,151,134,159,51,119
blue,90,91,159,29,120,112,98,10,24,93
red,42,134,122,137,14,36,107,121,24,126
red,90,27,125,76,128,0,67,155,116,70
red,158,154,144,133,118,114,111,55,29,153
red,114,60,121,8,80,90,46,3,29,108
blue,90,111,125,116,5,37,38,132,137,118
blue,18,27,94,50,70,31,113,26,147,118
blue,36,113,139,29,153,78,40,32,106,100
blue,0,113,143,106,82,2,46,3,133,158
blue,0,134,1,106,100,18,75,64,137,160
red,31,46,144,17,160,135,146,104,8,128
blue,18,46,19,76,14,110,28,94,120,108
blue,57,37,65,76,9,112,38,159,17,82
blue,0,107,55,51,128,31,13,121,17,53
red,18,58,68,17,108,151,92,138,24,45
blue,31,134,143,29,160,110,13,19,51,74
red,39,111,53,49,108,34,23,125,9,70
red,36,141,21,116,45,0,75,111,17,53
blue,103,5,19,137,70,134,13,159,133,153
red,47,38,26,133,9,36,65,121,129,64
blue,0,84,140,50,12,36,40,158,51,53
blue,72,27,101,76,74,115,88,104,29,70
blue,56,46,64,51,45,151,60,134,54,119
blue,18,65,143,50,53,101,40,26,29,148
red,78,92,91,29,153,31,61,54,51,128
red,127,130,120,29,16,90,65,56,51,14
blue,101,58,143,54,80,112,60,26,106,148
red,110,46,105,24,45,114,87,142,29,153
red,85,28,1,106,5,22,102,140,133,53
red,74,44,20,69,128,35,94,26,51,62
red,22,134,121,24,93,110,61,56,133,70
red,103,142,143,49,158,53,40,144,17,79
blue,110,26,11,133,4,115,141,121,116,45
red,107,125,53,133,45,123,134,34,29,80
blue,2,142,121,8,70,48,102,7,17,120
red,145,141,143,8,128,151,87,132,24,66
red,34,124,155,17,128,126,77,143,116,53
blue,91,5,56,69,80,36,142,19,49,45
red,110,27,19,51,120,0,75,143,9,153
blue,127,141,2,137,12,135,40,143,116,70
blue,107,78,3,51,96,137,58,37,17,74
red,114,111,3,133,45,131,37,158,50,70
blue,3,102,55,24,100,0,40,21,76,93
red,77,149,6,17,109,90,134,55,24,119
blue,3,102,121,51,93,115,77,21,17,96
blue,21,61,3,50,41,107,134,6,9,108
blue,90,38,137,129,14,47,142,121,9,128
blue,92,67,124,133,5,90,115,121,137,100
blue,20,65,2,76,80,59,40,150,29,9
red,92,127,64,50,45,59,102,21,116,12
red,0,141,1,8,128,18,134,63,51,126
blue,25,27,136,9,128,74,26,56,17,119
red,151,37,29,76,12,36,67,2,17,118
blue,41,98,121,129,158,112,142,56,133,153
blue,10,113,121,50,70,36,87,2,49,153
blue,78,54,155,9,93,77,98,139,106,114
red,131,40,68,69,80,135,26,155,156,45
blue,0,65,56,50,93,2,107,155,116,70
red,112,84,155,106,74,0,28,2,9,93
blue,83,46,32,17,80,31,58,121,69,82
red,113,107,121,76,93,90,141,19,69,45
blue,0,40,55,8,70,53,130,121,76,100
red,72,111,56,133,70,137,5,105,116,53
red,135,134,6,129,120,92,67,140,133,53
red,72,38,1,54,108,125,44,55,50,70
blue,31,141,1,17,45,110,65,26,129,93
red,48,134,71,156,108,31,23,158,9,45
blue,142,78,143,106,91,90,46,89,17,45
blue,31,155,56,109,108,95,75,43,9,148
red,107,125,121,137,70,101,87,144,17,12
red,103,67,121,17,119,110,38,23,9,100
blue,103,40,37,17,12,57,38,89,29,53
red,47,134,41,139,108,57,13,144,49,160
blue,154,141,120,76,53,37,155,121,24,100
red,104,155,56,49,46,88,142,55,17,119
red,43,40,70,9,160,101,154,2,106,71
blue,74,30,143,76,79,131,87,89,106,93
red,152,124,158,63,9,112,98,114,24,91
blue,25,23,157,51,128,39,146,150,63,45
red,35,30,157,76,128,151,65,121,9,148
blue,31,94,157,9,70,78,98,144,17,12
blue,22,65,26,29,160,31,84,157,49,148
red,112,142,157,133,139,110,74,159,51,93
blue,35,97,19,106,70,74,38,157,156,100
red,47,154,158,8,128,114,25,11,49,108
red,35,38,26,29,93,137,40,157,156,128
red,157,38,150,49,45,151,86,104,29,153
blue,137,87,94,157,12,150,74,26,156,160
red,43,75,158,133,118,78,86,155,29,128
red,57,5,26,50,45,35,58,157,69,108
blue,2,13,6,54,128,34,26,157,51,14
red,0,28,157,17,70,48,38,56,106,74
blue,131,102,157,51,82,101,46,120,69,109
red,35,46,144,137,79,57,25,43,129,128
blue,97,65,56,116,53,103,107,157,133,45
red,0,142,159,76,12,135,98,79,63,70
blue,131,130,144,50,45,145,60,157,29,15
red,22,13,144,24,45,97,92,157,51,93
blue,78,13,142,24,70,31,54,121,29,158
red,47,38,158,17,126,37,58,71,147,82
blue,88,142,159,50,128,34,107,157,54,9
red,1,149,20,24,4,157,30,150,116,15
blue,110,23,136,133,9,47,26,157,49,80
red,31,58,144,50,9,103,154,158,85,12
blue,78,142,155,51,74,47,102,158,24,133
blue,43,67,15,49,80,37,98,157,133,100
red,31,134,155,157,45,135,60,6,29,53
blue,22,30,2,129,82,145,124,125,76,119
blue,115,38,121,51,108,90,54,150,29,91
blue,78,58,89,50,153,109,26,143,29,12
blue,62,65,64,51,100,0,154,150,29,153
blue,34,134,19,51,100,47,154,138,17,128
red,103,58,138,29,76,88,40,137,24,80
red,134,38,64,17,45,103,40,143,29,119
red,31,84,55,50,128,0,102,143,17,71
red,36,23,151,150,70,112,134,19,106,4
blue,88,111,55,29,12,74,65,143,51,128
blue,144,125,154,9,108,123,111,121,124,80
red,107,61,143,76,9,37,40,131,129,128
blue,103,94,143,8,80,22,124,159,17,45
red,72,30,3,49,108,123,46,1,29,118
red,46,27,48,49,91,25,125,1,76,119
red,103,142,56,150,45,46,134,120,9,15
blue,134,65,55,17,70,67,102,143,109,108
blue,90,26,150,17,93,22,27,151,50,70
blue,130,154,140,29,70,0,44,56,129,128
blue,146,98,121,51,128,31,125,124,147,160
blue,48,38,122,85,93,77,91,124,24,82
red,105,40,155,8,54,22,60,64,17,128
blue,48,38,159,50,158,34,124,132,51,93
red,101,13,132,157,93,39,40,43,17,118
blue,88,145,140,150,4,48,75,121,29,45
blue,88,46,138,133,70,22,74,23,76,126
red,131,28,155,129,93,37,102,122,29,153
blue,69,77,1,29,53,42,40,121,106,93
red,90,44,150,29,30,88,78,155,63,80
red,81,23,34,50,99,18,124,26,106,93
blue,53,141,143,17,45,37,124,94,106,93
red,36,30,38,129,100,51,67,11,76,128
blue,74,87,56,51,82,146,30,94,116,80
red,0,65,11,29,53,43,79,125,76,118
blue,40,38,1,76,96,107,134,121,29,128
blue,123,134,143,133,45,2,102,155,137,70
blue,31,26,144,76,93,151,30,110,9,45
red,31,125,2,116,66,90,107,151,50,9
blue,91,13,140,76,5,31,65,56,9,160
red,123,13,68,129,128,127,46,71,106,100
blue,37,141,94,76,160,0,27,19,17,82
red,18,125,121,76,96,42,54,150,116,12
blue,31,58,6,8,128,131,134,122,51,89
red,131,107,144,29,53,36,145,120,133,80
red,3,54,159,133,70,22,28,139,137,80
red,110,30,138,9,5,90,142,144,133,100
blue,92,65,11,137,45,110,102,1,133,153
blue,62,142,73,69,128,78,77,58,133,153
red,34,23,57,17,74,77,46,94,9,70
blue,36,74,51,133,70,18,44,33,17,128
red,103,13,68,129,70,31,84,10,133,160
blue,121,86,69,17,53,101,65,57,9,15
red,74,141,26,76,128,126,13,1,51,100
blue,101,60,73,76,14,36,87,138,106,4
blue,18,65,138,76,12,107,13,1,29,153
blue,151,38,143,8,9,0,65,23,50,53
red,36,40,150,116,96,0,13,121,137,154
red,107,13,2,9,119,35,40,11,76,30
red,54,38,94,51,5,39,65,43,76,14
red,36,87,143,8,9,107,38,159,17,71
red,110,111,121,24,45,74,94,122,17,12
blue,31,102,121,136,128,112,154,143,76,82
red,59,130,138,51,74,97,98,150,52,110
red,18,38,56,24,80,90,46,110,50,111
red,39,124,151,24,74,43,27,136,51,46
red,78,77,151,8,119,74,38,2,17,93
blue,112,87,132,17,12,22,44,53,9,79
red,0,28,53,85,119,62,60,89,116,45
red,53,125,56,50,79,101,84,68,51,45
blue,135,145,120,49,9,110,141,129,41,148
blue,35,40,144,17,45,90,125,2,51,80
red,151,86,2,24,66,34,125,144,29,80
blue,90,130,2,49,45,39,28,129,29,160
blue,57,13,53,76,82,155,58,1,17,6
blue,74,155,89,116,119,0,38,53,17,128
red,53,130,120,17,9,72,141,23,116,119
red,134,92,143,24,30,0,58,150,157,99
blue,0,38,53,29,100,151,46,143,24,93
blue,18,40,53,129,126,43,134,121,9,64
blue,0,38,136,51,45,53,149,154,116,70
blue,0,61,1,69,128,53,58,56,8,80
red,34,88,53,17,71,114,38,32,49,15
red,35,149,143,50,70,110,98,26,51,56
blue,0,155,143,133,93,101,134,11,49,119
blue,0,13,55,106,70,36,58,1,17,118
red,25,13,1,50,45,22,98,136,17,100
red,34,125,19,137,100,107,38,57,9,53
red,72,38,142,51,59,77,134,148,17,80
blue,107,61,54,51,45,37,92,143,29,119
blue,31,54,131,51,70,25,65,143,106,91
red,112,111,144,137,70,69,23,150,157,9
red,38,40,124,85,14,30,75,140,106,93
red,35,91,140,69,80,135,98,59,29,62
blue,39,65,140,29,57,135,54,3,106,80
red,146,65,90,51,93,112,111,1,76,96
red,144,38,43,137,45,135,27,136,106,96
blue,90,67,121,51,100,47,46,2,76,80
red,112,23,155,106,5,22,54,24,51,12
red,107,58,56,147,70,131,154,33,76,12
red,107,102,143,17,74,78,23,150,116,45
blue,112,38,37,51,153,22,54,58,76,5
blue,151,114,124,137,70,31,155,154,133,119
red,18,130,138,8,100,74,107,24,116,119
blue,90,38,6,17,158,18,23,77,51,93
blue,74,102,1,51,4,123,86,121,76,9
red,39,40,142,109,108,90,26,101,120,14
blue,151,28,121,52,93,43,38,2,147,14
blue,34,60,26,137,128,88,149,140,51,45
red,18,13,143,116,12,6,28,120,76,53
red,39,94,151,54,82,74,58,125,9,53
blue,22,13,1,76,140,91,145,138,116,12
red,22,65,143,9,12,112,46,64,17,160
red,78,46,48,157,9,39,65,64,106,108
blue,26,75,158,76,66,125,98,143,51,4
blue,37,46,3,76,111,0,155,143,24,45
blue,35,46,32,137,70,101,61,56,133,100
red,107,46,121,49,100,48,61,55,17,53
blue,90,102,136,17,45,0,46,121,50,4
blue,112,60,148,114,108,137,75,109,85,82
blue,18,44,43,29,53,90,75,139,106,45
red,92,98,144,76,54,112,65,109,29,108
blue,110,86,55,24,93,0,124,43,17,15
blue,25,75,148,50,100,74,58,1,9,45
red,91,23,3,24,37,134,75,143,76,80
red,0,75,53,63,70,22,65,26,24,14
blue,0,75,159,24,82,22,27,1,133,70
blue,90,75,33,116,70,0,67,26,76,119
blue,18,61,122,24,108,22,97,26,29,45
red,151,75,6,17,45,48,30,56,76,148
blue,135,65,2,133,80,0,75,71,29,128
red,34,13,144,17,5,110,46,64,76,148
red,72,61,158,52,100,59,13,34,8,128
red,0,23,89,106,99,31,98,122,17,9
red,90,13,55,8,45,52,134,140,17,53
blue,48,46,68,8,100,25,13,11,85,96
red,146,13,71,106,100,112,61,124,51,14
blue,123,23,140,51,0,62,60,143,49,96
red,34,40,151,109,128,43,38,143,29,12
blue,110,87,151,76,70,0,60,143,29,53
red,90,40,140,69,100,134,65,11,76,119
blue,90,13,121,29,109,144,46,3,137,53
blue,88,54,53,106,93,134,98,140,29,16
blue,25,87,121,5,14,134,155,124,106,128
red,134,46,89,24,91,159,75,68,63,3
red,18,98,121,29,12,88,40,159,9,53
red,123,61,151,17,66,88,28,94,51,99
blue,70,61,1,8,4,18,84,143,76,74
blue,37,60,64,52,100,88,38,124,17,128
blue,78,38,64,133,153,88,87,139,51,30
blue,34,154,150,139,5,88,54,3,51,82
blue,92,26,151,9,70,88,40,150,144,108
blue,88,5,55,69,100,114,65,68,17,108
blue,114,113,121,150,158,152,40,11,8,16
blue,20,65,137,109,14,88,30,151,116,93
blue,144,77,132,17,71,152,38,143,76,79
red,150,38,140,51,70,9,130,120,133,80
red,22,54,120,129,70,137,61,143,9,128
blue,0,38,54,133,109,43,13,69,143,138
red,47,65,121,116,153,78,58,125,133,119
blue,77,97,2,52,119,18,54,43,63,158
blue,22,117,29,54,45,34,84,19,76,53
red,107,84,0,129,14,74,58,71,106,126
red,112,58,122,29,128,90,28,75,49,124
blue,137,92,124,17,41,145,84,109,24,128
blue,103,146,101,157,79,78,65,155,17,53
red,36,84,11,17,14,0,134,157,76,100
blue,62,46,144,17,53,22,154,2,76,82
blue,18,88,136,24,45,31,38,132,17,128
blue,25,91,32,51,93,74,134,132,69,109
red,137,155,143,17,45,110,30,101,76,153
blue,47,38,140,17,14,74,84,3,133,100
blue,88,91,2,29,153,47,46,140,17,119
blue,47,145,124,9,71,19,13,151,17,128
blue,18,67,140,24,6,90,134,32,17,45
blue,39,60,10,24,128,62,23,150,17,45
blue,137,74,26,24,45,57,154,144,17,14
red,0,60,143,17,53,31,65,120,24,122
red,40,134,121,116,153,74,142,1,106,82
blue,60,65,148,51,82,35,87,21,76,93
red,115,26,1,9,100,31,124,138,17,79
red,0,30,18,17,53,134,87,1,50,45
blue,22,134,144,76,30,25,145,114,17,45
red,18,23,150,29,111,74,38,104,17,3
red,47,142,121,17,14,110,84,105,116,111
red,112,75,3,51,80,43,30,90,69,64
red,144,40,2,150,71,151,111,136,9,128
red,74,46,143,106,66,53,38,63,120,100
red,107,46,136,17,53,39,98,121,24,80
red,74,75,26,51,70,47,102,143,17,53
red,20,102,136,76,148,22,60,140,133,70
red,74,28,94,51,128,35,142,109,133,158
blue,103,102,158,51,5,107,94,56,76,110
red,57,75,64,17,108,0,84,143,76,71
red,74,87,143,129,128,36,124,121,116,100
blue,90,155,6,17,9,0,58,1,51,71
red,72,13,55,106,71,47,75,139,63,70
red,62,40,140,17,71,22,26,43,49,148
red,31,38,19,129,71,131,65,63,76,148
blue,110,84,120,137,12,42,60,21,129,82
blue,103,13,121,106,82,74,142,151,76,70
blue,135,26,68,8,45,103,84,1,51,82
red,0,141,56,150,82,114,13,2,116,109
red,31,130,150,120,148,90,77,140,51,82
blue,22,13,144,6,82,90,154,143,17,93
red,90,46,144,76,119,85,84,68,129,82
red,9,154,140,52,82,90,65,121,150,120
blue,53,142,157,17,71,22,60,138,50,70
red,98,102,55,69,12,2,88,136,95,128
blue,145,40,121,9,70,90,46,143,24,5
blue,103,23,155,137,45,22,65,143,129,53
blue,36,26,150,116,45,43,0,144,51,53
blue,113,111,56,24,128,112,102,121,116,119
red,38,58,124,9,148,72,92,140,76,118
red,39,38,143,147,16,90,154,94,51,128
red,74,98,150,116,108,0,65,2,76,45
blue,18,37,116,120,119,92,30,60,76,53
red,47,86,144,137,153,127,88,121,69,100
red,154,26,155,17,128,107,81,68,8,45
blue,110,27,94,51,70,131,61,1,106,5
blue,59,60,151,17,12,47,26,94,76,153
blue,57,84,31,51,126,90,28,94,76,5
blue,0,154,94,17,41,103,44,121,76,126
red,151,58,157,51,128,47,40,155,133,70
blue,25,75,55,17,128,22,97,143,137,74
blue,114,102,124,29,12,35,111,155,17,79
blue,43,107,26,29,100,11,86,94,17,111
blue,0,124,121,51,118,152,146,94,54,80
red,127,87,43,133,53,90,92,94,51,82
red,95,54,94,17,53,90,102,56,9,108
blue,48,130,121,129,100,112,28,94,69,12
blue,107,86,21,51,153,101,84,94,76,109
red,135,146,26,29,45,0,149,2,24,91
red,43,107,55,137,45,88,154,64,24,121
red,35,13,143,116,153,78,38,139,9,146
blue,43,94,73,17,4,36,23,139,29,80
red,22,74,19,109,91,103,102,89,51,53
red,110,65,55,116,53,112,91,143,76,82
blue,0,13,140,51,70,43,38,139,109,96
blue,0,145,144,76,12,103,142,55,129,53
blue,103,58,121,24,153,22,38,2,159,53
red,92,107,159,116,100,110,111,104,8,9
red,9,58,140,116,53,151,29,55,150,41
blue,42,142,138,29,100,31,84,11,106,93
blue,37,40,125,11,66,18,75,121,49,70
red,146,88,140,116,153,18,98,64,50,4
blue,18,133,11,17,99,31,40,121,9,158
blue,151,28,154,129,153,43,58,159,24,5
blue,78,141,151,133,70,107,60,122,24,153
red,0,60,124,76,82,101,38,143,116,66
red,0,58,144,8,70,2,61,34,49,148
red,31,54,129,51,5,110,28,140,49,108
blue,39,141,55,51,93,74,142,19,147,82
blue,0,107,2,51,91,43,111,124,8,45
red,18,75,132,76,96,90,91,55,9,119
blue,0,141,104,9,119,78,134,150,51,93
blue,74,111,122,76,128,31,23,27,17,53
red,90,38,7,76,118,101,134,136,50,70
red,47,142,120,76,70,22,111,143,8,100
red,22,98,64,51,100,36,28,150,133,12
blue,131,65,121,17,120,35,40,158,116,96
red,25,130,55,76,53,31,97,7,49,12
blue,78,58,121,24,12,90,23,94,106,4
blue,88,155,2,106,14,36,75,159,17,12
blue,20,23,150,29,153,53,154,2,76,108
blue,0,134,140,29,71,110,149,56,17,53
red,101,13,89,76,66,110,134,143,9,128
red,35,46,1,76,45,112,124,94,24,100
blue,42,134,124,129,128,39,149,121,69,80
blue,18,61,1,17,45,110,38,121,51,14
blue,74,13,56,137,5,103,65,138,51,128
red,0,149,1,29,5,18,58,89,51,128
red,36,13,121,17,108,91,134,2,76,82
blue,110,60,64,76,160,103,125,104,29,53
blue,0,141,90,51,100,78,40,150,157,82
blue,110,23,151,9,62,123,149,43,24,93
blue,90,13,144,150,82,22,46,56,24,120
blue,90,86,56,49,45,101,67,155,69,80
red,0,86,144,49,82,123,46,89,17,45
blue,18,126,55,29,91,31,35,19,51,12
red,77,75,2,63,70,31,13,107,157,44
red,47,84,1,69,45,154,38,132,24,108
red,72,77,121,17,45,47,54,129,69,80
blue,112,54,2,106,99,120,38,19,52,9
red,90,130,55,133,53,103,38,110,8,139
blue,31,38,19,120,119,0,141,121,17,100
blue,90,40,1,150,16,104,13,124,24,5
red,104,38,3,69,80,31,141,1,116,70
red,151,61,143,69,70,34,74,159,133,80
red,31,46,21,52,27,103,26,142,76,148
red,0,124,11,133,74,13,54,125,51,45
red,57,142,56,136,53,22,67,158,17,80
blue,0,65,121,8,64,31,38,148,136,12
blue,77,65,7,8,119,74,145,129,17,53
blue,110,54,71,49,45,0,98,143,156,53
blue,31,102,64,9,93,0,97,43,76,53
red,0,94,104,69,45,103,46,55,49,93
blue,43,134,140,17,5,36,75,143,76,82
blue,62,102,56,133,30,114,134,140,51,153
blue,91,40,56,51,108,78,102,64,17,79
red,97,87,43,76,80,38,102,143,106,100
red,34,102,33,17,108,115,58,89,29,66
blue,123,13,121,29,15,18,46,124,69,96
red,88,134,1,95,70,90,77,122,76,126
blue,37,102,151,51,96,101,46,143,106,80
red,123,13,6,76,80,74,87,129,8,70
red,37,58,144,8,45,134,142,56,24,80
red,88,60,23,106,82,90,111,151,17,108
blue,90,98,159,8,81,37,111,38,106,107
red,37,46,33,76,70,115,40,64,106,12
red,88,77,26,109,15,44,38,105,8,12
blue,78,92,89,17,79,134,74,121,29,70
red,57,13,1,106,93,145,125,56,136,70
red,135,27,34,106,66,43,61,19,51,5
red,154,13,53,137,5,134,30,43,129,153
blue,121,60,3,51,14,103,124,151,133,45
blue,0,30,122,49,9,18,54,3,17,12
blue,0,125,64,85,74,22,102,68,50,45
blue,37,113,125,17,153,59,61,35,69,80
red,110,125,43,109,9,151,141,121,24,56
red,115,142,56,51,100,22,91,159,24,128
red,35,98,159,147,118,90,23,151,51,93
red,0,65,1,136,66,123,84,122,17,45
red,25,75,56,129,14,62,54,136,76,126
red,74,77,11,24,80,151,125,19,17,53
red,74,38,53,106,100,18,26,155,76,128
red,0,65,81,49,153,37,155,1,76,9
red,0,111,89,17,100,31,84,138,63,70
red,0,23,64,137,82,151,58,124,17,119
blue,47,142,55,63,158,134,84,151,24,53
red,3,30,143,29,120,88,84,109,51,53
blue,112,67,110,76,99,90,134,63,51,53
red,43,23,6,109,108,0,38,155,54,71
red,114,58,43,17,128,101,134,2,29,160
red,59,58,155,106,99,135,65,78,76,70
blue,47,58,114,133,9,151,155,138,137,70
red,97,23,150,76,89,81,58,143,51,100
blue,114,134,17,69,153,135,58,53,51,5
red,2,58,75,133,93,74,27,56,9,80
red,31,58,140,24,110,72,98,121,76,128
red,112,58,143,8,45,47,61,55,52,93
red,91,124,121,136,70,47,58,144,24,100
blue,114,142,26,147,45,85,61,155,41,71
red,95,142,55,17,16,103,40,138,9,128
red,57,58,138,51,128,90,130,121,85,93
blue,0,23,137,76,82,22,98,56,133,119
blue,151,75,1,63,45,142,107,150,147,93
blue,144,102,55,129,70,90,38,121,63,153
red,101,98,55,29,45,18,23,136,9,53
red,18,23,56,50,70,101,58,143,106,100
red,151,23,120,109,12,31,60,57,116,158
red,34,40,143,136,118,74,142,56,137,153
blue,131,23,150,50,70,110,65,64,133,153
red,43,38,159,137,12,115,142,151,49,41
red,36,67,155,24,128,74,154,143,29,93
red,144,142,87,106,108,81,125,119,54,148
blue,103,65,140,76,148,37,98,150,17,108
blue,0,65,144,9,139,62,84,140,29,82
blue,90,13,1,49,93,103,77,151,51,100
red,0,67,143,49,119,78,28,52,24,53
red,90,26,150,116,14,114,40,124,49,158
red,31,46,55,51,45,53,98,143,49,121
blue,137,28,53,29,93,78,13,151,49,9
red,146,98,136,17,71,119,60,1,24,66
blue,31,86,140,52,9,151,88,155,54,45
blue,74,38,71,133,12,78,26,34,49,80
red,36,102,121,17,153,120,38,138,49,109
blue,47,40,89,24,108,31,46,83,51,82
red,114,130,151,54,108,74,145,144,51,119
red,72,98,114,133,70,135,46,132,24,45
blue,77,60,143,52,82,39,111,3,116,158
red,74,46,121,133,70,22,113,33,49,128
blue,110,30,2,17,118,31,141,120,24,93
red,0,38,148,24,45,18,98,34,29,71
red,2,23,155,24,158,0,46,83,69,79
blue,158,75,109,76,5,59,146,143,29,12
blue,2,75,94,76,45,151,60,150,54,80
red,131,92,19,24,82,90,154,72,116,53
blue,135,23,151,17,119,110,84,120,24,71
red,150,23,37,24,12,69,65,121,133,80
blue,158,134,155,133,53,37,130,109,51,126
blue,37,154,124,49,128,31,30,68,52,100
red,145,130,143,24,70,23,102,89,49,45
red,151,26,155,49,14,103,91,140,109,108
red,153,58,55,24,80,150,40,89,17,79
blue,74,142,140,109,128,134,40,56,49,16
red,101,91,139,51,82,90,84,157,24,80
blue,131,38,150,54,82,2,77,0,158,14
red,19,155,72,24,80,150,40,0,29,12
red,31,54,129,51,99,90,111,143,49,82
blue,90,102,143,116,14,0,60,3,24,128
red,35,60,140,24,80,90,54,125,9,119
blue,151,38,37,49,153,22,86,3,136,74
blue,34,111,1,106,109,74,38,56,49,41
blue,0,94,2,54,99,88,67,55,24,108
red,3,38,143,29,45,95,26,151,52,82
red,31,84,155,116,53,72,125,6,29,93
blue,39,92,154,116,70,131,38,122,9,93
blue,103,44,155,17,148,151,97,21,51,93
blue,0,97,109,51,82,36,84,1,76,9
red,34,111,121,76,82,112,5,140,49,70
red,90,130,19,17,71,0,65,121,50,93
blue,144,111,34,24,128,0,149,105,29,70
red,0,107,56,29,70,103,61,33,76,12
blue,59,86,121,129,93,77,46,143,29,12
red,31,87,6,29,12,151,141,148,76,100
red,47,141,26,91,96,101,58,55,133,93
red,34,40,7,51,93,127,97,122,17,5
blue,57,46,54,76,153,114,142,1,29,108
blue,54,58,124,129,53,59,142,155,9,140
blue,54,142,144,17,108,112,84,121,9,119
red,90,26,155,106,74,34,84,150,51,93
red,54,142,124,95,70,151,65,121,116,45
red,36,13,64,51,160,18,142,21,29,53
blue,154,22,56,69,93,0,86,140,51,80
red,129,30,48,17,71,73,155,121,29,12
blue,135,26,94,8,158,34,58,6,17,45
blue,36,38,144,17,119,31,61,120,69,45
red,112,67,3,17,126,35,154,137,51,93
blue,36,40,125,157,45,47,67,29,76,12
red,110,67,129,49,148,18,13,151,15,109
blue,18,124,33,29,96,43,67,129,133,128
red,107,60,148,106,96,151,134,1,29,9
red,34,67,129,69,45,77,88,143,106,128
blue,90,58,64,63,100,43,102,143,51,45
red,90,130,2,51,53,43,58,121,76,79
blue,78,65,26,17,45,35,60,1,133,53
red,37,26,151,69,109,59,61,150,157,108
red,137,154,1,17,159,151,134,109,50,81
blue,91,23,43,69,128,90,40,109,8,82
red,90,134,109,76,53,36,58,3,120,66
blue,31,65,26,106,82,37,58,109,116,14
red,34,92,159,50,119,47,141,143,17,45
red,39,134,129,49,4,135,84,158,17,93
blue,123,130,1,69,12,74,37,131,51,9
red,0,130,21,17,45,74,142,131,63,70
red,34,67,57,133,70,22,38,159,129,153
blue,25,30,150,8,53,62,38,2,136,124
red,47,67,150,17,53,104,46,151,29,158
blue,0,61,71,157,9,107,67,89,24,82
red,0,102,89,8,6,31,65,64,17,70
blue,47,98,122,76,82,72,125,121,63,100
blue,90,67,124,76,5,112,75,144,106,100
red,155,30,89,51,53,90,67,86,29,46
blue,47,58,3,157,76,59,111,56,29,45
blue,0,67,121,51,80,25,117,11,116,128
blue,90,27,109,52,5,0,142,151,157,45
blue,22,40,151,133,45,103,78,109,150,82
blue,18,38,151,137,70,35,130,143,29,119
red,92,40,73,129,70,103,130,159,52,4
blue,35,26,2,51,154,31,142,64,137,45
blue,57,28,43,24,45,90,65,144,76,9
red,3,38,55,69,80,90,84,155,51,7
red,103,149,138,24,128,90,61,143,76,45
blue,22,46,143,9,70,39,75,109,52,108
red,72,65,26,106,45,92,75,143,137,12
red,103,38,143,51,66,35,125,121,116,53
red,137,27,155,133,100,18,13,139,29,70
blue,151,142,26,76,80,70,98,83,116,9
blue,88,61,143,51,93,37,77,121,136,12
red,152,111,155,17,71,31,107,159,29,53
blue,0,102,44,129,153,72,58,6,17,53
red,88,23,125,29,45,103,60,64,150,79
blue,110,61,19,17,128,74,38,115,29,53
blue,0,86,140,29,118,78,111,120,76,71
blue,59,74,151,52,96,47,142,68,133,70
red,22,30,3,51,5,101,67,140,129,70
blue,18,86,119,51,121,22,46,26,29,45
blue,34,98,142,51,45,145,38,23,49,93
red,91,60,53,49,12,43,125,2,29,80
red,62,30,159,9,93,110,65,19,106,74
red,18,145,132,136,89,90,65,121,148,80
red,107,125,73,76,5,39,130,3,51,153
red,43,113,11,9,100,18,134,138,51,93
blue,19,98,159,137,53,18,107,139,63,70
red,135,60,1,29,53,90,28,132,85,80
red,142,141,56,136,70,90,28,144,129,66
blue,43,60,138,8,53,36,23,150,69,82
blue,0,142,143,116,53,43,23,129,106,5
blue,88,107,151,109,9,22,134,144,17,53
red,152,98,105,147,96,48,65,148,24,100
blue,39,61,139,17,12,22,44,55,19,82
blue,120,40,143,95,93,2,60,129,29,153
blue,78,40,19,63,45,88,134,155,137,153
blue,22,54,92,17,45,135,30,148,63,70
red,91,74,104,76,96,127,28,151,133,45
blue,42,125,140,17,96,152,87,75,95,66
blue,0,27,155,17,16,101,98,1,133,100
red,102,54,94,29,96,31,111,2,9,45
red,107,23,129,17,53,78,61,70,9,109
red,90,13,55,24,66,77,27,151,147,148
red,112,155,143,17,53,2,102,56,133,160
blue,37,130,11,51,119,78,86,143,106,45
red,22,154,37,24,100,18,125,143,50,108
blue,22,26,71,17,96,103,28,143,49,108
red,123,38,143,76,120,137,40,23,51,126
red,47,130,143,157,12,22,61,148,49,66
red,22,75,144,29,79,88,149,143,24,12
red,57,142,143,9,71,90,113,55,29,14
blue,43,142,140,29,148,78,65,3,133,160
blue,90,30,68,116,70,47,102,6,17,80
blue,78,107,68,51,9,31,28,94,29,110
red,43,38,6,109,118,0,61,11,17,45
blue,74,61,143,49,45,150,154,32,51,119
red,47,65,139,76,45,78,46,2,133,70
blue,77,46,11,52,5,103,40,143,29,80
blue,18,46,1,24,108,43,61,119,116,5
red,115,75,56,129,80,22,58,1,9,71
blue,115,111,1,116,153,110,94,132,17,45
red,145,92,33,116,45,18,58,56,54,153
red,22,60,139,133,70,0,94,68,9,93
blue,101,28,143,17,53,110,145,26,29,74
red,18,40,143,29,45,48,149,148,129,15
red,0,58,2,24,14,158,94,136,17,45
blue,78,23,155,29,53,36,107,2,9,153
blue,59,107,151,129,12,137,77,34,49,53
red,31,61,140,51,82,135,65,159,136,45
blue,110,27,121,9,82,146,149,158,116,45
blue,146,104,19,76,109,115,75,132,69,153
blue,146,30,151,76,5,90,38,114,29,45
red,36,38,2,49,12,3,113,31,29,96
blue,146,107,56,133,53,137,5,143,24,82
red,115,60,143,24,93,59,38,122,76,5
blue,90,84,24,49,148,110,87,11,133,45
blue,22,134,159,69,80,114,102,89,133,70
red,43,154,26,17,119,114,97,109,76,93
red,114,27,151,133,153,22,65,73,17,15
blue,103,46,2,49,45,114,84,11,9,80
blue,48,107,2,116,53,114,13,151,69,80
red,114,130,89,129,5,57,23,155,9,158
blue,42,86,94,17,100,114,65,2,51,82
blue,31,26,140,51,82,114,77,89,49,9
blue,74,46,144,76,9,90,28,151,17,93
red,22,75,55,51,66,110,77,121,76,126
red,47,97,143,49,12,34,46,3,76,9
red,18,23,81,29,45,91,141,143,76,93
blue,37,28,43,17,153,135,97,144,50,82
blue,91,124,94,17,108,135,84,1,116,12
blue,0,78,2,76,108,135,142,143,51,45
red,101,75,143,51,120,135,23,56,133,128
blue,31,141,6,50,118,135,30,121,137,100
blue,31,30,159,8,70,135,46,140,109,108
blue,47,111,94,17,53,135,142,143,49,9
blue,135,65,138,17,9,59,111,34,106,82
blue,112,130,159,24,148,135,78,64,85,119
red,110,46,56,69,80,114,77,139,76,45
red,74,60,143,24,14,25,40,1,29,148
blue,36,13,143,24,70,37,26,129,17,99
blue,103,58,11,76,5,131,40,63,49,9
red,53,130,56,76,108,29,61,158,17,74
blue,53,145,56,133,100,134,141,144,129,12
red,0,5,32,17,45,36,154,56,51,93
blue,144,145,143,51,66,34,67,26,50,45
blue,151,38,105,116,96,0,141,121,17,119
blue,137,142,11,24,99,0,27,57,52,96
blue,43,84,151,8,70,0,67,141,9,71
blue,0,84,55,50,128,59,38,143,8,70
red,103,141,11,133,45,31,46,6,76,70
blue,22,124,94,29,108,154,134,89,17,128
blue,74,5,155,24,70,146,145,68,106,99
red,154,46,6,106,45,81,84,150,24,123
blue,88,154,151,8,118,47,23,119,106,5
blue,47,78,151,69,153,114,28,110,106,5
red,127,84,158,147,66,120,46,71,9,128
blue,107,142,121,106,93,42,13,2,51,16
blue,144,65,35,17,109,107,111,140,106,128
blue,31,102,59,106,82,103,46,89,133,119
red,47,5,64,106,53,110,124,3,17,96
blue,107,58,143,106,136,103,87,19,51,160
red,145,38,144,51,82,22,65,11,69,93
blue,0,38,56,133,53,36,46,143,29,45
blue,114,142,150,76,14,2,54,3,133,16
red,0,134,143,8,79,117,30,151,69,128
red,112,77,33,51,45,101,91,155,133,70
red,90,23,150,29,12,151,142,11,76,93
red,22,28,125,54,158,107,27,43,17,45
blue,31,142,143,133,159,78,145,23,17,158
blue,78,60,68,17,9,18,75,1,29,119
red,13,97,121,69,80,113,38,64,76,71
red,0,98,140,133,70,113,13,121,17,45
red,113,13,143,76,153,115,58,73,29,45
red,113,98,151,109,96,0,141,26,116,71
blue,113,38,140,76,14,107,124,125,116,70
blue,31,87,73,133,93,113,155,124,9,128
blue,42,111,107,24,93,0,141,144,17,70
blue,0,54,129,50,70,47,46,124,76,148
blue,105,86,150,17,153,112,111,144,76,45
red,103,130,138,8,128,146,26,1,116,70
red,101,154,159,9,14,31,146,138,133,153
blue,43,65,89,17,70,78,38,10,29,53
red,43,98,54,137,70,36,87,1,51,93
blue,0,86,143,24,70,150,23,1,118,108
blue,151,60,140,51,82,121,58,155,109,108
red,88,130,121,51,153,146,40,89,50,45
red,101,91,140,17,9,115,65,27,51,128
red,57,27,151,51,70,18,107,43,137,153
blue,88,44,140,9,70,0,60,19,51,138
red,0,54,151,51,80,103,58,10,17,53
red,0,65,41,24,45,31,54,125,109,119
red,34,94,11,76,100,131,46,33,24,82
red,57,98,124,24,153,91,97,64,136,93
red,31,44,143,106,93,144,23,129,109,62
red,37,58,55,116,82,74,38,89,51,66
blue,131,46,19,133,108,42,88,148,24,93
red,43,65,33,51,128,0,38,158,133,89
red,107,91,120,17,45,103,54,94,109,89
blue,103,58,121,76,70,59,107,3,150,93
red,90,142,148,129,100,18,86,71,29,53
red,110,98,140,51,9,22,46,155,63,70
red,114,13,155,109,108,69,46,11,51,96
blue,45,124,89,29,82,91,142,23,109,53
red,22,87,1,49,108,150,65,6,50,70
blue,90,61,138,17,14,39,46,2,8,128
red,0,46,19,133,100,18,134,1,29,153
red,38,40,56,52,14,41,130,64,24,128
red,0,46,120,76,128,90,134,11,29,80
blue,0,60,64,49,5,150,130,159,17,9
red,0,91,64,106,82,62,65,121,24,45
blue,0,125,55,17,71,31,46,56,29,153
red,34,58,143,76,128,144,38,139,123,108
blue,35,74,19,29,119,22,75,11,109,100
blue,124,84,0,116,53,2,58,55,51,82
red,22,46,64,17,119,110,54,140,29,158
red,151,65,19,17,79,34,38,143,9,71
blue,103,67,21,17,92,135,98,143,9,119
blue,78,125,56,17,53,35,142,143,52,66
red,104,54,155,106,82,55,28,131,17,133
blue,107,146,32,133,100,114,40,132,116,158
red,90,75,73,9,66,101,65,1,133,148
blue,18,125,155,136,80,121,40,143,61,70
red,0,27,94,51,45,144,13,155,106,128
blue,112,40,26,29,45,101,60,136,51,93
red,3,130,1,136,128,78,40,53,76,93
blue,53,78,150,156,82,0,40,32,51,14
red,158,40,138,51,128,91,58,143,106,82
blue,78,149,43,50,37,107,130,56,29,79
red,78,65,23,51,93,101,30,53,17,96
blue,18,40,2,76,70,47,98,121,9,109
blue,114,75,2,29,53,151,30,144,49,93
blue,78,38,11,150,82,134,37,151,76,96
blue,25,146,121,136,80,137,60,2,17,53
red,110,40,2,24,45,90,65,64,150,126
red,146,26,69,138,5,37,65,151,51,53
red,110,88,26,24,100,34,141,121,133,80
blue,22,65,143,29,45,37,84,94,8,12
blue,78,75,43,109,82,88,60,71,9,80
red,101,155,37,29,153,74,98,11,129,160
red,35,27,151,17,71,18,40,11,24,80
blue,150,40,55,137,45,103,134,151,120,5
red,0,155,120,76,96,43,60,140,106,93
blue,19,149,26,17,71,131,65,143,29,5
blue,0,40,125,148,158,77,60,2,51,30
blue,35,75,21,51,12,22,38,121,17,45
red,90,142,121,29,53,92,65,56,54,80
red,34,149,139,137,45,0,40,1,51,92
blue,0,46,151,51,80,134,98,121,129,45
blue,18,27,155,136,118,114,125,26,29,82
red,151,38,32,120,12,127,84,68,133,109
red,74,125,139,137,118,101,142,2,147,120
red,48,46,157,50,93,112,125,19,9,119
red,37,23,150,116,53,0,141,3,17,41
blue,103,61,37,157,4,90,44,121,17,115
red,103,130,136,76,45,145,74,19,133,12
red,74,125,124,137,70,41,142,56,17,153
red,151,125,138,51,12,22,23,43,147,123
red,151,23,3,154,108,112,38,121,136,111
red,135,75,124,29,100,37,27,150,69,119
red,0,38,2,76,79,35,23,144,129,66
blue,18,84,139,76,128,95,23,157,50,12
blue,120,125,114,150,110,112,27,101,106,128
blue,110,58,57,24,12,103,149,143,150,59
blue,22,38,6,49,12,115,75,71,24,128
red,74,77,2,51,128,151,84,56,9,70
red,38,155,143,29,9,110,134,144,76,80
blue,18,13,91,17,53,127,46,158,76,128
blue,49,75,143,10,80,41,40,121,76,45
blue,22,94,2,17,96,78,61,122,24,128
red,146,30,2,129,128,77,145,1,24,100
blue,65,130,1,76,100,74,149,26,8,41
blue,47,30,150,24,82,22,92,121,109,96
red,31,26,139,29,112,2,111,69,150,82
blue,150,98,143,69,80,2,134,142,51,128
blue,2,44,20,8,93,78,23,150,76,96
blue,131,84,40,24,66,78,54,150,76,82
blue,0,60,21,129,100,18,84,143,76,128
blue,47,134,143,116,5,0,27,101,137,108
blue,103,65,155,24,109,35,61,143,9,148
red,39,130,11,29,53,95,88,6,76,70
blue,43,40,155,9,160,0,65,121,109,108
red,88,142,89,49,100,115,61,2,51,82
blue,36,74,121,85,118,72,60,55,106,100
red,95,102,89,24,82,115,28,94,63,70
red,101,87,151,129,139,0,65,11,51,70
red,103,87,89,76,108,101,145,144,24,128
blue,72,61,43,109,45,31,38,132,116,118
red,22,65,143,29,112,90,30,101,76,93
blue,0,23,150,136,160,35,65,120,29,108
red,114,98,89,17,70,135,46,11,69,153
blue,137,67,2,29,93,78,13,132,49,128
blue,0,54,155,133,41,77,28,19,76,148
red,90,91,56,17,79,107,155,89,9,5
blue,112,75,120,17,53,121,67,151,76,96
red,81,134,105,49,93,114,54,144,24,108
blue,36,46,121,116,74,31,84,89,76,100
blue,42,13,89,76,70,35,61,71,50,118
red,25,38,121,129,93,90,61,33,54,16
red,47,75,89,76,128,22,38,143,29,45
red,0,130,2,29,80,3,97,89,51,53
red,22,65,143,29,158,43,38,89,8,119
blue,110,113,144,9,16,19,13,89,106,82
blue,31,61,89,51,79,88,145,125,63,121
blue,121,46,125,76,53,2,13,43,17,100
blue,84,46,33,49,158,34,98,140,17,45
red,110,60,2,24,12,130,74,89,51,5
red,90,23,150,51,66,103,46,2,52,100
red,34,84,43,17,80,90,26,150,29,153
red,39,60,54,137,14,90,75,94,136,45
red,112,44,120,17,154,18,23,151,106,14
red,88,60,56,54,108,103,74,122,76,96
blue,22,74,1,29,5,0,58,143,9,45
red,103,65,56,106,82,47,38,143,76,14
red,0,65,143,29,45,90,61,112,49,158
blue,121,65,124,69,16,37,40,143,24,79
blue,59,38,121,17,119,78,65,114,116,148
blue,103,27,3,29,128,33,13,124,106,110
blue,59,60,6,24,148,47,65,151,54,109
red,90,37,155,137,45,18,154,23,17,53
red,74,58,143,9,119,39,46,32,69,79
blue,0,130,140,29,126,90,65,26,51,53
blue,129,38,121,17,9,37,40,137,147,93
blue,88,154,55,49,71,35,58,143,29,148
blue,143,130,104,106,82,22,84,37,116,148
red,31,146,64,51,148,90,125,1,136,82
red,36,38,121,76,148,74,40,150,17,71
blue,81,28,64,9,128,20,46,144,133,126
blue,31,155,132,8,93,144,58,1,17,79
red,88,13,121,24,148,43,46,32,49,45
blue,0,75,132,24,100,37,13,19,133,119
blue,47,40,132,133,153,114,111,21,52,126
blue,119,30,150,50,70,131,65,132,138,9
blue,34,134,121,52,148,47,142,1,133,128
red,112,134,121,49,148,31,61,120,29,5
blue,101,27,129,29,5,134,84,56,156,70
blue,135,58,132,85,82,131,26,121,76,45
red,115,58,132,9,80,90,86,1,116,70
blue,37,141,29,49,45,74,46,121,51,128
red,115,44,101,17,108,74,67,150,137,158
red,127,75,53,15,45,20,130,155,17,79
red,78,92,26,133,100,110,65,132,85,4
blue,117,98,94,29,100,18,40,132,9,15
red,43,97,132,76,128,42,37,140,51,100
blue,146,124,150,51,128,91,65,1,29,123
blue,35,65,114,29,96,22,107,132,50,128
red,151,75,140,17,71,18,60,121,24,148
red,152,38,143,29,9,78,98,140,116,14
blue,78,60,33,76,5,22,65,23,133,139
red,59,65,124,133,5,103,58,144,116,153
red,135,142,121,106,5,103,145,56,9,74
blue,22,102,55,9,126,115,46,140,24,14
blue,74,23,155,147,91,67,38,56,51,153
red,42,84,2,76,71,115,38,37,17,79
blue,78,27,151,51,5,90,84,0,29,9
blue,152,95,139,51,5,90,134,64,17,45
red,47,149,73,54,108,37,38,120,76,118
blue,57,60,0,49,41,119,142,10,106,128
red,114,60,19,129,100,22,84,159,51,53
red,90,65,1,49,53,22,98,2,133,70
blue,103,40,150,51,12,101,13,114,29,45
red,22,23,32,49,45,18,130,26,76,16
blue,62,104,132,51,45,0,130,26,8,100
red,55,30,0,51,99,121,102,48,29,128
blue,107,155,26,49,154,18,60,32,116,53
red,22,27,73,49,153,62,134,32,158,108
red,90,84,3,133,80,81,26,57,51,70
blue,145,54,2,129,108,31,107,121,49,45
blue,22,111,144,133,100,18,5,26,76,4
blue,78,46,155,9,53,22,134,71,51,119
blue,101,130,143,76,53,110,46,21,49,100
red,47,65,124,54,53,74,61,43,133,119
red,74,40,139,17,9,81,84,3,76,91
blue,0,130,53,17,80,92,65,64,76,148
red,90,27,155,29,109,110,78,26,17,53
red,74,102,121,76,53,155,54,75,49,14
blue,18,23,3,133,128,74,38,2,24,99
red,103,61,144,76,128,47,74,121,90,108
red,43,65,143,76,82,0,104,89,52,128
red,131,38,120,54,4,94,23,155,150,93
blue,90,58,68,29,119,37,40,155,51,66
red,37,75,155,17,100,110,124,151,9,5
red,74,65,159,17,119,34,124,155,116,93
red,88,145,144,51,53,90,84,155,8,99
red,137,38,144,129,70,78,65,155,54,93
red,101,60,55,17,9,150,61,140,50,70
blue,77,154,1,116,45,88,107,34,17,70
blue,101,30,1,76,79,42,40,55,17,66
blue,150,135,11,49,53,57,38,1,76,96
blue,88,87,132,17,12,101,27,64,24,79
blue,36,142,19,106,128,134,58,1,76,100
red,110,38,143,69,96,43,142,64,147,45
blue,0,40,143,49,96,22,38,1,17,119
blue,113,46,64,94,45,34,65,1,150,126
red,18,102,38,54,9,3,145,1,63,70
blue,31,107,124,9,12,90,98,2,76,16
red,57,75,139,51,126,97,46,1,17,100
red,90,23,155,76,109,110,134,138,8,119
red,112,58,55,9,109,93,84,142,17,119
red,88,61,2,49,5,151,28,155,76,66
blue,0,134,6,133,45,18,30,121,137,9
red,78,23,150,76,45,59,142,64,17,5
red,37,61,55,116,45,152,40,141,51,96
red,151,126,150,51,96,0,28,94,29,120
red,90,98,55,9,45,31,38,125,29,148
red,31,141,150,138,45,2,130,125,29,126
blue,78,23,109,8,128,42,40,158,150,126
red,110,154,121,9,93,78,113,120,50,53
red,65,54,151,49,5,135,44,144,8,76
blue,150,84,121,24,45,104,111,140,106,5
red,18,142,64,133,70,42,38,143,76,45
blue,34,155,57,137,45,90,38,32,52,5
red,103,98,148,9,82,34,124,143,29,126
red,0,141,89,52,96,95,107,11,29,119
red,110,145,124,50,126,42,111,89,8,100
blue,107,92,143,9,126,110,40,56,76,45
red,137,30,56,29,126,102,113,143,133,5
red,78,111,11,24,66,18,145,131,109,93
red,107,28,136,9,80,31,30,26,76,4
blue,151,124,159,129,96,101,111,64,133,16
blue,88,38,132,9,4,36,154,143,76,14
red,47,77,140,24,96,150,145,121,63,93
red,112,87,150,54,160,151,130,121,29,93
red,43,113,150,49,100,31,38,11,158,109
red,74,94,155,116,158,53,87,55,8,45
blue,115,60,105,76,82,34,26,3,69,80
blue,103,84,48,116,160,0,86,143,17,82
blue,151,38,54,51,82,137,94,23,133,118
red,95,38,139,76,82,37,13,143,17,71
red,42,97,121,51,82,90,58,142,17,9
red,72,141,1,29,100,57,107,137,51,123
blue,92,23,73,9,128,18,28,138,51,158
red,2,40,94,17,45,112,38,23,51,93
red,74,155,143,76,126,90,77,140,106,33
red,35,60,55,24,66,155,74,143,9,45
blue,34,23,121,76,5,117,38,151,116,119
red,48,28,143,106,153,72,77,129,157,96
blue,134,28,3,50,45,47,97,159,8,118
red,43,58,73,116,45,35,130,71,157,14
blue,20,146,113,49,111,0,58,122,8,45
red,90,60,94,76,45,103,65,121,51,93
blue,74,38,148,29,100,112,13,64,120,93
red,134,38,11,116,128,78,13,53,8,45
red,62,92,54,129,109,0,13,148,29,16
red,127,61,81,106,74,103,60,55,129,96
blue,36,26,155,17,108,18,23,144,147,100
blue,3,58,7,76,53,151,84,121,136,82
red,31,134,120,69,53,18,77,1,150,80
blue,31,75,143,29,96,3,67,155,9,15
blue,90,84,2,24,66,25,98,136,76,93
red,41,121,151,51,80,21,44,0,29,128
blue,90,61,148,49,109,115,130,2,9,45
red,31,38,148,17,66,110,142,143,29,109
red,53,13,138,147,100,145,65,159,51,45
blue,43,26,151,51,5,36,142,143,9,109
red,101,97,121,76,99,57,91,109,116,160
blue,47,111,2,24,99,112,65,19,17,12
blue,101,86,121,50,100,18,60,2,49,12
blue,0,145,124,17,45,43,40,59,49,93
blue,151,60,121,120,108,31,94,143,76,70
red,110,23,122,76,96,22,84,3,17,53
red,43,84,121,76,45,103,125,57,49,71
red,31,155,68,76,12,107,28,151,17,93
red,144,111,0,24,100,22,46,57,17,79
blue,90,38,11,24,66,53,87,150,136,119
blue,92,111,121,76,83,112,146,41,133,100
red,90,58,1,17,100,115,75,121,49,53
blue,59,40,125,17,53,121,38,41,106,74
blue,77,88,89,157,9,31,13,68,76,128
blue,31,75,21,49,160,110,46,144,76,109
blue,46,54,10,116,160,0,84,151,9,41
blue,151,87,56,109,9,31,124,143,17,160
red,78,111,64,17,160,0,65,104,29,12
blue,37,92,144,17,53,36,77,143,50,160
red,47,124,94,63,45,36,38,143,8,70
blue,47,23,124,24,160,72,84,155,29,111
red,114,40,138,17,160,74,111,150,29,14
blue,0,38,54,49,160,19,60,71,29,108
red,114,111,120,29,9,135,86,140,133,160
red,123,134,151,9,160,38,27,124,116,45
red,90,46,150,17,160,37,13,73,76,53
red,155,141,104,76,53,7,75,60,51,160
blue,57,65,143,116,153,90,58,71,150,160
red,72,38,143,29,160,0,58,155,157,12
blue,110,149,143,129,160,47,134,56,49,153
red,53,145,56,17,126,72,61,68,29,160
red,134,67,57,49,160,101,86,1,17,71
blue,31,124,53,24,93,0,111,155,17,160
red,107,67,3,116,97,43,28,150,49,160
blue,105,61,151,51,160,127,60,143,116,153
blue,114,98,124,76,99,34,87,94,24,160
red,151,134,121,51,99,88,38,160,156,70
red,0,87,1,9,53,134,111,55,50,160
blue,0,65,143,76,45,53,38,155,133,160
blue,112,61,53,109,108,67,38,143,17,160
red,107,54,151,76,108,78,130,121,29,118
red,103,155,114,106,153,2,102,11,51,80
red,107,98,19,17,53,0,92,150,63,70
blue,137,38,121,49,14,36,13,124,76,45
blue,48,125,2,133,70,137,13,159,106,74
blue,22,102,11,109,108,112,38,137,49,53
red,137,65,143,17,70,36,28,151,9,93
red,112,84,43,106,74,137,40,121,76,148
blue,137,87,136,76,93,151,111,11,116,70
red,137,13,138,133,53,103,98,1,17,71
red,110,111,137,138,118,22,61,71,8,9
blue,134,26,0,51,82,103,58,137,69,80
red,101,13,21,51,99,137,40,1,106,128
red,0,75,140,50,45,137,58,89,85,82
red,137,97,94,54,108,78,23,155,8,96
blue,78,65,105,51,108,35,13,137,129,66
blue,137,134,122,129,71,90,75,6,17,12
red,43,13,55,69,92,0,98,121,137,70
red,34,124,1,106,5,137,65,121,17,16
red,137,46,55,129,93,31,38,140,76,126
blue,74,65,144,17,108,47,37,143,52,153
blue,74,125,124,51,53,31,67,143,147,128
red,18,154,143,76,66,131,142,121,9,45
blue,74,125,143,17,12,151,30,2,29,14
blue,90,38,6,17,128,74,141,120,9,93
blue,135,23,155,51,5,103,54,6,24,100
blue,0,92,56,137,45,88,65,11,51,96
blue,90,46,6,8,12,34,30,140,29,53
red,18,141,143,29,54,31,88,148,24,140
blue,131,60,26,43,126,101,27,121,129,119
blue,18,94,26,24,148,104,84,155,76,82
red,135,142,121,29,153,0,13,124,17,108
red,107,30,121,24,100,144,75,33,116,153
red,107,117,140,9,108,92,58,143,29,120
red,18,75,1,49,148,101,142,143,116,45
blue,31,60,83,52,5,90,38,150,17,72
red,92,58,122,49,148,90,124,136,17,71
red,144,102,55,24,5,103,60,121,137,12
blue,127,142,124,137,12,62,65,114,24,70
red,81,107,138,69,45,38,40,1,106,158
red,42,134,136,29,4,123,23,94,120,112
blue,77,149,138,29,96,31,30,155,9,45
red,47,13,158,49,118,18,149,23,50,119
blue,90,58,143,76,100,107,40,1,17,71
blue,43,98,56,75,70,74,84,140,51,128
red,0,134,158,106,74,31,149,143,137,119
red,47,58,158,9,93,37,92,151,8,74
red,37,149,121,137,70,47,98,158,51,45
blue,47,102,56,49,153,154,149,138,51,53
red,31,46,20,51,12,151,124,159,17,80
blue,114,40,56,76,119,112,149,137,51,82
blue,74,125,2,133,128,31,65,150,54,80
blue,74,130,121,8,128,78,75,89,17,16
red,74,92,136,17,82,123,61,159,29,160
red,144,75,68,24,93,74,28,69,106,53
blue,22,134,122,52,66,74,75,11,116,82
red,74,30,56,17,12,47,60,143,49,96
red,74,61,54,51,4,36,38,143,17,9
red,74,65,154,51,93,88,26,121,76,108
blue,115,142,121,95,93,74,60,64,116,108
red,34,13,109,29,112,103,67,151,116,108
red,35,67,53,24,16,94,98,121,106,70
red,114,142,78,29,100,115,46,143,63,70
red,0,65,121,29,12,34,46,56,109,96
red,81,46,94,54,126,42,67,69,50,53
blue,43,84,143,24,128,101,67,151,76,45
red,43,67,143,137,45,18,154,26,133,12
red,0,65,33,54,45,22,60,56,9,108
red,74,46,2,51,53,112,61,56,29,158
blue,92,67,43,76,82,103,111,68,52,154
blue,74,142,55,24,70,2,23,150,76,126
blue,19,40,151,29,45,104,142,121,8,93
red,22,44,56,29,37,2,65,90,49,15
blue,22,77,68,133,33,74,44,56,106,4
red,0,26,121,17,118,88,98,159,76,12
red,115,13,159,9,45,90,26,150,8,119
blue,46,119,159,24,53,31,61,4,106,80
red,114,65,33,85,9,2,155,143,129,14
blue,34,5,51,17,96,22,107,144,50,45
red,88,38,41,51,100,127,134,143,85,96
blue,39,87,11,17,45,74,134,54,49,14
red,114,142,73,116,118,52,77,1,17,109
red,103,134,64,29,153,57,46,6,17,160
red,18,107,150,157,139,90,77,148,17,53
blue,112,107,68,9,70,90,46,20,129,93
red,110,27,143,24,45,22,40,122,6,74
red,115,38,11,29,139,22,134,121,133,5
blue,103,74,32,116,53,39,65,109,61,100
red,115,61,56,76,82,110,26,156,116,120
blue,90,154,143,17,79,31,26,148,129,93
red,78,74,43,116,80,90,23,140,17,119
red,150,107,19,113,12,90,23,3,106,108
blue,130,77,2,51,119,90,58,151,157,16
red,31,111,56,24,115,90,142,114,150,93
blue,90,65,55,106,128,78,130,68,76,108
red,47,91,1,136,109,18,28,3,54,108
blue,57,124,150,29,41,110,142,1,17,71
red,110,58,109,76,45,43,102,144,106,5
blue,151,23,150,29,71,137,38,121,8,45
blue,35,44,148,147,70,54,102,33,51,80
red,36,46,144,51,5,90,142,143,17,110
blue,36,91,64,51,82,0,38,78,54,45
red,48,61,68,76,5,37,125,93,29,121
blue,22,54,124,76,5,9,98,157,17,100
blue,103,154,144,51,45,83,124,151,129,5
red,134,13,143,76,79,103,54,55,17,5
blue,110,65,41,76,5,151,141,121,17,100
red,90,58,143,24,45,112,84,64,49,93
blue,3,74,121,76,5,112,130,1,129,70
red,101,142,121,133,5,151,23,43,51,82
red,59,102,148,51,5,129,98,19,147,15
blue,104,75,148,17,14,150,102,55,50,5
blue,151,107,19,133,70,90,65,148,85,66
red,145,154,89,76,5,103,40,73,17,148
blue,43,77,105,9,93,151,124,150,51,5
red,74,38,120,8,53,90,58,151,51,45
red,34,65,121,17,80,47,38,142,8,53
red,117,60,140,29,12,72,30,0,106,53
blue,146,97,26,136,70,88,107,120,50,45
blue,2,40,122,17,79,47,134,44,29,53
red,90,38,33,76,53,152,134,133,17,158
red,88,38,122,51,53,25,113,94,29,93
blue,25,134,143,106,14,41,130,94,76,53
blue,25,154,159,136,9,18,58,2,129,45
blue,114,40,143,106,126,25,28,129,116,15
red,25,38,3,133,70,136,113,82,17,5
red,25,98,78,9,158,34,26,91,50,45
blue,25,30,33,9,93,12,102,26,50,80
blue,25,87,151,29,53,18,40,68,51,15
blue,25,26,78,76,96,34,102,144,17,71
red,31,142,121,49,66,25,75,56,41,45
blue,110,75,121,29,80,25,60,26,24,160
red,120,61,3,29,100,25,13,157,76,153
blue,25,98,11,24,53,150,154,143,76,114
red,151,84,56,52,5,25,75,32,17,66
red,35,134,139,17,45,25,58,144,76,153
blue,25,117,139,116,119,44,46,143,137,70
red,18,65,26,116,128,25,38,51,106,5
red,25,58,94,76,53,22,40,144,17,71
blue,25,154,11,49,108,103,38,144,17,45
blue,25,26,157,52,12,22,13,64,85,15
blue,25,87,151,51,128,22,154,37,24,4
blue,152,28,138,17,158,25,130,2,51,45
blue,112,125,23,116,6,25,26,155,51,53
blue,154,141,144,106,82,90,23,151,24,123
blue,151,102,68,76,80,90,142,83,17,45
blue,22,65,2,17,160,31,145,159,49,5
red,151,155,143,150,110,103,23,22,63,119
red,3,28,78,29,45,121,84,150,76,82
blue,36,40,11,76,12,18,46,71,50,133
red,18,40,140,9,53,123,46,11,76,66
blue,18,102,55,17,45,20,107,1,116,70
blue,0,37,140,69,93,135,27,150,51,66
blue,144,60,31,156,80,146,65,56,29,53
red,0,102,121,51,16,48,97,140,106,82
blue,74,54,155,133,119,146,30,144,29,153
red,59,125,43,63,53,90,13,54,76,4
blue,20,13,140,49,82,110,61,155,54,80
blue,152,46,62,51,126,158,75,144,76,120
blue,90,142,56,9,119,67,60,121,17,45
blue,59,54,155,147,96,150,67,72,76,119
blue,72,142,1,24,45,18,13,121,156,118
blue,53,111,121,50,109,81,40,41,29,80
blue,35,40,32,29,5,121,107,94,76,45
red,57,58,43,51,15,97,92,150,136,159
red,35,13,21,54,128,95,46,1,157,158
blue,112,5,32,137,109,78,149,56,76,93
red,22,13,143,129,119,0,65,89,51,5
blue,144,125,3,116,153,36,26,151,49,119
red,101,23,143,106,128,91,54,140,29,126
blue,48,134,143,51,119,114,111,151,133,45
red,90,26,125,51,45,18,30,37,76,126
blue,18,61,1,52,139,0,102,120,76,45
blue,47,84,143,51,121,123,38,1,76,14
red,123,84,3,49,14,127,38,55,76,119
blue,112,38,143,9,100,45,155,122,116,70
red,0,30,2,116,53,78,142,77,29,12
blue,105,154,155,133,70,22,38,104,51,66
red,90,38,144,106,128,137,65,32,9,45
blue,110,46,104,29,128,0,130,139,9,53
blue,31,58,148,17,33,114,154,104,76,70
blue,0,27,120,17,71,94,130,104,29,45
blue,54,154,11,24,53,18,46,6,49,158
blue,18,13,136,29,128,130,40,64,76,71
red,0,5,121,76,109,18,30,3,17,16
red,131,124,151,9,12,0,142,144,52,119
red,0,13,143,9,109,107,67,151,76,45
blue,43,38,122,51,119,48,111,121,76,45
red,115,38,33,137,126,112,98,121,51,82
blue,48,23,121,24,80,0,60,89,17,45
blue,22,28,32,8,108,110,58,68,29,119
red,18,79,121,50,119,53,40,11,24,158
blue,90,27,155,51,15,22,102,68,17,79
red,20,65,140,50,108,121,13,89,17,79
red,137,141,55,76,160,72,102,78,106,45
blue,135,117,19,63,70,110,75,53,109,108
red,35,67,32,51,45,34,134,56,114,79
blue,151,58,158,76,4,101,54,43,106,99
blue,114,141,11,136,5,154,38,151,76,111
red,22,27,121,29,53,37,141,1,85,5
blue,6,28,43,17,45,74,142,120,69,80
blue,144,75,121,17,70,137,65,33,63,45
red,18,134,68,51,3,101,141,64,52,5
blue,31,111,26,61,126,36,38,124,76,5
red,101,30,89,24,148,36,84,65,9,70
red,127,102,140,150,108,38,26,31,52,5
red,127,130,143,137,70,47,58,1,29,153
blue,22,142,158,49,121,127,124,155,106,93
blue,127,65,23,49,71,115,87,64,17,14
blue,127,97,140,136,45,90,13,120,50,100
blue,31,38,159,17,71,57,46,136,116,119
red,110,102,136,129,82,0,107,121,76,118
blue,31,145,140,17,160,74,84,32,76,53
blue,43,23,155,50,70,74,58,140,29,119
red,81,149,143,51,80,110,130,121,116,158
blue,22,134,159,133,100,110,88,121,9,12
blue,103,75,11,24,53,110,26,144,133,153
red,0,88,26,137,70,22,111,89,51,100
blue,90,40,27,116,4,151,5,143,106,119
blue,0,38,1,24,45,90,58,144,116,153
blue,88,13,143,49,93,36,60,144,8,100
blue,35,40,121,8,110,31,86,26,17,128
red,151,44,150,54,5,2,38,91,52,100
blue,42,58,138,17,74,25,44,71,76,9
blue,43,61,56,52,66,0,44,2,51,70
red,42,44,121,50,70,25,46,56,106,126
blue,22,30,124,76,119,101,44,78,116,128
blue,74,44,152,85,100,131,98,23,54,128
red,112,102,68,106,119,22,149,11,129,79
red,134,60,68,29,93,113,38,144,63,80
blue,0,46,68,116,118,91,149,124,76,158
blue,31,130,68,29,93,90,142,129,109,118
blue,0,28,68,137,71,90,38,55,29,12
blue,31,13,68,17,70,103,111,55,49,74
blue,0,61,68,17,120,18,30,151,106,128
red,154,142,68,76,66,78,130,43,9,70
red,130,92,124,8,45,88,58,121,29,158
red,151,13,2,109,108,112,98,104,9,157
blue,39,155,68,133,153,0,134,140,76,53
blue,0,67,125,49,41,22,130,56,133,119
red,117,67,150,85,153,101,60,143,51,100
blue,78,125,143,17,9,112,61,55,76,14
red,110,65,41,76,99,25,125,121,9,79
blue,57,60,26,9,153,146,67,155,29,82
red,74,125,41,8,128,42,58,19,17,148
red,110,67,140,51,80,113,38,7,17,70
red,151,13,1,49,119,103,67,11,76,100
blue,144,84,158,29,53,43,67,6,116,118
blue,115,102,122,76,5,119,125,114,49,53
red,62,23,151,50,70,111,67,143,129,93
blue,155,67,31,76,109,34,98,157,24,70
blue,101,67,43,51,45,31,141,143,69,12
red,107,65,94,49,128,74,28,121,24,5
blue,107,61,121,49,12,37,23,129,76,100
blue,2,38,106,29,12,62,40,129,17,53
blue,90,38,151,133,100,47,102,129,54,153
blue,0,28,150,17,53,107,38,110,76,30
red,22,58,129,54,119,115,23,121,17,9
blue,90,28,140,9,108,109,130,160,51,12
blue,110,61,91,49,53,90,23,129,9,108
red,110,149,64,69,80,18,142,121,17,53
red,72,40,26,85,70,22,75,55,106,82
blue,0,28,55,150,128,112,65,2,9,53
red,47,134,121,51,45,112,28,94,76,9
blue,56,28,151,50,70,59,13,139,69,45
red,19,28,18,24,45,40,65,56,63,70
red,34,28,150,116,53,88,58,1,17,80
blue,0,28,151,106,93,135,38,159,76,45
red,110,149,144,133,70,0,46,55,116,153
blue,10,38,124,150,53,43,84,26,49,71
blue,19,124,151,29,96,22,75,94,15,80
red,41,141,56,49,12,139,46,22,76,9
blue,31,44,121,49,128,155,26,141,69,53
blue,57,149,155,109,9,3,98,154,49,119
red,0,27,121,49,15,81,79,72,76,9
red,35,28,43,49,148,74,58,55,17,153
red,0,102,71,17,41,145,154,6,24,80
red,22,154,148,49,158,119,38,143,51,120
red,0,40,158,49,78,91,13,122,150,128
red,22,40,32,29,158,146,28,3,49,53
red,0,23,2,17,45,131,58,57,8,12
red,114,60,132,9,119,105,61,125,17,80
blue,114,65,155,76,5,121,77,32,106,45
red,114,58,32,51,80,90,65,143,9,109
red,114,61,150,106,45,115,134,3,17,15
red,114,87,43,24,108,90,154,69,52,100
red,114,13,143,51,80,90,134,56,129,120
red,0,65,68,54,45,114,102,155,24,128
blue,114,28,121,69,140,37,40,68,76,9
red,114,61,64,116,119,0,38,159,137,71
red,22,134,55,29,158,114,74,94,51,80
red,114,75,143,49,80,2,40,26,24,154
blue,114,38,121,51,118,0,142,54,69,80
red,114,125,155,9,158,0,87,73,50,70
red,114,75,159,76,45,123,13,140,106,91
blue,101,61,89,49,148,114,98,94,17,160
blue,123,130,11,51,148,114,46,125,76,74
red,18,46,114,19,82,110,13,121,106,160
red,114,26,94,76,45,47,38,140,129,82
red,131,134,94,49,53,114,13,155,29,18
blue,114,60,32,106,93,101,38,121,109,80
red,114,61,151,29,9,110,113,77,50,45
blue,62,38,140,76,100,135,30,1,51,45
red,121,38,57,51,80,114,13,136,76,53
red,114,97,140,17,153,107,58,137,29,148
red,114,130,148,76,9,101,107,140,136,45
blue,114,75,55,106,100,57,130,43,76,93
red,22,65,84,129,53,31,142,136,76,12
blue,47,84,109,69,45,154,38,121,51,80
red,154,13,159,106,82,62,30,125,51,53
red,72,124,137,69,80,31,145,158,17,70
blue,154,155,11,24,128,151,98,143,109,45
blue,151,111,94,150,80,0,61,68,17,53
blue,0,84,24,17,53,101,98,2,148,80
red,36,142,159,109,9,103,13,56,76,80
red,134,40,19,51,14,39,130,3,17,66
blue,110,84,125,9,70,101,27,140,76,45
blue,18,38,11,9,118,78,13,6,17,71
red,18,125,56,150,4,0,107,151,156,53
red,18,26,150,24,93,72,142,144,51,82
red,18,98,121,155,100,115,84,34,51,45
blue,114,44,94,24,9,18,58,121,29,153
red,115,60,143,156,45,114,5,150,76,108
blue,37,74,150,9,12,114,94,18,49,160
blue,35,26,68,106,82,114,38,151,54,119
blue,22,75,157,133,5,114,65,151,51,128
blue,144,60,20,116,53,107,65,125,54,45
blue,112,46,120,51,93,36,65,125,54,66
blue,146,37,83,51,5,0,23,125,63,153
blue,146,30,155,133,5,90,46,125,54,9
red,103,28,114,76,108,19,46,125,54,109
blue,103,102,136,51,82,0,27,125,54,110
red,18,27,125,54,82,3,40,120,116,70
blue,47,28,89,106,99,74,75,93,76,5
red,47,30,125,136,80,92,60,56,24,9
red,42,60,56,76,118,90,130,55,69,16
blue,94,134,19,136,82,36,61,56,76,46
red,2,40,35,49,80,31,60,56,51,93
blue,19,58,26,137,53,143,111,94,9,100
red,34,40,143,129,45,0,134,121,106,128
blue,46,61,143,116,15,72,58,159,54,108
blue,53,46,104,9,99,3,58,121,129,82
red,48,46,138,106,99,47,65,124,29,70
blue,115,61,114,24,128,112,78,143,116,14
red,36,142,44,116,153,0,67,1,136,108
blue,74,60,89,17,9,101,27,155,136,108
red,22,40,142,138,119,103,61,84,109,108
blue,59,61,89,106,93,31,141,6,17,96
red,22,84,155,116,108,110,130,2,136,119
blue,48,77,121,24,82,53,84,1,52,108
blue,39,65,159,51,93,22,84,144,24,112
blue,112,38,55,50,123,103,46,143,29,12
blue,25,142,1,8,53,31,38,159,116,70
blue,41,125,150,120,53,22,60,121,29,111
red,81,130,121,29,53,18,40,125,157,45
blue,146,125,43,136,153,110,40,150,129,74
red,92,38,2,17,80,0,46,56,24,100
blue,103,38,1,116,119,22,61,140,17,12
red,20,40,19,49,53,103,130,104,17,153
red,74,102,148,76,119,77,124,11,49,45
blue,0,38,150,116,53,151,60,143,137,70
blue,90,65,105,49,160,107,102,11,156,45
blue,35,145,155,135,99,95,13,159,51,12
blue,131,46,56,24,148,3,13,32,9,45
blue,31,5,64,137,153,72,91,140,133,70
red,137,13,121,133,45,34,40,89,17,158
red,152,13,121,9,119,31,98,21,138,76
blue,62,67,3,76,109,54,13,151,106,93
blue,112,154,34,9,148,11,40,56,76,82
blue,90,23,3,51,80,22,38,143,17,148
blue,34,75,122,109,120,22,26,94,49,148
red,115,58,94,76,148,102,65,150,17,16
blue,34,25,159,50,12,152,5,143,76,148
red,36,13,2,51,148,69,46,71,50,45
blue,47,23,150,29,33,62,134,159,9,148
blue,95,65,2,136,99,90,23,73,24,148
blue,91,46,55,51,96,18,60,144,76,148
red,3,102,55,51,158,120,38,32,133,148
red,112,86,34,17,148,0,134,3,52,100
red,114,65,144,116,153,90,75,138,51,93
red,146,27,64,49,53,18,84,150,133,148
red,144,58,6,29,148,110,38,136,17,79
red,22,58,138,17,148,112,23,143,29,153
red,57,86,43,106,148,38,107,1,116,160
blue,0,46,125,129,9,48,40,144,76,148
blue,103,67,1,50,119,22,60,159,17,148
red,38,65,73,50,148,88,40,34,49,5
blue,31,74,143,49,148,11,60,64,29,15
blue,42,97,21,9,12,112,38,143,78,148
red,103,61,21,133,70,107,60,109,17,148
red,112,38,151,19,108,20,134,143,76,66
blue,0,13,54,17,9,34,46,120,116,82
blue,127,58,121,29,82,115,111,104,156,108
red,150,23,158,129,66,0,75,138,9,5
red,36,134,1,147,66,48,142,148,51,158
blue,151,23,143,106,82,78,65,71,17,45
red,2,60,19,17,126,142,26,140,147,148
red,18,134,121,106,66,151,107,2,29,148
blue,151,78,55,137,70,154,40,140,51,148
red,65,46,139,137,148,91,134,132,51,53
red,138,102,150,50,118,41,88,121,49,109
red,0,111,121,76,148,74,141,71,24,45
red,131,134,33,129,148,18,146,90,51,100
red,130,98,120,76,119,78,38,138,137,148
blue,48,22,55,9,148,43,134,19,76,5
blue,146,145,89,116,148,110,54,3,106,66
red,92,46,151,76,100,18,142,139,147,96
blue,110,145,55,51,100,112,13,37,24,16
red,0,113,143,49,118,18,38,158,24,99
blue,88,113,143,106,118,22,38,151,120,119
blue,2,130,129,133,118,57,40,124,17,100
blue,90,67,3,8,118,0,142,122,24,5
blue,0,60,19,63,53,90,46,1,76,118
red,103,98,1,136,45,78,142,143,76,118
red,31,102,121,156,108,144,141,1,24,118
blue,107,67,54,17,9,3,111,140,29,12
blue,18,40,89,49,9,12,60,2,17,96
red,77,46,68,150,153,38,84,155,76,12
red,101,130,55,51,119,18,142,144,137,99
red,22,130,150,136,128,0,134,140,49,45
blue,90,54,151,24,108,22,40,19,116,14
blue,42,58,7,157,108,112,142,109,76,96
blue,144,58,86,17,148,22,130,121,76,12
blue,22,145,121,150,74,107,40,124,116,12
blue,22,130,159,51,158,77,134,104,106,4
blue,90,58,1,137,14,19,61,33,51,70
blue,34,111,2,17,53,31,46,143,133,119
blue,35,134,55,9,100,22,155,121,50,70
blue,34,111,124,116,120,59,141,55,129,82
red,47,124,121,76,53,103,13,150,157,45
blue,0,61,90,51,108,74,37,3,17,45
red,112,38,143,76,93,36,125,19,51,74
blue,74,130,21,133,153,39,134,151,116,44
red,151,40,19,17,119,154,58,55,49,53
blue,152,67,151,8,45,74,38,105,17,120
blue,101,134,129,54,93,112,38,138,51,96
red,113,58,64,129,80,0,67,159,49,9
red,107,0,19,17,118,131,65,132,129,119
red,34,75,21,29,120,74,92,32,17,16
red,38,54,151,17,45,150,46,55,116,53
red,25,124,3,106,91,74,40,138,133,70
red,103,111,132,29,93,0,46,148,49,100
red,36,102,144,76,119,115,13,56,51,45
red,43,154,1,29,4,2,125,120,77,108
blue,101,65,121,76,119,43,97,19,29,153
red,114,154,123,76,119,151,67,124,49,45
blue,151,154,121,8,108,123,61,19,63,70
red,22,154,121,17,79,151,142,3,9,70
blue,72,111,26,51,148,34,92,159,17,119
red,57,13,121,49,5,90,38,120,76,41
blue,74,61,120,17,53,103,154,19,133,45
blue,22,155,124,87,74,3,154,91,51,82
red,90,23,150,51,12,103,154,121,69,5
blue,22,154,121,147,96,31,40,138,24,128
blue,152,38,121,136,45,22,154,94,29,12
red,22,38,133,24,70,88,75,56,76,119
red,78,37,151,51,41,35,154,143,9,96
red,154,111,151,63,96,121,88,150,17,12
blue,90,84,120,29,126,31,23,139,51,96
blue,0,86,120,129,66,110,46,71,147,96
red,110,146,143,116,96,115,77,1,51,12
blue,110,23,155,51,100,90,142,143,24,96
blue,110,86,1,9,128,115,65,124,147,96
blue,90,87,143,51,9,120,61,94,17,16
blue,115,81,55,133,79,31,46,148,29,109
red,127,46,155,49,148,115,154,150,133,109
blue,127,40,71,116,153,22,141,93,133,148
blue,0,58,55,51,45,90,67,131,8,16
blue,22,46,124,24,126,0,74,143,17,93
blue,22,98,150,129,80,90,28,43,69,128
red,145,65,144,137,128,121,46,0,17,14
blue,90,46,121,17,9,18,23,151,133,45
blue,59,46,64,147,5,0,145,43,106,70
blue,134,88,1,17,79,22,86,6,29,160
blue,83,60,56,17,148,78,46,157,9,126
blue,74,124,1,17,45,123,54,137,76,99
blue,101,40,19,17,45,103,97,144,9,96
blue,78,125,111,17,45,36,27,155,133,119
blue,48,111,2,147,96,103,149,26,17,119
blue,0,28,64,9,82,36,40,41,17,100
red,74,154,104,17,128,114,84,94,29,108
red,90,142,143,9,53,110,145,155,17,79
blue,43,149,19,133,53,36,94,1,51,77
blue,88,130,121,52,74,107,26,3,17,79
blue,95,130,1,51,82,90,54,155,17,108
blue,74,77,84,51,4,57,13,23,9,153
red,91,84,151,109,119,137,26,43,17,14
red,22,75,109,17,120,0,40,89,137,70
red,88,124,140,24,53,74,102,151,106,37
red,159,65,26,69,82,37,142,151,133,93
blue,34,60,139,147,128,101,142,11,120,66
blue,103,84,121,17,74,107,94,71,49,93
blue,112,23,150,51,91,36,124,19,69,70
blue,134,94,51,8,53,62,125,142,76,109
blue,78,84,38,76,9,0,65,140,137,100
red,36,38,1,17,45,18,87,132,9,12
red,9,46,121,133,70,95,134,1,24,80
red,22,130,121,17,45,56,154,83,49,108
red,110,28,155,133,122,35,65,73,49,74
red,90,65,64,129,45,110,111,23,9,96
red,110,54,157,9,100,101,124,53,63,70
blue,130,46,121,52,128,37,23,51,133,70
red,130,61,140,8,70,34,84,155,24,45
red,78,58,11,29,119,130,134,104,76,70
blue,48,84,121,76,108,103,58,1,49,96
blue,0,40,37,156,119,35,134,121,50,53
blue,35,94,144,17,53,57,65,121,76,158
blue,57,142,22,137,100,35,154,121,76,92
red,0,130,64,51,154,31,40,159,129,158
red,115,30,143,85,93,0,38,144,76,6
blue,40,141,143,76,5,0,13,10,17,79
blue,19,155,151,9,79,88,46,148,17,45
red,54,60,138,51,123,0,141,1,150,93
blue,31,67,148,9,53,47,58,143,29,158
red,114,46,120,76,53,88,58,140,29,5
red,0,13,121,109,160,114,58,6,76,158
red,43,91,143,50,128,2,75,11,17,53
red,0,40,143,51,126,22,117,89,133,79
red,59,13,151,133,158,137,97,89,51,4
blue,85,97,55,137,120,81,38,94,54,79
blue,135,23,121,85,153,25,77,143,24,93
red,112,23,109,51,5,0,88,1,76,81
blue,78,75,33,29,45,0,98,143,17,30
red,35,77,6,133,100,3,86,132,129,5
blue,6,102,144,49,4,31,98,1,147,119
blue,101,154,144,52,93,31,30,6,51,45
blue,36,146,139,137,158,74,65,6,51,70
blue,18,13,143,24,91,62,142,53,17,139
red,123,65,55,76,53,18,86,6,29,153
red,95,102,56,17,153,74,134,26,29,4
red,90,38,121,49,93,112,145,144,156,108
blue,112,125,2,49,45,143,117,121,116,96
blue,144,65,150,136,120,2,77,151,116,109
blue,103,65,29,17,53,107,149,150,109,70
blue,81,124,73,51,82,90,40,1,9,16
blue,47,98,121,116,153,22,67,53,106,5
red,150,27,19,49,93,92,124,144,24,12
red,59,61,150,51,128,115,145,157,50,70
blue,120,87,155,129,93,6,65,121,29,158
blue,83,27,151,29,53,31,125,56,51,93
red,18,30,55,133,45,90,146,124,51,93
red,47,149,144,17,45,31,26,155,106,93
red,88,134,121,116,128,0,46,120,137,70
red,31,91,121,29,53,103,84,140,17,14
red,134,142,26,63,70,146,98,64,17,100
red,158,61,159,50,82,31,142,1,29,160
red,37,145,91,29,71,101,87,159,8,9
blue,0,40,11,9,128,111,102,159,50,45
blue,0,102,21,106,96,39,154,31,147,14
blue,120,75,0,76,53,115,102,121,156,119
blue,38,102,64,137,119,0,134,144,109,53
red,74,102,109,49,12,47,65,138,17,45
blue,54,142,155,29,100,90,60,104,51,96
red,34,75,11,52,100,131,102,2,76,114
blue,78,60,140,136,14,47,102,121,63,100
red,102,40,159,76,45,22,38,89,29,96
red,74,102,155,50,128,62,38,109,51,45
red,78,102,138,29,111,47,23,150,51,153
red,137,23,94,29,5,91,102,21,51,93
red,18,20,2,24,82,90,38,56,76,109
red,127,145,56,17,12,144,130,2,116,108
blue,101,46,56,24,108,81,102,143,133,139
red,114,23,151,17,148,74,27,155,52,100
blue,150,102,67,116,45,31,77,144,106,158
blue,144,40,89,17,14,0,46,143,129,108
blue,57,102,144,24,4,97,130,37,129,80
red,131,27,81,116,96,151,38,124,17,118
red,112,111,73,116,81,25,92,121,52,119
blue,0,67,19,29,119,101,134,140,50,70
red,43,87,121,9,119,22,65,56,17,100
red,103,28,1,133,45,74,65,64,24,82
blue,91,65,144,51,74,119,98,2,129,14
red,72,102,155,29,100,103,134,73,8,45
blue,0,84,63,29,53,41,91,1,49,45
blue,31,23,151,76,5,0,154,19,17,12
blue,0,145,143,51,130,18,13,124,76,5
blue,90,154,33,17,108,0,13,157,116,109
red,0,13,121,106,99,88,60,10,50,100
blue,83,130,121,76,82,0,75,23,51,70
red,74,60,143,106,93,0,98,144,29,14
blue,146,38,140,133,70,0,91,71,17,45
blue,31,79,148,133,70,0,77,33,17,66
red,34,5,122,50,93,112,107,121,29,9
red,0,58,139,50,118,90,60,159,116,53
red,0,13,159,116,158,81,47,56,8,160
blue,0,25,23,133,37,31,28,19,106,82
blue,151,141,144,54,148,115,28,55,49,160
blue,112,40,89,51,4,78,124,6,147,93
blue,0,13,140,76,70,47,30,139,49,12
red,0,28,32,76,153,151,102,159,49,111
red,18,13,41,29,37,22,23,64,49,148
red,34,79,11,147,96,78,86,140,106,99
blue,78,107,143,17,12,22,94,56,137,160
blue,104,84,129,91,128,101,26,121,50,70
red,22,134,64,29,45,112,98,138,116,53
blue,110,87,2,51,45,48,102,143,17,71
blue,0,77,2,17,148,78,141,143,76,70
blue,72,60,55,50,70,43,13,144,29,158
red,43,94,144,76,71,72,141,68,24,53
red,43,58,144,49,119,0,39,155,50,153
red,146,102,121,49,80,110,65,32,147,9
blue,3,107,121,24,45,95,37,144,51,14
red,121,38,64,116,153,43,60,148,9,53
red,90,60,2,76,53,3,46,33,24,66
red,65,38,151,137,74,18,40,121,29,12
blue,39,65,151,147,53,18,40,121,133,96
blue,0,60,2,24,126,43,145,94,9,120
red,31,65,23,17,100,77,86,105,29,12
red,18,67,89,106,153,104,38,105,17,119
blue,3,5,105,76,45,34,46,143,133,153
blue,36,145,68,129,9,92,67,150,51,5
blue,22,84,159,116,153,152,77,11,76,53
red,13,94,55,150,154,35,98,143,133,119
blue,90,26,56,106,66,22,60,124,29,53
blue,18,91,124,116,45,78,142,37,106,82
blue,131,37,150,8,70,22,40,55,76,158
blue,18,60,55,41,53,72,84,151,116,66
red,107,65,143,52,4,90,84,1,133,109
red,107,97,21,51,110,137,84,144,9,119
blue,97,13,138,76,14,90,61,55,17,70
blue,115,75,148,76,109,90,38,140,51,66
red,90,58,157,51,93,22,61,26,138,124
blue,43,130,143,116,45,107,134,38,109,53
blue,146,111,6,137,5,42,84,143,51,82
red,88,54,69,17,100,3,46,143,76,91
red,37,111,83,150,53,42,87,56,76,96
red,90,46,148,17,45,74,61,139,29,108
red,47,84,94,17,71,103,130,124,136,82
red,78,87,1,133,9,0,61,2,116,93
red,18,98,104,51,119,47,145,1,9,93
red,74,111,56,17,29,59,58,140,24,82
blue,88,23,121,50,158,70,40,159,8,126
red,3,38,78,69,126,31,61,21,29,119
red,19,40,139,106,53,90,27,43,9,126
blue,37,142,140,17,80,152,130,11,8,53
red,130,46,11,9,53,31,124,120,85,96
blue,43,141,2,63,70,127,58,125,8,53
blue,101,79,155,29,41,0,13,121,76,53
red,22,58,2,147,66,103,46,54,116,91
red,101,111,2,129,5,127,61,159,17,66
red,37,65,143,17,5,22,102,11,133,153
red,151,23,140,76,53,0,87,150,116,121
blue,34,154,56,136,82,97,84,31,76,70
red,112,98,55,150,160,42,26,139,76,99
red,112,65,53,76,14,9,27,3,50,70
blue,47,54,107,29,93,0,84,148,49,45
blue,35,98,159,9,53,152,111,11,76,93
red,90,102,19,116,93,107,111,109,76,82
red,107,13,155,51,53,151,46,19,8,96
red,36,61,143,76,53,127,78,151,17,120
blue,0,38,11,76,4,20,125,124,106,99
red,151,26,56,129,5,90,61,155,24,71
red,31,30,155,76,74,112,60,68,49,160
blue,39,146,150,49,99,0,23,53,133,100
blue,134,149,1,76,119,137,107,6,51,100
blue,37,84,3,147,45,151,46,138,52,100
blue,102,40,121,52,100,0,60,143,17,82
blue,103,77,56,17,79,90,40,144,52,100
blue,0,87,132,17,71,114,13,155,52,100
blue,151,146,140,50,71,2,40,11,52,100
blue,151,142,143,52,12,90,111,121,9,100
red,103,23,143,52,100,110,130,121,50,70
blue,35,130,159,69,71,36,13,122,52,100
red,0,75,32,52,100,113,5,68,106,53
red,22,54,155,147,93,0,27,83,52,100
blue,115,142,25,52,53,103,38,48,51,100
red,81,92,37,52,53,47,18,25,129,93
blue,72,155,121,49,108,131,40,143,52,53
blue,136,26,155,29,5,90,75,158,52,53
red,47,28,26,76,45,0,125,140,52,74
red,145,154,148,136,45,152,40,2,17,108
red,88,13,26,133,45,78,38,155,29,153
red,90,13,121,52,80,36,38,19,29,153
blue,3,23,94,76,128,103,77,124,49,45
blue,18,141,6,17,153,151,61,124,133,70
red,90,5,140,51,45,150,107,2,63,100
red,18,98,143,49,15,57,23,150,76,153
blue,34,38,64,50,12,25,134,143,106,100
red,114,40,33,51,45,112,26,3,54,53
blue,81,26,155,51,53,146,65,2,76,93
blue,31,38,150,9,111,0,27,24,129,128
red,107,58,136,9,53,144,87,140,106,96
blue,101,13,151,76,91,47,87,140,106,93
blue,20,38,121,51,120,74,60,144,106,66
red,0,26,94,106,66,110,23,150,133,70
blue,88,38,41,106,74,154,145,2,51,6
blue,7,61,151,76,108,31,54,3,106,82
blue,31,40,121,50,70,135,130,140,52,15
blue,0,97,33,106,53,81,40,155,116,153
blue,31,117,140,52,96,59,142,151,106,120
red,57,149,43,24,14,127,30,148,9,76
red,22,98,54,24,80,150,38,155,85,158
blue,43,134,56,8,53,2,60,120,106,108
red,107,26,157,76,95,29,38,55,106,82
red,103,26,139,106,82,0,92,55,9,12
blue,78,38,121,29,104,90,94,1,106,82
blue,110,38,144,76,99,101,154,43,85,6
blue,115,22,56,9,99,95,40,55,106,100
blue,36,23,143,52,53,47,58,1,85,119
red,112,65,121,85,45,107,111,120,116,70
blue,152,26,142,85,93,78,154,150,106,128
blue,19,142,151,24,70,74,141,7,85,93
blue,42,154,114,133,82,35,141,6,106,93
red,0,141,144,24,153,90,26,124,150,100
red,0,65,124,24,128,31,58,73,109,118
blue,34,125,2,76,153,90,111,150,106,30
red,78,75,155,24,119,22,46,160,29,108
blue,31,91,1,76,108,115,87,155,6,148
red,145,13,55,29,71,110,44,68,106,82
blue,74,130,143,9,70,103,61,71,51,4
blue,115,97,37,133,96,18,13,157,63,100
red,88,113,95,109,71,46,58,1,106,4
red,145,30,155,106,100,134,38,121,76,119
blue,78,92,68,9,74,152,142,158,106,99
blue,127,60,1,51,82,3,13,68,116,70
blue,74,38,113,52,128,36,46,143,51,91
red,77,111,140,8,128,0,142,122,106,74
blue,72,125,144,136,70,131,98,1,24,158
red,74,142,26,76,16,0,154,56,106,4
red,88,141,143,133,70,103,67,56,106,128
blue,37,60,21,106,82,18,58,56,17,100
red,43,98,143,106,80,36,111,121,24,100
red,101,46,144,106,14,35,141,150,29,71
blue,0,75,122,9,82,131,154,6,106,93
red,37,102,73,106,82,130,97,138,129,112
red,115,130,68,137,100,110,107,2,106,82
red,88,130,109,106,82,110,146,2,133,70
red,73,67,94,147,130,0,27,55,106,80
blue,90,92,2,137,16,47,77,73,106,82
blue,131,135,121,9,109,47,26,139,106,128
blue,134,75,54,29,70,0,65,64,85,5
red,37,38,140,106,99,150,27,125,51,121
red,137,91,1,106,5,29,27,26,51,66
red,137,23,37,51,45,110,130,11,49,109
blue,127,65,148,52,93,18,46,83,126,129
red,103,60,3,51,80,107,155,56,106,93
blue,35,58,136,106,82,103,23,144,29,71
red,47,37,3,17,148,131,58,7,76,45
red,95,13,143,85,126,35,60,73,106,82
red,101,26,138,63,80,94,28,23,106,66
red,3,86,132,106,5,0,81,57,136,45
red,95,38,26,51,66,0,86,24,17,139
blue,42,23,140,24,108,90,13,144,49,9
red,67,87,155,106,93,78,65,64,133,70
red,39,26,109,106,99,78,65,144,147,121
blue,31,28,94,150,80,59,86,1,76,70
red,0,154,101,9,54,91,107,20,106,153
blue,43,84,150,106,82,134,102,3,124,80
red,137,77,144,49,160,78,154,43,76,66
red,43,111,19,24,66,35,60,3,17,15
blue,0,86,148,106,82,81,38,71,129,159
blue,91,27,121,29,81,59,146,26,106,82
red,0,23,94,76,14,74,125,6,136,70
red,0,98,138,106,14,31,142,139,69,80
red,0,46,83,24,128,144,154,6,51,153
red,107,65,121,85,128,83,98,123,106,153
blue,31,102,19,49,53,2,46,94,106,80
blue,112,142,6,51,118,43,84,125,106,80
blue,114,134,6,106,66,0,142,143,29,45
red,103,142,159,17,14,112,61,143,24,66
blue,146,86,121,106,66,74,134,19,51,110
blue,137,65,10,17,96,31,44,143,106,66
red,0,75,101,51,74,78,67,150,106,100
red,74,111,55,49,66,102,28,43,106,45
blue,131,26,64,50,70,0,87,155,106,74
red,152,23,1,106,12,35,58,148,24,82
blue,74,92,155,9,160,115,91,56,17,148
blue,92,125,56,9,80,18,141,121,52,100
blue,110,46,121,9,81,152,98,114,106,82
blue,88,91,159,49,93,18,58,121,24,74
blue,25,61,151,133,83,90,91,34,9,15
blue,114,141,105,49,45,0,67,89,50,70
red,18,154,150,120,158,90,130,144,136,128
blue,110,113,32,109,108,22,141,56,29,53
red,101,60,32,24,70,137,142,2,29,80
red,39,98,68,29,12,47,125,6,17,99
red,0,46,143,29,33,126,65,41,51,159
blue,34,142,11,51,70,90,54,155,116,100
red,72,38,121,8,14,137,23,151,24,70
blue,112,26,105,137,70,90,23,150,49,9
blue,115,130,121,76,45,110,141,139,137,70
blue,110,91,55,9,153,90,38,31,51,15
red,152,107,2,52,93,78,91,55,8,70
red,31,23,150,29,5,146,142,121,50,158
red,39,91,144,49,45,107,113,73,116,79
red,43,130,143,17,79,48,102,124,8,12
blue,88,142,158,51,82,48,134,121,63,70
blue,151,154,143,51,82,103,60,2,17,79
blue,22,155,73,116,100,25,84,0,51,82
red,101,98,155,9,71,47,23,68,8,100
blue,92,13,143,9,82,103,26,121,76,108
blue,146,88,37,116,45,144,38,121,51,128
red,18,38,2,76,96,19,40,101,24,80
blue,0,134,2,9,126,123,67,121,29,45
red,152,27,32,49,4,47,46,132,9,53
red,0,134,64,9,53,22,154,6,76,12
blue,78,142,7,29,53,144,38,159,9,96
blue,59,86,23,51,128,35,125,120,17,79
red,101,60,144,76,119,3,111,53,9,82
red,0,27,121,29,160,74,23,150,51,119
red,154,77,54,17,109,43,113,37,24,14
blue,54,38,143,76,75,43,142,138,63,70
red,20,58,43,133,70,74,61,3,49,118
red,103,28,5,69,160,74,154,34,129,153
red,0,38,78,9,82,22,40,121,137,70
blue,34,146,2,17,100,107,28,121,49,158
blue,158,65,151,69,124,2,46,6,51,14
blue,107,141,154,133,93,127,92,1,49,14
red,115,60,1,29,119,31,38,64,9,45
blue,74,60,121,116,119,54,13,91,109,12
blue,97,134,121,52,66,125,65,140,76,82
red,135,102,121,49,45,9,26,155,116,12
red,35,61,124,49,45,43,38,151,51,12
blue,47,154,51,116,82,131,30,11,136,45
blue,57,61,143,9,118,103,67,2,133,45
blue,47,97,122,116,45,145,77,11,133,100
blue,74,27,48,76,100,22,28,71,51,108
red,22,75,121,29,45,18,111,69,76,4
red,18,74,121,29,12,2,38,144,17,45
red,62,130,56,24,93,72,65,1,76,45
red,0,154,144,49,45,113,74,151,129,80
blue,103,134,121,51,82,47,46,33,9,53
red,36,65,2,133,80,151,67,1,76,74
blue,0,130,1,17,133,18,141,121,106,5
red,31,124,150,17,93,18,98,159,157,153
blue,35,142,140,9,16,110,46,2,52,100
blue,137,115,64,133,70,22,67,155,17,71
red,151,125,2,17,71,142,92,121,116,53
blue,123,38,121,63,70,74,141,19,9,93
red,90,111,43,54,45,103,23,155,76,14
blue,18,142,21,17,12,37,155,64,69,80
blue,74,61,32,49,9,41,46,155,133,148
blue,0,40,2,51,128,134,38,121,85,153
red,74,30,150,69,53,114,5,155,54,119
red,110,107,155,144,148,145,75,138,139,108
red,19,142,43,124,3,117,74,136,29,14
red,102,65,121,150,108,35,60,63,29,37
blue,31,54,151,51,148,58,60,144,129,93
blue,43,40,11,51,4,34,75,150,29,64
red,36,40,1,150,70,131,111,64,133,108
red,22,30,155,51,120,107,13,139,137,128
red,0,38,64,137,128,101,94,140,106,37
blue,101,54,153,17,108,0,97,120,8,128
blue,0,124,122,8,70,112,77,55,116,45
blue,22,23,150,17,128,43,154,155,49,15
red,154,78,2,51,53,31,145,55,49,4
blue,0,30,150,133,46,78,67,151,129,76
red,31,38,121,76,46,115,23,56,17,45
blue,101,27,138,29,108,107,130,2,50,158
blue,53,39,150,29,100,35,92,26,17,153
blue,25,30,158,133,14,18,65,140,9,70
red,37,97,6,29,153,22,60,144,116,45
red,41,142,56,9,14,42,94,143,76,119
blue,43,38,121,50,82,36,58,136,51,128
blue,43,142,56,54,66,25,13,11,76,100
blue,37,84,155,53,17,88,38,109,54,70
blue,57,38,140,109,71,31,141,124,17,79
blue,36,26,43,106,154,121,58,109,85,37
blue,158,98,56,76,79,2,142,73,9,66
red,36,107,73,17,12,101,58,144,76,4
blue,57,142,155,51,96,110,23,41,106,66
blue,22,27,71,63,70,43,5,78,52,96
blue,95,38,122,76,66,131,154,68,109,108
red,74,88,122,24,100,131,86,124,51,128
blue,31,134,140,85,158,101,125,19,49,153
red,34,125,121,17,71,18,60,143,69,80
blue,81,58,121,24,45,151,91,2,76,16
red,0,13,78,8,123,95,65,56,137,100
red,78,142,19,129,16,37,145,0,17,79
blue,137,141,159,9,15,0,91,121,24,79
blue,110,61,1,106,4,0,97,120,17,159
red,78,60,122,133,80,74,87,151,116,70
red,35,86,55,106,99,53,60,136,137,4
red,95,38,26,8,119,135,145,55,29,153
blue,36,5,1,49,119,135,130,148,29,96
blue,18,38,121,116,66,146,79,91,157,4
blue,103,84,1,51,100,90,27,151,29,53
red,74,38,136,116,70,152,13,159,29,153
red,125,91,139,69,5,110,98,57,116,128
blue,18,111,151,120,4,110,30,26,76,74
blue,134,86,89,24,99,22,46,23,8,74
red,144,58,1,49,119,112,38,64,17,53
blue,146,154,138,76,128,103,61,33,17,45
red,59,40,3,17,74,22,127,150,106,5
blue,74,102,143,76,71,112,75,73,129,53
red,151,61,132,17,74,91,130,124,8,93
red,57,46,94,133,12,107,142,151,129,108
red,151,46,1,106,5,74,142,68,76,79
red,90,117,64,49,158,35,114,56,29,80
red,18,117,140,116,70,47,25,6,137,45
red,43,77,138,133,96,59,102,144,106,5
red,22,26,68,29,14,151,102,144,76,45
blue,43,27,3,116,79,0,61,53,51,128
red,150,88,20,17,71,31,86,54,147,96
blue,150,87,56,156,53,31,86,64,116,119
blue,88,58,56,17,158,31,30,119,76,45
blue,18,27,3,137,159,145,86,139,49,9
red,110,60,143,109,118,22,87,159,76,108
red,114,23,115,17,53,74,60,125,9,12
blue,112,111,121,76,119,115,60,51,17,14
red,0,84,43,51,82,22,98,26,147,123
red,31,142,138,76,12,101,98,26,17,93
blue,18,40,2,116,9,20,155,141,50,53
red,57,75,64,29,5,78,125,136,116,9
blue,22,65,151,133,153,31,61,122,76,45
blue,107,58,51,106,14,88,130,94,9,148
blue,115,38,56,106,100,22,107,23,76,111
red,112,65,151,76,45,90,60,155,54,80
red,0,38,120,50,70,110,86,148,76,139
red,36,141,26,76,45,137,134,121,63,70
red,88,102,159,51,70,31,125,144,69,80
red,0,86,6,17,53,107,38,121,9,128
red,0,86,121,95,74,35,40,124,29,100
red,151,61,87,8,71,74,23,150,50,93
red,91,23,158,17,70,137,94,148,51,154
blue,74,23,122,136,128,36,125,138,24,80
blue,115,23,143,49,119,131,58,1,17,160
red,0,13,121,54,76,9,124,3,51,4
red,107,23,142,17,128,0,146,121,9,53
red,103,142,121,156,100,0,23,19,51,110
red,22,13,136,51,15,103,111,120,50,153
red,47,40,63,51,12,137,13,81,76,119
red,103,13,136,17,12,31,154,150,8,5
red,103,13,23,116,5,22,61,73,17,53
red,31,13,159,69,153,103,145,11,129,53
red,92,46,131,137,45,105,86,53,29,128
blue,62,142,19,51,119,114,117,151,76,109
blue,19,84,121,76,53,0,92,144,136,70
blue,127,111,56,24,79,59,125,140,76,5
blue,22,13,138,17,71,123,92,1,49,53
red,0,84,151,49,108,18,38,56,76,14
red,37,145,3,8,128,0,92,158,133,100
blue,119,125,55,8,128,114,86,56,50,45
red,35,124,3,133,70,131,84,63,137,158
blue,37,94,121,29,119,25,13,6,76,96
red,37,60,159,76,45,0,155,11,9,70
red,78,155,150,51,45,88,149,89,29,153
red,110,77,1,51,80,78,27,125,76,4
blue,74,86,144,49,53,78,30,155,51,119
red,78,13,34,51,82,38,75,32,69,80
red,31,46,6,133,93,78,125,69,147,160
red,78,125,6,51,70,47,94,23,133,100
red,107,98,125,49,71,78,30,3,17,5
blue,78,60,2,137,53,31,88,68,51,70
red,47,26,43,147,74,78,84,150,24,93
red,78,97,121,136,70,115,30,120,9,108
blue,78,142,121,76,45,110,107,155,52,108
red,31,125,121,133,118,78,155,124,69,80
blue,110,26,121,9,16,78,38,120,52,5
red,78,97,151,50,128,121,115,94,9,79
red,78,102,151,116,80,90,141,136,85,119
red,90,75,1,17,126,78,107,64,69,80
red,78,60,140,136,71,123,134,122,17,66
blue,78,46,121,106,5,91,86,143,9,126
blue,35,142,55,9,70,36,141,109,29,53
blue,83,130,26,17,79,35,145,124,76,119
blue,22,84,43,17,108,103,142,1,29,12
red,18,13,56,147,99,90,40,23,52,4
red,81,142,151,106,14,0,58,56,133,80
blue,151,38,54,51,74,0,23,56,76,12
blue,103,38,121,52,15,74,60,56,49,128
red,0,44,56,136,9,31,28,1,129,82
red,53,58,94,54,80,74,40,55,3,12
blue,115,38,143,24,80,74,111,37,8,128
blue,0,107,151,120,80,31,134,53,9,119
red,137,98,89,51,119,19,58,151,76,153
red,139,58,120,63,70,134,91,81,51,80
red,159,130,121,116,153,34,40,1,76,5
blue,103,111,41,69,128,0,67,121,51,80
red,103,44,155,17,71,135,98,56,29,53
red,77,13,136,76,46,31,38,1,17,53
blue,107,134,89,9,53,22,130,138,116,45
blue,90,130,121,50,126,0,58,132,116,119
blue,42,60,129,109,82,112,54,94,121,128
blue,2,58,1,51,45,154,134,3,137,70
blue,110,67,20,116,70,88,40,136,137,4
blue,103,27,159,17,71,74,75,144,51,82
blue,112,60,121,137,14,34,40,53,106,148
red,18,98,68,147,12,90,13,56,51,99
red,90,39,56,17,93,18,84,155,76,70
red,18,54,91,29,53,90,13,143,51,12
red,0,124,150,17,119,137,54,121,136,153
red,90,38,71,17,109,0,54,3,51,70
red,43,30,89,49,108,31,149,140,51,45
blue,115,38,143,52,100,110,67,150,76,158
blue,151,88,2,51,14,101,74,121,150,153
blue,72,13,143,8,12,151,92,2,29,66
red,0,61,55,76,70,47,38,121,116,158
red,127,98,155,50,80,35,92,89,116,118
blue,90,40,121,17,53,0,130,132,69,133
red,35,98,36,85,53,37,91,89,8,109
blue,0,46,140,133,70,72,38,122,49,14
red,103,146,94,76,70,31,61,1,138,66
red,103,13,1,51,70,119,23,122,69,80
blue,104,13,131,51,74,47,145,55,9,110
red,43,92,2,133,119,31,27,11,29,53
red,31,61,121,50,45,77,65,132,29,153
red,88,125,68,17,128,103,102,2,133,100
red,22,23,19,17,158,31,38,136,49,148
blue,114,107,129,63,70,103,134,121,17,45
blue,18,98,143,129,91,19,142,140,17,109
red,31,65,56,17,45,22,142,121,106,100
blue,22,98,111,51,16,103,65,121,106,126
blue,18,30,3,106,158,0,27,121,137,118
red,0,75,136,137,70,34,26,138,52,126
red,88,27,68,24,100,18,23,89,17,118
blue,48,98,143,51,16,151,27,64,17,128
red,75,26,151,51,82,72,141,121,52,66
red,152,142,151,76,70,47,87,72,17,71
blue,131,40,140,51,53,72,67,150,137,70
blue,22,26,33,133,70,90,60,159,106,153
red,39,124,151,137,93,0,67,121,51,16
blue,47,124,150,9,108,59,125,140,76,100
blue,36,74,121,51,93,37,13,151,76,53
red,0,102,121,24,93,107,149,2,29,153
red,22,87,69,19,159,151,84,55,17,93
blue,0,58,121,76,45,62,102,94,157,70
blue,31,61,121,17,12,43,111,144,51,53
red,47,87,57,133,70,18,65,71,29,153
blue,107,61,151,116,82,57,13,64,137,148
red,90,46,159,17,96,0,78,1,85,12
red,151,79,0,109,108,154,78,101,17,100
blue,115,38,120,9,70,22,40,6,106,66
red,31,84,157,9,12,35,145,56,129,93
blue,90,141,121,136,96,22,27,151,52,74
blue,88,154,32,147,99,35,142,2,138,100
red,47,98,121,8,4,90,40,132,51,91
red,0,86,132,61,71,62,107,55,29,53
blue,36,60,121,17,158,35,142,78,76,70
blue,0,91,55,106,12,35,84,151,133,158
blue,115,155,1,137,70,91,149,73,17,158
red,22,87,125,49,158,152,46,32,129,120
blue,53,65,143,69,80,115,40,57,50,89
blue,151,149,19,133,82,35,38,121,85,153
blue,62,23,69,29,45,90,142,140,129,96
blue,102,26,139,20,108,0,30,125,76,74
blue,22,27,3,29,119,34,23,81,9,153
red,31,87,89,17,45,131,134,140,69,158
blue,34,65,2,51,45,18,58,143,69,128
blue,151,54,94,137,53,47,141,72,49,12
blue,37,13,55,76,4,112,58,121,24,9
blue,88,26,121,136,53,37,13,140,8,44
red,37,92,155,50,96,103,61,140,133,100
blue,72,142,55,63,82,127,26,94,69,80
red,112,54,94,29,80,90,40,144,8,45
red,104,65,43,8,53,91,130,33,158,17
red,39,58,94,29,118,37,38,2,17,108
blue,31,102,157,49,158,2,46,94,51,148
red,22,86,33,51,15,75,142,144,9,153
blue,22,58,121,51,108,151,117,144,76,79
blue,114,46,150,51,16,2,74,151,29,82
red,0,13,143,51,45,18,61,57,69,80
blue,44,38,94,29,66,62,92,136,54,82
blue,31,46,140,63,70,91,37,155,49,93
red,97,23,91,51,82,112,75,89,50,126
red,35,38,68,50,128,112,134,143,17,119
blue,130,142,144,106,82,120,87,155,17,99
blue,146,30,110,49,96,57,40,54,51,93
red,0,65,2,76,53,90,26,143,49,128
blue,137,61,59,51,82,37,155,143,24,53
blue,90,91,64,29,100,150,67,155,17,71
blue,59,117,155,8,119,0,134,89,29,53
red,42,130,143,136,70,25,97,1,17,53
blue,103,38,1,150,96,95,145,121,76,79
red,34,13,121,17,53,35,142,143,9,128
red,72,13,19,9,70,74,38,121,69,12
red,36,145,64,17,153,31,117,109,29,158
blue,0,40,124,137,5,22,141,121,17,53
blue,120,40,151,116,139,0,149,121,9,158
blue,34,27,144,76,71,43,61,121,51,108
red,43,13,55,76,14,150,38,32,133,153
blue,112,13,139,49,158,18,97,55,29,119
blue,35,75,11,133,45,43,54,94,29,80
blue,59,40,150,51,46,127,38,33,29,4
red,35,58,150,136,15,78,60,151,8,66
blue,92,75,56,49,153,78,65,157,17,82
red,34,141,89,85,45,101,67,150,116,128
blue,0,141,32,17,79,59,75,122,76,118
blue,101,145,143,116,91,0,111,148,109,100
blue,103,38,143,109,9,22,130,1,17,71
red,59,92,55,51,82,18,130,132,17,71
red,47,13,109,120,93,18,141,32,8,12
red,88,142,121,76,4,78,130,68,150,128
blue,31,111,68,51,93,78,141,143,136,14
blue,31,94,64,116,71,45,111,120,17,53
red,78,154,3,85,6,127,77,139,17,53
blue,34,27,140,29,108,90,84,151,49,53
blue,34,107,121,17,119,43,84,151,116,53
blue,0,13,121,51,14,54,77,35,17,6
red,0,13,148,17,12,101,125,2,51,41
red,47,27,151,29,128,31,13,140,76,16
blue,137,38,122,29,153,107,46,56,85,119
red,90,13,157,49,108,9,60,159,76,128
blue,90,40,136,116,158,103,13,121,9,82
red,151,84,157,129,100,0,125,26,133,53
red,74,60,3,54,80,77,38,83,49,148
blue,144,134,34,85,153,110,78,2,76,118
red,151,142,55,9,70,22,60,121,24,133
blue,151,67,0,85,14,103,154,133,109,148
blue,0,28,121,106,100,31,94,41,51,93
blue,62,78,157,76,118,22,27,6,137,45
blue,107,40,121,106,66,0,88,68,76,108
blue,110,61,64,157,12,3,46,140,76,45
red,137,54,42,49,82,103,134,121,69,80
blue,72,40,101,49,148,31,27,151,9,45
blue,0,65,121,76,96,43,38,21,116,126
blue,78,38,143,17,53,20,58,89,51,93
red,18,46,121,76,93,114,58,38,29,16
blue,25,94,120,76,53,18,38,143,17,109
blue,37,75,104,17,82,38,77,1,136,96
blue,97,38,140,51,45,131,130,148,49,64
red,90,46,150,63,37,151,84,121,106,74
red,81,149,10,51,74,0,27,136,76,82
blue,72,87,143,24,45,38,65,121,76,9
blue,47,28,125,24,96,104,38,6,29,53
blue,19,67,150,129,81,110,38,91,138,128
blue,37,142,3,24,128,0,38,121,29,126
red,81,102,56,76,70,34,38,155,109,71
red,101,111,41,51,93,18,113,64,29,148
red,0,38,138,51,126,43,124,41,52,5
red,48,46,32,9,5,112,40,2,24,53
blue,0,146,139,76,118,90,38,143,29,5
blue,85,98,121,138,45,22,102,1,29,9
red,83,40,6,8,45,127,75,158,49,128
red,22,98,89,29,45,90,40,11,76,82
blue,113,38,73,29,45,59,61,159,50,82
blue,0,134,132,51,108,40,149,2,133,70
red,31,40,89,29,153,38,111,23,129,82
red,112,46,143,63,70,39,13,120,8,128
blue,78,13,64,76,100,146,130,89,29,96
blue,78,38,155,76,118,0,111,94,29,9
blue,0,54,155,29,45,3,60,159,8,66
red,110,155,104,49,76,19,142,101,51,158
red,113,46,143,50,128,39,38,121,29,12
red,59,111,104,29,12,22,102,26,51,93
red,48,146,121,49,109,39,58,43,61,118
red,137,54,151,52,14,89,149,22,17,53
blue,35,46,73,116,100,101,13,26,29,12
blue,31,87,124,76,53,74,40,143,29,128
blue,151,65,1,76,14,78,142,121,29,53
red,22,46,121,133,70,77,26,19,147,100
red,114,46,64,106,82,0,87,157,17,16
red,6,74,1,129,45,35,23,136,51,66
red,103,13,33,51,110,0,94,159,106,82
red,81,74,140,9,80,36,65,150,51,70
red,155,84,43,52,128,3,60,89,69,12
blue,114,98,43,157,64,104,134,49,51,82
blue,107,65,11,9,82,103,58,3,129,79
blue,110,61,89,106,82,123,65,1,51,126
red,103,26,125,29,153,77,23,150,137,53
red,103,84,155,137,45,113,46,37,8,5
red,103,54,155,69,53,110,38,55,76,153
red,135,26,133,63,70,103,44,121,17,16
red,43,58,64,129,9,103,84,65,51,109
blue,103,98,121,85,108,112,38,11,137,119
red,103,134,154,9,14,36,13,144,29,108
red,41,111,103,133,70,115,38,143,76,158
red,103,84,11,106,82,92,98,143,137,70
blue,103,61,104,109,108,18,54,151,136,82
blue,103,124,144,17,53,131,149,21,129,82
red,145,40,159,133,45,103,60,121,9,70
blue,146,111,125,76,93,103,102,120,9,12
blue,103,142,26,116,148,19,58,155,106,82
blue,103,38,121,106,82,0,130,143,69,70
red,22,38,93,24,80,110,124,55,76,82
red,22,58,1,69,153,151,46,159,63,70
blue,22,23,151,29,53,25,58,2,116,45
red,39,58,74,76,93,117,134,160,51,128
red,74,87,1,69,80,47,86,55,63,15
blue,107,65,121,116,45,90,54,56,136,119
red,90,146,121,29,153,74,67,147,49,80
blue,22,145,121,76,96,137,146,132,17,80
red,151,141,122,9,80,74,107,140,49,119
blue,18,58,155,51,12,0,26,121,147,79
blue,90,154,143,116,96,62,46,122,51,80
blue,110,105,55,17,71,143,74,122,8,45
red,88,98,122,102,128,107,38,1,24,80
red,101,13,122,49,139,18,142,19,52,120
red,31,13,122,136,118,152,111,1,137,70
red,44,125,121,106,80,101,46,144,147,93
red,74,40,33,76,45,47,60,121,29,12
red,90,23,150,157,45,135,145,121,76,9
red,135,84,121,50,16,0,23,150,9,126
red,57,40,122,29,153,0,146,121,116,6
red,47,98,64,9,6,43,28,54,76,96
red,31,91,122,109,108,107,65,124,17,16
blue,115,98,122,137,71,22,130,139,51,93
blue,131,86,121,129,15,39,65,151,76,81
blue,34,154,23,29,100,3,28,121,76,9
red,31,98,122,49,158,150,125,143,51,80
blue,18,27,121,50,108,31,40,143,29,153
red,81,125,122,137,119,115,141,6,76,118
blue,31,58,0,17,66,102,65,121,150,100
blue,103,27,155,52,66,22,142,64,76,123
red,88,58,121,17,70,74,37,34,87,118
red,103,149,64,50,158,59,54,155,8,96
red,0,142,152,51,93,90,97,6,63,70
blue,101,98,121,150,5,0,149,41,147,14
red,91,141,19,50,100,22,77,136,49,79
blue,151,67,91,8,45,0,88,121,106,128
blue,135,142,122,24,71,127,46,121,49,139
red,90,40,3,133,53,115,141,64,69,9
blue,110,40,121,69,80,0,38,55,17,70
red,22,142,148,76,45,78,46,1,116,12
blue,91,149,143,147,148,144,142,151,52,74
red,35,38,120,76,66,151,130,143,137,9
blue,47,86,148,52,100,151,28,41,29,4
red,90,38,121,17,53,115,23,43,24,158
red,78,141,32,29,9,22,28,155,8,80
red,22,98,136,133,119,48,38,19,51,153
blue,22,40,55,106,9,39,38,32,50,96
blue,43,102,7,51,93,0,23,21,17,53
red,107,65,2,17,79,90,154,1,129,53
red,90,125,144,133,153,22,47,73,136,108
red,22,107,39,158,108,0,67,150,156,93
blue,22,111,138,29,45,131,65,122,116,70
blue,59,75,19,17,5,22,37,55,29,12
blue,22,154,121,29,53,110,40,55,76,158
red,35,124,125,129,4,110,40,121,51,100
red,22,130,2,106,5,25,142,143,116,15
blue,35,102,155,109,45,47,23,19,129,14
blue,103,46,32,109,128,22,141,64,17,123
blue,151,75,155,51,128,0,38,119,17,82
blue,0,141,125,136,53,90,98,140,76,82
red,90,124,150,50,119,47,98,56,147,100
blue,90,102,121,76,45,158,130,23,106,82
blue,90,65,121,51,14,0,149,19,109,82
blue,90,98,56,143,118,35,142,3,137,119
red,127,77,122,51,14,74,92,2,85,16
red,48,13,140,76,71,137,87,1,24,128
red,0,154,7,106,120,103,46,121,8,45
red,90,88,148,29,53,31,86,2,17,45
red,78,86,94,76,93,0,60,139,17,108
red,0,65,109,106,91,34,125,121,29,133
red,22,111,155,76,139,112,84,151,17,96
red,0,145,32,52,160,22,134,144,106,140
red,74,40,143,106,158,35,78,159,63,70
blue,22,102,56,54,80,90,58,11,29,153
blue,90,65,19,69,46,18,23,150,17,45
blue,90,65,143,52,70,72,145,129,24,12
blue,43,145,121,52,100,36,60,19,76,120
red,35,30,120,76,66,22,134,73,116,12
blue,103,75,120,19,82,22,38,81,71,16
blue,112,38,136,49,100,74,145,121,51,53
blue,150,26,23,17,109,78,98,83,76,108
red,152,30,143,17,53,110,87,64,76,80
blue,72,145,140,116,53,0,87,56,50,70
red,131,145,159,17,45,22,28,125,29,53
red,135,46,68,76,119,74,40,0,137,12
blue,22,28,154,76,158,48,145,56,29,80
red,74,58,6,76,93,0,145,109,51,5
red,53,86,37,50,70,88,125,143,116,100
red,103,30,55,63,70,110,111,144,51,9
red,6,13,121,69,9,90,40,89,52,12
red,31,30,125,22,119,72,38,148,51,45
blue,18,86,7,51,9,90,134,140,17,100
red,22,134,140,17,4,115,154,150,106,99
red,31,54,2,76,41,134,30,1,17,108
blue,78,65,151,29,153,39,86,121,24,108
red,78,86,1,76,6,18,38,2,24,128
red,20,23,150,76,45,112,130,140,136,9
red,107,102,120,29,53,115,30,1,76,119
blue,18,92,138,61,80,115,44,1,106,91
red,18,38,139,51,16,36,58,6,76,119
blue,24,126,121,29,53,35,125,143,147,119
red,19,92,151,24,53,3,134,55,106,82
red,151,92,1,9,109,123,130,121,17,53
blue,151,77,1,136,41,115,28,155,51,5
red,110,13,2,51,66,90,134,151,52,121
red,112,125,64,52,96,107,98,32,51,82
blue,48,23,32,8,108,22,84,1,17,71
red,18,54,122,76,80,47,65,159,17,71
red,31,91,132,106,160,59,98,159,76,46
blue,34,75,2,129,93,31,13,159,17,71
blue,77,13,56,106,81,0,65,73,52,70
red,18,61,144,49,108,47,145,73,29,53
red,90,107,55,17,100,88,102,56,29,81
blue,31,58,138,129,159,36,154,151,49,45
blue,152,60,56,24,5,114,141,55,29,53
blue,74,125,96,24,82,103,107,155,54,119
red,0,28,26,133,158,101,107,55,129,100
red,103,30,90,116,45,22,84,1,24,108
blue,57,46,55,24,158,0,38,143,109,45
blue,78,146,94,129,81,151,74,6,51,59
red,22,102,143,8,70,69,94,89,76,128
blue,43,23,109,51,80,0,60,2,41,99
red,0,130,124,69,80,90,86,21,29,53
blue,41,40,151,116,93,34,130,144,129,5
blue,145,23,143,29,12,43,46,56,106,99
red,110,60,71,8,100,103,61,143,76,5
blue,73,38,26,8,70,151,44,3,41,5
blue,18,38,140,9,82,43,65,120,17,139
blue,74,77,150,109,158,78,141,94,41,100
blue,121,92,6,17,12,36,75,53,106,82
red,111,40,121,51,96,137,149,55,76,158
red,146,88,3,17,71,151,130,124,8,96
blue,37,65,140,8,70,22,40,2,106,96
red,90,142,121,49,96,101,13,140,147,148
blue,35,61,1,29,96,88,28,69,138,53
red,69,38,143,17,96,0,146,121,147,80
red,0,61,136,137,100,36,84,3,52,96
blue,101,86,121,147,93,72,124,150,136,96
blue,6,38,55,17,45,43,23,155,69,80
red,48,134,155,93,54,34,98,89,147,128
blue,0,65,89,147,15,158,27,155,95,80
red,39,125,155,50,45,90,60,143,51,119
blue,78,44,155,29,15,18,142,157,116,53
red,18,74,19,76,128,114,155,122,51,53
red,43,130,89,17,119,112,154,2,76,53
blue,107,91,139,24,53,35,38,1,8,79
blue,43,13,157,8,45,0,26,53,9,108
red,0,98,68,9,66,37,92,142,76,119
blue,36,28,2,76,5,74,60,55,8,128
red,104,98,33,76,53,31,61,2,109,15
red,22,124,151,76,158,91,46,121,109,153
red,2,87,151,17,53,112,30,142,129,45
red,137,67,151,133,70,31,60,143,9,82
blue,107,141,159,17,139,110,30,56,29,45
blue,103,104,26,17,70,74,60,89,29,53
red,18,13,121,76,128,65,97,2,116,148
red,31,67,155,49,96,18,125,121,76,37
blue,22,102,64,17,71,18,141,2,150,108
blue,131,154,150,17,6,18,130,19,29,12
blue,36,86,26,29,70,47,84,155,24,80
blue,18,46,140,137,70,112,102,64,109,80
blue,18,46,19,9,6,47,98,159,136,80
blue,18,149,137,29,121,0,38,132,17,96
blue,18,142,140,29,53,92,130,11,8,128
blue,36,142,148,17,53,41,130,135,137,93
blue,18,75,0,24,53,88,125,109,49,108
red,22,38,73,51,4,115,40,158,17,109
red,3,98,1,51,5,59,54,155,95,70
red,39,60,1,17,45,112,38,89,51,133
blue,77,107,24,106,5,110,58,144,17,80
red,103,40,136,17,128,146,107,71,76,53
blue,0,23,69,17,80,90,98,1,24,45
blue,47,87,94,9,70,36,74,138,54,100
blue,150,134,43,50,70,78,61,23,17,53
red,91,61,157,17,45,151,23,1,129,70
blue,114,60,129,49,139,35,107,124,76,9
red,145,61,2,17,53,22,124,43,116,70
blue,74,38,109,17,158,59,58,95,129,70
blue,31,38,6,50,80,35,61,144,106,5
red,91,30,64,51,99,74,38,140,69,153
red,92,154,143,49,139,43,102,121,106,99
red,127,38,155,17,158,31,40,59,133,70
red,22,27,93,51,53,90,98,140,50,70
blue,101,115,64,17,108,62,38,53,9,45
red,142,84,109,9,45,38,65,151,144,14
red,145,94,19,129,120,62,23,122,9,93
blue,38,40,33,109,108,77,134,121,69,120
blue,90,102,121,17,96,113,130,150,49,120
blue,110,38,74,109,91,78,13,151,133,70
blue,43,38,26,133,120,62,67,2,106,93
red,90,38,3,9,70,0,91,105,8,16
red,0,67,151,9,120,103,130,57,17,128
blue,103,27,159,50,128,0,58,64,17,45
red,114,142,56,24,153,0,98,121,106,100
blue,20,84,106,17,109,36,142,55,76,119
blue,151,54,143,50,45,47,65,1,133,70
red,20,97,2,133,70,144,145,155,137,158
red,115,142,6,9,45,103,107,55,51,70
blue,103,38,1,116,5,74,23,140,133,120
red,0,87,120,158,108,31,23,91,24,128
blue,47,46,26,29,128,91,142,114,9,70
blue,42,102,158,106,66,110,58,98,69,53
blue,113,142,143,52,100,74,38,89,24,119
blue,57,92,26,49,96,83,38,64,52,128
red,88,30,56,52,128,114,13,19,29,119
red,72,54,64,76,93,137,40,121,9,12
red,107,58,140,136,53,150,130,121,51,66
red,47,111,69,76,153,137,46,121,52,5
blue,107,141,140,76,158,151,38,121,49,139
red,90,61,1,29,70,103,98,140,76,12
blue,18,134,11,9,119,103,60,55,17,12
red,0,26,129,136,153,90,13,24,85,99
blue,110,102,26,133,66,22,38,56,139,93
red,72,61,140,133,14,0,13,139,150,53
red,35,28,140,49,3,78,40,159,9,119
blue,0,38,2,49,108,151,60,140,6,154
blue,36,28,1,8,91,18,86,26,17,45
red,88,65,1,29,53,90,13,121,24,82
blue,144,60,65,17,53,26,77,124,24,45
blue,37,87,43,17,53,47,38,138,51,148
blue,90,113,69,137,70,35,54,155,136,93
blue,34,40,2,51,66,31,98,121,17,45
blue,48,40,23,76,153,62,111,38,8,45
red,115,102,74,76,80,123,142,33,50,100
blue,90,38,151,106,93,115,13,11,17,79
red,107,98,21,133,45,101,13,26,17,41
blue,18,87,159,51,14,43,61,1,17,71
blue,31,58,53,63,70,0,30,124,24,158
red,90,46,71,24,158,103,77,151,136,53
blue,90,87,73,137,96,0,141,143,136,154
red,88,13,140,29,119,47,75,104,50,153
red,37,13,19,50,82,0,142,121,147,96
blue,151,65,55,17,159,0,94,19,50,45
red,112,40,64,24,14,101,87,120,136,118
red,135,134,2,129,53,34,46,140,24,74
red,2,65,101,133,126,55,5,90,106,93
blue,47,44,132,133,70,74,75,56,8,5
red,44,54,29,76,74,62,124,104,106,100
blue,101,98,124,51,128,112,40,21,29,158
red,74,23,3,129,100,0,113,143,29,128
red,0,38,105,129,9,3,145,124,76,5
blue,57,60,159,24,14,150,23,125,17,53
red,43,61,19,24,153,110,142,132,17,79
red,151,61,140,29,82,47,124,89,17,53
blue,144,149,62,29,6,115,134,105,17,128
blue,36,46,159,9,30,144,13,89,49,119
red,7,61,120,133,14,90,142,11,52,45
blue,119,155,55,69,80,101,61,64,51,109
blue,136,61,19,106,82,151,58,59,8,15
red,90,61,122,50,70,0,124,150,19,82
blue,131,141,159,50,70,110,61,71,17,53
red,60,61,139,133,153,90,40,34,136,158
red,70,141,56,9,118,34,60,88,24,80
blue,22,154,125,85,71,48,61,57,137,66
blue,103,28,148,24,128,83,155,105,61,100
blue,47,61,111,50,70,34,27,143,129,128
blue,101,60,150,109,100,103,149,71,24,79
blue,31,61,143,51,96,150,86,105,50,124
blue,57,142,105,24,53,110,145,6,29,80
red,103,75,105,69,80,42,54,155,17,81
red,103,87,105,116,153,95,27,34,17,53
red,22,27,105,17,45,0,38,140,76,53
blue,77,46,105,9,70,78,111,151,29,53
blue,152,134,105,63,82,90,40,139,133,148
red,0,141,105,51,76,36,102,6,24,119
blue,146,102,73,8,12,110,27,155,9,100
red,0,23,150,52,5,37,38,155,133,128
red,114,30,129,24,158,125,58,19,17,71
blue,42,38,143,49,53,104,149,155,24,74
red,47,154,155,85,53,74,97,43,24,160
red,103,61,155,17,158,31,58,32,50,100
red,155,28,2,116,93,0,38,32,106,128
blue,22,134,155,54,108,158,60,72,24,41
blue,43,141,138,51,128,114,154,155,137,79
red,123,65,89,76,45,0,54,155,51,158
blue,31,102,2,116,70,74,58,155,133,27
red,134,44,155,24,9,34,145,2,17,80
red,103,134,155,49,80,0,77,1,9,71
blue,36,91,143,9,70,0,54,155,133,45
blue,31,46,155,157,79,22,149,121,76,96
blue,90,75,155,136,41,97,38,140,76,160
red,112,75,55,106,90,18,30,125,63,99
red,42,46,2,76,14,90,26,125,29,79
red,31,60,155,49,15,101,58,143,76,70
blue,47,26,125,76,100,31,75,33,8,108
blue,22,46,158,29,109,47,26,155,136,5
blue,36,75,64,17,71,34,38,94,54,153
red,101,40,1,54,80,110,13,19,17,45
red,150,23,151,51,153,36,38,124,76,119
red,103,58,157,129,126,107,125,148,17,53
red,90,142,68,29,53,18,65,124,147,100
red,48,54,159,76,158,20,65,89,69,53
blue,74,61,1,106,5,123,142,138,76,45
red,31,23,150,50,53,78,46,155,29,153
red,57,94,33,29,82,18,65,121,51,53
red,35,102,120,17,53,101,46,3,109,5
blue,43,23,68,9,5,31,111,150,54,119
blue,146,40,140,76,16,0,28,155,9,160
red,74,142,1,49,53,95,102,31,29,82
blue,22,23,94,17,70,0,142,159,109,14
red,0,97,143,50,14,20,65,53,17,66
red,22,155,121,129,82,90,23,62,9,153
blue,53,61,110,54,100,31,65,119,51,14
red,31,98,121,49,148,146,102,138,24,53
red,88,46,143,29,53,48,67,6,49,9
red,137,27,43,76,74,135,30,143,69,82
blue,110,61,1,139,93,112,40,121,29,53
blue,115,13,159,17,109,91,40,1,106,82
red,103,28,155,17,41,18,107,121,137,16
red,0,60,140,29,119,110,67,159,76,80
blue,31,124,64,106,74,78,60,157,133,12
red,6,102,144,95,96,43,134,155,9,148
blue,62,38,122,29,153,41,61,104,9,14
red,43,67,143,9,12,31,86,140,51,70
blue,152,23,150,24,45,0,141,2,9,53
red,107,58,59,9,66,78,130,155,106,99
red,37,58,151,9,109,103,87,21,8,119
red,18,30,155,9,128,145,65,124,24,53
blue,131,126,157,127,97,6,67,0,9,108
red,110,134,32,129,160,0,23,124,9,133
red,54,77,150,9,80,31,84,34,76,12
blue,6,91,143,63,153,107,145,2,9,54
red,103,28,155,9,74,151,38,26,106,99
red,134,154,21,9,45,35,40,143,106,82
blue,31,38,64,108,15,90,142,6,9,5
blue,134,27,34,156,119,0,65,144,9,76
blue,74,38,0,9,16,90,111,132,24,99
red,43,142,90,116,120,78,141,33,9,15
red,31,102,2,9,66,18,26,3,29,45
red,90,88,143,76,160,35,130,139,9,70
red,22,30,140,50,153,107,40,155,109,118
blue,144,46,104,50,128,22,38,1,9,14
red,110,78,138,50,158,31,46,121,9,45
red,22,134,151,24,12,115,26,143,9,96
blue,113,65,64,76,46,2,102,155,9,100
red,114,88,140,9,108,0,74,136,17,70
blue,145,141,69,76,70,62,26,129,9,96
blue,59,88,94,9,45,121,130,6,17,79
red,22,111,29,9,123,0,149,104,116,119
blue,137,149,1,49,119,103,98,159,9,108
red,39,145,155,9,108,137,74,48,29,126
red,43,74,150,157,100,47,23,71,9,45
red,3,111,43,24,159,37,155,73,9,153
blue,42,58,56,137,70,43,134,2,9,12
blue,152,111,138,9,45,151,75,109,54,128
red,107,54,158,76,99,152,87,136,9,16
blue,90,40,124,9,53,31,102,143,106,82
red,104,130,150,17,11,2,40,148,9,45
red,47,23,150,9,45,0,88,143,29,70
blue,151,13,23,76,119,43,77,121,9,53
blue,57,102,6,9,159,91,23,2,29,80
red,74,84,142,9,100,0,38,79,17,119
blue,6,65,155,9,100,18,60,105,52,109
blue,145,75,37,9,45,137,38,140,150,93
blue,81,65,139,116,109,104,46,53,156,70
red,0,111,23,120,93,22,134,143,51,100
red,101,46,121,120,153,146,23,119,17,128
red,125,102,143,106,82,91,142,56,120,108
blue,31,58,56,8,14,151,23,150,49,160
blue,135,111,138,76,14,35,37,150,51,45
blue,121,40,34,29,15,0,38,68,76,93
blue,62,142,11,133,93,90,44,151,129,80
blue,18,65,37,29,128,22,38,1,129,93
red,31,102,1,139,53,90,98,2,76,14
blue,31,86,120,63,100,22,54,155,147,12
blue,0,84,151,24,14,59,38,93,17,79
red,0,23,72,106,14,137,13,67,76,79
red,142,61,55,24,128,3,5,143,85,70
red,42,40,10,59,108,103,142,132,29,93
red,37,102,120,17,153,95,40,140,24,96
blue,153,75,101,51,82,79,88,18,76,70
blue,90,67,11,51,82,121,13,150,24,100
red,3,87,121,52,14,0,58,148,51,4
red,37,149,11,29,80,0,26,64,8,111
blue,39,58,150,17,159,31,84,83,8,45
red,31,28,6,9,119,22,46,2,50,99
red,35,28,151,9,124,20,26,155,76,80
red,103,28,106,24,108,90,61,151,54,153
blue,46,28,121,49,153,36,154,25,9,108
blue,133,28,3,49,9,59,65,56,17,53
red,36,149,39,17,71,92,40,150,76,53
red,74,58,55,69,153,110,28,143,29,76
blue,110,28,64,129,96,85,84,150,9,109
blue,0,28,144,116,45,107,111,94,129,100
blue,113,28,101,29,153,78,40,1,51,128
blue,18,107,143,133,148,90,26,55,17,53
red,43,5,6,51,100,151,13,64,24,45
blue,74,61,140,137,158,22,28,29,51,119
red,134,13,2,17,108,90,28,151,76,99
blue,88,98,159,76,133,0,146,41,9,12
blue,144,98,155,133,100,112,102,159,49,93
red,0,61,159,29,128,78,38,121,76,12
red,72,149,159,76,70,65,102,150,116,14
red,110,38,159,137,70,77,75,140,133,80
blue,56,46,140,24,80,41,94,159,9,53
blue,88,28,155,17,45,159,102,6,50,9
red,110,125,11,51,9,0,117,159,76,128
blue,94,28,159,137,158,32,65,43,76,71
red,159,102,94,49,153,53,14,155,109,16
blue,22,149,151,116,71,35,27,159,133,70
red,155,40,159,51,74,81,65,150,137,140
red,131,40,159,51,83,0,102,3,138,14
red,106,98,159,129,66,36,92,64,9,108
red,43,149,159,69,158,56,46,144,137,80
blue,0,145,1,29,70,159,111,121,49,96
red,90,111,121,76,9,42,88,159,49,158
blue,135,141,125,54,108,57,28,159,69,80
blue,48,28,155,106,37,25,65,159,129,70
blue,119,60,140,24,12,48,13,159,63,70
red,47,23,159,133,70,150,75,122,9,100
red,144,145,159,9,5,115,13,56,76,53
blue,146,111,125,106,159,133,65,91,9,79
red,31,38,159,76,119,57,65,56,51,93
blue,20,84,94,24,93,95,154,115,11,159
red,47,28,159,76,82,43,60,77,29,96
red,43,27,156,116,153,34,67,159,106,91
red,150,65,159,106,45,0,30,125,49,71
blue,74,75,1,106,80,32,86,159,133,71
blue,110,40,23,17,66,31,142,159,51,82
red,88,142,159,76,119,154,98,32,9,70
blue,92,38,56,34,148,110,75,159,52,53
blue,0,67,143,51,12,110,40,159,133,70
blue,137,60,159,116,80,115,111,140,51,70
red,131,141,56,52,126,57,58,159,41,108
blue,35,134,136,138,79,88,121,159,52,126
blue,91,102,158,50,66,144,23,159,49,93
red,151,5,3,129,45,143,26,159,51,66
red,25,40,159,9,119,112,154,143,29,15
blue,78,117,159,106,45,151,54,71,29,153
blue,151,75,159,17,71,0,142,57,76,82
red,159,78,1,129,96,40,65,143,76,71
blue,2,65,140,29,45,35,77,159,19,5
blue,115,58,89,50,108,135,87,159,137,70
blue,42,67,154,151,71,81,130,38,159,111
blue,22,94,64,137,41,57,97,159,51,7
blue,0,28,150,133,159,42,60,56,116,71
red,37,38,159,24,71,31,130,144,129,15
red,31,40,55,24,159,35,154,52,51,5
red,110,111,159,29,53,43,142,143,17,153
red,22,134,159,76,93,90,107,144,24,70
red,0,13,2,137,71,37,60,33,76,100
red,74,60,71,63,93,37,125,143,116,108
blue,151,98,20,106,153,22,102,26,51,128
blue,0,23,124,133,153,77,67,11,51,66
red,90,38,121,24,71,53,84,144,50,109
red,74,61,71,76,153,103,13,136,52,16
blue,151,84,105,76,4,114,38,64,106,130
blue,34,142,151,51,96,0,58,157,9,93
blue,107,142,143,129,108,31,46,55,116,109
red,62,134,138,9,128,0,75,1,51,100
red,103,111,0,52,139,90,40,64,50,45
red,18,111,129,76,160,0,84,155,49,158
blue,151,40,121,24,128,3,111,132,156,93
red,110,75,158,9,45,0,141,121,8,70
blue,57,28,151,133,70,81,94,144,116,53
blue,31,65,139,8,118,47,154,143,9,45
red,0,38,32,76,128,101,13,120,129,79
red,40,38,120,129,74,88,46,56,76,79
blue,81,13,41,129,70,57,75,121,133,153
red,83,13,121,133,80,31,75,144,17,70
red,0,38,124,17,71,146,149,121,76,96
blue,134,54,142,85,153,101,38,121,116,119
red,104,65,139,49,158,34,92,71,17,70
blue,152,46,144,17,160,123,13,11,9,119
red,152,84,121,133,70,0,40,140,106,82
blue,115,142,57,29,128,152,98,140,137,153
blue,81,38,121,106,158,31,65,73,24,53
blue,81,13,2,8,70,62,40,151,54,108
blue,101,141,144,51,119,151,154,155,116,158
blue,22,46,68,76,9,90,155,159,133,53
red,110,44,2,63,100,0,67,140,9,70
red,31,23,155,51,100,103,40,158,54,12
blue,91,46,111,76,128,74,98,121,116,80
blue,47,54,155,63,80,131,13,19,49,160
blue,90,141,21,29,154,31,142,121,9,82
red,31,27,151,49,80,103,91,89,147,53
red,47,46,33,24,12,59,27,155,69,53
red,81,38,121,29,158,110,75,3,157,70
blue,123,75,94,122,108,62,60,2,51,4
blue,74,142,68,9,119,145,155,1,17,53
red,39,58,55,76,70,0,97,121,49,53
red,74,142,136,116,12,0,38,55,8,79
red,62,65,121,24,119,42,27,43,157,82
red,103,155,121,129,108,113,94,138,133,153
blue,47,58,124,29,108,150,125,155,109,14
red,78,102,70,129,100,74,27,94,61,108
blue,36,26,55,45,116,154,38,151,49,5
blue,114,13,64,9,74,103,23,143,49,108
blue,151,65,144,76,4,97,28,57,85,153
blue,152,134,144,157,108,150,61,121,49,139
red,47,111,132,8,93,101,102,159,133,71
blue,18,46,11,17,148,37,111,94,116,53
blue,146,98,144,51,53,34,111,138,106,128
blue,81,87,39,52,128,88,111,143,51,93
blue,88,84,3,133,70,0,60,78,76,148
red,0,94,121,116,5,98,134,55,133,119
red,36,46,114,109,108,9,65,53,17,148
blue,31,65,11,49,139,0,46,21,17,160
red,18,46,143,50,12,134,61,55,17,53
red,90,65,21,8,119,107,142,120,133,82
blue,18,134,150,54,14,47,124,90,24,45
blue,22,58,56,51,53,0,124,140,24,66
blue,112,38,122,17,70,113,28,159,52,66
red,0,134,121,9,109,22,67,68,51,108
red,39,142,121,51,66,90,130,1,50,93
blue,77,107,143,116,119,74,130,121,29,45
blue,134,125,151,51,70,18,46,56,136,80
blue,0,65,32,29,53,74,46,139,116,120
red,22,87,143,129,70,101,46,41,136,93
blue,90,38,37,17,71,0,84,151,29,45
red,35,98,120,133,93,34,97,124,54,66
red,101,92,1,76,53,47,111,69,109,82
red,53,98,143,76,119,0,154,11,24,153
red,34,149,143,56,70,18,38,158,29,53
blue,34,111,136,123,108,72,135,143,17,4
blue,134,58,140,24,45,35,98,158,133,74
red,115,92,56,69,80,35,142,11,8,128
red,47,125,121,69,80,35,37,20,133,70
red,88,84,121,24,53,81,60,26,76,45
red,18,13,33,76,41,90,154,151,50,70
red,90,61,2,24,53,18,149,124,29,158
red,25,40,132,52,5,59,77,79,8,119
red,127,65,151,133,82,54,5,51,24,16
red,74,13,151,109,12,57,75,150,106,71
red,59,61,109,17,70,43,37,131,8,53
red,62,38,138,17,100,47,46,1,54,153
blue,31,38,11,120,108,151,46,143,29,45
blue,53,40,32,76,153,0,13,89,144,100
red,114,58,71,9,16,18,40,151,76,153
red,37,27,65,29,80,144,142,94,76,118
red,142,13,54,50,118,42,149,151,9,53
blue,48,145,148,137,93,90,125,54,29,153
blue,18,154,55,29,109,34,46,139,50,160
blue,36,91,120,106,71,144,145,125,156,70
blue,53,30,151,49,119,18,23,34,116,118
red,22,28,94,29,53,152,38,91,54,126
red,150,91,2,69,80,152,84,43,29,53
red,90,23,43,17,79,81,154,121,116,119
blue,42,87,2,129,70,131,77,26,24,148
blue,0,65,121,138,4,24,94,1,29,93
red,25,141,143,24,70,47,146,104,17,53
blue,37,130,157,76,9,78,58,140,129,99
red,20,65,1,49,110,53,142,140,8,4
blue,90,23,150,8,70,74,38,148,106,93
red,31,154,144,147,96,114,146,151,76,45
red,0,38,3,138,82,22,84,142,116,158
red,18,87,55,51,110,88,98,26,24,53
red,107,28,143,50,81,22,37,105,137,45
red,101,141,56,129,160,36,61,138,51,53
blue,101,46,26,9,14,47,134,57,17,71
blue,22,84,71,17,158,25,111,55,76,45
red,0,57,114,109,118,22,154,56,116,153
red,62,40,56,50,128,22,27,151,51,110
blue,18,30,155,51,96,103,23,150,29,108
red,154,65,41,129,74,3,102,55,9,70
red,101,74,121,133,82,47,38,143,50,100
blue,22,38,26,129,100,57,58,121,17,148
blue,101,145,7,69,66,90,84,94,24,109
red,57,111,110,17,70,115,27,43,133,80
red,31,60,121,51,5,130,154,136,52,70
red,90,84,120,116,70,0,142,144,76,45
red,36,145,94,24,109,48,65,55,116,108
red,0,124,94,29,15,62,38,158,51,80
blue,0,38,140,69,80,103,77,155,51,45
red,110,154,11,8,70,31,107,143,51,128
blue,53,97,121,24,71,3,65,37,133,128
red,152,146,73,24,99,59,87,3,69,80
blue,0,54,121,116,70,150,23,138,69,82
red,34,58,1,52,158,150,107,121,9,108
blue,74,130,143,9,12,35,97,121,129,5
red,22,134,26,17,80,48,141,11,51,9
blue,48,13,54,156,91,114,38,143,8,70
blue,38,13,138,63,158,34,98,122,8,70
blue,110,75,89,9,128,37,44,155,17,96
blue,47,107,23,76,53,36,141,26,8,45
blue,47,107,56,61,128,114,146,121,24,82
blue,74,37,121,49,93,18,84,148,51,96
red,18,107,79,133,14,90,67,122,51,128
blue,112,134,43,69,80,135,58,2,129,153
red,22,60,2,51,12,90,65,43,106,4
red,123,94,73,147,45,41,38,155,54,153
blue,110,154,105,17,80,112,125,73,29,160
red,90,84,41,51,45,22,111,21,137,136
blue,43,84,129,24,53,119,28,111,29,108
red,0,154,73,150,53,112,130,136,129,14
blue,31,67,155,150,82,57,117,124,76,9
red,31,134,71,29,53,78,60,151,17,110
red,74,60,57,17,70,107,30,94,29,53
blue,137,75,155,106,80,90,102,2,136,45
blue,112,40,143,76,158,90,58,155,54,12
blue,81,75,94,116,9,90,28,157,17,70
blue,90,65,139,133,53,22,107,19,106,99
red,90,23,29,17,45,18,65,1,76,148
blue,112,65,159,24,45,90,38,136,49,12
red,22,87,136,129,100,0,65,140,76,12
red,31,87,73,129,100,35,117,121,137,118
red,43,130,143,129,100,152,60,57,8,159
blue,141,60,143,137,153,77,142,55,49,45
red,35,141,122,52,99,77,65,56,133,12
blue,0,26,140,29,45,77,98,143,17,71
red,22,60,109,116,119,107,86,159,24,45
blue,0,40,11,85,45,107,58,23,8,118
red,18,102,3,54,118,13,58,19,106,119
blue,36,54,159,50,70,22,97,158,147,118
red,22,23,129,50,80,101,40,19,17,158
red,59,145,159,24,153,0,125,129,133,158
red,110,75,121,76,99,135,26,150,9,158
red,37,58,157,116,80,78,94,151,76,53
blue,83,13,68,69,109,0,97,155,24,53
red,152,142,1,49,53,83,75,138,51,70
red,38,60,3,17,53,31,28,55,69,80
red,18,75,89,49,64,151,58,1,8,70
red,37,54,155,69,53,0,65,105,116,4
blue,90,155,143,24,126,18,23,3,8,70
blue,18,130,148,51,108,34,30,19,76,99
blue,110,49,56,9,109,77,104,68,158,108
blue,110,141,11,9,53,90,65,7,17,79
red,77,60,34,54,109,107,111,159,17,71
blue,83,134,110,51,80,72,13,32,106,4
blue,22,92,120,29,53,18,141,143,116,12
blue,90,65,1,17,45,74,86,143,29,53
red,19,111,26,17,119,90,86,43,49,148
blue,2,86,150,24,82,0,145,144,29,159
red,91,86,105,150,93,47,84,55,69,82
red,43,86,55,69,128,72,111,6,29,45
red,74,142,124,136,93,20,86,143,17,79
blue,74,142,55,9,70,0,86,89,24,66
red,31,86,56,52,16,131,154,11,69,14
red,114,67,151,63,70,112,86,26,133,15
blue,110,91,72,133,100,123,86,139,76,12
red,144,13,3,8,96,90,86,150,133,100
blue,90,86,121,17,45,74,58,143,76,14
red,115,141,159,51,82,0,40,64,73,153
blue,90,86,159,29,154,0,141,1,17,119
blue,3,30,121,106,82,107,38,1,17,100
blue,22,38,89,51,108,0,84,11,133,71
red,90,58,1,51,99,62,102,139,53,93
blue,62,38,1,29,158,134,60,159,17,139
red,104,13,121,50,45,21,28,101,106,120
red,31,145,21,106,118,151,30,150,78,70
red,103,46,1,69,80,101,13,150,24,5
blue,34,54,89,50,158,3,98,159,76,153
blue,115,125,73,54,80,114,92,109,129,128
blue,47,154,144,156,45,103,44,56,110,108
blue,22,86,143,29,45,35,38,32,9,119
red,0,149,143,17,45,31,124,151,129,128
blue,35,23,136,106,96,110,142,56,17,53
red,36,130,144,129,66,101,5,1,116,121
blue,47,65,155,116,160,35,142,71,76,12
blue,144,26,155,133,12,135,67,48,29,96
blue,39,102,56,17,12,36,46,144,24,93
red,35,145,124,69,99,37,130,121,76,153
red,37,75,6,116,80,18,67,3,129,70
blue,146,86,53,76,9,110,111,37,109,30
blue,90,58,56,150,53,18,87,155,120,126
blue,47,30,94,51,12,112,125,56,95,124
red,18,74,144,24,53,123,142,2,106,96
red,22,40,139,106,119,103,13,121,76,96
blue,127,111,109,147,53,104,38,105,133,108
red,0,30,155,24,93,110,84,124,76,96
blue,62,98,121,76,9,78,38,94,109,80
blue,90,154,94,15,128,123,23,150,8,74
red,37,13,143,17,53,103,75,19,8,128
red,106,84,121,17,14,31,60,139,129,128
blue,114,155,132,116,53,134,77,2,50,45
red,78,94,124,17,79,25,141,2,106,82
red,0,65,2,51,53,31,26,94,17,9
red,104,61,2,29,16,43,152,57,116,14
red,114,134,136,51,91,25,38,26,17,128
red,20,38,11,133,66,47,54,93,24,89
red,3,60,124,52,45,103,77,159,116,53
blue,25,67,64,24,70,18,92,55,106,5
blue,74,77,23,9,12,90,113,151,144,100
red,18,75,120,9,99,0,27,3,136,53
red,103,13,1,156,153,25,142,138,116,70
blue,78,92,151,133,70,135,46,11,76,128
red,22,40,143,116,53,78,88,121,76,153
red,74,58,2,136,9,39,125,129,76,99
blue,81,65,101,8,53,22,61,56,49,45
blue,123,58,120,9,45,57,40,68,17,53
blue,0,58,121,136,158,88,26,19,17,12
blue,0,5,89,116,70,93,84,20,61,45
red,81,46,150,106,128,103,26,64,52,16
blue,97,145,64,49,108,110,38,122,106,99
red,34,46,11,17,93,22,141,71,116,153
red,36,54,3,137,93,48,46,143,136,5
blue,34,23,150,147,153,90,38,132,51,99
red,22,75,159,76,70,90,23,33,106,82
red,18,44,121,76,109,90,60,136,17,158
blue,22,65,55,76,53,36,134,143,49,12
blue,110,26,155,95,70,22,74,6,49,148
red,127,130,138,17,12,72,60,143,76,119
red,127,27,43,51,100,103,46,68,29,82
red,127,154,121,51,9,74,40,19,147,158
blue,18,67,109,29,66,127,40,56,24,82
blue,127,40,78,49,93,22,46,143,133,160
blue,39,26,151,76,70,127,155,132,17,53
blue,127,154,151,147,96,123,13,144,9,109
red,18,87,105,29,93,127,92,3,69,80
blue,135,98,139,52,82,127,46,120,24,93
blue,110,125,143,76,41,127,154,151,24,119
red,104,111,1,116,70,19,13,20,76,108
blue,130,142,159,17,148,36,113,33,51,100
blue,36,134,121,129,100,131,58,122,50,70
blue,103,58,143,137,45,35,130,124,29,12
blue,130,38,11,76,99,127,46,81,51,45
red,57,92,1,51,93,62,61,159,76,45
blue,31,65,121,24,45,19,26,43,133,93
blue,19,130,158,51,53,3,38,140,49,12
blue,2,58,23,51,53,54,142,125,76,45
blue,43,94,54,51,33,9,111,121,133,153
blue,0,38,32,17,93,151,26,2,51,71
red,137,146,37,51,71,22,65,64,8,119
blue,90,40,2,156,70,131,13,64,133,80
red,74,40,71,106,153,137,75,2,76,5
blue,123,46,20,116,119,0,142,6,17,45
blue,123,78,155,51,82,0,13,120,24,4
red,74,111,104,51,99,115,133,84,137,92
red,90,46,19,49,12,36,124,120,129,70
blue,34,13,2,51,80,134,23,104,8,3
red,18,84,26,129,133,59,58,43,76,81
blue,112,149,33,51,90,146,44,137,17,4
blue,0,27,71,76,3,103,23,150,17,12
red,112,134,143,116,70,114,38,89,150,108
blue,90,134,43,137,110,18,154,73,8,4
red,22,23,20,150,82,151,27,56,17,66
blue,0,155,139,137,93,112,40,158,29,12
blue,47,54,125,17,53,35,67,158,51,93
blue,31,126,32,51,128,22,40,33,29,45
red,110,38,68,51,82,57,46,89,76,66
red,110,40,2,76,80,134,130,143,156,153
blue,123,134,121,51,119,74,38,78,137,128
red,114,61,121,76,5,123,38,55,29,15
red,18,65,121,29,119,123,141,64,106,82
red,123,60,26,17,53,90,61,151,29,9
red,22,26,56,29,118,35,38,126,8,12
red,22,98,55,116,100,151,30,90,137,118
blue,114,65,26,133,70,121,60,120,76,45
red,110,65,11,106,128,31,154,155,24,111
blue,114,65,143,147,45,34,13,53,51,5
red,3,37,31,129,128,0,40,11,51,79
blue,36,98,121,29,153,0,37,151,76,53
red,22,60,143,133,30,62,86,21,17,71
red,31,40,1,51,158,0,37,159,76,96
red,3,60,11,51,64,83,65,55,116,128
blue,3,142,73,8,79,11,130,64,29,45
red,31,58,143,29,71,47,40,124,109,9
red,114,84,48,76,4,0,58,11,129,74
red,0,40,143,85,109,18,38,2,106,5
blue,75,98,121,51,93,0,124,129,109,100
blue,101,146,94,85,148,31,97,143,17,108
blue,22,102,136,17,53,101,154,143,49,82
blue,0,98,2,106,82,62,60,143,69,80
blue,47,38,138,133,100,137,22,143,76,70
blue,74,61,56,51,99,115,38,143,49,14
red,103,26,94,54,96,152,65,143,50,119
blue,146,154,2,49,120,20,61,143,133,70
red,0,142,26,76,100,88,38,143,106,160
blue,151,27,125,49,4,72,98,143,24,108
blue,47,13,71,8,128,0,145,143,137,70
red,90,154,143,24,100,0,30,132,17,96
red,151,40,143,76,100,43,23,132,8,99
blue,22,65,83,17,128,135,58,143,76,100
red,151,27,143,76,82,35,30,32,137,70
blue,20,154,150,49,79,74,46,143,106,82
blue,111,91,143,50,74,151,77,121,76,119
blue,127,102,105,109,108,57,134,151,106,74
blue,91,37,151,49,93,110,98,2,69,100
red,101,75,2,17,45,97,111,155,150,109
red,92,67,151,17,160,62,23,143,24,37
blue,37,13,151,17,9,110,92,143,133,70
red,34,145,143,29,153,57,30,69,76,128
red,154,77,104,116,153,31,40,1,29,118
red,88,54,81,24,153,85,13,55,76,133
blue,47,44,2,51,118,0,37,155,116,119
red,95,84,81,133,118,39,60,53,116,12
blue,112,58,34,116,118,110,30,159,29,66
blue,0,75,136,29,153,31,13,6,50,118
blue,37,58,1,147,12,121,155,90,51,41
blue,36,27,21,9,4,37,46,136,76,70
red,37,13,1,137,14,86,61,143,17,96
blue,3,38,120,76,153,74,97,1,136,93
red,3,13,43,51,82,0,77,19,52,100
blue,131,125,159,9,70,22,58,79,76,96
blue,103,65,143,29,70,31,84,121,76,5
red,0,65,89,76,70,35,130,1,129,45
red,43,65,159,50,70,0,84,121,129,99
blue,42,104,121,17,112,123,46,73,136,70
red,151,130,143,129,82,0,58,32,137,128
blue,35,58,124,29,153,36,75,55,76,9
blue,35,134,10,17,96,137,154,133,116,45
red,77,58,144,51,53,31,23,2,49,99
blue,31,58,121,116,82,95,61,143,51,118
red,152,113,140,9,96,103,75,124,8,82
red,35,98,136,106,93,22,38,120,51,108
blue,151,40,132,148,108,90,58,143,9,96
blue,101,95,121,17,80,103,113,55,29,108
blue,81,23,144,150,100,110,125,138,129,82
red,144,60,122,129,119,48,13,11,76,70
red,90,98,11,17,12,0,86,144,63,70
blue,101,84,140,106,82,88,38,105,49,4
blue,18,117,73,49,14,2,60,121,76,70
red,107,134,124,150,91,34,23,133,31,119
blue,36,102,155,76,148,78,40,2,49,93
red,103,142,121,76,148,57,30,33,51,93
red,103,46,121,51,82,74,130,120,129,4
red,18,78,143,51,53,42,40,23,109,100
blue,101,134,143,133,70,102,60,140,54,45
red,0,142,68,52,100,88,60,159,49,12
red,146,65,159,76,4,47,38,144,133,96
blue,125,60,55,29,158,150,154,56,133,12
red,78,107,7,17,14,123,98,26,129,4
red,101,107,125,129,4,151,111,109,76,82
blue,130,23,151,133,15,43,28,56,129,4
red,115,67,11,120,108,22,141,124,116,158
red,104,134,143,76,4,20,67,150,106,82
blue,31,146,23,24,128,115,81,121,29,53
red,31,98,55,109,71,81,58,56,106,91
red,115,97,56,51,12,74,58,19,17,153
red,110,77,2,76,14,151,98,71,17,12
blue,20,87,143,29,80,36,111,132,120,108
blue,110,54,136,150,118,77,40,121,120,108
red,90,130,121,133,100,48,107,140,17,45
red,112,130,56,49,153,88,84,68,137,45
red,0,130,23,51,96,134,28,155,29,53
blue,0,23,150,9,139,113,102,143,29,71
blue,77,102,68,106,82,74,130,56,133,158
red,90,60,23,9,109,42,91,10,76,79
red,57,75,26,17,53,0,65,121,29,158
blue,52,30,155,51,5,78,75,55,17,128
red,151,155,148,29,118,0,146,120,50,109
red,37,84,155,29,53,103,67,110,76,148
red,47,84,121,29,9,90,113,56,63,70
red,18,37,24,76,153,150,94,121,17,100
red,31,28,138,106,82,110,124,159,63,70
blue,91,54,151,8,90,101,44,157,17,71
red,135,54,94,8,128,57,75,89,29,53
red,74,61,140,29,139,31,145,105,9,126
blue,43,61,2,76,82,59,98,125,116,71
red,91,154,125,129,66,47,75,143,116,153
blue,92,13,19,9,45,88,58,159,136,66
blue,77,23,150,52,82,0,142,143,9,80
blue,131,13,11,24,70,101,44,140,29,80
blue,90,30,73,69,80,0,46,121,116,100
blue,154,77,2,50,96,142,30,133,49,15
red,143,58,31,24,70,77,13,55,9,79
red,101,130,64,29,53,77,134,6,9,96
red,36,13,143,76,82,19,38,105,51,9
red,47,98,143,29,45,107,67,64,49,82
red,101,67,151,29,148,77,102,41,54,14
red,134,107,19,129,41,110,154,144,76,119
blue,88,67,124,52,5,38,60,121,76,100
blue,48,75,55,49,80,123,65,1,133,74
red,18,154,41,133,70,151,142,21,17,71
blue,37,38,41,76,158,103,65,1,17,160
red,43,61,140,129,82,0,102,143,76,53
red,0,75,89,76,53,114,60,1,150,100
blue,31,54,155,85,96,59,58,19,129,100
red,131,67,124,133,45,31,61,91,17,148
red,36,102,120,51,148,151,134,26,8,90
red,44,23,120,52,45,137,97,140,85,53
blue,90,65,120,50,9,35,23,121,54,45
blue,127,58,120,76,6,22,98,64,17,154
red,74,155,120,17,53,31,134,91,24,153
red,146,46,2,9,70,22,98,139,51,100
blue,74,84,155,133,45,79,75,139,9,14
red,25,107,120,137,139,0,87,55,51,70
blue,115,88,2,52,70,151,111,120,50,15
blue,114,26,125,9,158,145,23,150,133,16
red,35,46,139,29,76,77,27,89,51,53
red,120,28,103,24,80,101,38,105,29,45
red,35,97,120,52,66,2,142,121,76,79
blue,74,97,143,17,128,123,134,139,63,70
red,90,30,120,85,89,35,54,151,51,128
red,0,75,2,51,119,10,98,89,76,93
blue,48,125,120,76,153,22,142,55,49,119
blue,0,65,109,51,9,47,5,111,116,119
red,2,125,121,137,53,34,58,1,9,100
blue,101,126,124,51,128,18,88,122,24,45
blue,35,142,1,29,158,107,88,140,50,93
blue,36,38,140,51,108,156,88,56,76,128
blue,90,77,6,63,70,72,134,122,17,153
blue,18,38,89,17,158,2,77,3,9,53
blue,47,23,41,116,4,18,38,121,137,154
blue,144,142,64,24,119,114,23,125,150,148
blue,107,23,143,51,93,77,67,109,116,158
blue,103,60,151,106,93,35,77,78,129,108
blue,0,111,121,17,159,3,75,34,49,53
red,110,111,143,51,53,90,60,109,17,80
blue,78,61,35,17,153,0,58,155,109,108
blue,0,134,122,9,119,43,154,110,133,45
blue,107,23,31,76,120,57,27,3,49,79
blue,25,145,19,17,153,152,60,143,9,100
red,0,145,32,106,74,31,92,132,133,80
blue,22,38,68,72,108,35,102,26,29,12
blue,18,124,151,17,53,101,58,140,76,45
red,18,127,138,9,93,114,91,71,24,139
red,117,40,109,9,158,47,46,143,29,66
red,3,65,26,49,80,22,38,138,76,79
blue,47,77,64,76,118,74,130,73,50,70
red,78,61,138,17,109,151,87,1,106,82
blue,74,28,155,29,80,151,40,19,9,158
blue,18,26,151,51,119,101,28,2,49,53
blue,115,58,144,137,45,43,65,138,8,82
red,110,38,114,106,5,136,13,138,49,99
blue,103,97,41,129,120,131,58,138,109,93
red,112,142,138,76,153,90,86,124,133,53
red,90,145,138,24,70,36,98,1,106,5
blue,22,13,1,49,45,0,40,158,17,108
blue,90,75,143,49,128,0,130,11,24,93
red,146,142,121,54,93,134,58,150,136,66
blue,18,124,1,51,12,22,65,73,17,79
red,0,27,3,54,79,31,124,2,9,93
blue,90,38,143,51,128,0,40,2,24,158
red,112,40,26,52,128,144,84,151,51,5
blue,38,154,64,76,99,72,27,43,24,14
blue,18,74,143,76,66,90,102,121,49,53
blue,110,142,33,133,153,0,74,21,9,100
blue,57,86,140,69,66,31,74,55,52,14
red,0,60,55,85,5,112,141,121,50,126
red,42,124,71,76,79,135,142,143,24,5
red,22,38,131,120,12,78,30,3,76,93
blue,0,26,109,76,53,72,60,140,51,158
blue,34,60,139,49,80,0,23,159,9,53
red,90,102,143,76,80,62,142,11,24,45
blue,148,141,131,50,9,127,44,155,69,66
blue,91,84,56,76,45,22,23,155,9,70
blue,90,26,35,52,128,114,23,155,136,70
blue,22,61,143,9,100,155,98,109,147,70
blue,43,102,89,29,148,131,84,155,17,45
blue,62,130,121,76,100,90,65,148,24,12
blue,90,54,81,150,108,74,28,155,76,160
red,20,130,155,144,158,81,23,1,150,45
red,3,23,155,136,80,0,65,143,137,14
blue,135,38,143,8,100,35,65,21,9,81
blue,74,142,37,8,154,18,38,64,51,100
blue,38,28,11,51,93,31,94,73,29,45
blue,112,44,56,9,100,31,13,19,17,71
blue,97,102,55,76,128,18,65,143,116,100
red,107,75,89,24,128,78,141,120,116,158
blue,36,26,121,49,45,72,102,32,76,82
blue,34,84,26,49,9,114,155,143,133,153
red,131,65,144,50,118,78,38,11,17,158
blue,88,54,143,17,45,3,5,26,137,70
red,152,65,124,85,160,90,107,150,51,91
blue,110,26,89,106,74,0,46,33,51,16
red,31,54,2,108,109,35,154,121,106,82
red,0,111,19,137,153,36,23,136,49,109
red,0,141,121,29,33,31,98,136,17,71
red,107,38,121,51,100,0,75,120,133,153
red,135,38,19,51,53,31,65,121,49,74
red,103,13,89,76,124,35,155,3,51,74
red,0,134,64,29,45,36,67,43,9,158
red,0,5,121,69,108,101,26,19,133,70
blue,18,13,27,49,54,137,65,7,69,80
blue,88,149,143,51,82,137,13,138,116,53
blue,137,23,139,17,119,3,102,19,49,53
red,127,75,138,9,124,22,61,143,76,12
red,31,67,121,50,70,73,58,18,106,4
blue,110,44,56,17,119,74,125,143,29,45
blue,0,114,53,136,118,119,28,93,8,153
red,39,102,121,9,128,74,38,53,85,148
red,74,124,136,54,53,22,44,156,116,12
red,39,65,41,17,100,90,13,115,29,93
red,37,46,11,17,53,90,102,19,133,45
blue,113,74,55,24,6,90,102,159,17,70
red,103,30,151,9,96,114,84,150,29,53
blue,150,37,138,49,93,151,97,143,129,9
blue,77,126,56,51,45,43,13,138,17,53
red,101,98,138,17,108,34,38,11,9,160
red,101,102,138,76,128,90,86,56,85,108
red,91,141,138,69,82,78,26,150,129,12
red,114,40,138,106,158,146,25,1,29,45
red,123,65,136,29,74,92,154,138,106,96
blue,127,44,150,29,128,57,134,138,106,74
red,151,102,138,76,133,101,134,1,29,153
blue,110,28,56,29,9,47,97,2,24,96
red,90,149,138,106,74,123,86,26,137,93
red,95,130,2,9,108,18,84,144,51,4
blue,2,65,155,76,12,35,141,148,29,119
blue,0,142,56,76,53,95,75,159,17,45
red,95,134,11,51,93,103,142,33,50,14
blue,18,54,144,49,108,95,30,151,109,45
red,75,40,144,49,100,2,142,26,129,126
blue,42,145,143,24,79,0,74,144,51,160
blue,90,23,3,17,108,110,92,89,49,120
red,18,28,73,116,53,90,65,144,49,158
blue,78,74,57,51,93,130,46,139,29,96
blue,18,65,143,17,108,135,46,140,51,14
red,135,38,73,50,80,34,146,138,17,100
red,112,58,148,76,14,0,86,89,29,108
red,37,58,89,76,100,36,124,3,133,70
red,74,38,26,76,96,103,75,19,51,53
blue,0,26,121,8,70,103,61,3,51,128
blue,115,13,56,24,41,47,141,2,9,100
red,112,141,1,133,37,36,23,150,106,99
blue,91,54,94,29,45,43,65,138,85,119
blue,151,23,2,50,53,117,142,143,9,70
red,47,60,143,50,108,121,125,138,156,96
red,13,44,2,50,53,143,111,155,51,15
red,43,58,64,8,14,115,40,159,50,5
blue,104,40,132,63,119,78,60,121,9,45
red,67,40,151,109,104,90,13,64,51,111
red,72,98,124,29,119,150,27,94,19,80
blue,104,125,0,51,100,38,134,143,29,108
red,110,87,148,116,53,22,38,104,17,118
blue,31,40,104,17,71,0,125,121,51,70
blue,91,130,121,76,100,62,40,104,50,119
blue,25,74,104,108,110,42,130,56,51,119
red,104,75,140,129,53,90,134,68,56,91
red,137,154,104,129,83,145,38,144,51,9
red,104,46,43,116,14,159,38,132,137,12
red,31,88,121,51,91,101,107,104,129,5
blue,137,142,104,9,153,31,38,1,129,53
red,90,26,34,63,70,137,102,121,17,12
red,90,60,122,76,79,34,111,19,50,158
blue,112,38,91,17,158,18,46,148,85,100
blue,0,74,143,9,45,42,40,121,17,12
blue,145,38,53,76,153,78,67,43,116,93
blue,22,38,124,50,82,110,23,115,8,100
red,38,145,121,109,12,78,46,23,49,82
red,78,145,94,51,45,31,107,37,49,93
blue,18,142,73,76,109,42,134,121,49,93
red,72,38,91,51,12,42,134,121,106,15
red,150,26,34,136,82,0,102,19,51,70
blue,151,107,143,116,119,155,111,144,51,93
red,22,13,121,133,100,41,135,55,116,120
blue,35,113,136,76,12,31,102,121,85,100
red,77,30,32,49,12,0,124,23,17,14
blue,22,142,6,51,9,77,46,121,106,93
blue,59,58,55,17,4,81,60,6,29,79
red,62,75,143,106,82,34,60,144,17,123
red,74,75,157,137,89,0,40,144,29,93
red,0,27,91,76,100,90,40,89,9,45
blue,74,26,55,129,70,110,40,159,29,53
red,78,107,43,129,119,18,134,19,9,12
red,0,60,159,17,45,39,142,143,76,12
blue,0,58,53,116,66,90,155,124,9,110
red,90,154,2,24,53,112,98,143,29,119
blue,59,74,91,51,70,47,67,141,116,45
red,43,40,33,156,70,0,98,121,116,53
blue,35,84,150,8,82,39,40,121,29,14
blue,127,102,3,9,158,22,134,140,63,104
red,3,154,55,8,66,47,40,2,76,53
blue,90,58,71,109,108,0,113,120,116,53
blue,0,38,110,133,153,77,27,140,76,45
red,112,58,43,54,119,35,155,122,137,70
red,151,44,35,17,93,31,27,94,129,14
blue,31,77,121,137,53,151,23,150,129,82
red,22,58,55,51,82,2,38,132,50,110
blue,90,13,121,51,138,48,65,56,137,100
blue,142,102,144,137,12,5,130,157,133,158
blue,101,58,64,76,128,115,94,121,51,148
red,0,124,43,137,119,78,102,73,51,93
red,110,46,158,51,108,151,65,148,9,120
red,20,102,56,137,128,74,141,150,76,4
red,35,154,143,69,70,3,65,56,51,119
red,123,60,2,137,119,151,23,121,51,45
blue,146,38,151,51,82,22,67,155,9,100
red,77,107,159,17,12,2,142,121,51,66
red,88,40,89,129,45,38,26,55,17,53
red,18,60,2,51,99,74,145,151,109,158
blue,91,130,121,76,119,101,46,19,129,6
red,88,38,56,29,153,48,97,122,51,82
blue,59,77,151,51,124,9,62,121,24,158
blue,91,84,122,50,80,2,38,68,51,12
red,22,37,3,51,96,121,46,11,17,80
blue,0,65,79,136,53,39,84,71,51,80
red,33,130,41,137,153,154,145,3,51,70
blue,88,75,68,51,16,0,46,114,76,93
blue,22,67,48,29,153,150,134,144,51,82
blue,90,58,32,50,109,135,130,41,137,15
red,110,125,144,51,80,3,60,20,17,71
blue,22,113,68,85,100,121,40,129,106,53
blue,62,61,143,51,74,151,98,139,17,70
blue,42,38,143,51,5,43,77,124,29,153
red,88,111,23,51,100,22,86,2,63,9
red,88,154,1,51,153,134,13,94,29,99
red,49,23,109,51,14,62,54,143,85,119
blue,74,125,121,76,9,103,61,157,51,160
red,137,58,89,51,93,110,125,1,116,159
red,146,40,56,150,15,72,46,155,137,159
blue,54,111,57,9,53,48,60,144,51,45
blue,150,40,1,29,93,37,91,121,52,14
blue,0,46,143,76,27,91,30,140,51,148
red,47,38,121,129,66,18,75,2,9,45
blue,20,30,155,133,119,135,60,23,76,45
blue,74,13,155,69,160,81,142,140,51,126
red,0,27,56,8,70,81,111,155,76,120
red,131,78,155,24,14,97,54,148,17,119
red,3,88,55,49,110,59,111,159,106,82
blue,135,30,155,76,108,52,40,64,109,53
blue,103,98,1,129,93,110,145,6,76,128
blue,129,142,143,76,100,36,58,124,9,14
blue,137,142,148,8,153,88,98,109,49,108
red,39,102,43,137,111,0,87,155,76,158
red,74,86,120,51,93,90,38,2,76,30
red,107,87,129,150,12,0,124,140,76,5
blue,131,67,151,17,12,0,61,68,76,70
red,22,27,109,106,45,112,38,73,76,12
blue,31,38,140,29,80,34,54,122,9,66
blue,0,65,121,24,70,31,154,19,76,128
red,112,77,140,76,100,0,46,19,133,118
red,114,142,34,17,93,136,98,144,29,153
red,90,54,105,76,128,35,13,3,56,16
blue,43,28,2,17,79,59,46,109,76,99
blue,2,77,1,150,53,3,113,124,29,108
blue,0,130,140,17,53,35,23,55,8,45
red,90,88,2,17,100,0,26,109,8,128
blue,134,98,11,76,74,110,58,2,116,70
red,31,115,120,17,45,47,98,2,76,108
red,59,27,52,129,82,0,98,7,49,100
blue,95,130,26,17,16,91,23,132,116,14
red,43,154,121,8,14,90,142,144,137,158
red,34,28,19,106,96,115,142,23,51,82
blue,123,134,71,9,80,47,146,120,106,82
red,36,40,143,49,12,110,26,125,109,119
red,90,26,155,17,12,151,65,54,8,45
red,31,107,140,147,12,59,126,109,137,82
blue,0,126,159,106,82,34,134,121,137,70
red,144,38,0,51,5,104,87,56,17,96
red,102,58,120,17,71,151,65,138,29,119
red,101,142,132,147,153,102,28,2,51,82
blue,0,26,155,76,93,150,38,121,106,74
red,25,133,144,147,74,114,142,19,76,5
blue,91,142,159,24,100,88,13,19,129,74
red,91,27,144,9,74,0,67,55,17,14
blue,158,38,143,29,74,137,46,55,50,70
blue,91,30,21,29,128,3,124,2,17,74
red,115,30,94,76,74,0,155,26,129,9
red,103,146,56,49,74,25,38,148,17,79
red,150,65,89,76,154,78,60,119,8,128
red,123,87,68,8,153,2,134,143,24,108
red,115,40,89,109,108,112,102,158,116,82
red,0,102,89,29,5,114,149,2,17,80
red,62,113,68,76,53,0,5,143,129,93
blue,103,65,11,49,109,22,61,2,52,5
red,31,40,26,52,128,137,130,122,116,119
red,47,46,159,49,5,151,58,121,50,80
blue,22,30,33,49,93,107,54,151,52,74
blue,39,134,144,51,93,81,84,41,24,9
red,91,107,143,116,80,43,46,159,138,126
red,64,38,0,49,45,10,13,43,76,82
blue,110,124,73,156,9,107,102,57,63,153
red,35,124,155,52,45,115,28,58,147,12
blue,62,84,121,51,93,72,40,120,24,5
red,31,97,155,54,119,90,87,144,76,53
red,0,46,2,49,9,31,38,121,76,96
red,62,75,121,76,79,0,13,144,17,4
blue,0,54,38,137,70,36,13,89,76,9
blue,90,38,143,9,53,107,65,1,76,100
red,135,38,121,76,99,112,145,143,50,128
blue,2,130,122,17,80,47,67,151,29,41
red,59,54,94,24,153,0,28,151,17,53
blue,88,86,121,76,111,35,154,19,8,158
red,0,13,1,17,79,90,28,121,51,4
red,36,23,94,150,53,0,38,139,49,93
red,115,142,143,8,9,43,107,138,64,46
blue,135,92,11,17,99,137,98,143,29,45
blue,22,75,143,17,108,145,23,43,49,121
red,22,30,143,76,118,90,23,1,17,128
blue,36,23,155,76,14,95,124,121,29,9
red,18,23,83,116,45,22,134,138,24,9
red,151,40,124,51,93,72,58,138,106,66
blue,151,40,2,50,80,133,111,43,51,82
blue,22,30,150,49,148,62,28,143,51,93
blue,31,13,124,29,46,36,26,64,51,45
red,36,40,121,17,118,146,26,148,24,45
red,90,92,11,51,16,31,58,143,17,33
red,47,26,2,156,119,131,141,87,116,80
blue,0,60,6,9,148,43,142,121,129,93
red,22,111,43,24,45,123,142,159,106,82
red,115,142,121,50,119,151,58,2,24,80
red,26,65,2,49,15,0,46,56,76,5
red,110,154,120,9,119,81,77,148,17,16
blue,72,124,159,9,93,0,97,121,147,15
blue,135,13,55,17,158,35,26,155,76,79
red,74,77,23,76,79,18,38,143,51,153
blue,43,30,122,52,128,146,54,56,50,79
blue,114,84,3,9,99,110,40,157,17,14
blue,151,46,57,51,0,145,38,121,76,5
red,144,141,132,9,66,36,86,56,49,80
blue,0,23,121,76,80,31,154,155,9,148
red,36,28,90,76,4,3,38,144,116,118
blue,36,65,55,76,109,0,111,32,51,53
red,59,38,121,17,12,36,26,150,29,96
blue,54,38,70,50,128,0,28,155,9,119
red,18,102,21,106,93,47,38,121,147,12
red,103,61,53,24,100,22,38,124,56,45
red,7,28,150,129,93,154,145,138,148,17
red,131,98,144,76,14,110,38,109,17,45
red,88,60,32,106,53,74,38,11,137,153
red,146,58,2,120,82,95,98,121,116,128
blue,74,61,144,49,14,145,75,121,106,79
blue,39,125,122,17,93,36,67,26,106,45
red,115,61,143,51,74,152,77,121,137,80
red,22,65,107,106,53,18,130,121,50,119
red,3,84,138,106,12,0,141,55,137,45
blue,43,98,1,136,74,53,92,159,24,70
red,34,46,144,106,93,42,30,129,137,12
red,112,38,155,136,15,88,58,26,17,71
blue,110,65,140,51,160,145,38,2,106,66
red,91,44,43,120,83,134,30,1,106,82
red,107,30,110,76,16,42,23,151,136,45
blue,42,23,1,76,5,150,86,121,9,70
red,0,111,148,147,128,77,44,1,17,79
blue,136,30,47,29,148,23,38,150,109,108
blue,103,98,32,17,153,0,13,55,24,45
red,115,38,26,50,109,42,155,144,17,158
blue,134,30,71,9,80,103,107,55,76,53
blue,90,60,64,9,100,57,141,155,85,70
red,2,98,109,51,82,19,58,144,29,14
blue,131,145,148,76,33,28,38,41,137,70
blue,35,111,121,51,120,101,26,125,76,9
red,43,145,53,17,158,90,111,15,76,153
blue,152,67,140,24,128,78,38,151,17,15
blue,20,23,55,106,119,90,65,155,17,9
blue,35,39,1,69,80,150,44,121,136,74
blue,0,13,83,85,9,77,65,121,133,53
red,25,58,121,49,160,74,27,151,50,70
blue,42,13,2,8,15,22,5,121,29,45
blue,36,134,138,76,109,74,155,121,51,139
red,90,54,143,106,93,0,154,1,116,71
red,0,13,26,29,120,112,27,94,51,128
red,22,98,56,24,100,103,60,26,51,79
red,88,54,26,9,93,137,13,140,133,70
red,43,107,143,116,100,0,134,124,29,153
blue,36,142,55,76,123,43,65,26,49,148
blue,36,102,143,49,148,0,134,26,109,45
blue,43,30,26,116,109,107,23,150,76,37
blue,0,40,1,76,74,130,154,26,51,100
blue,59,98,42,24,93,62,13,1,17,9
red,95,87,121,9,100,31,58,143,116,45
blue,137,102,121,17,16,103,97,124,76,9
blue,43,40,26,76,160,36,86,37,51,128
red,31,111,121,8,100,107,58,151,17,109
red,107,102,33,17,41,31,125,110,29,45
blue,90,40,89,52,128,146,134,124,24,158
blue,0,67,132,52,74,110,38,143,150,45
red,110,145,120,17,123,72,134,1,49,12
blue,150,38,55,106,74,43,46,69,116,148
red,0,40,121,51,41,77,130,56,50,53
red,155,13,140,51,12,48,98,89,29,153
red,146,75,121,91,12,78,65,109,129,148
red,72,75,132,24,139,0,27,155,49,82
red,114,61,55,8,4,107,75,18,50,100
blue,0,74,151,54,81,103,134,124,76,16
red,36,74,19,50,53,22,26,143,116,12
blue,152,74,2,24,153,103,154,150,17,79
red,101,74,71,106,154,104,46,136,17,160
red,154,141,159,49,80,35,38,1,24,45
blue,53,145,121,51,14,31,141,155,109,133
red,104,40,140,8,70,35,134,63,106,82
red,2,130,151,29,80,90,86,33,76,45
red,151,107,124,17,53,90,13,24,29,153
red,107,38,159,147,100,34,130,121,51,82
red,37,98,120,17,53,22,65,109,106,70
red,0,98,68,29,109,22,27,94,51,9
blue,107,98,2,156,45,78,134,121,51,128
red,25,98,120,51,66,123,26,93,150,160
red,0,23,151,106,74,156,88,144,8,128
blue,37,142,55,52,100,47,38,132,106,82
blue,43,40,37,51,139,25,149,121,50,53
blue,151,154,1,51,14,25,145,56,76,71
red,25,98,136,116,70,59,65,10,51,119
blue,42,40,139,120,108,74,67,43,137,70
blue,18,65,143,17,160,37,111,57,76,100
blue,90,74,155,49,9,36,38,3,54,70
red,53,111,104,24,82,43,60,121,29,45
blue,73,38,109,9,158,0,13,138,76,79
blue,103,13,121,133,70,36,77,158,17,45
blue,131,61,121,109,45,74,111,3,116,80
red,135,125,140,29,45,39,87,151,116,139
blue,103,61,1,106,93,3,40,132,51,45
red,88,37,68,76,100,0,86,121,9,53
red,0,111,55,76,66,90,65,64,51,128
red,112,38,143,76,120,104,87,125,17,53
red,101,142,144,61,5,0,88,159,29,53
blue,103,130,57,17,100,35,38,43,137,71
red,0,84,143,8,100,43,38,56,116,70
blue,112,25,150,157,96,77,90,3,51,158
blue,107,60,124,50,82,42,65,140,24,128
blue,77,28,155,9,53,22,60,121,116,80
blue,77,98,144,116,12,135,38,143,137,70
blue,77,58,121,24,80,20,124,3,69,153
blue,77,38,122,51,5,121,142,151,76,118
red,107,5,155,116,12,135,141,150,136,74
blue,107,87,3,106,12,112,28,2,17,33
blue,11,98,101,17,53,112,61,55,29,128
blue,0,58,155,17,96,3,98,2,29,45
red,22,84,120,76,66,123,117,150,24,111
blue,101,142,151,129,53,0,13,2,51,96
blue,151,58,143,51,12,110,155,7,76,99
red,123,30,3,109,118,74,46,144,9,99
blue,43,75,2,133,70,18,30,101,69,139
blue,110,107,56,17,16,0,130,139,24,45
blue,114,23,150,129,66,22,65,121,17,80
blue,18,84,143,9,159,78,142,151,138,96
blue,22,67,155,17,153,78,134,68,76,99
red,22,91,121,51,12,134,40,33,17,96
red,120,154,94,17,66,74,125,124,136,53
blue,81,67,139,8,45,114,84,43,17,82
red,151,40,11,17,66,78,102,155,50,14
blue,37,40,124,24,128,107,130,121,49,66
blue,31,38,140,136,27,91,98,64,29,99
red,92,142,68,9,99,11,60,150,8,109
red,107,13,139,76,74,38,125,71,51,45
blue,131,125,87,17,9,151,60,32,116,108
red,110,97,121,63,70,54,38,125,76,82
red,18,65,1,17,53,115,113,11,51,12
red,151,54,94,116,53,0,40,140,76,128
red,48,26,1,51,128,146,102,124,133,70
blue,91,134,140,51,12,0,30,159,76,96
blue,37,154,151,17,119,145,134,121,29,148
blue,83,54,155,24,128,152,84,159,17,45
red,0,27,136,52,82,36,46,1,106,12
blue,131,40,109,69,158,0,26,121,133,70
red,39,38,120,50,45,18,67,151,49,128
red,95,88,54,137,45,43,134,143,49,12
blue,93,38,1,116,82,134,88,136,147,45
blue,36,88,150,29,12,3,102,120,9,119
blue,0,88,148,24,70,95,84,55,9,109
blue,110,13,159,49,108,115,88,124,24,148
red,47,40,1,29,108,74,88,140,133,45
blue,0,98,155,50,15,101,88,89,76,45
red,90,98,32,17,53,35,13,155,51,148
red,47,40,143,133,45,145,141,71,17,128
blue,131,23,121,133,70,101,145,143,116,119
red,35,23,19,137,12,25,60,56,133,80
red,88,38,19,29,12,110,23,121,49,80
red,47,102,109,76,118,34,23,155,9,96
blue,0,155,56,50,45,115,23,150,133,96
blue,0,67,155,106,128,135,38,56,76,109
blue,53,60,89,8,70,43,75,140,9,93
blue,151,75,158,51,82,20,40,121,8,99
blue,88,46,2,17,53,81,130,143,54,45
red,25,142,138,76,79,74,130,1,24,128
blue,48,38,122,49,153,90,130,56,29,30
red,47,40,71,51,100,0,61,11,76,5
blue,0,113,19,51,93,101,130,33,17,53
red,75,40,26,9,41,102,87,110,76,5
red,154,149,143,17,71,90,67,125,106,160
red,22,145,158,133,70,37,99,13,52,67
red,59,130,154,24,139,123,92,26,29,119
red,123,130,56,133,53,0,142,132,51,12
red,18,130,143,109,45,59,65,94,51,5
blue,22,67,2,76,92,0,13,23,51,100
blue,22,13,64,156,12,114,38,3,157,82
red,31,67,121,150,128,134,65,1,156,4
red,48,23,143,76,5,0,61,159,29,128
red,81,61,143,51,14,107,65,144,129,74
blue,36,107,10,76,80,34,60,139,85,96
blue,36,141,138,8,70,43,54,115,51,118
red,103,111,144,133,108,25,58,56,76,118
red,18,30,55,116,45,35,67,139,8,108
red,115,13,157,116,80,36,142,54,106,45
red,18,102,143,76,126,101,38,144,147,9
red,110,54,124,76,100,92,67,89,51,128
red,90,60,78,133,158,36,44,55,17,5
red,18,98,23,51,100,25,26,125,76,119
blue,0,125,11,52,128,114,98,1,8,14
red,0,26,91,17,12,95,58,121,76,80
red,151,28,2,3,109,43,142,56,116,74
blue,36,125,105,24,4,74,102,53,50,16
blue,90,13,21,51,118,151,86,53,76,74
blue,92,40,55,133,53,135,149,64,29,126
blue,35,58,2,29,80,0,91,124,8,70
red,52,58,2,8,5,74,38,89,106,158
red,36,46,121,133,119,78,149,139,9,70
red,135,84,150,29,12,110,54,2,9,53
blue,0,60,138,54,53,103,145,140,17,12
blue,0,134,140,29,119,35,88,121,69,80
red,31,98,143,109,91,35,142,121,17,79
red,36,38,24,109,96,7,134,121,51,80
blue,0,134,120,116,96,101,98,148,17,74
blue,41,97,19,76,66,47,13,132,63,70
red,110,84,122,17,120,114,38,138,52,128
blue,43,61,132,29,71,22,38,2,9,100
red,37,84,155,76,9,0,38,21,69,80
blue,47,134,139,52,100,131,84,94,17,110
red,115,13,121,17,71,78,40,104,76,109
red,110,130,139,24,96,31,98,56,51,100
red,101,27,143,49,53,110,98,121,116,158
blue,107,142,121,17,109,31,111,2,63,70
red,31,134,144,49,153,101,38,2,76,45
blue,34,30,148,136,14,110,125,121,24,100
blue,35,65,159,133,148,90,75,139,116,82
red,95,40,114,116,66,110,38,68,85,158
red,88,40,121,17,79,135,65,140,51,159
blue,31,67,155,29,66,18,107,73,49,108
blue,3,60,124,76,66,151,58,2,133,70
red,151,60,124,133,100,57,117,150,29,9
red,88,102,26,133,70,47,142,104,17,139
blue,31,23,155,51,160,18,46,64,147,45
blue,107,65,143,29,100,43,91,19,147,96
blue,121,44,56,8,16,59,154,125,69,128
blue,36,40,132,76,66,101,60,136,50,45
blue,2,75,1,69,80,78,65,159,50,45
blue,81,40,64,106,79,101,28,11,108,128
blue,18,61,105,17,53,0,142,54,76,14
blue,47,142,24,119,53,22,13,1,8,160
red,81,37,73,129,14,90,58,158,17,79
blue,110,40,144,17,158,112,75,6,51,119
red,39,46,56,133,70,78,38,68,17,160
red,47,38,159,17,14,22,134,76,84,66
blue,31,40,2,150,80,90,92,56,133,70
red,137,97,56,50,70,22,58,41,17,80
red,57,98,10,133,92,31,40,6,136,9
blue,23,40,140,8,53,0,61,143,116,70
red,103,155,144,17,53,18,23,138,133,12
blue,107,13,144,106,74,47,125,19,50,128
blue,0,145,55,50,128,62,67,151,76,119
blue,22,130,121,50,45,110,102,89,51,109
red,107,134,144,17,158,103,46,138,29,15
blue,142,86,159,63,158,31,38,1,17,100
red,78,102,2,50,158,90,113,124,29,139
blue,110,130,124,116,128,20,142,101,51,158
red,115,142,11,133,158,34,61,56,29,54
blue,31,87,121,116,108,22,46,122,17,45
red,137,134,0,54,12,22,27,55,17,79
red,120,13,124,9,108,121,38,157,76,5
blue,0,142,143,51,14,151,13,89,17,79
red,114,30,29,49,118,101,130,33,76,158
red,39,65,159,49,93,31,98,144,54,108
blue,123,61,144,49,100,36,46,139,51,9
red,103,40,148,129,93,97,58,11,156,153
red,151,58,143,109,71,90,30,26,76,108
red,106,30,155,109,108,31,111,105,69,80
blue,137,23,121,106,82,48,87,68,49,53
blue,137,58,143,49,100,36,65,159,76,53
blue,112,26,19,51,14,101,27,55,29,9
blue,36,44,143,24,153,131,46,120,136,109
red,112,88,1,136,53,90,38,143,129,119
blue,59,87,151,49,154,91,77,140,136,96
blue,37,27,0,106,82,103,111,124,29,12
blue,90,141,2,9,108,123,87,151,63,70
red,77,60,144,137,9,39,65,26,76,96
red,77,61,1,49,12,146,134,144,29,153
red,22,38,159,29,41,74,60,56,133,70
red,101,142,21,41,100,0,38,121,51,120
blue,107,154,121,106,93,95,88,140,51,66
red,146,142,144,29,53,91,94,1,17,119
blue,62,134,158,29,93,18,27,125,157,74
red,0,75,2,76,148,102,84,125,106,66
red,39,94,125,139,9,78,58,143,17,71
blue,0,13,2,24,82,112,23,155,116,16
blue,92,60,1,52,5,37,154,104,29,45
blue,91,40,104,24,128,110,27,155,76,109
red,18,58,138,51,57,130,98,105,129,14
red,110,13,159,136,126,31,61,121,17,96
blue,135,27,34,51,45,0,23,142,52,5
blue,34,40,159,52,82,144,13,120,8,66
red,0,26,2,133,80,134,111,159,109,108
red,37,142,1,76,109,103,84,155,17,119
red,95,130,19,76,128,112,23,124,8,92
blue,18,77,11,29,108,0,38,124,49,45
blue,18,13,121,9,16,74,23,155,52,70
blue,0,30,81,76,82,31,58,121,24,159
red,47,38,33,95,80,115,23,132,51,70
red,101,102,143,17,53,104,46,150,9,70
blue,25,155,121,29,153,18,5,2,51,128
red,114,65,125,133,45,101,23,57,29,100
blue,25,38,73,63,45,31,65,122,133,70
red,0,145,120,137,14,35,102,2,109,118
blue,57,142,55,49,158,127,28,64,106,126
blue,146,54,2,8,14,107,77,43,51,70
blue,31,87,2,24,119,104,141,64,85,93
red,47,78,2,51,82,152,23,144,49,96
red,103,141,2,133,109,18,75,138,116,100
blue,0,54,151,29,118,136,154,6,106,82
red,110,60,159,24,12,0,30,2,9,108
blue,110,155,79,9,70,103,98,2,109,93
blue,22,38,121,9,158,151,154,2,106,100
blue,57,86,155,51,66,90,77,2,29,82
red,113,102,2,54,45,57,38,143,109,153
red,152,86,2,136,80,110,27,94,76,128
red,83,40,2,24,108,152,61,140,49,45
blue,31,13,139,50,108,131,97,2,52,130
red,74,65,73,29,15,90,154,2,116,109
red,115,92,121,51,82,22,154,2,137,70
red,0,23,2,17,45,103,98,150,24,158
red,101,46,2,136,45,152,28,0,51,82
blue,88,65,1,24,70,37,61,2,49,158
blue,78,46,124,9,70,22,13,26,133,119
red,74,92,2,116,108,37,67,143,49,91
blue,63,102,91,133,153,2,107,110,17,108
red,101,44,94,116,70,2,145,151,109,82
blue,136,58,2,24,100,35,87,109,85,126
red,77,26,2,136,70,22,30,140,29,53
blue,5,87,155,29,45,0,46,73,76,160
blue,18,23,150,51,9,90,86,2,147,45
red,34,146,11,133,96,18,130,2,49,30
red,22,98,2,17,66,137,84,11,133,70
blue,102,145,94,9,148,90,23,155,15,45
blue,155,87,2,49,124,72,27,129,51,53
blue,102,74,139,17,53,131,28,94,24,80
blue,31,102,122,8,71,115,46,2,137,158
blue,31,28,55,137,84,34,77,2,8,70
red,18,58,155,17,140,150,54,94,49,82
red,115,61,1,106,66,37,23,94,51,153
blue,3,98,2,63,70,39,74,71,133,100
blue,135,58,157,51,12,123,142,2,24,70
red,110,141,144,51,15,146,102,2,116,80
blue,91,87,2,17,100,101,149,144,49,139
blue,90,149,2,156,100,31,142,132,106,5
blue,113,23,155,50,128,22,87,2,8,109
red,81,77,2,49,9,0,142,7,29,154
red,78,94,3,29,140,110,142,26,133,74
blue,117,84,3,17,99,90,58,2,9,66
red,31,26,43,29,45,115,91,2,50,70
red,37,38,68,17,128,18,60,2,76,45
red,2,13,42,9,45,36,142,43,29,153
blue,150,60,132,9,108,123,146,143,51,128
red,22,146,148,17,80,57,60,124,49,53
red,35,27,122,69,80,34,146,71,51,128
red,131,146,2,129,93,19,134,143,24,14
blue,103,145,121,9,53,0,146,56,29,93
blue,0,38,121,139,16,90,142,2,51,82
blue,47,74,89,17,71,0,92,2,76,12
blue,103,107,68,29,12,2,60,121,9,93
blue,31,86,124,76,4,0,149,56,137,153
blue,39,142,143,85,74,123,124,121,133,96
blue,0,44,120,106,14,90,60,19,76,5
blue,37,46,6,49,108,34,58,109,69,80
blue,74,60,26,147,153,62,102,56,106,93
red,3,40,32,49,124,59,111,122,106,45
blue,101,23,150,50,119,36,38,140,51,158
blue,31,13,20,106,82,22,102,68,8,100
blue,117,84,120,52,93,35,61,110,51,41
blue,74,58,144,76,45,117,54,75,51,153
red,0,98,121,17,45,78,23,101,24,79
blue,81,23,150,51,5,127,92,121,49,14
red,31,134,125,51,93,39,28,151,143,45
blue,0,142,26,137,9,115,40,51,129,108
blue,0,54,33,137,45,47,84,37,133,9
blue,34,65,1,29,121,53,133,125,9,160
blue,127,28,29,17,160,25,23,151,9,70
blue,101,26,136,24,4,0,130,121,51,160
blue,0,102,101,109,53,36,98,121,147,9
blue,47,146,143,76,15,107,154,32,17,9
red,18,37,3,49,9,57,27,136,24,119
red,35,77,6,116,9,103,124,143,17,70
red,92,38,3,106,93,78,65,157,29,9
blue,22,46,1,106,66,103,40,143,29,139
red,101,154,94,54,9,103,77,139,61,120
red,135,154,3,76,70,38,124,121,51,9
blue,36,102,19,106,160,0,67,43,51,79
red,126,13,121,76,70,112,40,94,17,119
blue,0,134,109,17,128,31,38,124,76,96
blue,131,65,124,8,118,31,61,148,24,74
red,39,87,38,29,9,101,13,89,17,45
red,137,87,138,29,128,22,60,1,133,53
red,101,87,151,54,128,112,98,56,17,108
blue,57,87,32,51,128,72,61,125,29,80
blue,2,87,150,76,128,74,38,54,147,96
red,107,5,3,51,70,35,87,150,8,159
red,18,87,55,24,154,115,130,136,29,14
blue,34,65,2,17,93,131,87,139,51,99
blue,25,154,73,8,45,107,87,155,50,119
red,47,125,55,51,79,74,84,0,24,66
blue,135,84,151,133,16,131,155,143,76,66
blue,18,13,143,106,82,37,58,43,29,123
red,74,40,143,50,160,81,154,6,9,100
red,18,46,140,50,80,31,38,143,109,82
red,36,142,140,50,74,107,61,55,51,119
blue,151,149,159,76,128,91,111,140,50,45
red,90,30,115,50,100,110,141,140,116,93
blue,131,74,140,51,15,0,40,71,116,126
red,18,28,140,50,119,22,87,68,136,100
red,95,102,33,133,158,115,26,143,76,9
red,43,102,140,50,153,78,38,90,17,74
red,31,58,140,9,70,18,107,159,76,148
red,115,28,140,69,80,20,13,151,51,109
blue,101,111,122,51,15,0,142,143,76,80
red,39,84,151,51,80,143,113,42,137,66
red,54,75,155,8,119,37,146,142,17,45
blue,43,125,143,50,100,31,58,121,133,80
blue,18,111,143,147,108,22,28,53,63,70
blue,109,38,3,129,53,18,87,143,49,126
blue,101,84,33,9,128,74,38,140,116,100
red,72,142,143,51,14,31,27,144,17,12
red,112,65,54,51,70,131,67,155,17,108
blue,18,74,54,85,70,101,124,55,69,93
red,0,125,1,17,71,31,65,19,49,53
blue,35,125,138,17,160,36,65,7,9,45
blue,154,38,1,50,71,18,84,101,129,82
red,158,40,151,133,12,103,124,129,120,71
red,92,88,1,49,12,110,40,21,17,71
blue,34,23,53,150,108,92,111,121,17,71
blue,72,38,139,9,71,31,67,43,157,100
blue,57,141,11,76,128,25,54,89,133,70
red,90,102,64,17,71,39,13,0,136,100
red,0,124,136,133,45,60,134,148,29,80
red,0,124,123,133,14,37,84,3,8,70
red,114,38,56,106,93,150,23,143,24,99
red,35,154,144,106,5,43,58,26,129,108
red,115,38,122,24,96,145,23,94,50,70
blue,64,38,33,106,128,135,30,140,51,108
blue,59,38,125,24,80,151,67,115,147,158
red,31,26,155,29,66,92,154,125,76,126
red,107,46,143,49,45,47,124,144,133,158
blue,38,60,140,29,118,34,154,56,49,158
blue,91,38,143,29,80,53,28,3,54,93
blue,97,23,83,29,53,152,38,138,17,71
blue,31,149,143,29,53,34,125,144,108,100
red,0,65,11,49,12,158,23,57,29,41
blue,74,84,155,61,128,59,107,151,49,154
blue,103,84,121,133,119,152,38,143,49,109
red,22,46,136,15,91,24,142,121,54,80
blue,31,5,29,68,153,37,23,150,24,14
blue,78,46,151,143,53,47,60,68,49,153
blue,47,141,143,17,153,101,38,55,76,112
red,31,58,26,76,45,3,13,121,116,119
blue,90,102,143,9,126,103,92,124,116,70
red,0,84,121,51,5,92,40,132,9,153
blue,90,38,1,51,12,151,65,137,24,82
red,90,102,41,136,158,18,46,143,24,108
red,18,23,150,51,5,135,141,55,17,45
blue,146,40,26,52,100,0,60,138,54,158
blue,88,27,11,17,5,18,38,157,24,80
blue,18,88,139,24,153,59,40,151,29,37
red,77,13,114,52,5,101,58,121,108,93
blue,36,142,1,9,158,0,65,121,17,12
blue,77,58,124,106,99,57,61,64,17,53
blue,107,38,1,56,93,0,58,140,137,80
red,3,98,124,109,5,0,13,143,76,118
blue,22,46,81,76,71,25,142,64,51,70
blue,31,46,23,76,53,74,38,121,106,100
red,144,87,43,17,153,35,46,143,76,109
red,0,27,2,29,119,107,67,150,76,153
red,78,13,2,76,109,43,23,132,17,53
red,146,27,43,51,5,0,67,3,29,100
blue,142,125,26,24,82,47,38,143,49,139
blue,151,102,139,109,128,154,67,26,29,80
blue,57,154,155,129,119,0,13,136,51,80
blue,152,65,55,76,9,107,13,2,24,79
red,0,84,68,17,9,38,40,73,76,148
red,126,77,73,24,128,18,74,121,51,82
blue,0,141,144,63,70,42,130,122,106,41
red,78,13,143,129,70,47,61,53,63,100
red,0,13,121,106,153,151,23,155,133,80
blue,22,141,11,76,5,62,13,64,133,108
blue,145,154,139,9,45,88,75,23,133,70
red,91,86,140,51,153,101,125,83,49,96
blue,101,107,120,106,82,95,125,11,51,45
blue,81,60,3,136,100,18,111,140,76,82
blue,131,92,144,129,53,151,65,33,76,128
red,115,46,23,116,53,22,40,136,129,70
red,152,46,1,17,71,22,141,138,156,108
blue,88,58,56,24,108,152,40,53,29,70
red,146,27,143,24,53,90,102,148,129,153
blue,47,98,3,29,15,48,127,54,76,93
blue,48,124,55,137,14,101,40,20,9,80
red,18,142,57,49,126,22,98,11,24,74
blue,2,23,150,129,4,37,28,155,76,120
red,62,27,140,52,93,35,145,159,133,45
blue,110,23,155,51,45,62,27,125,76,153
red,47,142,89,76,79,78,58,37,52,80
red,31,27,1,76,120,20,38,91,9,80
blue,146,155,140,76,53,88,113,56,116,93
blue,3,134,6,133,159,57,46,54,29,53
red,18,84,125,9,74,41,102,144,76,70
blue,31,30,110,76,53,131,67,155,17,79
red,156,98,154,76,70,31,23,121,150,119
blue,114,60,23,24,70,0,38,140,133,128
red,31,75,144,76,5,2,98,11,29,70
red,0,77,159,29,53,72,65,121,51,93
blue,90,5,144,76,100,0,146,138,116,109
red,90,13,55,49,81,22,111,57,116,53
red,101,125,2,109,108,48,87,121,76,5
blue,101,13,148,76,70,47,154,2,109,108
red,31,23,155,109,9,101,141,120,76,81
blue,137,130,138,76,53,151,146,121,51,160
red,37,113,151,129,126,36,13,121,29,70
blue,137,154,2,147,80,0,107,140,76,9
red,110,46,6,76,81,2,87,129,116,100
red,78,77,121,76,5,90,141,140,156,118
red,37,40,2,76,100,115,98,55,49,84
red,57,65,124,150,96,35,107,121,17,93
red,103,102,151,17,109,48,125,138,9,70
blue,36,77,26,9,70,37,125,121,17,79
red,37,125,32,133,70,103,102,159,51,119
blue,90,125,32,51,79,151,40,7,24,109
red,110,125,138,106,96,2,84,3,51,80
blue,146,154,2,8,9,53,125,19,49,71
red,99,125,105,106,153,101,61,2,136,9
blue,0,142,26,76,5,18,125,121,133,153
red,90,125,89,63,70,97,77,1,50,82
blue,103,27,143,76,100,110,125,159,29,128
blue,43,60,55,129,93,2,142,116,51,5
blue,31,75,106,124,14,59,142,53,137,128
red,22,135,43,29,53,114,142,6,9,93
blue,88,54,143,29,108,151,130,144,51,128
red,31,38,21,109,93,131,86,2,106,110
red,131,23,151,69,12,95,58,33,17,6
blue,123,97,1,17,53,114,23,139,50,93
red,88,145,144,51,128,81,107,140,29,153
blue,35,87,121,76,74,37,60,155,50,108
blue,41,38,144,17,79,152,28,122,76,93
red,37,60,23,129,93,31,155,143,76,99
red,31,65,33,137,82,0,92,26,133,158
blue,155,130,140,109,108,37,154,125,51,128
blue,131,154,68,50,70,144,104,155,76,45
red,2,87,71,137,16,43,149,3,69,120
blue,18,141,9,51,100,144,94,19,50,128
blue,18,26,155,29,100,78,38,124,50,128
red,54,111,150,137,70,48,40,1,51,96
blue,112,23,150,51,71,78,13,64,129,45
red,0,134,132,51,92,53,84,121,137,128
blue,146,84,89,69,80,25,98,158,17,71
red,101,142,55,51,12,0,94,1,52,66
red,90,149,148,8,100,18,145,143,17,53
blue,145,54,91,17,109,107,46,159,24,53
red,78,65,56,76,12,35,75,19,133,153
blue,31,44,148,137,124,34,102,11,51,45
red,54,77,69,49,139,110,84,129,50,128
blue,78,94,55,17,9,144,98,48,50,45
blue,59,26,151,9,148,47,142,55,50,100
red,14,58,21,133,128,74,75,151,8,139
red,74,38,143,51,128,94,26,121,17,53
blue,48,113,144,17,53,151,130,120,76,82
blue,0,38,11,51,96,144,60,3,50,148
red,152,60,63,17,70,34,75,121,50,109
blue,107,38,55,129,93,22,27,114,106,14
red,43,13,53,85,45,19,142,125,17,14
red,18,87,144,147,108,74,102,143,76,14
red,145,111,26,137,99,110,28,48,51,14
blue,93,102,104,106,126,3,123,159,17,14
blue,41,142,87,29,81,144,113,3,106,14
blue,43,84,150,133,100,34,38,55,63,80
red,152,65,23,17,9,0,94,2,133,153
red,131,98,120,137,108,31,65,144,51,128
blue,88,65,140,136,82,31,98,68,51,79
red,0,142,23,24,128,112,102,144,147,119
blue,57,67,101,129,128,78,142,144,133,153
red,22,67,89,51,108,47,102,143,29,14
red,133,125,26,8,45,144,102,121,49,82
blue,0,86,138,17,53,83,142,155,29,158
blue,121,97,2,76,45,0,124,151,17,108
blue,18,134,121,156,119,151,13,148,49,41
blue,47,26,155,69,80,0,46,2,49,45
red,0,67,135,17,160,90,124,89,29,53
red,0,60,140,76,5,42,84,154,50,96
blue,18,155,140,116,15,103,26,104,76,12
blue,81,124,17,89,108,112,38,11,49,14
blue,123,22,144,24,5,142,97,129,54,53
red,90,58,124,106,128,22,13,151,54,80
blue,0,23,121,8,139,43,107,143,24,100
red,20,84,155,24,128,112,58,143,17,53
blue,47,38,11,51,153,134,98,6,76,119
blue,0,37,44,9,160,47,28,1,24,12
red,103,75,56,51,100,18,98,97,54,133
blue,41,92,19,116,91,48,98,0,148,9
blue,90,98,3,109,119,101,141,78,24,45
red,91,60,144,49,100,47,75,121,76,109
red,22,146,121,137,82,77,141,144,17,79
blue,0,28,90,106,96,3,88,138,51,70
red,3,37,155,6,81,114,65,121,52,82
blue,3,102,136,116,96,104,38,144,76,93
red,3,84,55,150,99,2,91,120,106,93
red,3,67,150,50,70,59,58,151,17,14
red,77,60,121,49,45,43,38,1,51,109
blue,35,46,121,54,53,78,130,73,129,91
red,103,88,83,116,45,22,77,158,9,153
red,101,54,155,17,128,110,125,1,24,14
blue,134,23,150,116,119,22,78,143,50,70
blue,35,86,120,9,53,3,23,11,51,5
red,151,13,89,106,66,35,84,81,51,82
red,47,26,155,50,119,97,102,109,51,9
blue,45,23,150,51,9,72,65,55,49,158
red,72,38,139,76,5,31,61,87,9,81
red,59,65,6,85,96,151,102,138,49,71
red,88,155,43,143,100,31,13,121,137,148
red,18,23,43,133,119,88,54,155,137,108
red,88,87,121,76,53,42,5,159,9,109
red,88,111,23,106,82,112,60,129,76,53
blue,34,154,122,137,93,88,102,55,51,12
blue,88,75,140,133,100,74,26,11,29,153
blue,144,111,59,24,80,88,149,159,76,5
blue,145,134,121,8,139,88,40,143,69,80
blue,47,107,37,29,12,88,65,159,51,93
red,88,98,1,29,80,77,111,26,17,109
blue,18,38,11,51,70,90,65,23,17,71
red,22,145,41,49,45,88,142,73,150,99
red,88,155,55,29,9,115,46,121,129,12
blue,22,65,143,51,12,88,94,159,106,91
red,88,87,159,76,70,103,97,150,156,120
red,88,58,20,29,12,112,30,94,8,45
blue,36,38,105,76,66,35,60,26,50,93
red,13,30,144,24,118,88,142,159,49,15
blue,59,46,155,50,158,103,130,143,8,4
red,31,75,68,17,79,2,38,150,133,99
blue,112,88,143,17,71,2,60,151,63,70
red,35,130,158,133,70,103,145,2,91,109
red,0,38,26,24,119,22,84,89,8,12
red,101,58,140,17,128,18,38,2,116,70
blue,31,60,11,106,128,47,38,159,76,74
red,57,30,125,17,16,18,23,129,76,158
red,112,13,125,9,5,62,102,26,109,119
red,48,13,157,116,119,103,142,138,54,108
red,94,40,159,8,70,0,135,1,137,80
red,112,152,56,129,15,74,23,155,8,70
red,34,74,109,9,82,20,58,157,106,108
blue,90,58,48,52,128,101,111,55,17,82
red,90,30,139,106,82,0,125,159,76,81
red,90,46,121,69,66,41,111,19,76,5
blue,37,98,55,29,45,22,27,41,137,53
red,115,86,41,116,120,47,40,105,29,71
blue,115,13,144,49,128,90,145,143,116,100
red,107,40,2,147,45,78,86,121,116,100
red,90,154,150,76,99,146,60,121,29,53
red,137,38,121,51,79,97,40,139,29,158
red,107,60,157,29,108,92,113,121,116,148
blue,43,22,37,139,15,110,130,1,51,160
blue,48,58,148,29,153,47,37,54,76,128
blue,146,61,56,24,53,31,38,33,76,37
red,90,125,150,133,118,22,142,121,51,37
red,135,84,39,49,119,103,78,143,133,9
blue,35,155,121,129,41,135,124,151,9,45
blue,70,60,159,106,9,53,92,160,133,12
red,146,23,33,106,74,107,86,121,76,66
red,59,146,124,51,99,112,27,150,116,121
red,43,86,124,133,9,112,23,94,109,108
blue,53,130,19,51,45,112,23,89,9,128
blue,101,58,144,76,126,146,61,26,137,5
blue,43,102,56,69,45,53,75,26,133,93
red,131,23,115,49,160,18,74,143,17,71
red,59,38,119,116,45,48,40,150,63,80
blue,59,141,33,8,119,43,107,150,17,160
red,31,77,1,17,41,90,142,143,51,119
blue,43,13,122,17,45,35,98,11,9,53
blue,36,40,64,51,82,0,154,121,129,45
red,37,65,148,50,82,144,92,11,133,70
blue,31,141,15,17,80,0,26,159,51,82
blue,31,134,155,157,153,115,40,143,51,53
red,0,65,139,17,119,53,30,64,106,82
blue,31,46,1,109,108,35,155,11,106,118
red,114,46,1,106,5,0,58,121,51,82
blue,72,102,11,29,153,36,23,139,51,128
red,101,23,35,17,93,11,26,155,29,128
blue,62,60,143,109,119,112,102,26,106,5
blue,47,60,1,136,79,22,87,151,17,71
blue,110,95,121,109,158,90,60,140,29,12
red,90,38,19,109,96,144,142,3,133,70
blue,70,38,19,76,12,103,28,155,133,109
red,101,155,83,109,121,151,154,143,17,108
blue,90,58,109,76,9,31,13,1,116,53
blue,144,65,121,137,158,123,98,2,8,119
blue,152,40,19,109,108,123,38,121,76,100
blue,123,111,143,17,53,25,142,158,147,108
red,36,40,2,147,70,123,113,71,51,80
blue,123,124,3,49,82,9,149,121,119,45
blue,141,154,11,17,80,47,98,56,50,45
blue,74,61,53,8,119,0,145,122,41,108
blue,137,87,68,49,5,103,154,150,54,74
blue,47,23,89,136,80,18,102,143,150,153
blue,0,84,64,147,4,114,154,140,51,70
red,148,154,31,49,139,69,97,56,76,121
blue,74,154,120,136,119,33,84,94,29,53
blue,101,54,94,51,109,22,154,3,76,119
blue,107,84,52,140,93,110,28,1,24,80
red,22,154,33,69,66,77,149,140,17,119
red,25,145,150,51,139,34,154,140,116,160
blue,43,154,121,17,70,48,46,11,76,7
red,31,154,121,24,70,38,28,125,29,41
red,59,154,155,17,45,0,61,1,76,12
blue,39,142,89,17,79,48,154,151,81,108
red,151,54,144,9,154,41,38,136,76,45
blue,39,13,121,116,12,88,154,144,76,9
red,43,87,114,29,93,0,154,148,49,128
red,0,154,2,147,120,43,134,143,51,70
red,74,154,121,129,128,22,134,148,51,45
blue,110,154,140,129,5,74,130,144,29,120
red,39,154,150,17,93,0,37,1,51,96
blue,54,13,158,29,5,74,154,150,116,15
red,145,38,121,9,99,131,13,21,49,53
blue,88,40,11,76,53,78,142,125,51,153
red,18,40,151,157,45,31,141,2,29,108
blue,151,75,124,109,74,37,38,140,106,14
red,18,38,143,9,16,22,13,121,76,158
red,43,74,140,52,82,127,92,120,17,45
red,78,13,23,29,53,54,38,109,17,71
blue,31,102,89,9,118,18,149,64,147,70
blue,18,125,121,52,4,0,28,11,17,45
red,110,84,151,129,14,103,54,121,116,70
red,110,65,2,17,148,151,87,121,76,159
blue,48,65,140,17,153,131,134,1,76,96
blue,0,40,89,8,128,43,117,157,17,158
blue,101,5,115,8,128,0,77,124,9,158
blue,53,141,55,54,153,103,38,56,116,158
blue,103,40,143,133,159,114,86,140,49,158
blue,91,58,26,17,70,47,98,140,49,158
blue,34,130,124,51,158,0,113,69,109,118
blue,90,91,138,133,16,22,134,111,24,158
blue,74,107,144,17,108,90,141,121,24,158
red,34,111,21,29,158,47,23,129,76,128
blue,0,58,159,17,158,114,142,1,9,96
red,0,134,41,8,158,72,13,144,50,70
blue,101,124,18,9,158,42,146,143,24,5
blue,146,134,155,17,12,39,13,31,51,93
red,37,38,122,29,45,151,40,125,136,158
blue,0,46,56,76,12,88,98,55,29,158
blue,112,40,64,52,100,90,145,114,49,158
red,0,102,19,9,16,20,61,1,29,158
red,18,107,120,29,45,88,40,140,137,158
red,18,87,121,137,158,117,60,143,29,100
red,127,5,150,49,70,78,65,23,17,158
blue,101,13,68,51,158,152,134,94,17,153
blue,77,142,138,63,70,34,65,1,51,120
red,154,13,159,49,120,31,30,144,76,93
blue,41,38,71,116,70,48,102,73,106,14
red,0,149,69,157,15,90,46,55,29,128
red,0,40,143,106,53,31,65,119,133,33
red,107,154,43,51,74,78,125,138,116,45
red,35,40,69,19,71,103,130,125,109,100
red,62,65,143,9,119,0,27,1,129,12
blue,146,102,143,106,74,103,38,56,9,12
red,103,60,19,69,45,22,134,148,147,119
blue,0,46,2,9,12,137,142,120,8,41
blue,74,23,55,129,65,57,130,26,8,109
red,31,30,55,17,126,0,149,121,29,12
blue,110,87,150,17,53,90,149,114,76,79
blue,0,46,121,29,41,18,130,144,106,9
red,0,38,133,137,93,90,87,150,51,12
blue,18,61,143,122,99,57,87,93,109,108
blue,112,92,143,8,119,78,58,151,137,70
red,101,111,124,106,99,103,125,143,17,108
red,0,38,159,8,93,18,84,121,76,53
red,31,38,1,9,12,144,102,129,116,70
blue,18,111,2,51,4,151,134,44,29,108
red,0,98,43,133,118,87,142,13,76,96
red,77,98,122,24,82,121,130,151,49,119
red,150,87,89,17,71,22,98,143,106,5
red,95,84,121,17,14,57,98,151,76,41
blue,43,145,120,8,153,18,98,144,147,118
red,31,98,32,116,153,88,134,114,106,45
red,43,98,138,51,82,110,124,155,69,16
red,95,38,71,133,100,47,30,11,8,128
red,22,98,20,9,15,110,27,43,29,153
red,151,98,33,49,4,0,155,23,106,82
red,145,98,121,133,108,59,58,32,69,9
red,42,98,142,109,118,57,40,20,17,30
red,74,86,71,24,66,137,98,2,106,93
red,115,77,121,29,14,110,130,1,51,5
red,115,46,64,106,66,112,102,83,24,100
red,39,40,33,76,66,42,84,121,24,16
red,18,46,33,24,128,37,130,148,52,5
red,0,130,1,76,12,103,28,143,49,82
blue,115,60,19,8,12,31,130,143,116,66
red,101,84,21,106,159,102,98,144,17,82
red,37,142,121,29,12,18,117,1,49,5
red,151,37,75,129,100,107,65,6,17,4
blue,107,149,1,17,71,0,142,89,147,100
blue,0,13,136,17,71,90,142,159,69,80
blue,103,125,19,133,14,150,87,143,24,93
red,110,84,3,29,153,0,92,6,49,82
blue,19,38,151,17,53,135,84,143,76,9
red,101,84,121,76,70,131,141,109,17,100
blue,31,95,124,76,153,18,74,21,24,128
red,81,74,139,69,80,90,98,143,51,160
blue,90,58,121,85,14,31,130,151,133,153
blue,59,58,19,137,53,110,77,26,17,9
red,0,87,106,54,128,22,84,43,17,82
blue,107,54,155,50,118,88,38,19,9,45
red,77,65,155,54,9,120,25,151,69,148
red,22,58,2,19,108,75,30,125,54,9
blue,107,60,55,17,45,101,38,89,129,93
red,95,38,56,54,80,131,154,140,106,74
red,152,146,150,54,128,35,30,131,51,159
blue,63,87,54,129,153,42,67,21,24,4
red,127,141,143,129,4,104,65,158,133,119
blue,62,30,150,54,96,131,111,23,51,53
red,47,86,159,54,138,43,98,19,147,119
red,150,65,105,54,93,0,38,157,51,82
red,47,40,148,51,109,31,98,121,54,119
red,3,38,120,54,80,137,133,121,49,158
blue,59,30,155,136,154,113,141,32,129,82
red,31,60,11,102,44,0,98,144,54,82
blue,114,23,89,63,70,78,60,150,54,30
red,48,102,2,49,14,3,130,138,29,53
blue,91,141,122,49,45,34,87,132,133,153
blue,114,111,155,24,71,152,86,124,116,53
red,18,67,150,137,70,35,75,26,17,45
red,143,125,35,29,160,36,23,132,116,14
blue,103,142,155,15,12,130,149,11,116,128
blue,88,111,55,76,139,90,102,159,51,82
red,0,84,56,17,45,25,60,11,133,139
red,59,65,124,69,126,146,95,1,17,153
red,90,75,1,8,128,25,38,144,137,82
blue,103,38,140,116,93,31,94,143,76,15
red,22,23,129,136,128,18,67,11,69,74
red,90,46,132,69,53,103,38,6,106,4
blue,5,98,1,50,71,112,111,151,24,70
red,137,74,64,9,119,35,124,144,24,93
red,34,130,56,123,108,62,60,21,137,153
blue,22,27,56,76,82,0,38,138,9,45
red,110,40,15,76,158,31,60,11,29,109
blue,31,154,11,50,70,22,60,68,49,100
blue,123,13,144,76,100,149,102,11,51,37
red,62,40,120,51,93,92,111,11,8,5
blue,151,58,39,29,108,35,141,121,51,158
blue,18,141,159,116,158,0,38,21,76,109
red,43,97,140,8,5,0,23,121,76,148
blue,90,74,143,9,93,110,26,54,76,128
red,81,87,143,116,100,131,67,56,8,9
red,0,60,138,76,100,36,98,140,91,96
blue,150,38,89,24,4,151,46,2,17,81
red,151,92,121,51,27,101,134,41,133,153
red,120,154,155,29,12,74,141,143,147,80
blue,62,87,1,49,14,22,28,151,116,45
blue,35,94,151,76,53,62,28,140,9,153
blue,44,142,121,76,148,114,141,143,24,30
blue,22,67,111,69,128,137,130,143,76,53
blue,110,27,151,24,128,107,98,155,17,79
blue,134,38,140,51,128,35,65,143,137,53
red,18,46,143,29,12,19,61,144,85,93
blue,74,84,3,133,53,0,38,140,51,109
red,22,28,56,49,12,43,86,138,76,108
red,74,38,143,76,82,107,142,136,17,109
blue,22,54,155,106,82,0,142,64,17,79
red,34,40,138,136,71,81,134,2,24,45
blue,144,40,2,51,80,62,78,53,129,45
blue,151,98,140,124,74,112,102,121,106,80
blue,101,65,89,51,14,103,60,1,49,12
blue,36,40,54,24,53,123,102,89,17,159
red,90,107,43,109,119,34,58,19,76,128
red,36,130,143,137,118,0,13,115,109,80
red,37,65,150,17,45,74,155,19,76,9
blue,151,40,143,106,100,35,130,144,17,158
blue,90,145,89,76,118,115,74,121,116,80
red,115,142,120,137,70,103,27,2,24,128
blue,43,102,132,133,45,0,40,121,129,153
blue,90,30,154,69,41,110,102,143,116,119
red,31,26,155,29,158,3,149,55,49,100
blue,22,149,2,17,119,59,26,155,76,93
red,42,26,155,63,93,87,97,118,76,79
red,112,155,124,17,93,103,145,121,137,160
red,35,30,55,133,45,57,26,155,51,132
blue,47,141,140,17,119,103,26,155,51,14
red,155,26,35,52,45,69,84,68,151,109
blue,19,84,94,76,100,47,44,124,49,12
red,0,84,144,106,79,37,38,53,52,87
blue,106,30,155,76,79,47,46,55,138,12
blue,0,23,143,17,100,90,98,148,24,45
red,34,134,26,9,4,36,54,2,106,14
red,74,13,158,137,70,41,40,55,52,120
red,0,61,143,29,93,31,130,159,17,12
blue,36,38,144,137,158,0,54,81,69,153
blue,62,26,151,50,41,22,145,124,49,45
red,103,75,1,24,53,152,58,33,51,100
red,103,65,56,133,80,92,13,140,49,148
red,43,98,55,106,80,114,61,1,29,66
red,22,23,151,17,139,137,130,89,51,119
blue,18,141,105,24,45,72,142,73,76,108
red,35,75,53,51,74,114,130,155,147,100
blue,42,65,139,106,82,31,91,143,17,158
blue,47,26,6,17,160,18,46,144,156,71
red,112,77,32,17,9,35,13,140,49,71
blue,0,40,23,29,53,67,130,59,85,119
blue,110,77,55,17,45,112,60,56,8,53
red,57,102,89,116,53,18,141,43,17,80
red,18,23,150,49,71,39,13,76,69,153
red,101,134,23,29,53,47,155,64,16,108
blue,110,23,74,76,45,88,155,148,116,79
red,18,155,140,17,9,43,46,2,51,12
red,59,46,151,9,100,0,65,121,116,70
red,31,23,73,150,154,0,46,11,49,108
blue,115,142,41,29,45,0,13,143,51,118
blue,152,111,89,49,96,67,142,1,108,119
blue,22,40,143,133,99,0,23,121,49,96
blue,135,60,148,63,70,22,91,55,17,120
blue,151,26,110,51,45,18,27,150,76,100
red,110,142,2,29,119,103,65,53,133,37
blue,150,23,155,29,153,37,134,32,137,14
blue,18,134,2,51,96,90,13,129,63,6
blue,18,87,143,17,45,31,142,132,9,158
red,0,111,132,49,158,3,30,142,106,128
blue,119,13,124,24,96,129,154,94,29,41
blue,36,65,55,156,139,114,142,121,49,93
red,74,38,68,76,12,18,155,105,50,93
blue,151,130,132,69,66,0,40,87,116,45
red,2,155,43,17,119,74,102,1,76,109
blue,2,98,132,49,120,110,23,121,51,100
blue,144,38,132,76,41,78,91,89,63,70
blue,103,87,132,69,80,101,27,121,51,96
blue,43,67,155,50,14,0,30,64,136,45
red,37,54,38,8,128,103,141,121,24,100
red,31,40,56,137,158,110,58,26,54,96
red,18,130,6,24,128,78,124,155,106,82
blue,31,65,120,8,70,103,134,53,116,153
blue,22,13,109,137,53,107,23,43,76,119
red,59,13,43,51,80,144,58,31,17,53
red,103,130,43,49,158,19,61,143,106,5
red,22,92,78,76,100,2,58,137,50,45
red,0,60,89,29,93,110,67,140,49,128
red,74,61,2,76,70,36,67,151,17,82
blue,0,84,43,29,82,38,46,56,148,108
red,43,54,159,9,70,22,27,122,29,11
red,81,46,64,76,5,31,98,19,63,158
blue,144,142,159,49,121,127,111,143,17,9
red,48,5,11,147,118,150,65,2,137,70
red,48,46,140,24,126,31,54,3,51,82
red,48,84,155,136,70,74,98,55,76,80
blue,74,54,11,9,108,48,61,1,116,80
blue,95,67,122,9,80,48,40,143,76,119
blue,18,124,150,49,160,48,141,140,9,14
red,43,26,124,116,93,48,84,143,17,159
blue,48,111,158,24,45,0,65,26,51,93
blue,48,58,73,24,99,115,67,32,133,70
blue,48,58,120,137,100,103,46,6,116,45
red,48,60,143,106,4,0,134,140,24,99
blue,0,130,122,29,119,48,38,41,51,5
blue,48,92,6,49,133,0,67,94,106,91
red,22,134,143,133,14,48,65,6,17,110
red,151,38,138,8,82,39,75,19,133,70
blue,103,154,23,133,128,48,65,54,24,148
red,110,94,155,136,93,48,134,68,51,128
blue,88,142,144,24,89,74,145,121,106,139
blue,48,40,26,133,80,103,5,138,129,9
blue,0,27,155,106,99,48,46,11,17,45
blue,120,13,143,9,53,127,142,114,116,99
red,114,125,19,49,148,151,38,1,116,45
blue,22,30,3,76,110,101,154,57,24,74
blue,22,130,56,24,114,0,145,33,17,53
blue,22,61,57,85,128,151,91,23,137,119
red,0,92,32,150,108,144,38,143,116,4
blue,47,84,1,49,45,103,92,19,17,159
red,110,92,1,17,160,154,28,35,116,153
red,31,130,2,152,79,34,134,143,9,12
blue,38,23,150,50,70,72,142,151,9,15
red,47,84,3,9,76,18,38,55,51,53
red,145,61,121,69,80,0,86,138,9,128
red,0,60,56,9,71,101,84,93,50,70
red,22,61,121,50,12,72,134,158,137,14
red,88,60,33,76,82,0,23,21,29,121
red,88,26,127,150,82,22,98,55,76,15
red,31,46,143,129,121,135,75,37,49,128
blue,0,130,158,49,12,103,40,144,106,121
blue,112,134,26,106,126,101,40,19,76,53
blue,110,38,140,85,126,47,67,89,49,108
red,59,124,19,17,93,57,13,140,49,108
red,42,13,140,133,100,74,65,33,106,79
blue,43,84,151,106,99,59,13,91,76,15
blue,110,61,105,76,71,2,38,129,9,121
blue,22,27,26,29,119,90,65,64,17,109
blue,90,60,159,49,82,57,102,64,50,45
red,134,54,129,109,45,0,38,21,76,119
red,37,60,64,17,70,78,111,151,133,80
blue,110,58,79,51,128,102,92,140,69,93
red,103,38,121,51,153,31,61,79,129,93
red,91,84,72,133,70,18,60,125,54,121
blue,0,92,64,106,45,74,61,121,51,82
blue,101,130,1,116,71,36,13,121,9,158
red,74,111,121,49,45,114,38,1,29,158
red,43,65,121,17,70,36,38,144,8,5
blue,112,40,132,51,80,77,38,138,129,5
red,78,149,129,137,70,112,30,140,51,5
blue,0,130,19,24,70,78,142,140,49,100
blue,37,65,120,49,82,103,113,144,76,93
blue,91,23,43,24,92,25,125,56,9,14
red,2,141,121,51,128,135,102,140,137,9
red,18,60,20,76,82,36,155,109,51,96
red,35,145,21,137,53,18,40,151,76,99
blue,137,58,56,50,82,35,61,78,129,158
blue,120,146,77,9,158,22,145,56,29,121
red,131,145,121,17,160,18,60,19,49,80
blue,110,145,71,24,82,151,142,155,17,45
blue,0,91,138,133,96,22,145,41,69,128
blue,51,86,125,17,71,0,145,2,29,9
red,22,60,11,129,14,43,78,143,76,45
red,144,78,150,69,93,58,125,121,8,128
red,97,124,155,63,79,31,145,121,76,45
blue,115,26,155,129,160,9,75,23,76,53
red,18,145,73,17,93,22,40,144,136,53
blue,92,130,55,137,4,54,145,37,17,70
blue,90,65,21,63,30,134,78,138,49,12
blue,101,145,160,137,154,37,134,155,9,96
blue,95,145,159,24,123,74,111,144,52,93
red,0,38,6,69,80,72,26,129,24,100
red,134,26,1,137,70,74,27,33,116,45
blue,37,145,42,133,16,35,26,94,137,128
red,107,26,155,49,160,81,102,120,148,93
red,90,145,56,49,45,57,98,6,50,53
red,34,77,159,52,12,110,145,2,133,45
blue,103,26,148,116,80,115,58,150,41,15
blue,103,155,139,29,45,146,58,140,51,12
blue,59,154,68,106,74,135,26,155,51,91
red,135,13,143,17,93,107,44,121,9,12
blue,36,23,68,9,93,135,102,53,116,109
red,135,54,29,8,70,57,154,103,49,45
blue,74,86,55,51,82,137,98,37,133,45
blue,0,134,26,106,108,103,61,158,51,66
red,90,38,143,17,153,22,54,150,106,4
blue,0,75,1,8,53,137,77,143,129,14
red,90,142,53,147,33,0,124,49,106,100
blue,134,27,1,76,92,22,28,155,51,93
red,134,102,11,106,153,53,65,121,51,118
blue,134,23,101,51,14,90,13,26,8,45
red,104,87,56,24,108,88,111,41,95,158
red,0,23,48,137,12,47,38,143,50,128
blue,31,44,11,9,79,134,46,56,51,118
blue,134,65,71,133,108,74,5,151,76,45
blue,31,67,1,76,45,134,58,19,17,70
blue,43,84,62,17,45,134,67,34,133,114
blue,22,40,121,29,96,134,38,55,76,93
blue,123,126,125,106,93,134,74,57,76,15
blue,103,98,140,29,119,134,92,1,51,15
red,114,13,6,51,12,39,154,143,150,9
red,0,154,132,51,12,37,98,155,136,53
blue,110,28,136,9,121,18,154,143,76,53
red,131,154,121,29,12,97,84,143,52,82
blue,36,154,11,106,82,101,27,155,136,83
red,43,88,1,49,120,149,154,109,52,100
blue,34,154,122,9,82,131,130,121,17,5
red,36,58,33,133,108,75,65,140,76,79
red,107,27,91,69,80,134,154,32,49,12
blue,115,74,11,76,93,146,154,94,29,71
red,112,94,139,51,118,31,154,159,133,15
red,88,154,139,17,53,78,134,143,9,93
red,90,154,140,133,5,54,61,6,24,82
red,101,154,64,51,82,115,30,121,76,45
blue,102,94,142,136,45,36,154,144,129,12
blue,62,38,140,50,45,135,30,56,137,12
blue,151,154,90,116,80,48,23,150,156,45
red,34,23,124,106,82,37,154,11,85,93
blue,114,58,121,133,53,0,154,2,24,108
red,48,154,63,133,109,59,92,121,29,108
blue,151,13,6,76,4,0,154,7,17,119
red,146,154,55,22,119,3,155,143,51,108
red,35,40,72,50,80,78,154,150,51,158
blue,22,107,121,76,45,144,154,151,51,70
blue,144,107,121,49,109,115,154,143,9,93
blue,92,142,138,50,45,90,154,94,133,70
red,156,154,150,8,128,90,38,140,51,114
blue,31,154,150,138,128,34,87,143,133,70
red,2,154,155,85,82,0,77,121,29,66
red,110,40,73,76,79,0,154,114,69,14
red,119,154,155,17,66,2,97,90,52,5
red,36,125,143,49,53,144,154,140,133,108
red,78,87,34,24,100,127,98,150,17,53
red,129,75,19,150,37,31,97,2,85,45
red,0,60,55,85,82,101,61,154,24,96
blue,31,40,41,9,15,78,142,151,85,74
red,31,46,68,116,119,90,23,150,85,82
red,77,84,3,76,5,73,134,151,129,100
red,0,75,53,50,120,110,26,140,129,148
blue,34,134,121,51,139,115,26,151,129,96
red,119,30,140,129,82,135,40,121,76,45
red,0,23,136,129,45,130,13,20,133,153
blue,90,154,43,156,108,31,107,129,76,53
red,152,26,34,137,70,22,30,151,76,153
blue,48,142,143,137,139,110,111,1,69,80
red,47,61,121,76,80,43,13,56,49,148
blue,43,27,3,133,160,112,134,68,76,108
red,134,65,121,76,99,110,44,3,106,7
blue,115,84,136,106,100,134,58,89,76,79
red,18,102,143,133,100,101,60,144,51,53
red,43,102,148,51,93,34,145,151,52,128
blue,74,61,2,129,93,0,65,121,17,45
blue,74,65,6,17,45,151,111,34,29,109
blue,0,84,33,24,14,37,65,122,17,79
blue,74,102,144,9,14,95,23,151,52,79
red,110,26,3,17,148,48,87,143,116,93
red,0,26,151,54,93,103,86,6,116,100
blue,151,26,89,17,53,90,58,41,49,108
blue,103,87,151,9,53,101,102,140,29,80
red,115,61,121,129,79,22,142,1,17,45
red,57,134,42,24,80,137,102,55,116,99
blue,0,46,26,106,118,31,38,121,24,93
blue,134,107,137,76,41,112,60,122,17,45
red,0,13,120,76,45,103,65,143,52,5
blue,0,23,143,9,64,78,60,91,24,66
blue,103,84,151,106,45,22,46,132,129,5
red,18,141,143,137,100,0,65,6,29,12
blue,0,60,37,76,53,114,154,158,51,126
blue,0,65,1,76,5,34,111,121,9,66
red,114,94,121,49,9,117,61,129,106,160
blue,127,58,155,29,53,117,134,105,8,128
red,137,46,6,120,108,90,61,1,24,53
blue,48,5,6,51,119,36,13,1,147,53
red,78,125,140,24,53,34,26,64,9,124
blue,90,38,143,29,12,31,84,121,51,5
red,53,65,21,69,128,34,142,124,76,71
red,0,102,140,29,45,36,38,143,106,82
blue,0,145,144,17,121,31,111,151,54,108
blue,110,5,57,8,153,101,61,68,76,128
blue,72,40,150,54,9,31,134,138,29,118
red,150,145,133,29,45,134,61,19,76,159
red,135,84,29,76,12,17,13,64,147,45
red,0,77,26,29,9,91,65,143,85,119
red,110,26,91,24,93,54,58,129,29,45
blue,25,102,121,51,45,59,13,2,50,5
red,34,38,1,49,14,24,113,136,29,139
red,18,141,124,29,108,31,77,143,9,159
red,74,58,121,76,153,36,87,125,116,12
red,43,58,105,69,45,152,154,55,17,53
blue,31,38,55,9,70,0,111,120,51,66
blue,151,38,143,51,158,149,77,6,116,108
red,22,88,91,106,99,110,61,19,49,128
blue,144,125,136,106,100,34,38,120,109,108
blue,90,92,122,52,128,22,98,150,156,100
red,35,130,11,133,45,90,65,121,109,96
blue,107,113,159,17,128,103,141,68,29,12
red,43,27,140,49,109,90,46,64,69,9
blue,90,111,140,116,153,18,146,2,29,12
blue,110,86,140,156,118,22,30,120,63,153
red,59,102,64,29,158,0,5,2,147,89
red,74,46,143,106,5,90,65,120,9,70
red,0,84,144,8,70,103,38,26,139,52
red,135,65,55,76,153,97,61,143,133,70
blue,112,61,64,76,70,101,58,121,133,14
red,52,38,23,17,79,0,46,140,9,108
blue,65,38,122,24,53,31,40,23,116,66
red,102,26,155,136,96,22,58,124,17,128
red,102,38,11,150,111,151,65,1,17,119
blue,102,30,142,29,4,110,46,23,133,153
red,0,46,2,76,45,110,113,144,106,90
red,151,92,138,24,100,42,65,144,51,12
red,25,40,1,49,66,90,60,144,76,37
blue,22,124,91,9,82,101,142,144,76,16
red,91,65,144,76,108,37,155,32,17,71
blue,101,111,159,109,108,78,142,144,116,119
red,42,38,144,69,80,112,75,53,51,158
blue,59,98,68,8,15,92,30,144,17,119
blue,39,65,7,129,45,0,60,144,24,70
red,110,111,143,51,128,0,107,2,50,99
blue,89,40,151,51,70,25,142,124,76,45
blue,34,60,121,9,93,144,23,150,51,45
blue,31,77,143,52,128,34,78,155,69,14
red,9,107,21,17,128,36,97,34,129,15
red,123,28,155,116,53,90,60,73,17,118
blue,78,142,138,24,100,48,91,144,51,118
red,101,87,104,69,160,22,154,138,29,80
blue,115,84,93,52,14,62,117,139,76,45
red,142,23,150,76,96,131,3,2,144,93
blue,34,28,129,54,108,137,58,143,116,100
blue,72,130,143,9,119,151,61,2,129,128
blue,3,44,2,50,45,112,13,159,8,82
red,62,65,143,50,96,0,141,7,76,53
blue,31,98,132,129,5,104,77,159,17,91
red,115,102,71,51,100,103,28,89,50,128
blue,78,142,26,9,153,34,30,157,51,70
red,47,111,23,9,70,31,54,3,137,133
blue,31,141,1,133,80,3,13,140,51,70
red,31,40,121,137,80,0,145,143,109,126
red,78,58,1,137,70,101,46,121,3,45
red,62,5,150,17,12,22,111,19,137,53
blue,115,102,156,51,74,88,98,144,9,53
red,2,61,143,137,12,48,134,151,51,96
blue,145,111,132,137,93,22,58,140,76,110
blue,31,13,11,9,45,130,54,43,137,53
blue,152,154,93,29,15,3,38,139,137,99
blue,47,58,151,109,139,0,60,55,137,70
red,93,60,68,17,45,34,154,56,137,118
red,43,30,32,51,45,110,5,6,17,108
blue,112,102,143,15,153,72,30,150,137,119
blue,114,65,19,147,74,22,58,144,9,70
red,22,58,21,50,70,43,84,139,51,93
red,101,38,122,133,12,115,40,41,137,70
blue,90,25,19,106,80,115,111,121,51,45
blue,137,111,132,69,80,88,30,53,51,108
red,137,87,121,63,70,131,125,151,133,153
red,101,124,1,137,70,86,149,151,41,71
red,72,67,155,137,70,47,124,136,17,91
red,47,28,140,137,70,74,102,56,50,82
blue,127,5,155,52,99,35,23,150,137,70
blue,18,60,56,116,160,135,40,73,137,128
red,120,13,155,76,9,131,65,159,17,12
blue,22,58,129,109,53,110,60,55,51,79
blue,102,61,64,116,108,0,111,59,137,80
blue,110,40,139,85,15,25,149,6,137,66
blue,57,46,155,106,82,31,94,2,137,45
red,88,28,140,133,70,110,117,158,76,93
red,59,60,155,76,12,43,28,150,17,4
red,22,84,32,137,45,0,102,26,51,93
blue,78,38,1,116,45,112,98,143,51,14
red,112,27,1,51,93,18,54,94,29,108
red,88,113,148,17,53,57,46,55,49,80
blue,81,46,89,49,93,34,38,159,51,114
red,101,142,122,137,119,0,75,83,49,12
red,22,65,23,76,45,112,107,26,137,12
blue,152,40,155,133,153,90,86,2,137,111
blue,78,134,151,137,70,18,23,143,51,82
blue,110,40,151,106,16,34,58,121,137,82
blue,103,113,94,129,128,101,102,41,137,118
blue,31,84,56,136,82,123,111,121,51,93
blue,78,58,151,129,82,74,111,125,51,158
blue,113,30,148,137,53,150,154,55,109,12
red,110,13,55,17,15,0,30,158,85,12
blue,0,61,143,29,118,90,134,148,49,109
blue,0,38,143,29,100,150,61,148,109,82
blue,154,126,143,9,158,123,74,71,17,100
red,72,102,143,51,45,35,145,11,63,15
red,101,58,143,49,108,112,117,64,106,158
blue,110,98,121,12,108,47,65,101,120,71
blue,18,102,121,17,123,90,61,68,51,82
red,134,125,33,24,5,150,30,74,147,93
blue,48,141,144,109,93,36,23,121,8,70
red,2,98,121,9,70,91,77,64,17,14
red,91,23,19,49,45,0,65,143,129,96
red,144,38,105,69,80,37,61,151,51,93
blue,135,54,3,69,121,59,124,91,51,14
red,37,61,55,76,153,53,107,121,51,148
blue,151,60,56,116,93,47,44,155,133,74
red,0,44,133,51,45,31,102,144,29,100
red,97,23,150,69,153,151,44,144,109,108
red,35,102,44,76,53,36,38,148,49,12
blue,112,44,103,54,80,92,75,148,49,74
red,78,60,91,49,71,88,44,148,133,108
blue,22,84,33,69,93,0,44,143,133,96
blue,2,23,150,29,9,48,44,56,69,80
red,22,44,55,50,148,74,65,150,29,119
blue,62,44,11,106,90,110,61,109,49,108
red,57,61,2,133,45,101,44,26,52,128
red,110,44,2,29,93,119,60,64,106,82
red,18,44,33,129,93,35,130,6,116,91
blue,137,130,155,116,121,19,44,47,9,108
red,47,38,148,43,108,155,145,23,8,100
blue,129,40,136,17,79,42,142,138,76,5
red,146,54,91,129,66,150,30,2,9,93
red,114,146,29,136,128,36,142,11,147,45
blue,90,154,56,17,128,131,111,125,136,4
red,31,98,150,133,15,0,23,32,17,128
red,72,145,41,147,4,22,13,11,106,5
red,74,142,144,136,126,90,141,56,17,9
red,39,46,121,17,70,131,92,56,9,53
blue,103,130,148,17,128,112,23,109,49,108
red,90,27,91,95,70,36,58,3,148,45
red,78,46,144,116,118,77,23,150,76,5
red,145,130,73,116,4,0,23,150,137,66
blue,134,142,73,17,79,101,27,150,9,119
blue,151,133,121,52,119,110,141,55,29,71
red,101,23,150,133,9,25,149,70,51,80
blue,150,134,158,52,93,88,60,144,51,109
red,90,58,150,148,5,0,84,144,106,82
red,31,142,55,120,53,48,58,121,29,93
red,2,28,150,133,93,0,38,138,51,45
blue,131,141,68,29,14,78,38,64,150,93
red,43,27,150,51,128,20,86,1,133,70
blue,47,124,150,51,93,22,40,142,157,91
blue,59,87,150,24,82,102,27,151,49,119
blue,54,61,155,49,45,146,94,150,69,80
red,74,84,150,109,108,101,23,143,29,53
blue,90,23,151,150,148,72,154,129,24,100
blue,110,141,144,17,79,151,40,159,150,119
blue,22,26,91,76,160,0,54,150,133,9
blue,131,13,150,49,120,151,54,159,76,9
red,103,113,150,69,9,31,87,121,29,108
red,2,145,150,133,108,57,44,121,69,158
red,114,23,91,9,25,115,67,150,76,128
red,154,121,150,51,9,47,67,125,50,81
blue,31,124,150,29,45,101,155,56,69,126
red,90,58,148,51,132,91,26,150,109,82
blue,134,60,26,76,150,129,87,94,17,80
blue,43,88,121,133,128,78,60,150,54,45
red,103,46,143,9,124,117,23,150,106,93
red,43,102,75,63,70,150,124,138,17,79
red,0,30,150,133,119,103,84,140,49,53
red,39,94,140,24,91,81,149,150,106,128
red,112,46,150,3,80,102,23,91,17,160
blue,114,40,150,129,128,20,13,115,75,158
blue,24,97,2,150,82,31,58,33,51,99
blue,3,88,150,54,93,22,23,136,133,96
blue,110,84,150,52,128,90,75,6,133,70
red,0,87,150,17,71,47,102,2,51,4
red,34,75,150,143,80,18,65,19,49,93
blue,73,98,2,150,80,35,38,136,17,71
red,2,75,150,17,16,101,130,143,24,80
blue,134,86,32,150,45,78,61,21,106,74
red,110,61,6,52,100,31,65,55,17,66
red,48,60,124,116,96,151,13,19,69,80
red,94,46,144,137,16,134,98,19,129,93
red,53,61,159,51,82,43,38,33,17,66
blue,110,46,159,49,153,39,61,94,129,70
blue,39,61,68,51,93,43,84,104,150,107
red,142,87,56,106,82,74,13,140,17,119
blue,34,142,7,106,66,62,60,37,150,12
red,22,65,7,137,70,2,46,150,17,159
blue,43,98,7,49,128,35,142,33,106,120
blue,32,92,11,137,79,22,98,7,106,99
blue,38,30,56,76,9,3,98,7,24,45
blue,113,23,148,129,100,103,155,7,51,74
red,48,60,32,106,82,43,61,124,109,118
red,18,130,2,106,82,35,142,120,137,4
blue,47,77,124,51,108,154,111,148,106,82
blue,18,27,1,85,96,42,60,54,51,97
red,0,23,139,63,70,31,141,140,52,126
blue,3,75,23,133,70,74,46,132,49,158
red,54,102,23,9,70,74,38,6,17,53
red,20,44,55,116,45,0,87,23,9,53
red,155,142,23,29,12,42,102,26,129,100
red,18,65,23,17,4,78,61,0,9,128
red,31,124,138,51,99,92,38,23,8,12
red,115,40,23,49,139,110,130,159,9,66
red,0,98,143,147,57,101,58,23,106,153
red,137,84,23,9,148,18,86,121,17,53
red,53,77,23,147,6,110,145,109,76,57
red,47,58,23,129,14,135,75,32,29,12
blue,90,38,89,17,79,31,54,148,9,12
blue,34,30,11,51,70,146,78,155,147,128
blue,0,26,89,8,5,62,58,136,9,71
blue,151,125,54,69,80,91,141,148,24,74
red,151,61,120,9,82,136,92,6,8,123
blue,31,54,155,24,45,103,40,140,17,12
blue,57,142,32,109,108,43,46,83,8,118
blue,77,46,89,8,128,34,54,143,17,53
red,37,27,29,49,158,0,40,143,76,45
blue,103,58,6,17,66,77,98,33,8,41
blue,75,65,64,9,66,2,141,133,17,96
red,97,54,2,17,45,95,58,121,29,5
red,154,75,114,49,121,101,46,19,17,160
red,104,27,151,24,93,22,102,140,49,128
red,25,102,53,133,70,115,60,138,136,9
red,150,23,89,76,70,18,27,94,137,108
red,114,77,11,24,80,65,28,6,8,5
blue,39,74,3,51,93,125,111,110,129,70
blue,110,84,2,133,100,158,125,139,137,118
red,43,107,144,137,70,22,84,140,17,158
red,101,107,151,137,45,103,87,86,29,119
red,78,65,2,137,16,135,77,159,29,120
blue,0,113,54,69,100,78,61,124,137,93
red,90,61,84,137,74,101,27,138,129,158
red,90,60,55,137,128,19,13,64,24,4
blue,59,141,121,9,128,0,27,140,137,70
blue,0,141,114,129,70,35,40,105,29,153
red,72,13,1,137,153,131,38,2,69,80
blue,0,40,121,17,99,103,84,138,137,80
blue,133,87,13,148,153,37,28,34,137,119
red,43,65,2,137,70,145,38,138,129,45
blue,115,86,122,137,70,77,146,19,50,158
blue,131,130,151,109,119,2,61,33,137,93
blue,74,38,1,137,16,78,117,158,129,5
red,74,60,159,17,71,34,26,53,49,128
red,78,125,121,29,108,74,86,159,133,153
red,35,88,55,29,153,57,65,33,51,93
red,43,5,143,85,66,151,134,159,76,93
blue,101,46,89,51,82,0,75,138,76,153
red,31,60,26,17,79,0,86,83,29,9
blue,0,46,11,76,124,35,67,114,8,82
red,74,102,143,51,82,20,154,43,69,80
red,9,54,24,106,126,38,92,136,116,12
red,115,58,37,52,5,110,134,121,24,70
red,94,92,2,137,93,48,107,23,109,128
blue,135,60,159,49,41,0,111,122,50,118
red,0,86,33,129,66,152,113,132,76,41
red,57,97,138,76,45,31,60,1,49,121
blue,38,134,64,106,82,112,60,71,76,4
red,35,98,11,133,153,137,94,64,9,5
blue,35,26,155,85,53,120,142,64,29,45
red,57,60,64,29,153,103,107,121,76,83
blue,22,124,155,157,158,77,102,143,49,121
red,101,134,43,133,108,103,38,122,17,159
red,22,61,19,51,59,0,5,3,54,100
red,95,98,20,29,148,0,38,158,8,70
blue,59,13,110,49,6,101,40,1,9,53
red,0,30,3,109,53,137,84,94,76,12
red,101,58,68,129,153,36,142,55,49,15
red,0,154,2,129,45,110,38,132,24,66
red,110,154,109,24,120,78,65,11,29,53
red,123,124,140,51,5,101,87,121,24,119
blue,112,75,71,119,51,47,124,115,29,121
red,0,27,64,106,5,123,134,94,54,9
blue,0,27,20,69,45,112,46,64,50,80
red,101,38,6,29,148,22,60,121,76,30
red,144,88,83,133,153,34,23,1,9,53
red,158,88,41,24,100,152,102,140,156,70
red,150,30,11,51,70,88,77,140,116,53
red,88,30,11,24,66,2,38,109,29,53
blue,22,65,89,24,80,34,97,143,17,14
blue,110,142,125,133,70,22,61,121,109,93
red,88,75,144,76,45,135,28,148,17,118
blue,0,77,132,129,119,22,87,125,51,5
red,88,134,144,148,53,78,60,140,76,79
blue,0,117,136,129,118,114,38,140,106,14
blue,110,134,136,17,100,22,92,55,106,82
blue,74,65,143,51,119,37,130,56,76,100
red,77,86,73,8,16,22,154,150,17,80
red,145,142,144,9,41,22,134,19,133,70
blue,34,40,143,133,158,36,75,55,51,82
blue,0,38,2,51,148,36,87,151,76,45
blue,72,38,111,69,79,36,154,32,9,66
blue,18,38,143,76,79,36,124,101,106,82
red,88,38,140,17,118,48,86,121,29,45
blue,88,87,125,17,153,0,38,55,8,96
red,90,154,73,49,70,150,38,159,51,119
red,59,98,150,24,16,18,38,20,29,108
red,110,87,121,51,139,35,65,143,129,4
blue,22,102,140,76,119,158,87,69,63,80
red,78,87,3,24,119,114,125,55,9,160
blue,151,40,68,50,128,47,87,64,51,74
blue,31,84,151,29,12,72,154,150,17,4
blue,0,84,143,17,45,65,30,55,76,93
blue,22,87,23,51,4,88,111,55,116,70
red,90,38,143,17,27,91,98,26,29,124
red,107,65,143,51,70,37,38,1,9,80
red,19,87,125,29,109,117,84,155,17,12
red,117,86,125,51,158,151,26,33,9,82
red,131,74,64,51,128,78,38,155,17,93
blue,113,74,159,136,9,34,65,26,49,110
blue,35,154,11,29,53,47,74,121,9,71
blue,35,60,138,29,9,78,113,55,24,45
blue,117,23,91,17,153,35,75,26,50,45
blue,2,141,125,24,53,103,60,138,29,119
red,92,58,144,9,94,47,26,2,147,128
blue,62,60,140,69,93,25,58,122,133,153
red,150,65,114,133,12,90,38,159,69,30
red,47,84,140,51,126,117,125,55,17,70
blue,117,155,143,116,74,35,149,138,76,9
red,117,125,114,8,45,22,58,151,54,80
blue,117,74,121,24,53,43,30,35,8,93
blue,31,142,6,9,12,110,74,157,49,128
red,81,60,55,147,96,112,67,3,49,100
blue,117,40,105,63,70,58,111,121,49,153
blue,117,58,143,76,70,18,75,144,106,16
blue,117,134,121,17,14,90,61,69,106,71
blue,115,141,11,9,119,117,58,23,151,118
red,135,74,121,116,16,131,61,138,69,45
blue,74,61,143,29,128,117,58,89,137,70
blue,117,58,150,29,97,151,127,56,63,5
red,117,60,41,29,159,150,23,25,51,109
blue,75,60,117,106,118,151,87,110,24,4
blue,34,26,19,52,128,103,154,68,29,153
blue,57,61,136,17,71,72,74,89,24,70
blue,115,60,56,29,12,34,23,21,24,4
blue,18,60,2,106,74,37,5,3,17,9
red,117,60,65,76,154,150,40,124,49,96
blue,0,130,68,156,153,117,155,144,17,70
blue,90,13,55,17,148,117,60,56,54,9
blue,117,65,122,17,100,48,58,3,157,81
red,114,88,136,17,71,25,84,155,76,80
red,59,38,43,24,119,90,60,151,122,53
red,137,60,140,17,99,43,134,33,24,5
red,88,67,151,76,93,110,30,144,51,82
red,112,75,89,24,96,54,46,124,133,53
red,81,26,155,116,119,146,40,143,29,53
red,110,58,144,17,119,18,65,121,137,120
red,112,44,139,17,153,0,26,101,49,53
blue,103,74,69,29,9,0,84,7,129,81
red,88,134,139,136,66,112,60,26,17,80
blue,101,77,89,76,74,151,40,19,133,153
blue,78,124,3,29,96,57,92,89,133,80
blue,62,38,1,76,70,47,13,56,54,119
red,123,94,144,17,119,134,5,109,29,53
blue,31,77,144,17,119,110,13,158,52,148
blue,18,46,121,51,74,36,87,143,17,45
blue,31,54,155,17,82,22,117,144,133,79
red,41,46,57,76,99,31,97,121,17,80
red,37,77,121,17,66,114,65,33,9,79
blue,107,23,143,150,108,115,67,64,9,53
red,35,154,140,17,80,31,38,122,51,120
red,74,102,121,17,153,40,65,150,136,14
blue,103,65,122,29,128,74,141,155,17,148
red,127,86,41,85,126,150,23,129,51,93
red,48,23,155,17,5,47,60,157,29,108
red,0,13,64,129,109,103,130,143,51,100
red,22,111,143,49,109,74,78,129,9,119
blue,59,92,94,49,5,74,46,55,29,148
red,37,111,94,76,71,115,149,138,106,5
red,114,40,151,76,71,112,102,6,85,12
blue,22,30,143,49,93,145,88,6,76,112
red,0,154,143,29,93,35,130,21,133,158
red,34,65,144,76,118,101,130,71,69,80
red,47,113,2,9,12,90,145,132,17,71
blue,39,38,109,29,153,81,97,23,133,70
red,22,134,23,50,100,36,58,121,76,9
blue,57,154,151,106,5,43,98,10,76,16
blue,145,13,159,109,108,0,5,2,49,45
red,18,94,0,51,128,115,58,55,137,93
red,112,61,138,9,148,0,30,121,51,108
red,115,117,73,51,121,74,146,136,49,108
red,0,38,1,29,9,101,23,55,49,45
red,36,54,124,133,70,43,113,155,106,128
blue,57,38,1,24,108,62,60,121,51,93
red,31,54,115,29,93,0,98,121,51,158
blue,154,60,121,17,96,91,87,144,51,93
blue,18,92,55,29,96,101,111,94,51,93
blue,0,97,19,51,80,93,75,33,76,109
red,57,130,155,69,118,158,141,121,52,5
red,74,60,150,133,153,36,58,143,109,108
blue,115,134,56,49,45,137,23,150,109,108
blue,20,40,2,133,70,151,77,32,85,80
blue,127,154,32,51,108,48,91,121,17,109
red,39,88,104,129,70,74,91,143,76,45
red,103,40,32,29,53,74,98,138,51,14
blue,133,134,56,29,100,0,13,32,76,99
blue,0,111,121,49,153,152,65,19,17,45
blue,78,155,120,17,82,151,75,2,116,53
red,72,142,157,63,70,47,86,139,24,121
blue,0,74,23,76,14,81,134,15,51,93
blue,97,60,55,9,100,31,30,1,17,108
red,74,87,6,106,128,34,30,143,51,91
red,22,78,55,24,45,90,38,11,8,53
blue,112,84,155,76,80,69,23,74,17,108
red,78,65,140,51,82,110,13,64,116,12
blue,110,134,150,157,70,151,130,23,50,128
red,0,141,143,49,9,136,65,121,106,14
blue,36,86,64,49,4,22,40,121,17,99
red,119,77,121,150,70,22,28,69,136,128
blue,88,58,56,76,5,78,154,151,29,96
red,131,87,73,76,45,90,60,143,69,80
blue,156,154,89,52,100,114,98,23,17,4
blue,103,60,155,136,160,137,91,68,50,123
red,38,125,89,49,153,72,146,144,133,45
red,78,37,155,106,66,107,75,101,69,70
blue,39,141,144,85,45,72,13,150,51,9
red,0,38,83,29,53,43,75,121,17,80
red,47,134,159,51,6,31,30,23,76,93
red,53,60,159,51,6,18,37,150,76,12
red,90,38,64,9,97,75,124,57,76,6
red,18,142,143,49,6,36,125,71,17,139
blue,22,13,139,106,82,135,149,71,133,6
red,52,142,143,106,6,114,125,140,133,71
blue,39,58,150,76,45,2,142,101,133,6
blue,0,134,143,156,6,112,84,94,133,153
blue,43,75,71,76,80,92,30,101,9,6
blue,112,154,151,49,6,101,65,32,29,100
blue,2,142,11,133,128,110,13,33,50,6
red,88,86,122,51,118,47,87,148,76,6
red,22,67,19,76,128,36,25,144,50,70
red,107,44,151,52,93,90,92,89,76,5
red,22,23,94,150,119,101,60,148,17,108
red,103,30,56,51,158,74,102,136,52,70
red,74,61,151,17,158,152,142,55,49,153
blue,151,149,138,51,100,127,75,94,49,158
blue,151,23,150,156,158,47,60,121,51,14
red,22,92,64,106,82,18,154,56,156,9
red,103,102,64,116,119,31,133,1,50,154
blue,78,87,140,156,45,134,38,32,17,9
red,127,60,64,17,12,0,107,73,49,160
blue,31,155,64,49,93,104,38,151,52,5
red,22,98,19,76,100,20,38,121,51,126
red,22,102,121,51,45,35,117,158,29,41
blue,25,40,144,17,53,151,38,64,137,70
red,36,125,158,51,82,144,77,155,106,109
blue,36,130,139,24,82,121,86,19,29,45
blue,92,141,140,51,99,151,134,154,137,82
red,22,65,143,63,45,36,77,6,49,71
red,18,13,26,76,158,103,125,122,116,80
blue,78,13,26,17,14,103,130,143,51,99
blue,78,97,26,51,14,22,38,2,137,158
red,92,111,26,24,128,31,46,136,63,71
red,19,84,151,17,9,2,65,26,76,80
blue,123,79,19,52,100,43,61,140,63,70
blue,42,65,1,133,45,22,125,94,120,108
blue,18,13,132,19,109,103,97,2,76,119
blue,31,98,26,50,119,53,134,139,133,16
blue,74,40,56,29,108,110,86,26,17,53
red,112,75,26,49,160,152,23,56,24,74
red,152,30,155,85,76,88,13,1,116,158
blue,123,38,55,116,80,90,26,63,52,5
blue,101,26,20,76,108,47,54,56,136,80
red,0,84,155,29,5,62,46,55,51,93
blue,41,102,26,76,153,110,65,1,147,5
blue,107,13,155,54,12,18,98,11,9,45
red,103,75,2,76,9,114,102,19,17,108
red,18,67,91,17,71,88,98,26,29,119
blue,135,134,43,17,71,83,54,55,76,108
red,0,28,155,144,45,31,141,150,109,128
blue,53,111,11,51,100,41,38,43,106,82
blue,18,60,144,76,66,43,23,53,17,108
blue,152,154,2,116,70,78,107,41,50,119
red,91,75,6,29,154,110,134,1,24,12
red,131,40,155,17,41,38,124,151,147,100
red,0,23,6,49,53,37,102,150,76,80
red,103,54,151,17,53,150,75,143,77,108
blue,123,30,94,17,71,26,46,155,24,160
red,88,30,121,49,160,107,67,94,17,45
red,31,46,144,29,160,35,74,143,17,158
red,35,113,159,17,160,18,86,121,54,80
blue,78,145,89,50,70,0,65,140,9,160
blue,20,65,140,9,108,2,67,151,133,93
blue,88,40,64,29,153,0,65,155,109,160
red,31,87,3,24,128,130,38,140,85,119
blue,42,145,159,76,160,127,40,103,17,93
blue,18,130,26,8,153,36,87,148,41,108
blue,101,13,56,50,160,103,98,121,69,93
red,91,113,144,50,160,43,58,143,76,93
red,18,27,136,17,71,72,149,151,76,160
blue,110,23,20,85,153,72,38,155,137,160
blue,62,27,139,54,109,42,134,21,17,126
red,110,13,2,133,126,88,28,43,51,100
blue,73,65,94,150,128,62,134,144,29,9
red,59,58,132,76,100,92,28,151,8,70
blue,120,102,83,29,53,137,113,48,51,54
blue,2,91,1,24,100,88,65,19,29,12
blue,90,38,56,147,119,35,65,91,133,74
red,103,40,56,9,128,107,13,83,17,71
blue,48,146,2,24,80,34,84,6,29,93
blue,0,74,53,17,71,72,44,2,133,45
red,102,30,1,24,12,0,65,144,157,82
blue,103,40,20,51,93,35,102,114,17,12
red,78,155,122,50,70,37,40,11,106,108
red,22,46,121,76,14,37,142,113,50,70
blue,110,58,121,106,80,37,38,150,51,119
blue,151,92,121,49,53,37,141,31,51,82
red,90,28,38,51,12,37,13,144,129,15
blue,59,23,33,106,108,37,27,94,51,45
red,22,61,2,76,80,54,145,121,51,79
blue,20,27,152,17,128,78,61,140,8,70
blue,18,40,32,76,14,97,38,143,116,45
red,51,134,136,69,93,106,40,2,133,71
blue,0,125,32,17,45,74,54,94,50,91
red,101,54,32,129,153,0,111,56,51,108
red,35,54,1,17,79,115,113,2,49,118
blue,57,58,43,158,108,88,61,132,17,45
red,0,94,148,106,82,101,65,1,29,128
blue,0,97,143,50,5,101,27,140,9,45
red,74,125,1,76,99,48,77,150,109,108
blue,3,58,26,116,109,107,40,55,156,70
blue,0,40,151,50,126,110,134,140,9,100
red,151,23,155,133,70,123,111,56,29,153
blue,0,27,136,8,70,95,30,139,49,9
red,150,141,148,147,123,22,75,139,116,82
blue,88,98,64,29,53,90,131,143,24,100
red,43,60,68,49,45,0,107,56,109,12
red,115,91,64,76,158,57,75,51,137,70
red,39,98,150,157,9,18,27,121,17,79
red,19,38,150,69,80,114,65,148,76,45
blue,0,155,90,41,109,110,130,26,17,153
red,0,130,143,29,100,74,38,2,51,82
red,31,149,73,49,45,0,54,121,17,109
red,74,125,159,129,82,38,145,2,51,100
red,104,67,129,29,70,101,61,151,138,80
blue,0,75,21,76,119,74,149,111,17,159
red,2,27,91,76,16,26,111,155,63,119
blue,37,142,1,17,96,25,61,41,116,79
red,95,23,41,51,128,144,46,140,63,70
red,90,38,143,51,82,53,142,124,52,120
red,78,5,151,76,79,18,134,122,29,153
red,47,125,53,129,80,37,65,56,137,100
blue,43,75,139,137,45,110,13,121,52,126
blue,18,78,11,50,70,74,58,56,17,53
blue,35,60,143,51,82,36,23,7,116,128
blue,53,125,55,17,128,37,40,151,51,82
blue,22,28,158,76,93,74,60,54,24,14
red,47,134,140,137,70,0,38,143,51,153
red,115,40,19,76,5,0,61,121,129,119
red,95,38,55,76,5,0,46,143,51,80
red,152,113,32,41,93,18,30,101,50,80
red,22,30,129,41,153,101,13,1,49,108
blue,150,94,68,17,120,74,30,55,50,5
red,0,30,155,116,53,2,149,158,17,71
red,120,30,3,133,93,115,60,55,51,70
blue,43,40,55,51,9,90,30,159,69,16
red,103,102,35,124,108,92,58,155,17,15
blue,101,142,139,133,70,90,65,138,52,45
red,74,46,150,50,80,146,40,83,9,30
blue,36,154,11,129,91,115,88,143,24,80
blue,35,13,19,106,82,107,134,148,137,45
blue,151,30,73,69,71,2,61,0,17,9
red,36,30,151,129,91,121,92,19,76,109
red,154,46,143,24,118,90,30,151,9,70
blue,2,142,155,69,80,103,30,43,106,15
red,90,30,109,9,108,134,13,105,17,139
blue,22,28,155,29,99,112,30,124,106,14
blue,150,134,83,69,80,131,30,20,51,128
blue,65,30,55,29,153,18,77,56,51,4
blue,35,134,138,49,82,18,130,143,76,14
blue,127,30,159,51,45,155,23,38,106,82
blue,137,23,55,17,93,103,30,26,9,79
blue,103,130,1,49,64,74,40,71,106,53
blue,31,149,55,51,108,145,77,1,85,53
red,81,38,121,17,128,6,58,143,9,154
blue,18,92,148,54,93,43,65,79,63,53
blue,47,142,11,29,71,151,134,56,17,158
blue,0,27,140,17,45,151,65,56,106,46
blue,22,30,140,147,128,137,111,1,51,119
red,47,26,3,17,45,144,38,55,51,82
red,43,60,33,9,100,22,46,55,51,14
red,31,13,143,51,5,36,111,144,136,93
blue,112,121,68,17,71,72,60,11,51,99
blue,74,38,43,51,153,57,77,121,116,45
blue,151,58,105,76,82,106,94,2,116,96
red,22,125,120,116,108,115,87,144,136,119
blue,18,40,68,29,158,127,46,159,51,45
blue,74,94,140,51,82,110,111,64,17,45
red,0,67,56,29,91,18,117,64,8,119
red,90,30,94,109,108,101,40,140,24,53
blue,31,30,139,129,82,3,141,138,85,70
red,31,84,157,51,53,131,30,11,17,128
red,22,67,155,29,41,35,30,55,147,45
blue,31,26,19,129,14,113,30,114,17,128
red,142,30,144,133,153,42,98,121,69,114
red,37,111,19,116,158,145,67,43,51,14
red,47,30,151,24,100,97,26,136,9,53
blue,92,30,129,147,53,90,98,144,49,9
blue,22,98,26,116,70,92,30,125,49,33
red,42,30,37,76,119,0,142,148,133,70
blue,134,46,94,85,71,31,30,55,137,119
blue,0,65,122,17,148,107,30,140,24,119
blue,72,30,151,29,9,22,61,157,51,160
red,90,60,20,51,148,35,30,150,106,45
blue,34,125,114,109,45,145,30,151,50,70
red,90,23,20,24,79,36,30,151,137,158
red,37,142,56,51,93,22,30,104,76,45
blue,18,124,114,51,80,47,127,19,8,5
blue,112,13,55,17,79,37,142,32,51,53
red,3,40,56,17,53,90,26,159,76,153
red,134,154,143,24,100,110,74,121,17,12
blue,103,38,124,76,153,0,25,148,129,14
blue,78,92,159,14,91,90,38,124,106,66
blue,120,141,143,51,93,134,27,68,29,12
red,31,98,120,17,153,78,28,155,133,71
blue,0,40,121,51,96,90,92,26,133,128
blue,2,58,68,150,82,107,75,64,116,16
red,90,61,121,133,70,18,40,6,49,53
blue,90,40,124,116,111,31,28,150,106,100
blue,103,124,94,106,71,74,142,140,50,100
blue,57,111,143,50,70,145,60,2,76,100
red,74,13,150,69,100,107,77,155,54,153
blue,131,154,139,51,81,101,38,26,76,96
red,102,38,139,109,79,0,30,26,17,14
blue,97,38,26,76,120,131,46,139,51,158
red,48,125,139,29,119,90,86,33,17,53
red,123,30,2,106,128,37,134,139,116,53
red,37,40,94,133,45,31,75,32,51,82
red,90,67,151,129,119,0,86,143,49,128
red,18,142,143,24,66,151,40,55,133,80
blue,131,28,143,109,93,37,142,90,54,128
blue,95,84,3,51,82,112,58,1,49,53
blue,101,5,143,147,70,47,60,121,136,14
blue,101,54,2,129,12,92,84,94,150,4
red,79,75,138,29,158,0,65,121,9,12
blue,123,102,159,24,5,79,75,150,51,70
red,74,134,143,8,119,18,54,138,29,12
blue,91,117,143,76,153,22,149,104,9,109
red,101,54,120,133,82,151,13,33,148,53
red,97,145,150,51,93,134,98,91,15,9
blue,0,46,72,17,53,3,142,140,76,119
red,112,130,1,49,14,78,13,124,24,118
red,78,146,3,106,82,35,13,148,144,158
blue,20,58,144,76,6,22,26,155,49,41
red,18,130,144,51,158,0,40,109,76,80
red,18,141,109,85,126,31,30,71,76,45
red,36,145,56,109,153,83,46,71,24,80
red,18,67,155,17,71,47,98,120,63,14
red,41,40,155,109,108,36,84,3,116,45
red,131,102,121,8,148,39,88,124,17,45
blue,0,125,143,76,53,101,84,151,51,80
red,59,98,136,106,119,18,130,140,116,100
blue,31,134,144,76,5,36,44,33,129,128
red,107,102,55,106,100,135,38,91,49,148
blue,115,46,1,106,93,0,65,139,52,74
red,31,97,83,76,82,0,141,132,147,128
blue,34,23,142,116,126,41,65,151,106,121
blue,0,38,55,15,45,74,87,143,9,93
blue,18,134,125,54,45,36,23,151,129,108
blue,78,28,73,76,12,56,46,151,24,100
red,59,107,155,49,153,36,142,114,24,74
blue,0,61,55,17,128,107,74,91,8,70
red,97,84,140,50,128,95,155,136,109,45
blue,0,26,3,17,53,22,58,143,29,158
red,22,30,150,9,158,101,75,121,17,128
blue,120,154,3,76,66,121,98,1,50,74
red,35,58,57,109,45,59,154,0,76,96
red,0,58,143,24,119,31,75,41,76,45
red,74,142,109,76,9,78,38,37,17,158
red,37,98,64,76,12,47,58,122,29,153
blue,47,67,121,51,118,35,134,1,76,45
red,31,98,138,17,93,0,67,10,76,9
blue,31,23,155,109,79,78,13,55,76,128
red,35,23,140,51,93,36,60,124,76,158
blue,0,65,1,29,45,22,54,53,76,99
red,112,60,2,76,96,88,146,151,157,153
red,0,141,56,76,108,43,134,34,116,158
red,110,87,57,76,9,47,75,125,109,118
red,37,58,122,17,80,121,40,124,76,45
blue,151,87,68,69,45,135,154,144,76,100
blue,104,60,2,116,139,155,27,143,51,80
red,92,38,33,29,139,43,142,143,49,93
blue,112,23,2,51,93,25,65,140,76,92
blue,103,13,53,49,139,31,65,143,129,153
blue,22,77,55,76,128,31,134,124,49,148
red,31,97,120,51,91,135,75,143,147,96
red,31,98,1,63,70,43,38,56,76,100
red,92,61,11,133,70,0,124,26,9,119
blue,110,124,55,24,96,90,102,138,147,82
red,35,102,121,129,79,22,23,143,9,45
blue,101,27,71,29,76,72,46,139,50,128
red,112,61,159,50,100,34,94,121,133,53
blue,101,58,19,133,108,144,86,151,50,100
blue,78,38,120,49,158,101,126,109,9,104
blue,35,46,56,52,126,74,40,104,76,128
blue,90,40,89,116,158,0,67,120,51,160
blue,90,61,121,76,119,101,111,130,54,158
blue,90,61,124,133,70,74,65,121,24,16
blue,107,97,64,9,53,43,155,139,76,79
red,0,61,68,51,108,115,155,26,114,12
red,107,142,21,116,70,22,38,143,76,159
blue,158,40,55,51,128,0,149,59,29,53
red,0,28,155,106,82,144,104,110,76,45
blue,35,86,120,76,9,151,84,121,49,96
blue,81,125,143,69,153,110,58,159,137,45
red,35,13,11,76,45,90,61,120,29,9
blue,34,145,2,76,160,43,13,121,9,109
blue,151,5,1,137,100,31,97,121,29,9
red,34,40,159,49,158,0,154,57,29,9
blue,3,38,148,116,70,72,87,143,51,9
blue,144,13,1,49,45,91,60,55,109,9
blue,74,67,143,136,5,36,38,121,17,100
blue,22,125,32,76,66,35,117,144,29,9
red,152,84,151,17,9,134,97,158,50,70
red,57,130,55,50,16,90,38,124,49,9
blue,77,130,121,76,158,31,61,120,29,9
blue,135,75,148,51,153,0,30,138,76,9
blue,0,142,121,116,80,74,102,1,29,158
blue,34,40,121,29,53,31,102,19,24,96
red,110,87,94,54,45,104,65,68,50,70
blue,59,30,158,129,100,112,94,68,8,45
blue,0,38,11,136,96,43,67,89,51,128
red,0,88,121,29,53,36,79,89,51,99
red,22,98,68,17,9,38,67,94,116,70
red,123,84,33,50,128,115,40,26,133,5
red,18,154,33,129,158,48,23,109,133,153
red,39,40,33,49,108,43,145,1,156,74
blue,2,102,143,147,80,110,65,33,69,100
red,36,61,33,24,158,88,40,89,9,128
blue,31,46,54,24,12,134,87,120,49,80
blue,65,75,54,17,93,134,40,33,49,53
blue,10,46,143,9,45,134,60,33,76,66
blue,33,133,139,9,70,107,88,121,50,45
red,90,149,140,137,100,43,98,33,51,74
blue,110,27,121,51,74,150,98,33,137,45
blue,31,65,121,24,37,154,149,11,76,100
red,39,125,21,106,99,126,98,33,137,45
blue,81,58,143,133,5,110,78,73,24,99
blue,53,107,144,76,160,37,61,56,17,99
red,11,58,143,49,99,74,30,110,133,45
blue,62,30,136,51,93,74,54,159,29,99
blue,146,58,140,50,45,35,27,2,76,100
red,90,107,56,116,70,39,44,35,29,80
blue,144,28,48,9,119,90,134,6,106,74
blue,31,40,140,8,128,103,61,121,51,45
blue,57,44,23,116,100,25,30,151,29,53
blue,53,142,89,17,45,0,126,26,9,119
red,18,40,121,109,118,101,13,89,17,15
blue,3,134,19,50,100,107,30,105,147,15
blue,103,65,121,52,5,74,102,159,109,100
blue,36,65,159,50,45,131,23,155,116,96
blue,103,30,6,9,15,101,40,11,24,14
blue,123,107,136,24,53,35,40,1,76,14
red,36,58,2,8,45,59,38,155,17,111
blue,31,40,32,51,128,145,142,138,9,99
blue,112,40,140,138,14,121,5,155,137,45
red,115,141,55,17,70,135,58,148,50,53
red,78,38,19,49,148,110,84,43,133,5
blue,18,65,55,129,5,47,61,140,133,70
blue,74,111,56,29,71,31,60,120,109,27
blue,104,92,6,156,45,62,58,32,9,70
red,78,60,140,17,53,22,94,55,8,70
red,151,91,159,49,45,2,61,51,106,5
red,117,107,155,51,120,142,130,143,83,93
red,74,87,56,76,82,113,65,155,116,12
blue,18,65,121,49,99,47,130,2,133,158
red,131,54,3,17,80,77,40,104,133,53
blue,113,124,121,51,128,18,94,138,17,153
red,112,130,21,69,108,22,26,121,17,53
red,0,60,26,17,71,22,98,37,50,45
red,134,40,55,29,108,0,142,136,138,153
red,152,60,143,29,119,72,23,94,116,70
red,150,58,68,120,70,117,54,94,51,109
blue,47,155,64,51,158,151,37,3,156,70
blue,43,98,136,51,5,37,40,121,133,93
red,101,98,143,29,12,0,91,121,49,153
red,31,13,144,129,71,2,154,18,9,108
blue,150,146,55,51,82,0,75,121,156,45
red,36,38,138,29,128,74,149,26,22,119
red,47,154,121,49,158,152,98,150,9,45
red,114,38,1,69,153,90,155,151,29,6
blue,43,40,121,29,53,150,46,26,24,119
red,43,124,26,24,153,74,61,148,109,126
blue,115,77,41,8,100,43,40,109,138,108
blue,101,104,68,8,100,0,102,11,76,128
red,121,46,37,147,100,72,125,1,49,108
red,135,40,33,133,80,43,97,55,137,15
red,43,40,121,129,153,0,30,53,24,100
red,39,61,56,49,79,114,98,7,52,74
blue,101,65,56,9,5,74,46,121,76,139
red,31,38,143,50,128,18,40,2,106,90
blue,18,23,121,51,100,0,26,19,109,108
red,10,60,140,8,128,0,26,131,49,9
red,31,28,53,29,9,35,5,136,17,70
blue,135,79,19,51,70,95,58,121,29,153
blue,57,65,2,17,71,39,58,151,109,99
blue,0,26,121,52,99,101,84,69,120,82
red,151,142,144,129,93,0,40,1,52,66
red,43,58,143,136,128,54,75,55,17,100
blue,59,28,151,76,5,95,30,21,29,93
red,135,102,55,8,12,59,38,51,17,119
red,59,27,38,17,71,34,145,121,136,158
red,91,114,21,17,12,59,38,124,51,154
blue,58,84,103,51,71,59,102,23,133,70
red,59,155,143,133,66,121,84,132,76,96
blue,31,38,143,24,158,59,58,33,76,74
red,59,30,33,116,119,88,38,139,51,4
blue,72,91,73,51,4,59,38,33,17,53
blue,59,38,33,63,100,43,91,143,158,108
red,59,40,150,76,45,110,61,89,51,70
red,59,94,1,85,70,77,61,105,76,100
blue,103,60,59,109,139,31,125,71,51,66
red,59,38,143,24,119,0,134,158,17,100
red,151,38,79,133,64,0,75,140,76,153
blue,34,65,120,49,45,39,46,56,24,126
red,0,87,2,133,109,19,74,125,129,80
red,91,86,132,133,70,115,77,121,29,153
red,74,149,120,24,45,43,111,132,108,71
blue,31,35,132,24,158,37,98,143,123,108
red,74,23,94,17,71,97,13,1,8,93
blue,90,141,144,49,158,22,13,6,3,93
red,18,54,155,106,123,119,58,94,137,15
blue,103,95,55,63,70,22,58,73,51,14
red,81,58,121,51,80,90,40,144,52,70
blue,0,84,148,52,92,31,58,6,29,12
blue,72,58,2,69,9,90,60,144,137,12
blue,3,58,138,24,93,101,40,56,137,70
blue,74,40,136,50,45,78,58,6,29,100
red,22,58,11,51,148,25,84,151,106,128
blue,31,28,155,29,96,72,102,56,51,45
blue,77,154,151,76,92,72,40,105,51,159
blue,115,134,32,76,74,127,154,89,133,16
blue,135,23,144,17,74,48,38,11,8,45
blue,74,86,122,24,135,18,149,140,9,128
blue,88,142,144,133,153,130,141,55,29,45
red,22,113,1,133,108,34,23,142,76,128
blue,59,46,155,76,66,72,142,159,116,139
red,101,111,124,69,74,90,23,94,106,93
blue,110,98,143,51,53,37,91,1,52,93
blue,78,142,37,51,45,0,44,56,76,96
red,31,38,158,17,128,39,40,151,51,99
blue,114,46,20,17,71,22,38,2,116,9
blue,18,67,109,29,4,97,38,136,137,70
red,0,40,1,63,53,43,134,89,116,74
red,101,65,73,9,160,53,75,56,116,111
blue,70,75,21,76,45,90,38,1,51,153
red,103,58,11,49,45,37,40,150,133,70
blue,22,107,121,147,45,47,155,143,69,109
red,78,58,121,17,71,112,23,68,51,82
blue,31,26,129,9,14,123,155,56,8,128
blue,25,130,140,51,70,101,67,148,106,82
red,150,23,89,106,96,114,97,56,24,66
red,78,28,151,9,70,110,54,26,17,128
red,120,38,150,106,110,117,46,33,51,154
blue,18,60,158,76,53,123,40,140,8,74
blue,34,98,64,51,53,103,27,56,29,66
red,112,130,143,76,74,137,124,109,85,82
red,47,134,59,76,110,74,38,144,116,93
blue,31,98,2,76,128,114,74,144,24,100
red,101,37,55,76,82,151,98,32,29,128
red,88,27,151,17,128,146,141,143,49,53
red,22,134,2,85,128,110,142,143,49,12
blue,115,54,151,69,128,103,60,136,51,53
red,123,40,143,8,128,90,61,23,129,12
blue,18,26,140,29,128,151,141,132,24,133
red,19,61,43,50,128,31,30,41,8,110
red,43,58,54,9,70,36,65,104,147,53
blue,59,40,155,76,96,0,84,89,106,128
red,95,107,83,76,110,24,102,143,133,109
blue,127,84,11,76,128,19,111,23,17,79
red,103,149,122,106,5,0,38,6,9,53
red,34,145,68,51,128,3,60,6,137,80
red,62,27,155,147,96,112,65,0,54,9
blue,149,13,64,76,74,22,40,140,49,128
blue,103,107,150,109,80,74,65,124,133,93
blue,53,67,0,106,14,101,54,55,8,70
blue,151,98,68,29,12,103,113,155,17,53
red,107,46,159,51,82,134,145,19,17,45
red,88,38,120,51,126,62,13,140,133,5
red,101,13,2,17,45,74,65,157,106,99
blue,31,13,89,9,128,0,38,124,17,79
red,74,38,124,24,119,151,75,1,49,53
blue,22,13,90,17,139,107,142,124,50,119
blue,2,65,124,51,12,151,58,55,29,153
blue,31,130,124,133,70,110,145,144,69,153
red,31,61,33,29,14,2,60,120,51,100
red,135,28,43,17,59,101,77,124,76,108
red,81,46,158,106,93,103,60,155,76,15
blue,18,23,155,17,96,91,142,19,29,45
blue,34,30,11,29,100,36,5,26,49,53
red,0,54,103,29,79,57,60,11,51,118
blue,22,13,121,49,15,37,38,3,51,128
blue,34,77,56,29,119,144,98,43,109,108
red,31,149,37,133,128,34,67,55,116,96
blue,110,30,1,29,119,37,74,94,51,107
blue,37,102,122,24,71,90,46,32,17,53
blue,42,58,144,69,82,117,40,64,51,5
red,110,58,144,29,160,112,146,121,133,12
blue,35,61,19,51,9,47,28,34,76,71
red,39,46,121,76,99,47,65,143,133,74
blue,39,13,3,76,91,43,28,148,137,119
blue,36,142,138,106,100,74,98,122,116,119
red,43,60,26,9,128,57,38,51,29,126
red,88,13,143,129,9,101,125,38,17,79
blue,47,142,56,129,14,48,28,121,51,82
blue,62,154,43,129,90,57,58,150,54,80
red,0,27,144,116,108,2,65,155,69,80
blue,34,111,109,76,71,151,13,73,133,80
blue,103,65,122,9,119,36,92,150,129,153
blue,22,84,150,51,5,103,40,94,116,45
red,154,23,155,76,119,19,141,53,129,128
blue,88,67,43,24,122,74,94,89,129,30
blue,19,91,81,76,80,151,23,114,116,5
blue,38,61,23,129,82,3,124,101,51,108
blue,115,61,2,76,53,48,130,138,116,9
blue,47,58,59,24,74,48,130,143,116,153
blue,151,142,1,129,53,22,84,69,17,5
red,36,38,55,129,80,110,145,48,51,96
blue,110,86,2,109,93,0,27,121,9,79
blue,18,65,143,9,45,90,124,151,157,53
blue,101,13,159,129,74,31,91,143,51,154
red,35,61,94,54,93,47,30,157,29,111
red,35,38,32,137,53,59,60,89,29,66
blue,35,142,26,9,71,18,134,19,150,82
blue,136,75,121,133,128,22,38,56,109,14
red,47,65,1,17,80,72,60,138,129,6
blue,37,77,138,52,119,31,92,1,17,71
red,77,13,121,63,119,0,142,19,76,139
blue,31,37,155,157,9,0,130,2,24,108
red,25,98,6,129,93,90,149,159,8,110
red,48,65,151,17,120,103,84,1,136,70
red,34,141,6,50,100,74,60,2,17,109
blue,42,98,56,156,153,59,38,155,49,148
blue,151,38,121,9,53,146,46,2,129,99
red,102,26,143,51,126,74,94,138,76,53
blue,121,79,143,133,119,18,155,159,52,126
red,35,97,158,133,126,34,58,6,51,100
blue,0,145,121,51,126,57,13,155,76,118
red,42,65,121,51,70,125,38,23,106,126
red,18,142,143,76,16,101,149,53,133,126
blue,47,75,158,8,70,101,46,122,85,126
blue,37,58,144,76,9,2,46,155,120,126
red,112,65,121,17,126,152,38,1,76,109
blue,110,125,150,63,71,146,142,114,17,126
red,35,154,1,51,126,34,40,21,76,153
blue,57,154,89,49,126,88,134,84,129,118
red,95,46,11,133,126,101,111,143,129,70
red,36,97,143,24,126,150,13,6,116,153
blue,0,38,20,51,108,31,58,64,137,126
blue,135,97,2,76,126,35,46,150,51,12
blue,72,60,55,17,160,74,26,136,85,126
blue,143,92,55,63,126,154,40,89,9,45
red,154,38,148,133,126,101,60,140,76,14
blue,31,75,83,76,153,0,84,64,133,126
blue,43,23,64,136,153,0,27,38,29,126
blue,78,97,151,76,158,88,126,68,9,7
red,31,86,2,49,126,0,27,155,106,128
blue,74,61,144,129,108,131,38,64,9,126
blue,151,60,19,85,126,103,130,139,29,100
blue,31,61,138,50,126,25,113,3,129,45
red,59,134,151,69,80,43,77,143,51,126
red,101,134,139,52,126,22,30,43,109,153
red,151,75,140,17,126,101,154,19,52,96
blue,112,130,143,51,71,0,145,1,29,126
red,74,154,68,106,126,131,111,144,76,14
blue,72,86,105,106,126,103,107,139,76,99
blue,37,102,155,51,9,97,5,68,106,126
red,95,77,121,49,118,107,86,120,137,119
blue,114,126,155,29,91,110,60,26,133,96
blue,88,86,59,51,14,3,58,6,9,108
blue,151,102,121,9,126,22,92,140,69,80
red,57,58,2,49,100,144,65,140,133,119
blue,114,86,4,24,100,2,142,150,76,120
blue,130,30,121,133,126,119,154,150,51,70
red,48,127,3,106,126,47,134,141,147,96
blue,31,60,72,106,126,115,23,57,17,128
blue,47,23,94,8,79,146,102,55,106,126
blue,57,75,19,51,53,114,65,23,106,126
blue,0,102,115,29,76,78,40,125,51,53
red,0,142,55,17,100,18,92,19,76,99
red,37,26,155,137,70,103,154,140,133,126
red,90,60,73,51,119,72,26,125,52,14
blue,102,97,121,76,126,103,84,2,24,93
blue,22,26,155,106,126,57,60,71,51,128
red,90,86,138,106,126,146,88,7,69,53
red,74,92,131,51,126,22,141,55,29,153
blue,135,40,33,85,126,74,141,143,49,158
red,34,102,159,52,45,31,84,121,9,76
red,35,67,148,116,76,91,40,140,17,119
blue,90,13,136,49,100,47,98,83,24,14
blue,22,130,143,9,12,152,58,54,137,126
blue,59,60,68,116,108,126,40,144,133,70
blue,3,23,151,85,126,31,67,143,51,66
blue,150,98,53,116,100,68,23,3,9,45
blue,120,67,131,51,153,137,23,43,129,126
blue,22,67,91,137,70,57,113,129,76,5
blue,90,77,140,41,80,22,67,53,156,153
red,112,58,121,116,153,123,113,148,85,158
red,95,134,138,24,53,31,145,3,8,153
blue,144,125,48,150,96,107,75,64,61,153
blue,6,60,121,137,70,31,77,143,29,53
red,69,125,143,138,82,47,145,121,129,80
blue,110,130,143,156,153,18,44,121,8,15
red,47,84,55,52,128,151,98,148,76,153
red,92,13,55,19,119,77,28,151,137,80
blue,31,60,150,49,87,0,124,3,9,119
blue,31,77,56,24,80,0,44,155,17,45
red,39,61,11,9,119,90,46,56,17,80
blue,112,23,43,69,119,114,125,144,17,80
red,130,13,121,29,45,101,92,33,51,128
blue,90,125,151,52,12,31,87,155,76,80
red,131,94,11,17,80,57,134,64,69,153
red,115,98,23,133,80,90,58,143,50,53
blue,110,75,73,51,14,135,40,6,133,80
red,78,65,43,8,53,77,86,87,133,80
blue,47,149,6,29,109,0,65,154,76,80
red,127,27,150,116,80,115,54,142,9,14
blue,38,61,56,52,100,47,84,150,29,45
red,47,102,138,52,80,18,23,33,9,16
blue,31,77,121,129,45,47,97,32,106,148
blue,91,84,11,76,96,78,94,64,51,80
blue,127,98,56,76,80,43,111,73,106,82
red,117,61,71,51,80,95,134,124,137,15
red,0,86,121,76,80,95,58,23,17,71
blue,72,154,94,17,80,22,146,155,157,148
blue,35,134,6,9,119,83,98,54,29,70
blue,150,40,33,156,153,41,38,148,136,70
blue,74,60,158,136,148,35,102,144,106,100
blue,22,58,140,76,128,2,61,109,69,80
blue,110,75,72,156,70,74,141,140,51,100
blue,41,38,150,51,128,78,125,124,136,80
red,103,23,64,17,70,0,67,121,24,160
red,114,98,89,76,71,137,146,26,109,108
red,35,40,139,51,70,131,130,23,49,148
red,0,74,11,24,70,22,111,136,9,158
red,112,65,132,9,41,101,86,55,76,80
blue,103,86,140,51,14,90,155,124,54,119
red,0,142,55,24,9,112,5,144,76,70
red,112,13,54,17,148,47,77,33,136,80
blue,78,38,136,24,82,113,65,150,17,79
red,88,141,56,29,96,34,86,6,76,5
red,101,84,121,76,130,36,13,98,106,82
blue,0,142,68,49,14,38,67,25,116,90
blue,0,40,56,29,119,101,61,11,76,53
red,43,65,6,116,70,91,124,155,54,119
red,0,84,150,106,82,90,46,56,17,53
red,34,38,140,9,158,103,130,143,76,79
blue,78,74,155,24,53,90,46,136,17,119
blue,74,5,11,133,153,47,78,56,17,159
red,48,38,121,9,53,0,58,19,69,80
red,18,26,1,49,79,88,65,109,76,82
red,78,125,54,51,53,42,58,26,49,12
red,110,98,132,49,82,19,75,129,156,79
red,18,134,143,49,9,90,38,139,76,108
blue,151,40,6,51,70,101,142,138,49,158
red,37,91,155,17,74,137,67,143,49,53
red,112,102,144,52,71,57,60,37,49,96
blue,35,60,140,76,80,146,149,55,24,139
blue,78,77,129,116,80,34,28,143,76,70
blue,74,145,122,137,93,141,40,55,51,119
red,88,30,122,24,79,78,149,94,137,96
red,90,133,71,85,4,110,130,89,137,45
blue,99,26,155,133,158,91,75,68,17,70
red,34,65,121,24,93,22,102,21,54,119
blue,42,38,91,109,108,95,60,55,76,119
blue,31,98,2,51,6,0,38,71,76,100
blue,47,13,121,51,158,42,86,55,69,153
blue,88,67,64,106,80,137,23,151,50,126
red,88,40,120,24,66,20,65,1,106,74
red,2,154,150,49,5,0,77,143,17,109
red,35,40,57,76,9,103,61,19,106,82
blue,101,58,154,133,153,31,38,121,150,5
red,0,74,55,17,109,90,94,159,63,100
red,53,77,151,17,79,0,90,143,76,128
red,0,84,155,29,119,110,28,150,51,70
blue,85,46,121,116,109,38,141,55,51,66
red,0,58,19,17,153,158,75,121,8,72
red,22,94,121,76,99,78,67,155,51,118
blue,92,46,55,116,45,110,124,155,76,118
red,0,65,55,51,53,135,154,150,49,153
blue,90,86,2,29,119,18,67,55,109,12
blue,101,86,121,9,119,31,67,55,49,18
red,137,46,64,116,100,0,40,55,17,107
red,25,98,55,24,100,137,46,143,52,128
red,0,13,139,29,153,43,58,2,17,71
blue,31,40,55,24,128,36,77,56,116,153
red,101,67,55,137,45,77,87,143,17,12
blue,103,38,140,9,96,90,125,55,17,45
red,127,13,19,147,96,74,38,143,52,128
red,74,65,56,51,119,114,23,151,17,9
red,74,23,143,116,96,22,113,125,9,53
red,151,9,64,17,5,78,97,155,147,79
blue,47,77,132,49,12,41,65,155,76,5
blue,0,13,64,17,121,139,28,69,9,119
blue,62,26,1,49,9,103,92,71,116,119
blue,120,46,1,49,53,83,58,122,85,118
blue,31,26,56,9,45,42,154,55,136,158
red,18,46,56,51,158,88,86,148,29,9
blue,36,111,89,69,80,130,102,138,8,100
red,72,102,11,76,133,90,65,32,29,45
blue,135,67,159,76,5,31,133,21,49,153
blue,0,13,73,76,128,18,27,19,49,108
red,107,102,159,49,153,74,130,26,9,123
blue,137,134,138,17,53,135,115,140,76,100
red,35,111,55,17,9,112,28,43,41,93
red,151,141,1,24,12,31,91,41,17,54
blue,25,65,1,147,82,31,75,121,24,27
blue,47,40,138,17,128,31,65,140,76,53
red,47,102,159,76,153,18,134,26,17,9
blue,131,111,121,106,118,0,58,56,51,80
blue,110,141,89,8,128,135,142,105,116,109
red,110,75,140,49,12,97,87,148,150,37
blue,0,38,1,17,59,3,134,140,29,9
red,22,145,121,76,9,0,94,139,147,109
blue,123,97,55,76,5,110,142,2,9,109
red,22,134,158,76,9,112,46,155,147,80
red,101,77,140,50,70,90,61,124,137,100
blue,74,141,148,136,45,131,46,109,17,53
red,136,26,3,76,128,151,141,140,85,153
red,74,13,11,17,111,114,141,1,49,45
blue,22,141,1,17,109,115,111,144,133,100
blue,151,149,114,50,118,74,141,140,51,14
blue,152,28,151,8,12,101,141,55,50,70
blue,78,113,151,51,119,114,65,154,156,45
blue,114,92,2,24,158,34,141,55,17,148
blue,43,38,68,51,14,114,141,155,76,158
blue,151,23,144,51,12,36,141,2,17,93
red,88,40,158,29,118,131,28,155,49,45
blue,108,84,1,76,100,91,141,142,106,93
red,151,141,140,51,41,39,27,155,69,14
red,48,141,121,24,100,72,65,56,51,45
blue,0,92,155,24,159,74,141,64,17,128
blue,36,38,143,51,5,42,37,148,74,108
blue,114,117,143,17,79,74,38,55,9,53
blue,25,124,140,147,80,48,107,155,109,53
red,121,141,0,51,53,144,60,140,29,96
blue,74,38,64,51,71,0,60,121,49,9
blue,22,58,56,106,14,151,38,159,17,45
blue,31,30,151,17,148,35,23,68,76,93
red,22,58,159,76,99,31,142,19,143,80
red,20,142,159,116,109,31,74,140,76,5
blue,72,145,155,24,9,47,30,56,29,80
red,135,111,1,9,12,137,130,42,8,100
blue,36,28,155,17,128,18,111,6,76,82
blue,135,60,143,17,153,74,142,89,76,100
blue,62,98,56,29,71,0,27,94,51,100
blue,151,38,144,129,108,31,111,132,76,148
blue,72,54,94,50,14,31,142,151,148,80
blue,43,40,114,129,128,113,84,151,69,9
blue,103,154,55,29,14,0,65,120,52,9
blue,90,58,33,136,70,151,98,104,51,41
blue,42,60,159,29,128,22,61,33,17,9
blue,101,13,33,51,128,34,84,136,8,70
blue,31,40,56,49,45,0,141,121,76,9
red,38,75,121,49,53,43,60,139,76,100
red,2,75,32,133,128,31,134,56,76,100
red,22,125,159,156,45,90,65,150,137,70
red,90,28,155,17,100,0,13,158,49,71
red,120,87,121,51,14,19,142,151,17,12
blue,146,102,19,76,12,47,142,159,17,45
blue,43,102,121,15,41,0,67,19,29,45
blue,88,60,143,69,80,104,155,148,24,45
blue,101,113,138,51,118,0,74,143,17,45
blue,74,46,143,52,100,35,30,73,133,12
blue,69,37,150,8,12,31,30,140,133,70
blue,91,13,89,76,12,22,84,151,133,70
blue,115,30,1,17,93,0,40,155,51,12
blue,37,38,34,157,12,152,40,64,133,153
red,47,46,138,85,53,39,142,120,24,12
blue,102,28,73,106,12,74,98,57,24,66
blue,155,58,56,17,71,22,130,19,29,12
blue,90,13,138,29,45,101,30,139,76,12
blue,25,28,121,49,158,22,40,56,116,45
red,36,60,132,69,80,18,40,26,9,93
red,35,86,26,17,12,0,40,143,116,45
blue,55,38,35,109,41,74,88,91,54,128
blue,2,75,151,9,45,103,61,55,49,12
blue,19,111,3,49,80,110,65,143,69,45
red,103,46,144,133,70,151,28,19,29,9
blue,47,98,140,50,45,152,65,121,24,128
blue,90,130,143,129,5,67,134,3,51,154
blue,34,40,121,76,119,22,61,150,148,80
blue,78,113,43,129,96,31,134,6,51,74
blue,18,74,101,51,128,37,58,125,137,100
blue,101,44,143,116,70,18,67,64,17,14
red,0,95,143,17,53,3,38,105,116,15
blue,43,146,89,9,70,57,75,143,29,158
red,18,38,143,49,82,42,27,155,17,79
red,42,38,125,29,120,25,102,143,9,100
blue,78,46,140,76,70,151,142,68,51,93
red,83,40,110,9,120,107,98,81,17,105
red,36,27,91,29,80,0,30,3,158,108
blue,35,97,121,51,119,48,130,32,106,128
blue,127,38,150,17,53,31,54,143,133,70
red,57,5,29,51,82,151,145,143,9,45
blue,110,155,109,129,12,103,38,56,29,153
red,47,142,150,106,120,101,94,143,51,119
blue,0,30,120,17,12,25,149,157,50,70
red,35,30,143,49,14,110,58,144,17,71
red,112,38,121,51,4,101,13,56,106,82
red,110,60,121,29,159,31,38,6,133,153
red,0,23,55,49,12,101,75,64,9,45
red,0,102,144,49,93,131,28,3,76,108
blue,90,91,55,24,66,62,46,151,54,53
blue,57,13,2,76,5,90,142,159,137,70
blue,101,84,143,137,133,18,27,144,76,45
blue,37,46,68,137,71,34,38,55,106,66
blue,36,94,132,29,108,101,98,26,76,53
red,39,111,121,8,100,0,87,6,9,79
blue,0,75,136,106,82,47,65,105,116,53
blue,112,28,31,63,70,37,65,94,17,53
blue,42,141,144,157,74,81,28,32,17,53
blue,110,40,64,76,45,115,38,56,9,96
blue,90,30,32,50,74,68,58,121,76,45
blue,37,92,121,137,100,101,130,143,24,14
blue,0,98,64,17,45,151,65,56,29,53
red,54,75,126,106,66,41,67,125,50,70
red,90,65,64,147,96,62,60,138,133,70
blue,104,67,144,50,45,47,74,140,129,118
blue,43,154,63,129,128,53,102,26,9,14
red,123,13,143,49,82,74,142,159,24,93
red,107,125,56,51,80,74,38,121,29,108
red,43,13,121,9,158,34,40,1,76,100
blue,151,141,1,139,108,146,46,132,76,9
blue,107,23,150,136,14,145,60,121,9,93
red,102,92,19,69,153,110,154,2,85,9
red,2,154,151,106,4,43,130,29,76,111
blue,131,37,94,133,53,103,27,140,76,44
blue,43,102,140,138,119,31,38,1,49,148
blue,78,75,139,24,80,135,141,68,49,96
red,18,146,41,76,53,107,13,114,29,15
blue,43,30,155,51,74,0,113,1,24,45
red,91,28,55,51,82,90,130,56,29,100
blue,112,98,144,49,96,101,141,41,156,45
blue,74,67,43,29,128,22,84,129,17,119
red,22,145,43,157,84,143,142,33,17,70
red,115,88,53,156,128,34,58,140,106,82
blue,107,75,121,29,80,0,149,68,76,5
red,115,30,125,76,160,127,107,155,9,80
blue,37,111,53,133,45,90,58,19,76,128
red,152,38,144,9,100,90,134,159,17,5
red,25,38,121,24,74,22,30,32,136,82
red,43,65,63,69,92,90,125,157,106,93
red,88,125,146,106,82,78,28,94,69,80
blue,34,28,125,76,53,41,60,104,8,45
red,0,60,146,137,12,47,134,159,51,128
red,88,61,146,106,66,110,102,121,24,45
blue,101,58,55,133,153,90,154,138,69,80
blue,63,46,121,69,80,39,30,94,17,45
blue,36,60,143,8,70,0,84,1,9,153
blue,41,98,136,76,82,94,154,63,116,45
blue,34,38,2,49,12,31,154,155,76,53
red,0,98,21,51,82,91,124,150,129,93
blue,48,61,63,109,100,0,107,105,49,12
blue,0,102,136,9,5,18,23,63,116,45
blue,33,142,132,24,128,151,5,78,76,92
blue,101,46,140,49,158,34,142,121,8,80
blue,109,102,18,150,80,127,26,35,76,74
red,43,40,6,51,93,94,46,140,9,79
blue,35,141,157,49,96,22,111,143,137,158
red,31,130,140,133,119,2,142,68,51,100
blue,5,27,155,51,74,123,40,120,9,4
blue,90,60,143,24,158,134,102,140,8,45
red,78,142,140,9,74,110,30,68,17,118
red,47,102,114,9,82,88,13,73,109,99
blue,97,154,151,51,109,36,65,144,129,45
blue,67,75,155,17,14,47,111,131,24,5
blue,47,77,143,51,82,90,141,2,76,45
red,44,84,157,150,153,11,142,155,85,45
red,151,84,120,76,45,135,88,145,49,158
red,0,141,84,109,45,43,61,120,24,112
blue,88,54,159,50,128,107,30,151,24,45
red,122,149,37,51,45,127,65,151,49,53
red,18,141,140,136,53,91,134,19,9,45
red,22,65,1,76,45,81,38,59,49,15
red,112,84,1,49,45,78,38,138,137,53
red,131,13,83,49,45,22,130,26,50,53
blue,115,79,121,133,153,47,23,32,116,45
blue,97,65,120,129,4,47,58,139,76,158
red,0,65,2,51,4,18,77,56,29,45
red,134,111,121,51,4,78,142,158,106,5
blue,74,75,158,133,45,115,60,33,49,9
blue,88,102,124,76,12,151,30,155,29,45
blue,18,38,23,17,45,104,65,101,69,120
red,22,23,140,129,4,90,117,11,116,53
red,20,142,55,76,114,72,40,151,9,153
red,115,13,6,129,93,0,154,144,51,4
blue,43,134,148,29,160,81,65,136,76,45
red,5,125,144,76,71,90,134,121,109,118
blue,114,58,56,29,45,112,60,144,147,96
red,103,98,64,133,45,95,40,21,17,153
red,18,87,64,76,108,74,40,121,9,45
red,110,46,64,76,82,22,98,37,17,45
blue,123,58,140,50,160,18,75,71,24,45
blue,31,91,3,49,45,22,30,155,50,53
red,25,130,104,51,45,47,40,2,76,4
blue,34,84,3,29,12,88,40,150,50,139
red,134,40,158,49,130,97,23,3,8,99
red,107,40,143,50,128,114,102,150,116,45
blue,0,142,1,50,6,18,141,109,17,12
red,151,61,56,29,121,78,113,143,9,109
red,18,60,143,9,12,130,65,71,17,159
blue,137,87,121,49,57,35,61,150,69,74
red,0,23,3,137,121,92,54,150,133,16
blue,22,155,1,17,121,35,61,143,24,128
blue,35,13,69,133,15,36,155,123,109,108
blue,31,38,143,29,53,43,134,2,129,121
blue,34,60,56,17,79,112,37,140,24,121
blue,83,46,89,133,45,0,38,1,52,128
blue,22,30,10,17,5,104,102,56,69,93
blue,0,38,56,29,133,110,46,151,139,160
blue,0,87,138,51,128,54,102,151,17,53
blue,18,107,55,133,100,39,65,81,116,93
blue,18,124,150,24,14,103,65,136,106,126
blue,18,142,26,29,12,72,98,6,24,93
red,34,58,30,52,100,18,38,144,49,45
red,18,61,139,50,16,57,38,140,49,45
blue,57,13,56,29,45,18,78,121,9,93
blue,123,38,19,17,45,112,92,83,106,82
blue,101,46,55,129,45,0,61,56,76,158
red,81,97,3,52,100,2,46,55,17,160
red,0,54,150,9,45,103,97,140,106,12
blue,57,154,73,51,148,20,97,124,8,128
blue,42,92,26,52,128,112,38,21,76,5
blue,151,13,53,76,3,18,38,41,109,16
red,91,27,148,109,16,36,134,138,106,82
blue,48,145,104,85,41,19,107,150,24,128
red,103,65,73,24,128,59,13,143,51,80
red,3,98,19,76,82,0,102,33,17,71
red,74,92,26,17,53,91,98,143,29,80
blue,110,27,71,51,80,146,111,68,133,153
red,81,38,121,29,109,103,40,111,157,82
red,103,28,101,9,82,137,26,43,147,96
blue,110,60,104,17,93,43,154,1,156,108
red,31,87,139,116,80,53,40,105,8,108
blue,0,13,139,9,12,90,60,51,29,70
red,92,23,77,137,110,112,27,43,76,74
blue,0,30,3,49,128,137,154,23,17,89
blue,90,91,155,109,9,103,13,120,17,71
blue,74,13,143,136,159,131,65,68,17,79
red,151,65,138,136,12,18,23,125,150,120
blue,90,142,136,17,159,112,38,120,109,45
blue,42,40,64,106,160,18,60,1,8,100
red,115,67,11,50,12,97,135,151,49,53
blue,115,65,159,76,70,35,27,158,8,45
blue,74,65,2,8,9,43,87,140,17,5
red,112,75,105,76,119,151,5,143,17,14
red,0,13,55,116,119,151,97,3,17,9
red,101,87,122,116,128,25,141,143,50,119
blue,20,75,132,51,119,22,102,19,116,153
blue,103,38,53,49,15,37,84,155,8,119
blue,36,86,119,116,15,144,84,65,51,128
red,88,154,89,51,119,0,77,120,17,71
blue,107,141,138,17,53,159,38,121,116,119
blue,78,61,1,24,160,0,97,56,17,119
red,0,60,144,8,148,34,61,120,63,119
red,37,155,121,24,80,18,154,150,17,53
red,135,130,125,24,45,22,134,55,49,153
red,74,27,151,8,70,144,98,69,29,82
red,43,65,1,24,160,117,23,34,17,71
blue,150,13,73,17,96,0,60,121,24,80
blue,18,142,144,51,158,146,13,11,49,148
blue,21,58,115,106,119,37,46,150,116,153
red,90,13,2,24,93,95,98,143,49,74
blue,36,58,56,147,80,121,65,144,52,82
red,2,102,105,29,12,0,125,159,24,66
red,67,58,125,54,108,138,142,155,8,109
blue,31,92,136,9,124,150,94,121,51,82
red,90,13,2,49,9,43,67,11,106,100
blue,43,75,159,109,108,0,97,94,8,96
red,90,60,73,8,93,134,124,139,24,5
red,78,30,155,8,153,18,23,150,106,45
red,151,61,121,29,153,34,154,3,17,118
blue,114,40,56,76,45,25,115,151,8,128
red,0,84,125,85,44,135,27,68,8,158
red,18,5,56,8,70,31,154,120,29,139
red,31,54,94,24,53,0,65,109,51,5
blue,0,65,56,50,82,74,130,121,8,126
red,43,58,143,8,71,36,130,73,29,99
red,104,102,11,8,80,145,60,143,9,37
blue,47,125,140,51,93,74,23,151,8,91
red,41,125,55,76,70,151,111,139,52,5
blue,90,38,71,49,148,22,46,104,129,53
red,90,154,10,24,80,22,134,111,29,153
red,90,154,143,51,93,18,107,136,17,71
blue,43,154,148,17,119,78,92,21,49,158
blue,3,65,109,137,108,74,154,159,17,70
red,110,58,139,137,70,146,61,155,71,128
red,146,145,138,24,93,48,23,125,76,153
red,146,98,64,9,45,22,84,33,49,12
blue,146,84,132,49,82,36,130,121,63,153
blue,115,28,83,51,12,146,13,143,29,153
red,101,60,143,24,66,146,102,89,76,118
red,146,58,120,9,118,144,46,150,8,66
red,146,102,3,50,109,22,13,71,24,119
blue,70,61,122,51,82,146,23,43,24,45
blue,146,94,121,136,53,90,142,148,133,70
blue,146,84,155,76,109,0,13,140,133,159
red,47,40,159,76,53,43,155,143,133,70
blue,22,98,6,29,12,88,117,55,76,93
blue,31,105,2,24,5,150,141,143,29,139
blue,23,27,151,76,5,57,30,103,29,80
red,78,91,64,51,96,62,65,55,85,93
blue,0,74,121,136,80,81,60,32,24,53
blue,112,98,64,17,70,78,111,3,136,80
blue,121,38,122,69,80,114,60,55,9,53
red,31,84,151,76,108,103,145,143,24,128
red,119,75,6,17,148,90,13,11,147,100
red,35,102,53,29,153,57,155,144,147,96
red,88,84,69,51,74,31,26,55,133,66
blue,74,60,150,85,6,151,102,1,49,71
blue,57,84,101,156,70,115,107,56,24,108
red,37,141,155,157,5,90,84,148,9,45
red,0,65,23,133,70,53,84,43,24,45
blue,131,60,148,29,53,72,84,139,17,71
red,134,58,150,15,153,25,84,155,17,53
blue,18,102,56,156,153,31,74,144,106,148
red,36,58,105,9,16,101,54,125,51,82
blue,114,65,33,9,80,74,38,155,76,82
red,112,65,11,17,126,107,30,55,106,53
red,81,102,121,17,126,53,30,94,24,82
red,22,5,10,49,148,107,23,155,51,41
blue,103,113,10,17,5,151,87,121,69,158
red,25,155,10,76,153,43,65,57,29,81
blue,57,102,148,24,53,74,149,139,129,82
red,47,60,10,24,96,74,13,144,76,139
red,0,65,10,116,12,151,133,144,51,107
blue,91,98,140,76,158,90,38,10,9,99
blue,37,125,26,69,80,92,58,10,51,14
blue,47,84,159,17,45,37,38,10,9,71
red,35,58,10,17,4,22,92,56,106,74
red,39,77,10,76,14,137,46,143,106,119
blue,110,38,121,116,158,70,40,42,17,82
red,102,130,143,133,70,137,13,33,51,100
blue,74,77,120,51,119,92,46,26,24,82
red,43,75,91,24,4,22,74,3,50,153
red,146,77,140,29,53,130,65,121,76,158
red,78,130,121,9,74,0,142,55,52,5
red,31,92,26,76,70,90,77,1,17,160
blue,127,91,2,50,70,107,38,155,24,128
blue,36,65,124,29,33,72,30,150,17,82
blue,0,38,139,76,70,22,30,19,29,158
blue,90,87,151,51,71,22,30,155,9,111
blue,78,92,150,116,110,22,30,101,49,93
red,22,46,140,109,108,131,154,159,24,9
red,0,67,94,76,5,36,102,124,29,119
red,0,77,143,85,80,48,27,56,106,82
blue,91,107,109,52,70,22,141,54,76,108
red,0,13,143,85,16,22,142,148,106,66
red,22,145,144,17,70,0,67,139,51,119
blue,78,23,125,24,45,90,141,43,51,70
blue,112,98,121,17,53,151,61,150,54,80
red,135,61,143,156,9,107,58,139,49,53
blue,113,58,19,116,14,107,61,11,150,70
red,18,113,139,106,108,62,134,2,76,5
red,0,54,155,51,100,103,27,3,133,70
blue,90,13,120,133,126,37,130,1,137,45
blue,90,30,155,150,82,131,23,34,85,66
red,41,61,151,51,160,103,38,71,50,120
red,99,102,143,133,153,74,61,121,51,70
blue,18,91,144,76,66,74,142,139,129,158
red,92,58,89,74,111,129,142,64,116,45
blue,22,23,150,129,82,151,134,124,74,108
blue,0,111,121,63,70,74,134,143,17,53
red,103,40,121,50,53,101,111,81,17,79
red,0,111,55,133,14,3,65,64,24,148
blue,103,94,23,116,70,18,46,132,29,111
red,112,111,151,138,79,0,13,132,17,82
blue,22,107,94,51,5,144,18,56,17,159
blue,81,54,101,9,118,137,141,26,24,119
red,0,67,32,29,53,112,26,3,24,104
blue,78,102,1,29,45,112,111,55,8,30
blue,0,46,121,147,82,18,142,148,133,108
blue,112,38,64,106,66,36,88,140,29,79
red,31,28,11,17,128,110,117,32,76,148
blue,43,13,32,106,5,34,26,19,24,16
blue,34,155,121,17,74,0,107,125,51,71
red,88,86,64,150,12,2,98,124,76,74
blue,31,38,139,51,128,34,13,21,106,5
red,0,146,143,17,74,114,26,155,76,93
red,152,98,138,51,128,74,38,21,69,96
red,97,46,51,29,45,72,23,150,24,128
blue,115,46,64,50,128,25,38,56,106,45
red,31,94,120,17,53,57,13,136,24,100
blue,110,142,143,8,123,152,38,104,9,109
red,78,130,94,133,70,151,98,143,50,153
blue,31,92,144,76,96,74,98,11,52,4
blue,47,134,140,76,45,59,111,64,49,100
blue,48,23,11,8,93,90,134,29,76,100
blue,103,78,121,76,119,101,75,159,24,160
red,91,84,71,147,118,103,92,41,8,119
red,135,65,121,50,111,103,155,68,52,93
blue,110,77,1,147,153,3,98,64,52,66
blue,31,125,33,133,70,0,154,56,52,100
red,103,98,19,50,93,92,38,68,137,100
blue,43,26,121,51,70,0,134,1,9,108
blue,78,77,129,76,30,3,27,89,106,100
blue,101,65,2,76,45,88,98,148,106,82
red,2,61,64,106,82,0,155,69,138,15
red,53,40,11,106,100,103,154,138,51,111
red,103,154,121,106,66,22,117,55,9,93
red,74,102,64,51,12,31,75,155,17,45
red,112,75,1,29,45,101,134,124,51,14
red,62,38,140,29,119,151,102,124,76,82
red,22,13,132,76,70,137,65,26,9,12
red,143,40,101,147,53,6,98,155,50,79
blue,0,134,159,116,100,31,30,132,76,53
blue,78,98,1,52,100,103,94,122,51,128
blue,103,84,32,85,14,22,54,140,106,100
blue,0,78,151,9,70,43,27,94,17,5
red,48,107,19,52,100,57,98,143,50,93
blue,18,58,121,136,74,39,142,140,24,110
blue,92,38,159,69,118,107,40,122,133,14
blue,34,38,87,24,96,135,130,2,54,45
red,22,84,151,17,99,59,38,114,133,80
blue,22,87,53,24,80,145,155,121,29,133
red,19,142,43,24,53,92,30,21,9,82
red,158,54,151,24,118,68,86,56,133,70
red,0,154,129,127,9,103,130,139,17,109
red,135,38,55,51,45,103,13,143,29,70
red,0,102,55,24,80,31,38,11,136,100
blue,74,46,64,133,4,78,130,136,76,128
red,31,91,104,29,53,151,102,124,133,70
red,115,65,1,29,12,22,74,144,106,45
blue,35,58,120,137,53,90,40,26,129,96
blue,25,40,158,17,70,35,78,94,29,118
blue,0,141,2,29,128,43,13,19,76,5
red,31,40,121,8,100,18,28,55,76,45
red,90,111,140,63,70,74,13,124,24,45
blue,31,142,6,69,80,119,26,2,17,99
blue,81,125,64,116,70,36,61,26,17,16
blue,90,61,140,76,93,101,102,32,24,74
red,22,54,121,8,100,31,40,56,9,12
red,0,40,121,9,100,53,98,94,17,160
red,53,98,2,8,80,89,46,34,76,121
blue,22,98,103,76,41,0,92,55,51,14
blue,57,111,159,29,45,110,23,155,49,153
blue,22,13,56,63,126,47,40,136,116,70
red,127,65,143,52,128,18,142,144,63,118
red,78,47,143,50,70,25,141,2,8,128
red,103,149,95,8,160,0,38,56,17,119
red,74,102,19,9,108,112,142,64,106,91
red,0,23,26,17,82,34,65,159,24,100
red,18,155,2,116,153,43,60,68,29,53
blue,36,155,144,49,108,117,86,71,17,9
red,35,27,56,9,118,144,111,159,24,80
blue,0,65,121,69,80,127,86,132,76,109
blue,41,130,26,17,45,47,87,105,76,108
red,31,87,56,106,5,90,75,70,129,53
red,35,141,124,17,12,0,75,132,29,70
red,22,13,109,17,80,90,142,33,50,53
blue,53,40,19,29,158,47,145,140,63,70
red,35,28,94,17,53,31,30,91,54,80
red,104,65,136,137,70,114,145,37,116,53
red,81,145,56,24,80,35,134,140,54,158
blue,107,60,132,63,70,0,40,121,17,108
red,37,142,150,129,70,90,102,132,106,133
blue,22,124,155,51,128,103,60,7,63,70
red,103,65,11,76,53,131,111,121,51,79
blue,22,38,124,24,14,31,107,19,158,70
red,38,67,155,133,70,0,25,56,8,119
red,72,40,155,147,70,41,77,121,76,45
red,28,65,140,63,80,0,111,154,50,70
red,107,23,143,133,108,35,65,2,24,70
red,107,75,126,133,70,57,97,19,137,100
red,0,155,55,51,128,90,130,121,29,14
red,0,58,19,17,154,144,92,124,106,12
blue,131,102,143,106,14,62,30,89,76,41
blue,91,84,105,106,82,112,87,138,137,14
blue,81,40,125,109,108,114,61,150,17,14
red,31,125,124,129,14,137,102,64,51,5
red,18,26,109,17,14,131,60,19,24,100
red,42,124,19,51,14,22,141,121,76,74
red,62,98,121,17,93,106,30,43,24,82
blue,115,54,19,63,45,35,84,150,148,80
blue,115,142,136,17,128,42,26,144,24,53
blue,3,84,144,17,53,19,117,2,76,44
blue,93,154,1,76,80,127,60,138,129,53
red,112,61,1,17,108,74,87,69,109,71
red,88,149,83,24,81,156,26,121,29,53
blue,47,60,11,9,5,37,40,21,17,108
red,42,23,136,24,108,18,61,121,120,9
red,152,130,144,49,108,0,38,138,8,9
red,110,124,55,24,108,107,141,143,54,148
blue,92,46,143,133,70,90,44,109,24,108
blue,110,94,2,106,82,25,28,7,129,16
red,112,134,143,24,66,110,40,68,106,128
red,135,27,1,24,82,0,46,158,76,45
blue,48,40,2,137,119,22,113,121,76,93
blue,115,40,144,29,12,31,54,34,129,70
blue,34,142,121,136,53,48,67,144,22,119
red,90,23,150,8,16,110,65,37,116,128
blue,103,13,26,51,87,101,124,151,76,82
blue,0,88,144,52,128,134,102,56,9,45
red,74,38,144,8,128,18,40,124,17,53
red,114,40,26,49,45,54,102,144,52,100
red,103,98,64,29,119,18,155,143,76,45
red,88,67,64,76,82,135,5,136,8,16
blue,72,54,155,147,96,110,40,94,109,15
blue,0,13,150,24,15,22,46,43,17,139
blue,72,58,143,29,153,115,134,159,9,45
red,0,46,72,76,14,36,75,143,129,45
blue,0,38,121,17,53,103,60,143,133,109
red,114,40,132,133,80,0,28,57,116,153
blue,101,5,132,76,80,114,65,26,29,153
red,114,87,129,133,153,44,38,124,9,53
red,114,65,143,9,82,34,23,151,51,128
red,114,130,6,9,53,74,88,2,106,5
red,114,141,73,51,82,90,84,150,9,126
red,31,30,94,51,119,114,60,52,9,93
red,114,58,131,51,99,139,86,110,74,108
blue,112,27,56,49,100,90,114,23,29,45
red,154,114,90,49,45,72,5,155,9,128
red,35,67,151,137,70,77,149,121,147,118
blue,36,30,143,137,70,2,149,121,76,119
blue,36,102,120,17,93,43,44,73,9,96
blue,134,58,121,17,109,151,46,122,8,45
red,0,114,3,133,45,22,30,68,150,14
blue,53,92,6,137,70,135,60,136,9,128
blue,81,130,55,49,160,113,98,122,17,45
blue,37,125,21,133,80,20,142,143,29,153
red,130,84,122,106,5,103,134,21,24,53
blue,0,61,57,49,160,130,146,1,51,82
blue,114,65,155,24,158,90,46,121,17,76
blue,110,155,121,17,93,74,154,3,106,66
red,39,102,151,129,16,18,61,55,137,4
red,36,102,138,116,108,90,142,140,51,93
red,36,84,124,29,53,31,113,140,51,70
blue,39,65,53,29,153,2,130,155,156,45
blue,36,142,144,29,41,91,94,136,24,12
red,123,124,144,17,45,36,38,1,76,71
red,121,111,90,138,12,72,60,155,120,14
red,31,75,33,8,53,101,30,90,24,108
blue,0,74,140,133,70,31,46,2,69,82
red,110,92,51,17,45,31,130,2,8,128
red,31,91,71,138,128,6,102,155,50,70
blue,114,54,155,133,70,43,98,26,51,16
blue,77,40,129,29,153,31,113,155,51,15
red,115,30,56,51,45,74,60,31,137,95
blue,81,23,1,150,37,131,92,120,76,96
blue,47,23,150,24,128,0,145,1,137,79
blue,110,98,120,9,109,154,92,64,76,5
blue,95,13,151,20,108,121,98,56,85,153
red,2,46,3,116,41,0,84,139,29,153
red,107,44,121,8,108,42,60,2,51,96
red,88,60,2,49,119,123,87,155,63,70
blue,18,30,151,133,153,57,87,121,137,70
red,110,145,26,9,5,22,77,64,116,119
red,144,13,151,29,154,131,86,121,50,128
red,142,104,0,54,12,2,77,144,24,93
red,18,13,64,51,82,0,102,159,24,154
red,151,97,64,76,119,22,87,34,116,158
red,3,54,131,29,44,150,23,142,17,81
red,31,40,1,51,93,18,26,94,17,71
red,43,13,140,24,14,103,23,151,52,100
red,151,40,41,24,53,18,84,7,17,93
red,150,38,64,17,53,107,102,2,137,119
blue,31,38,143,137,12,101,27,121,24,128
blue,103,40,64,51,70,22,130,2,24,80
red,74,65,125,24,45,103,142,2,51,126
blue,18,46,121,17,148,57,13,114,116,109
blue,35,46,2,24,15,6,74,93,106,100
red,110,91,64,24,15,51,23,151,17,14
red,20,38,6,106,45,18,23,151,24,9
red,47,154,94,133,70,112,145,120,129,100
red,103,38,68,24,119,22,84,151,54,80
red,103,84,11,24,128,78,111,21,49,5
blue,34,26,143,29,45,103,65,121,116,153
blue,72,38,121,29,71,34,74,19,133,126
red,110,27,151,137,70,90,75,55,49,128
blue,135,102,143,76,45,90,38,144,69,80
red,36,102,1,9,53,42,26,148,24,128
red,41,102,151,51,159,121,155,132,9,128
red,90,84,143,76,66,0,13,121,29,53
red,48,98,159,76,99,31,46,73,24,120
red,91,65,143,24,45,43,38,148,51,14
blue,0,38,55,9,45,146,98,56,76,93
red,135,26,11,50,93,151,149,56,52,100
red,47,27,143,136,93,3,60,121,29,14
red,57,102,144,9,153,35,5,3,24,45
blue,34,26,56,76,9,134,74,121,133,70
red,36,84,56,50,70,0,60,144,51,109
blue,115,30,140,156,12,34,65,160,116,118
blue,151,94,140,49,45,0,38,143,120,108
red,78,84,3,51,45,90,61,2,17,12
red,18,84,140,133,158,0,107,148,49,20
blue,110,125,33,133,82,0,65,143,109,45
blue,112,102,68,136,108,90,98,91,156,4
red,43,102,68,9,158,0,141,11,69,120
red,130,84,11,133,160,0,38,144,137,45
blue,135,65,56,85,79,88,98,55,76,70
red,34,102,143,133,15,37,107,150,76,4
blue,47,102,138,8,80,101,61,143,106,14
red,103,102,143,133,100,3,40,68,76,15
blue,103,98,1,24,119,31,40,121,17,153
blue,22,13,105,106,82,146,91,71,51,16
red,134,86,140,29,45,78,125,121,9,53
red,103,142,20,129,5,110,84,151,116,45
blue,134,65,1,76,16,72,125,121,8,82
blue,31,65,148,116,80,72,155,63,17,53
blue,18,125,121,24,3,0,65,64,133,100
blue,88,125,1,138,153,22,75,2,139,80
red,31,107,121,76,53,88,46,144,116,79
red,57,75,94,76,9,0,107,124,136,128
blue,34,107,19,17,108,103,13,68,9,53
red,115,58,121,51,82,74,107,2,76,108
red,18,87,151,17,45,90,107,143,76,118
red,59,107,151,51,153,31,65,11,109,128
red,25,60,54,137,153,110,107,11,123,108
red,57,107,121,76,71,151,102,144,50,45
blue,47,107,136,129,160,35,40,43,138,148
red,135,58,55,69,53,0,107,21,129,12
blue,31,23,150,133,70,35,107,114,51,82
blue,152,46,33,51,93,31,107,144,29,12
blue,43,113,55,9,14,137,107,154,17,148
blue,31,107,1,52,70,103,58,120,51,128
blue,74,30,94,137,9,25,107,132,76,7
blue,53,107,150,24,80,90,67,151,120,108
red,0,107,37,116,93,115,28,56,8,79
blue,90,40,125,50,70,48,107,140,52,126
red,115,38,140,51,153,90,107,143,106,108
blue,3,87,132,51,123,34,107,121,133,128
red,0,107,121,106,126,110,58,41,137,96
blue,31,107,56,147,100,115,40,143,17,108
red,114,107,56,76,9,154,13,121,133,45
blue,0,58,121,17,79,78,38,122,76,71
red,144,58,57,29,12,43,40,53,76,108
red,154,61,140,76,53,112,26,68,133,153
red,90,27,129,17,148,36,54,0,9,5
red,88,27,0,137,100,37,60,155,136,128
red,151,46,159,76,128,107,58,143,29,45
blue,36,13,143,9,158,59,61,6,17,53
blue,35,61,140,29,154,131,65,55,116,82
blue,90,102,89,76,70,57,134,143,129,91
red,134,98,64,69,5,22,75,143,17,148
blue,101,92,7,29,45,150,130,19,50,12
red,92,146,109,49,53,55,38,140,17,93
blue,137,155,37,54,53,115,44,121,76,9
blue,135,13,148,136,108,3,111,151,17,79
blue,41,141,143,85,66,37,40,89,133,45
red,31,141,32,76,108,103,107,122,106,82
blue,22,130,32,49,118,115,13,55,24,5
blue,0,61,122,51,9,78,111,32,76,100
red,36,141,68,8,119,103,134,32,147,100
red,37,28,3,50,70,47,111,105,17,71
blue,137,149,2,52,70,0,134,129,109,9
blue,47,58,1,106,53,0,124,2,51,82
blue,0,60,1,76,153,43,38,2,29,82
blue,123,30,155,8,93,88,40,140,76,160
red,103,58,2,9,45,152,142,56,17,53
blue,152,111,1,76,158,48,97,2,50,128
red,114,111,2,106,14,81,67,151,116,108
red,35,23,19,137,45,74,113,155,51,70
blue,0,27,2,51,14,22,84,34,133,160
red,57,65,2,147,12,90,46,155,69,139
blue,31,91,2,9,80,123,86,143,29,153
red,127,145,2,8,93,31,94,121,76,128
red,18,40,2,51,45,0,67,155,29,12
red,34,28,143,8,45,22,84,159,24,81
red,145,75,2,51,79,43,154,121,29,109
blue,22,111,23,9,93,42,142,2,17,128
blue,91,145,155,54,148,18,46,2,51,109
blue,77,13,73,9,70,0,134,2,137,109
blue,34,67,151,49,108,18,107,2,17,53
red,47,28,121,17,71,18,94,2,24,45
blue,18,60,138,50,70,101,125,2,8,45
red,0,91,144,51,93,18,40,121,9,45
blue,22,38,21,147,45,43,30,2,116,80
red,42,37,109,116,45,78,134,89,133,14
red,31,38,2,76,71,115,46,143,51,9
blue,101,97,2,76,5,42,87,121,17,80
blue,90,87,150,133,119,42,142,2,129,12
blue,18,125,55,76,45,22,142,3,157,159
red,42,146,2,49,33,151,26,56,51,80
red,74,77,144,49,70,110,38,89,29,111
blue,31,141,32,9,45,0,107,2,24,82
blue,0,146,2,50,128,31,98,144,129,109
blue,18,23,2,9,109,0,86,144,24,128
red,72,40,2,133,66,131,141,140,150,71
red,25,142,2,109,108,103,26,120,63,70
red,150,23,56,137,45,43,87,33,116,118
blue,137,77,6,76,109,158,38,89,8,45
blue,151,75,68,17,100,103,23,94,76,74
blue,3,65,143,29,119,54,142,11,17,108
red,62,28,151,24,100,0,54,121,49,15
red,0,23,101,109,108,103,46,121,9,76
red,103,155,1,54,41,145,27,71,9,119
blue,0,125,140,17,9,135,60,11,116,70
blue,22,65,56,17,53,135,38,140,49,82
blue,137,91,140,54,82,151,102,56,147,100
blue,25,75,159,49,53,0,111,87,17,71
blue,3,40,140,76,12,155,145,57,116,153
red,90,142,121,133,128,110,134,3,76,70
red,146,60,140,24,80,77,38,112,133,100
blue,103,98,56,17,5,19,44,129,76,130
red,0,134,94,29,71,43,60,64,51,93
red,34,13,55,49,119,120,30,43,17,53
red,0,145,132,54,80,53,40,121,116,84
blue,114,65,101,116,45,137,141,121,76,153
blue,127,13,3,51,96,101,98,2,106,100
red,62,98,55,52,5,151,125,1,9,100
blue,0,94,26,17,79,101,27,151,116,53
blue,47,46,33,52,66,72,111,56,51,96
blue,154,27,150,51,66,74,40,56,8,45
blue,34,65,147,157,108,144,111,3,51,74
blue,78,60,129,17,53,43,23,150,106,100
blue,131,46,122,29,108,18,40,121,116,12
blue,90,74,56,17,83,103,149,158,137,15
red,78,60,157,51,158,35,27,109,52,93
red,35,78,143,106,93,47,40,19,29,53
red,2,134,143,9,119,22,38,121,50,80
blue,151,97,26,51,153,43,65,127,69,80
blue,0,38,144,49,80,72,23,86,24,108
blue,37,61,150,24,53,88,154,2,129,80
red,103,38,1,129,119,31,87,56,51,80
blue,0,13,121,51,119,151,74,138,136,80
red,90,38,19,76,100,101,37,11,63,154
blue,0,28,91,50,93,150,134,121,137,45
red,74,67,101,129,126,78,38,144,106,93
red,47,94,1,76,45,158,27,3,51,14
red,90,75,11,29,53,31,107,121,50,70
blue,18,46,143,76,154,0,40,1,147,148
red,2,58,120,29,96,34,26,1,51,80
red,55,28,150,9,109,19,60,155,17,64
blue,151,13,19,24,128,112,58,21,17,53
blue,56,61,55,51,93,119,102,64,76,108
red,142,134,122,51,45,44,58,143,133,153
red,103,58,56,51,99,59,40,159,17,108
red,144,40,151,51,41,134,38,121,9,14
red,151,142,64,106,96,35,102,19,69,82
red,146,58,129,9,119,31,84,55,116,53
red,18,141,64,17,53,39,40,155,9,119
blue,131,67,143,17,53,97,142,132,76,80
red,103,58,110,148,12,146,38,54,17,6
blue,35,75,143,29,153,114,142,140,17,119
blue,37,61,157,8,66,137,98,19,17,53
red,115,38,121,76,80,90,102,56,49,99
blue,74,141,55,106,45,81,13,1,137,53
blue,115,97,7,51,79,36,141,138,106,153
blue,47,125,41,24,5,121,141,150,63,53
blue,72,145,93,24,160,137,40,120,17,96
blue,90,75,121,50,45,107,60,2,49,123
red,31,38,122,133,93,59,98,89,9,119
blue,91,154,1,133,70,44,141,136,76,5
red,135,92,109,51,119,90,154,150,137,70
red,137,124,129,76,139,22,91,132,133,53
red,78,23,150,49,119,107,75,11,17,71
red,103,134,2,137,45,91,46,11,85,121
red,88,77,6,76,93,114,86,56,24,128
blue,114,142,6,133,53,95,97,56,76,45
blue,40,28,121,9,70,114,142,140,129,45
blue,35,142,148,17,53,114,13,1,49,15
blue,54,125,56,137,45,114,74,151,49,66
blue,78,88,0,8,128,114,146,19,51,66
blue,114,58,51,121,119,42,74,41,76,120
red,114,87,43,17,148,20,60,144,69,45
blue,31,87,155,133,70,114,91,2,76,14
red,114,65,71,51,109,11,60,143,29,53
blue,53,88,143,106,82,114,92,19,17,119
blue,114,134,150,137,99,112,58,78,106,108
blue,114,38,151,17,158,104,60,2,8,128
blue,146,61,140,150,108,114,107,56,106,93
blue,137,30,136,106,66,114,46,144,8,128
blue,36,97,121,137,128,145,102,55,51,16
blue,74,61,148,52,128,31,111,23,49,45
red,3,38,64,76,5,31,102,55,17,15
blue,90,65,37,49,134,88,142,143,29,96
blue,90,91,121,69,80,0,84,140,8,45
red,74,77,1,29,53,155,102,121,116,45
blue,0,87,129,24,45,107,141,104,76,158
blue,131,113,89,69,128,0,87,3,17,80
blue,48,94,136,17,71,18,98,2,51,100
red,0,134,121,49,128,151,46,1,17,12
blue,74,46,26,76,66,107,111,140,17,71
blue,137,75,55,17,108,135,60,10,109,12
blue,72,13,140,133,154,90,75,56,9,128
red,90,75,32,137,45,37,38,33,147,96
red,146,65,2,8,53,151,124,155,49,126
blue,74,142,114,51,100,72,23,155,85,118
blue,22,46,150,157,4,90,125,55,49,15
blue,0,74,1,29,15,114,134,121,50,45
blue,152,40,132,17,70,150,134,71,133,80
red,95,84,3,76,119,131,91,71,116,93
red,0,37,55,52,14,77,27,136,133,126
blue,151,113,143,24,82,0,87,144,50,128
blue,0,102,148,29,4,114,75,56,76,53
red,90,23,150,9,71,31,78,55,51,12
red,145,84,157,116,12,112,130,144,17,16
red,101,38,140,76,14,47,40,151,24,53
blue,0,23,144,106,80,59,155,143,69,12
red,31,38,56,29,12,0,40,136,9,96
blue,37,40,19,95,118,36,13,56,17,53
red,31,61,136,29,12,127,38,55,49,4
red,3,77,26,24,128,67,60,109,8,45
red,39,30,142,51,119,35,46,143,17,128
blue,18,60,121,51,4,47,142,91,106,126
red,31,154,56,136,132,47,13,53,17,71
blue,115,38,56,29,80,47,145,140,51,148
blue,35,154,148,51,12,127,13,143,24,99
red,54,30,17,52,14,22,84,55,24,71
red,34,154,150,133,158,90,60,143,116,128
blue,114,38,129,76,53,130,30,121,106,82
blue,88,111,144,51,82,36,30,23,17,53
blue,117,30,110,8,6,18,107,148,49,12
blue,0,60,158,9,93,57,75,43,137,53
red,130,5,65,63,53,110,134,143,51,46
red,88,155,89,49,100,144,38,78,24,5
blue,131,23,81,76,158,39,58,154,133,70
red,151,134,144,51,45,150,46,2,9,70
red,130,84,155,9,12,38,102,144,17,45
blue,90,130,89,137,70,112,60,143,52,96
blue,0,67,125,116,53,31,107,155,17,5
red,68,130,143,51,128,94,145,19,24,126
red,47,130,121,109,45,73,5,56,24,12
blue,101,134,125,17,160,146,46,19,137,111
red,112,46,132,137,108,78,155,150,50,45
red,101,155,89,147,14,112,13,140,133,80
red,131,13,81,109,9,2,46,26,17,158
red,134,38,155,143,108,115,65,140,24,80
red,62,102,56,85,82,97,155,26,29,158
blue,121,92,150,50,119,22,67,155,147,154
blue,47,155,11,133,100,83,23,144,29,12
blue,36,38,143,17,53,0,154,19,29,25
blue,97,28,1,51,118,154,75,126,109,119
blue,130,134,122,49,14,74,113,125,69,108
blue,25,142,68,9,53,103,23,150,76,82
red,77,155,143,9,70,0,92,157,129,93
red,0,155,140,50,121,36,154,148,133,108
blue,103,155,144,51,153,0,61,55,63,120
blue,22,149,55,49,100,31,155,144,157,93
red,35,155,32,49,158,0,54,62,129,109
red,112,155,132,106,66,0,58,151,76,126
red,99,155,2,137,108,53,65,150,51,119
blue,78,155,1,17,79,103,149,68,29,148
blue,0,155,2,17,45,151,40,143,29,153
blue,135,98,154,63,80,90,155,159,129,119
red,22,155,151,109,121,145,65,94,75,126
blue,104,154,35,133,70,36,155,139,129,45
red,74,97,155,116,45,25,60,32,17,80
red,101,60,2,133,80,143,54,103,69,70
red,115,155,64,8,45,35,125,1,51,118
red,47,155,64,49,128,78,58,94,76,71
red,22,155,2,50,100,146,26,41,29,108
red,43,60,122,24,53,137,91,124,76,82
red,62,155,95,106,99,37,141,72,9,53
red,36,142,37,116,118,101,67,20,8,70
red,78,142,20,76,45,90,134,110,29,15
blue,0,54,74,76,45,90,146,2,116,9
blue,18,145,73,137,16,90,75,20,17,158
red,54,58,111,116,139,101,130,1,109,160
red,120,46,155,8,128,48,91,105,50,100
blue,88,30,121,17,80,101,74,125,9,53
red,134,130,56,17,53,90,141,89,29,93
blue,103,23,150,24,79,81,124,140,106,5
red,62,134,150,9,100,78,102,143,76,119
red,101,46,55,51,82,36,60,143,76,153
red,25,60,144,76,45,0,84,26,17,108
blue,145,60,26,52,160,114,40,54,133,153
red,131,23,150,129,93,103,134,138,137,12
red,102,44,43,51,126,3,98,2,17,53
red,74,60,132,133,70,22,38,56,85,15
blue,151,88,101,29,96,78,60,37,133,70
blue,0,40,64,129,66,74,38,55,76,92
red,127,65,155,150,82,78,86,121,136,45
red,110,44,151,17,41,88,61,19,8,158
blue,22,23,143,129,93,47,130,55,133,45
red,78,102,1,76,160,18,27,125,17,158
blue,35,26,144,63,70,74,23,151,76,15
red,81,65,6,49,53,127,87,94,76,9
red,121,134,94,29,109,72,125,89,8,82
blue,127,145,56,109,93,0,134,55,129,71
blue,101,78,143,133,45,103,75,55,76,74
red,120,13,138,24,79,103,102,140,17,153
red,35,134,55,17,96,81,84,159,49,148
red,25,38,140,139,108,53,141,144,137,41
red,144,28,43,116,118,146,38,143,129,100
blue,54,102,64,50,45,151,38,7,17,79
red,110,54,69,52,14,151,61,55,51,5
blue,127,67,151,116,45,107,84,69,17,53
red,151,23,129,17,148,90,38,2,51,15
blue,22,27,6,29,9,34,124,125,17,79
red,95,142,64,9,99,3,146,56,150,45
blue,77,146,19,17,74,36,22,33,150,93
blue,0,75,155,76,53,72,98,121,106,100
blue,150,13,59,24,45,114,130,73,17,53
blue,74,84,121,156,12,48,5,89,17,70
red,31,77,56,76,128,88,84,11,9,120
red,114,142,1,76,119,35,23,110,17,158
red,19,142,129,9,123,18,30,155,17,71
blue,110,141,55,51,45,103,23,121,17,159
blue,22,13,6,129,16,14,40,1,51,158
blue,36,13,15,50,53,31,61,59,76,109
blue,0,155,56,49,153,101,58,143,133,76
blue,137,111,121,9,70,72,61,81,29,53
red,152,98,159,9,53,25,142,150,52,5
blue,36,111,124,133,153,19,38,121,51,82
red,2,84,151,76,9,0,60,121,133,153
red,103,28,26,133,100,39,65,125,51,70
blue,22,40,2,9,100,95,145,144,49,45
red,47,23,125,17,119,43,84,7,76,99
red,112,58,144,45,133,115,40,1,17,66
blue,101,40,7,137,158,112,87,105,9,53
blue,0,84,37,51,66,112,121,155,24,93
blue,3,58,120,8,128,112,81,94,106,15
blue,115,61,3,133,160,112,125,140,49,45
red,90,67,151,76,93,37,46,91,54,80
red,43,74,151,51,158,0,65,55,9,70
blue,65,130,2,156,153,62,13,144,52,158
blue,2,111,151,139,45,47,46,104,138,80
red,31,46,19,50,82,115,38,120,49,53
red,151,141,1,17,71,131,146,140,136,148
red,0,61,140,133,70,22,46,64,52,154
red,78,13,148,76,119,22,113,43,63,108
red,22,5,148,9,93,78,27,155,29,133
blue,104,92,121,116,133,48,65,71,17,100
red,74,77,150,106,14,47,124,2,133,153
red,74,23,150,136,45,62,58,151,51,160
red,101,75,143,17,71,22,38,2,29,53
red,101,102,132,52,96,35,27,148,8,100
blue,101,54,143,17,126,0,102,2,129,70
blue,47,61,140,9,53,31,28,159,17,12
red,34,126,43,17,45,150,155,139,76,14
blue,101,124,89,24,9,0,98,6,51,97
red,151,134,1,9,158,101,58,121,29,5
blue,110,26,151,129,14,0,98,56,133,120
red,37,98,158,8,9,114,58,140,116,148
blue,114,40,2,24,108,57,125,0,116,45
red,91,113,121,51,9,25,40,64,76,14
red,152,40,19,63,53,131,13,139,50,128
red,91,142,132,109,100,47,40,1,8,45
blue,0,26,53,106,128,101,30,56,133,108
red,36,94,138,9,6,103,149,140,76,93
blue,130,60,140,17,4,146,154,144,106,82
red,18,13,89,50,99,31,154,55,17,160
blue,78,23,158,29,96,62,65,121,17,45
blue,103,26,140,69,158,62,75,89,51,12
red,78,125,89,9,5,37,13,121,106,128
blue,31,107,151,147,66,110,75,89,106,128
blue,0,26,23,17,119,3,60,121,76,160
blue,135,124,68,49,108,114,84,94,116,70
blue,42,65,56,49,53,47,84,33,8,128
red,34,75,54,139,53,95,78,124,17,14
blue,35,65,84,136,120,34,98,89,29,9
blue,101,102,1,9,5,22,98,64,50,153
red,22,5,89,9,153,112,40,144,29,158
red,22,134,151,157,108,47,97,150,29,15
blue,2,102,121,133,53,78,46,64,49,12
blue,88,146,1,156,80,35,134,89,49,128
red,110,58,56,24,109,101,13,53,76,80
blue,83,86,56,76,70,37,91,81,49,45
red,112,60,89,137,45,35,74,90,63,119
red,115,111,56,76,119,137,154,53,9,109
blue,110,27,1,76,45,137,111,64,9,70
blue,78,97,155,24,81,22,38,53,9,70
red,121,74,94,49,15,78,46,155,51,71
red,43,102,143,49,153,145,40,64,50,45
red,90,23,125,51,74,115,98,132,49,126
red,74,38,64,137,148,37,60,151,136,109
red,135,5,64,106,82,0,94,144,9,96
red,0,74,89,76,96,146,65,73,69,45
red,103,46,64,49,45,25,38,56,51,96
blue,103,142,1,76,109,152,84,151,29,53
blue,36,86,81,138,53,22,37,150,49,45
red,146,23,1,106,93,37,141,115,49,121
red,24,111,1,116,96,43,13,56,136,14
blue,146,38,1,76,53,134,13,119,24,45
red,81,13,1,9,126,134,75,123,116,70
blue,74,155,26,156,66,115,27,144,29,119
red,42,97,89,49,53,0,142,120,76,119
blue,90,61,138,17,71,146,65,143,49,53
blue,134,98,69,157,53,135,38,89,136,82
blue,87,65,55,137,111,43,107,56,49,120
red,146,84,150,49,71,74,125,132,133,12
blue,74,65,56,49,53,78,58,158,51,119
red,31,74,26,17,45,102,23,57,49,108
red,90,74,140,109,9,95,67,143,76,82
red,47,40,155,109,79,22,74,89,76,100
blue,36,65,43,8,70,31,74,2,50,99
blue,146,74,89,106,16,35,141,121,133,93
blue,47,46,148,29,153,77,124,1,51,93
blue,47,26,121,29,53,31,40,64,49,12
red,74,102,89,76,66,115,145,150,29,12
blue,155,97,2,8,119,56,149,64,29,153
red,90,65,132,50,126,48,134,1,49,12
red,67,102,121,129,108,78,125,140,24,148
red,54,125,144,8,80,41,13,139,133,70
red,22,125,121,51,100,36,92,73,106,5
blue,3,130,64,133,128,112,125,121,137,12
blue,115,125,39,109,118,3,30,6,17,148
red,57,46,155,17,160,90,125,144,24,128
red,121,125,20,29,45,2,134,43,51,93
red,25,87,120,50,66,103,125,105,51,12
red,90,77,21,50,82,22,125,121,29,12
red,77,125,121,50,109,22,38,83,17,158
red,18,125,155,136,12,152,46,3,157,93
blue,67,86,64,24,128,43,13,55,8,45
red,81,125,140,17,9,117,111,144,133,153
blue,22,125,1,133,153,150,111,151,51,14
blue,47,134,26,106,93,110,145,9,41,153
blue,25,26,144,17,108,0,86,159,54,45
blue,107,145,157,17,118,6,58,19,24,45
red,115,102,32,17,128,107,38,34,19,82
blue,42,65,71,9,45,101,54,154,49,12
red,90,38,32,69,80,144,98,54,9,154
blue,88,145,32,29,139,47,58,33,76,53
red,115,134,32,9,70,22,77,158,29,45
red,0,46,32,133,70,25,155,120,29,100
blue,97,40,32,24,148,11,13,71,147,53
blue,144,23,152,76,44,88,84,71,108,123
blue,36,102,121,51,4,110,58,32,76,128
blue,0,142,32,116,45,134,30,23,106,53
blue,2,134,150,17,12,22,155,32,49,119
red,135,46,32,120,14,35,87,150,133,70
blue,0,30,83,116,153,107,146,144,133,70
blue,36,60,150,49,160,110,46,32,51,70
blue,103,23,37,106,82,43,146,144,17,128
blue,0,27,133,51,12,62,134,155,106,96
red,57,98,55,51,128,92,142,21,50,153
red,22,46,121,157,153,36,125,23,24,111
blue,78,58,56,8,45,18,107,155,133,109
blue,22,111,125,106,99,134,65,89,8,70
red,112,75,143,85,74,35,60,121,76,133
blue,123,134,151,9,128,88,28,121,24,80
blue,104,149,101,29,45,121,75,56,69,153
blue,122,75,151,133,128,47,60,1,24,4
red,35,75,23,133,70,112,37,3,24,66
blue,103,102,26,29,153,107,124,151,51,70
blue,67,91,120,51,4,36,154,37,106,100
red,18,38,136,69,80,22,154,150,116,9
red,114,30,150,106,14,48,154,20,17,128
blue,114,154,11,76,45,92,88,140,29,148
blue,36,124,144,51,9,0,154,73,29,109
blue,59,130,155,29,128,0,154,64,116,45
red,103,154,155,54,128,18,5,139,129,153
blue,135,23,124,17,45,110,154,150,51,53
red,77,38,53,29,12,101,27,144,17,100
blue,22,107,143,8,110,90,58,33,50,128
red,112,142,1,9,100,107,65,143,17,12
blue,78,38,144,49,93,107,13,1,129,37
red,74,27,55,133,5,81,130,138,51,70
blue,57,65,6,17,45,37,46,94,29,160
red,37,74,94,116,82,43,141,104,147,128
blue,18,60,138,29,128,3,38,121,51,66
blue,146,46,138,49,99,113,125,89,116,119
red,88,111,33,17,45,2,154,94,129,9
red,22,87,21,17,108,88,60,122,116,119
red,112,23,144,116,5,119,113,1,147,82
blue,37,13,6,63,70,35,38,148,116,118
red,95,26,143,76,119,105,61,124,133,153
blue,2,46,155,85,119,22,38,19,29,9
blue,97,145,55,69,80,103,30,151,129,66
blue,74,40,33,133,100,137,75,6,76,128
red,47,141,120,116,108,103,154,144,129,45
red,88,60,124,116,153,18,87,71,76,128
blue,151,154,1,20,108,135,54,45,76,128
red,0,26,11,9,118,78,13,1,17,108
blue,145,23,121,133,153,37,46,55,51,66
red,0,134,2,9,118,3,60,26,29,12
blue,31,130,133,51,80,101,141,55,76,158
red,2,155,94,76,128,43,23,143,51,119
red,154,30,129,29,14,107,142,64,17,53
blue,150,149,72,17,80,112,61,158,106,128
red,107,27,91,150,100,0,23,43,49,119
blue,56,86,64,8,128,0,98,121,17,45
red,41,61,121,29,93,57,13,143,76,118
blue,151,38,2,29,12,43,23,121,116,53
red,77,134,144,76,93,22,102,21,133,80
blue,103,86,138,51,4,125,30,89,116,45
red,41,27,155,24,9,0,20,143,51,53
red,90,84,151,51,9,36,87,155,29,148
red,92,124,2,116,45,58,40,151,106,158
red,0,87,94,51,53,37,38,143,133,80
blue,105,60,2,106,5,38,13,144,17,126
red,38,40,53,8,45,39,75,71,137,9
blue,47,46,55,29,53,3,113,143,76,119
blue,78,28,150,50,70,92,154,140,51,108
red,103,75,126,76,128,31,74,51,8,9
red,53,111,19,116,118,3,46,159,51,45
red,97,154,55,51,82,47,94,71,24,53
red,34,67,155,129,133,131,86,140,51,119
red,74,38,56,51,53,90,26,68,116,45
red,101,91,41,17,100,22,27,151,51,109
blue,74,65,144,76,53,0,102,151,9,71
red,48,74,132,24,53,107,124,129,76,121
blue,88,134,142,76,120,3,38,55,9,53
red,110,142,7,137,119,37,13,104,50,45
blue,2,46,56,17,53,22,154,150,49,158
blue,43,154,56,133,9,37,87,64,76,128
blue,90,13,138,51,70,101,107,143,150,53
red,131,67,150,63,45,154,134,151,17,158
blue,47,67,3,63,45,134,23,2,52,128
blue,101,65,159,24,14,73,23,155,9,128
red,22,38,2,9,128,43,18,143,24,14
red,43,65,138,49,71,150,30,94,51,119
blue,48,13,94,116,118,31,98,151,133,108
red,74,134,121,76,109,59,23,150,17,12
red,37,67,151,69,109,47,23,155,136,5
red,31,46,71,17,79,43,154,73,133,53
blue,123,30,140,8,12,3,142,121,138,108
red,127,102,104,51,4,47,46,142,29,108
red,48,23,2,24,53,0,124,155,51,118
red,103,23,64,93,126,114,38,121,24,100
blue,34,23,55,17,71,31,58,64,49,128
red,101,60,121,85,158,34,61,23,76,9
red,34,91,23,17,158,54,13,151,29,153
blue,34,40,151,17,5,137,58,155,76,158
blue,34,54,91,106,112,43,84,151,51,93
red,34,130,55,76,53,48,67,43,51,79
red,103,97,154,9,100,34,54,151,50,79
blue,90,38,158,50,70,34,141,41,29,109
blue,88,27,1,51,12,34,134,11,136,45
blue,25,30,1,133,153,91,5,141,63,119
blue,37,60,154,76,82,34,77,143,50,70
blue,155,46,2,116,53,34,28,104,109,118
red,34,67,143,50,70,73,74,151,24,45
red,34,87,56,24,45,31,74,1,9,14
blue,112,86,143,54,80,34,134,138,76,109
red,34,5,43,51,153,22,142,55,49,119
blue,90,107,151,85,128,34,60,32,51,45
blue,34,92,121,9,109,151,58,143,76,66
blue,34,92,26,17,45,110,107,19,106,80
blue,34,38,121,51,45,77,88,56,17,100
red,34,107,37,133,153,110,60,150,51,140
red,34,13,54,76,109,37,94,138,8,119
red,34,125,121,17,109,97,61,136,129,70
blue,34,154,148,50,70,0,65,136,76,158
blue,34,67,19,29,153,110,130,144,106,93
blue,90,141,19,76,80,103,104,121,49,9
blue,22,154,2,147,45,42,130,104,51,12
red,47,124,155,51,80,101,46,56,129,119
red,90,28,56,69,45,155,40,73,17,158
red,47,30,71,133,45,38,111,138,129,82
blue,0,46,56,9,53,110,26,71,17,45
blue,45,141,139,17,108,22,23,34,49,153
red,22,40,110,54,153,45,125,71,29,82
red,104,75,126,49,99,36,142,42,29,119
blue,112,13,143,9,93,134,92,55,52,96
red,31,38,132,49,12,125,141,64,24,119
blue,0,84,124,49,108,22,38,1,17,70
blue,34,28,48,76,80,0,84,94,29,119
blue,135,75,121,129,153,137,98,59,49,45
red,53,75,155,24,158,144,78,91,17,12
blue,131,60,11,17,18,31,65,143,9,160
red,92,61,11,49,80,146,54,3,29,71
blue,101,142,121,49,108,113,60,2,76,80
red,74,98,26,17,71,101,38,121,133,80
blue,77,111,148,8,70,0,124,144,17,53
red,103,75,148,116,100,74,23,94,106,120
blue,0,141,89,116,53,90,61,32,29,93
red,151,40,158,9,53,42,28,125,83,153
red,90,23,151,49,41,0,102,55,29,153
red,107,130,124,9,100,90,61,121,17,82
blue,0,75,136,24,74,22,5,151,157,108
blue,74,38,55,76,91,57,142,56,137,45
blue,90,26,136,9,153,47,61,143,17,45
blue,72,58,21,9,45,0,40,121,69,153
red,57,75,70,8,154,43,54,101,24,53
red,127,97,120,76,153,77,102,155,8,33
blue,25,65,139,133,6,22,141,37,76,119
blue,35,155,1,17,9,57,84,43,29,37
red,59,23,125,9,4,25,91,1,49,45
blue,90,141,150,51,82,0,75,122,9,45
blue,112,23,151,17,160,90,87,129,51,14
blue,137,98,144,17,109,107,30,37,29,128
blue,18,134,150,54,53,101,30,159,106,82
blue,110,65,159,9,139,90,154,41,17,15
red,107,154,143,76,93,47,146,57,137,82
red,90,61,7,24,53,42,107,26,116,148
red,43,97,1,76,12,90,75,79,116,70
blue,74,142,109,49,53,78,87,19,17,119
red,101,145,94,76,158,103,65,2,116,66
red,25,111,155,17,74,107,46,11,147,64
blue,18,91,110,49,144,0,46,11,9,14
red,152,65,19,137,119,90,37,11,29,109
blue,35,84,114,76,108,90,40,150,51,70
red,121,58,150,129,99,144,94,148,49,80
red,74,40,121,109,108,90,37,55,49,93
blue,25,130,155,24,71,20,38,57,29,6
red,107,61,121,116,93,103,40,33,129,53
red,114,130,42,85,126,90,23,150,116,70
red,43,84,125,106,99,0,134,136,29,118
blue,121,46,139,29,53,18,38,122,50,128
red,88,142,105,51,15,22,46,114,24,45
blue,53,38,138,51,80,114,40,139,50,70
blue,88,84,150,29,158,47,38,140,85,121
blue,31,130,53,116,119,25,23,150,17,71
blue,74,84,64,156,153,107,142,55,51,126
red,146,84,129,137,66,34,98,148,17,153
blue,112,84,89,106,14,22,130,143,49,108
blue,0,84,144,50,70,115,40,124,24,119
red,35,88,121,29,12,123,38,136,17,79
red,3,38,89,29,54,18,75,151,51,5
blue,151,40,94,76,124,0,27,89,136,92
red,18,61,56,9,45,22,40,144,76,5
blue,43,124,121,129,153,110,38,55,50,93
red,0,84,155,50,70,2,142,143,17,12
blue,31,124,155,50,45,36,145,56,69,41
blue,88,38,89,76,119,135,84,144,50,82
red,36,84,6,50,70,0,124,21,116,45
blue,67,86,43,49,53,22,60,157,24,5
blue,18,40,55,49,158,72,130,121,137,112
red,59,88,55,17,118,0,125,121,137,153
red,101,58,94,19,100,0,13,148,106,64
red,151,91,33,24,139,90,67,53,133,80
red,57,58,115,51,45,0,23,56,76,100
blue,2,98,55,51,108,115,154,120,76,41
blue,62,58,3,137,128,18,54,1,76,33
red,6,38,62,106,45,42,111,32,29,53
blue,78,125,124,76,158,103,146,144,116,45
blue,37,86,33,17,100,47,38,1,51,99
red,103,40,140,51,4,0,113,121,116,96
red,0,98,55,29,9,72,28,1,24,45
red,103,40,109,49,158,114,102,1,29,9
blue,36,142,140,76,109,152,37,138,29,53
blue,131,46,26,76,53,78,65,159,17,93
red,143,13,114,29,128,38,113,63,9,74
red,47,60,2,8,119,19,65,3,116,27
red,54,40,55,150,119,90,102,11,106,126
blue,103,46,53,29,119,43,142,33,54,9
blue,59,13,29,156,82,48,102,26,49,45
red,22,13,143,29,4,74,65,2,51,5
red,35,38,55,129,45,0,142,121,76,109
blue,2,38,151,116,153,85,74,3,9,100
blue,142,97,56,69,45,152,40,155,54,93
blue,47,94,56,51,126,22,97,3,137,158
blue,110,60,150,156,76,0,104,3,51,100
red,151,40,23,51,93,77,78,143,106,120
red,134,124,3,116,96,35,102,143,136,45
blue,103,134,56,17,12,90,54,3,136,80
red,62,98,3,17,44,78,46,155,29,80
red,53,92,121,51,93,146,65,143,76,158
red,134,98,151,69,16,137,26,71,76,53
red,59,134,3,29,99,91,84,26,137,100
blue,78,26,144,29,9,146,84,3,76,100
blue,43,27,64,116,109,112,130,34,133,119
blue,103,125,143,76,5,112,60,55,51,100
blue,103,58,64,54,45,114,111,11,133,70
blue,151,38,158,129,82,74,60,23,156,153
blue,74,40,121,116,153,145,134,11,9,120
blue,130,27,155,51,33,31,98,11,106,92
red,37,133,68,51,96,90,75,121,9,108
blue,59,97,155,136,82,22,134,68,129,80
red,43,87,6,29,124,73,30,101,137,57
red,47,84,155,109,96,114,92,26,17,70
red,119,102,143,54,80,37,98,155,17,123
red,36,136,56,29,100,90,155,148,116,71
red,101,38,121,150,37,103,127,6,76,4
blue,101,13,56,17,148,35,75,33,137,45
red,107,61,41,129,12,101,98,56,76,153
blue,107,37,150,29,127,101,92,56,49,30
red,37,38,150,51,70,107,44,23,129,128
blue,152,38,55,129,82,101,23,56,17,12
red,101,141,143,17,66,130,27,26,137,108
blue,110,65,143,24,128,101,87,32,51,158
blue,31,23,19,29,81,48,130,148,158,45
blue,22,30,71,76,93,74,84,35,29,4
blue,110,145,2,50,128,34,38,56,63,70
blue,120,141,32,24,14,152,149,143,50,100
red,90,94,159,17,100,39,155,1,116,128
blue,20,23,1,116,41,53,117,56,156,100
red,47,13,68,109,9,31,88,120,156,70
blue,34,60,148,136,5,0,38,143,29,153
blue,3,146,138,116,126,88,141,143,17,9
blue,31,60,64,116,100,151,46,155,41,12
red,3,97,148,137,100,114,142,89,24,14
red,0,102,139,76,108,90,13,144,69,45
blue,0,91,1,50,70,36,58,89,29,74
red,131,84,151,76,45,37,141,71,50,70
blue,37,134,23,24,97,0,154,2,51,9
red,31,92,140,133,153,22,75,143,116,121
red,57,102,140,29,79,146,107,132,54,108
blue,34,13,1,76,100,22,40,109,17,93
red,47,98,71,136,119,48,65,120,76,20
red,2,98,151,17,120,110,28,148,24,128
blue,0,61,122,17,14,151,46,124,49,74
blue,31,130,89,29,12,0,154,56,49,71
red,72,65,144,51,148,101,142,94,136,53
red,47,154,73,51,128,42,145,64,17,12
blue,90,155,121,85,119,0,87,26,51,160
red,90,60,124,69,80,112,154,1,76,70
blue,131,28,132,50,74,22,111,89,116,70
red,110,58,132,147,130,95,37,157,51,70
blue,78,40,71,17,45,36,111,143,51,91
blue,47,61,109,24,99,101,30,68,29,53
red,90,102,143,76,70,18,46,122,17,100
red,72,142,120,51,80,150,98,1,147,45
red,74,38,7,29,9,37,60,71,50,12
blue,72,75,143,49,108,112,130,121,85,126
red,31,38,144,9,71,3,75,68,17,100
blue,34,79,1,24,53,151,38,56,29,14
red,22,84,121,137,119,88,38,132,76,45
blue,101,84,155,136,12,90,65,140,29,9
blue,0,134,144,69,120,22,67,121,106,96
blue,39,75,143,109,53,101,5,90,69,153
blue,43,91,10,8,15,110,92,109,123,108
red,127,141,144,17,53,31,60,143,69,80
blue,37,13,1,51,82,121,149,143,76,100
blue,19,142,3,76,100,72,13,150,8,93
red,110,142,88,109,119,35,77,41,17,53
red,78,141,151,150,108,20,94,56,137,45
blue,43,13,143,147,119,0,98,2,49,74
blue,22,146,124,24,109,31,26,121,147,96
blue,43,46,158,49,119,0,111,138,29,12
red,0,46,121,116,53,144,40,139,50,119
red,151,74,26,133,153,22,23,155,29,82
blue,146,74,143,76,100,45,134,125,29,71
red,35,67,53,129,45,31,87,143,50,100
red,57,145,122,9,70,62,125,1,76,80
blue,3,145,19,9,33,151,130,144,76,70
blue,36,75,15,51,93,90,102,122,9,53
red,74,38,55,116,128,78,65,19,51,45
blue,13,40,143,52,82,18,60,89,51,123
blue,107,30,17,109,66,135,149,6,76,139
blue,152,26,129,63,79,59,124,125,76,100
blue,110,26,122,106,91,74,149,20,116,12
blue,37,46,26,116,70,112,88,2,9,80
red,22,107,43,76,4,0,145,144,69,108
red,39,142,131,129,14,127,46,155,69,80
red,110,65,89,51,70,74,94,124,133,100
blue,115,26,151,69,80,0,94,121,29,45
red,103,58,121,147,71,0,75,126,52,128
red,31,102,132,76,158,151,154,89,150,159
red,151,107,120,76,71,2,125,21,49,108
red,22,94,148,85,100,101,75,43,133,158
blue,47,113,3,147,74,150,134,155,51,82
red,135,130,55,17,16,127,111,23,106,82
blue,135,141,143,51,82,110,40,151,124,100
blue,39,154,150,109,14,131,124,144,17,9
blue,22,38,43,54,74,94,67,11,8,128
blue,101,124,136,51,45,74,102,68,8,153
red,31,75,89,76,82,47,125,55,156,153
blue,90,61,109,29,153,101,23,150,76,118
red,62,103,144,69,80,101,141,121,17,53
blue,22,77,148,17,108,127,46,11,29,12
blue,31,141,121,17,119,0,60,2,85,14
blue,114,78,43,29,111,22,65,41,106,128
blue,0,27,151,137,45,22,130,2,116,16
blue,22,107,148,116,160,36,130,53,76,108
blue,107,13,26,24,80,0,91,143,17,148
blue,38,40,19,17,53,74,26,137,51,158
red,43,58,121,17,128,90,154,132,133,71
blue,151,30,121,85,100,22,13,19,116,119
blue,22,60,143,76,16,0,84,155,106,82
red,78,75,121,8,53,47,40,56,137,70
red,137,58,121,116,70,36,60,129,51,14
blue,47,30,132,49,158,115,107,121,106,93
blue,121,38,47,49,66,146,74,151,116,16
red,48,67,73,69,80,47,46,121,63,70
red,77,134,121,50,119,18,30,150,9,100
red,77,97,121,29,153,144,23,150,24,93
red,115,74,121,52,99,152,67,151,129,93
blue,48,58,143,49,159,110,77,139,63,45
blue,74,88,19,51,82,40,61,6,150,96
red,101,125,121,17,79,31,58,64,52,128
blue,78,65,121,116,128,2,46,19,17,118
blue,131,84,89,76,158,151,98,143,51,12
blue,90,111,124,49,108,0,154,121,69,3
blue,39,142,3,50,128,37,60,121,51,100
blue,0,142,53,138,128,102,38,11,17,104
blue,74,54,94,63,158,136,92,121,76,100
red,151,60,59,129,109,115,75,105,76,14
red,0,134,19,49,14,101,38,121,17,100
blue,53,75,29,17,82,0,54,1,51,5
red,101,61,1,76,66,90,149,121,8,128
blue,22,155,143,9,93,90,149,26,106,128
red,115,60,121,54,53,47,142,68,9,158
blue,0,46,121,24,53,146,134,159,133,45
blue,72,23,94,76,9,88,60,131,54,5
red,18,75,140,8,82,9,61,139,17,4
blue,47,26,144,17,100,134,38,140,8,158
blue,119,86,150,9,76,144,38,1,49,158
red,43,65,148,29,9,152,111,143,51,82
red,88,154,2,17,66,9,38,114,24,5
red,43,61,148,109,123,2,58,155,51,76
red,85,46,2,49,53,42,141,121,29,76
red,62,28,56,106,14,20,87,59,17,53
blue,74,84,151,157,91,107,40,140,29,93
blue,127,102,124,17,148,88,23,3,106,99
red,127,27,151,51,15,144,65,56,49,108
blue,127,28,139,17,123,0,65,143,49,74
red,127,155,124,76,128,47,58,109,24,45
blue,90,40,144,24,109,35,134,140,52,82
red,103,58,120,76,93,35,77,144,17,109
blue,72,125,19,137,70,0,65,56,8,153
red,47,78,155,63,70,2,5,89,133,100
red,74,61,150,54,119,115,111,155,109,108
blue,31,107,120,17,5,48,27,140,133,70
red,18,65,2,137,45,0,75,55,29,153
blue,101,54,43,17,158,90,23,31,49,119
blue,155,58,64,24,82,135,65,139,76,100
blue,74,75,121,76,119,131,54,94,29,120
blue,37,38,19,76,100,74,54,151,29,45
blue,56,13,55,29,12,88,91,140,17,160
blue,2,102,53,29,81,78,91,101,17,120
blue,143,142,43,24,82,41,91,2,50,100
red,110,84,48,116,80,146,107,6,76,9
red,151,107,121,133,5,97,94,11,106,74
blue,38,61,54,109,93,88,46,71,133,45
red,137,38,143,24,153,72,22,55,29,118
red,35,134,121,76,14,101,74,11,49,5
red,18,142,89,17,79,37,60,94,29,15
blue,35,27,19,29,153,135,98,144,76,45
blue,38,30,1,9,5,43,98,143,76,128
blue,31,141,122,123,108,88,155,34,17,70
red,90,146,26,50,70,39,98,143,49,158
red,151,92,1,50,41,150,98,124,69,33
red,2,102,43,76,70,101,26,72,147,119
blue,62,142,159,29,158,77,102,148,9,93
blue,59,27,155,69,15,42,154,81,122,45
red,2,65,121,29,9,57,142,1,17,118
blue,110,145,121,50,70,22,46,19,63,158
blue,35,87,121,51,120,112,30,134,76,153
blue,103,61,26,29,80,107,13,55,69,82
red,35,46,140,17,53,0,75,144,137,70
red,90,38,138,76,9,107,13,148,17,153
blue,78,87,151,51,79,22,58,68,52,93
red,151,145,143,29,160,37,75,131,50,159
red,110,23,114,150,100,0,61,121,29,148
blue,154,130,159,29,80,42,117,136,24,5
red,43,30,151,29,93,94,61,144,51,82
red,112,142,121,51,71,62,134,1,69,108
red,103,46,19,24,80,43,54,56,137,100
red,31,44,144,49,119,72,149,41,9,53
red,18,111,55,8,128,31,44,121,24,16
blue,137,26,56,51,53,31,44,23,50,108
blue,31,44,140,51,153,3,60,2,116,80
red,31,44,37,106,74,145,154,155,29,119
blue,92,98,138,9,45,150,23,43,136,70
red,18,30,43,76,93,47,125,1,24,53
blue,107,91,2,24,45,110,154,155,29,71
red,36,141,148,17,53,39,130,26,29,160
blue,47,61,43,54,100,131,74,121,51,119
red,127,61,43,129,12,18,44,121,116,93
red,37,27,43,119,93,31,58,64,51,45
red,36,155,140,29,126,103,107,121,9,53
blue,0,23,43,133,15,90,37,151,9,158
blue,0,86,140,51,122,112,5,43,52,119
red,74,65,43,138,146,18,154,155,24,71
red,20,38,43,138,104,31,98,56,106,100
blue,0,134,43,129,5,146,91,104,17,128
red,18,75,33,156,118,22,79,158,17,96
red,31,27,2,49,53,92,46,56,17,5
blue,3,130,68,129,160,101,5,109,9,93
blue,90,107,121,4,108,39,20,151,133,53
blue,110,98,159,106,5,112,61,105,51,12
red,90,38,55,133,70,19,87,159,51,82
red,65,87,56,51,74,39,98,155,76,114
red,88,87,1,17,45,22,111,7,156,158
red,131,154,19,8,12,42,87,64,76,74
blue,57,87,151,49,158,92,28,159,133,100
blue,152,130,148,8,12,74,87,143,116,15
red,97,87,150,69,14,152,102,56,52,100
blue,53,154,155,51,153,112,117,55,76,148
blue,25,146,155,24,93,91,87,120,51,66
blue,6,46,151,116,153,0,87,26,49,45
red,88,23,155,147,71,22,84,136,49,5
blue,131,149,155,129,159,34,111,151,51,66
red,72,111,120,17,71,36,67,136,129,5
red,18,46,68,9,14,22,111,64,17,53
red,151,107,155,136,139,90,75,71,129,14
red,35,61,139,49,45,151,13,19,17,160
blue,78,94,150,63,82,115,25,2,8,45
red,72,40,23,17,70,36,91,124,50,45
blue,2,141,155,17,66,43,91,121,49,133
red,0,46,114,17,12,115,65,158,63,70
red,78,75,155,8,14,77,46,68,17,45
blue,6,13,150,17,71,18,102,143,41,153
red,31,27,11,17,14,90,65,121,51,41
blue,114,65,2,106,99,37,40,155,17,45
blue,103,102,144,29,100,110,141,64,17,118
red,74,98,55,24,70,25,40,68,17,53
red,110,65,68,9,45,54,155,151,17,53
red,31,54,94,29,45,0,149,32,41,93
blue,57,27,155,106,80,110,58,23,147,96
blue,18,124,125,49,119,0,77,2,9,153
red,22,94,155,51,139,101,40,26,129,158
blue,151,46,121,76,82,90,23,94,150,45
red,43,38,136,49,9,150,94,143,76,159
blue,90,60,140,17,53,74,94,121,51,82
blue,74,40,121,49,133,92,155,55,17,45
red,90,58,115,8,109,74,130,94,17,12
red,145,155,143,51,70,36,28,121,49,53
blue,0,37,94,63,45,134,92,2,17,119
red,78,111,94,76,153,74,102,143,9,5
red,54,58,21,8,12,90,125,121,51,158
red,22,149,89,156,153,25,125,140,51,70
blue,0,102,2,54,9,47,38,121,69,80
blue,110,46,54,137,53,0,60,139,29,118
blue,37,67,34,150,45,55,13,22,76,53
blue,0,67,131,133,53,3,125,2,116,45
blue,110,38,19,29,53,151,61,64,17,45
blue,3,77,2,17,108,62,145,138,49,158
blue,114,38,11,116,118,152,13,144,51,108
red,36,65,109,29,111,135,38,154,24,45
blue,31,58,89,133,100,112,102,139,17,45
blue,37,40,38,116,100,22,61,7,129,71
red,3,58,150,9,100,22,46,68,8,128
blue,36,134,23,116,45,115,155,68,133,70
red,57,86,109,69,80,115,40,43,76,128
red,134,84,53,133,70,78,65,155,69,82
red,0,92,21,51,12,78,84,91,17,119
red,35,84,89,49,119,42,54,155,51,80
blue,134,30,11,52,128,145,84,121,17,80
red,101,40,2,29,158,18,23,150,51,12
red,134,13,143,76,80,101,38,132,133,14
blue,115,141,121,109,108,74,84,150,76,80
blue,54,46,155,29,71,35,27,3,17,153
blue,115,107,140,17,148,74,5,151,133,70
red,103,74,143,50,99,151,54,43,76,158
red,131,27,155,137,158,47,23,43,106,93
red,31,74,132,50,12,151,98,143,17,45
red,44,65,19,155,153,144,125,56,76,119
blue,31,65,105,17,120,112,154,43,29,159
blue,31,98,11,133,12,135,40,55,17,70
blue,103,65,1,29,148,31,91,68,17,109
blue,2,65,129,29,71,57,98,33,8,70
blue,7,65,151,160,153,59,134,109,76,14
blue,22,13,89,17,118,134,27,94,76,70
red,90,65,121,76,119,2,13,56,147,153
red,18,46,19,9,99,95,60,33,129,82
blue,0,54,151,116,111,78,60,143,17,45
blue,90,38,120,76,153,36,67,143,51,82
blue,0,5,1,85,119,47,28,150,51,139
red,25,60,35,17,93,103,13,11,133,158
red,22,13,1,49,154,34,111,136,51,45
red,120,23,125,116,9,36,65,122,51,71
blue,107,13,56,51,93,83,102,155,109,118
red,35,102,144,51,93,36,28,41,9,96
red,118,142,41,129,100,74,134,91,17,45
blue,35,75,51,49,158,104,125,68,76,45
red,0,40,64,29,119,31,61,139,8,66
red,107,40,143,52,100,22,61,140,24,15
red,103,40,1,109,108,34,13,158,8,45
red,31,98,33,9,100,107,38,122,136,148
red,103,75,144,116,96,18,40,120,52,158
red,57,46,56,29,5,101,28,120,69,100
red,22,60,2,133,153,35,46,56,51,70
blue,22,23,11,147,45,135,97,56,51,128
red,90,13,32,109,108,36,111,158,51,82
red,112,155,56,133,80,22,84,64,52,71
red,115,154,140,76,153,22,142,56,106,99
blue,31,142,56,76,16,90,27,1,9,100
blue,22,67,148,9,128,25,40,158,76,70
red,88,40,56,51,91,47,58,26,76,12
blue,110,13,55,9,128,39,88,158,150,99
red,0,54,56,133,70,112,98,121,24,120
red,91,124,101,76,99,110,98,56,69,12
red,101,146,56,150,148,18,124,155,29,100
red,43,40,56,9,153,78,84,151,17,70
blue,117,65,137,29,9,31,141,121,95,30
red,67,60,73,49,53,0,38,33,76,128
blue,74,142,11,51,96,37,130,124,76,119
red,97,141,121,136,12,95,54,159,51,130
blue,31,28,121,63,153,22,46,143,116,14
blue,22,111,155,76,109,74,127,32,129,30
red,90,60,143,51,111,78,86,11,76,93
blue,62,125,11,49,158,0,61,43,129,37
red,135,117,73,24,12,114,23,3,85,70
red,101,142,73,41,100,20,134,144,29,53
blue,0,149,121,52,45,37,87,125,76,70
red,0,37,104,106,120,103,38,64,8,45
blue,57,65,56,116,45,20,30,151,29,41
red,88,38,64,63,160,74,27,129,133,70
blue,114,28,0,106,100,151,111,121,9,16
red,47,28,140,129,120,31,23,159,133,153
blue,0,54,155,17,100,62,61,26,76,128
red,0,38,144,24,93,34,28,132,8,126
blue,90,40,1,29,53,18,27,0,116,12
blue,78,23,151,133,70,22,98,144,136,119
red,146,92,151,24,5,131,107,2,129,70
red,146,133,140,116,93,114,30,151,147,100
blue,18,142,55,133,108,146,25,56,76,70
red,36,30,159,29,66,146,75,68,51,153
red,151,77,56,24,82,62,155,136,137,158
red,74,134,144,29,109,83,97,56,137,70
blue,131,60,1,116,71,115,98,57,17,70
red,112,125,121,9,100,74,38,138,52,91
blue,134,13,55,49,139,101,40,71,51,70
red,103,38,73,137,119,144,40,56,51,93
blue,24,13,121,51,99,22,60,139,144,93
blue,57,38,121,29,79,117,84,136,76,108
blue,22,65,144,24,119,34,113,83,17,12
blue,79,141,143,24,53,36,30,138,17,16
blue,134,54,155,133,126,83,81,44,137,70
blue,0,145,143,116,109,42,86,1,133,70
red,36,125,55,49,153,39,38,91,8,70
blue,91,107,3,147,15,0,40,109,129,70
blue,35,65,55,129,80,78,37,151,17,5
red,3,61,143,106,82,90,13,64,51,15
red,31,65,114,106,53,47,23,1,51,93
red,127,134,151,17,53,31,38,64,8,70
red,112,75,151,17,4,37,125,2,51,100
red,74,75,1,106,118,130,154,3,29,153
red,103,113,111,76,139,18,125,122,51,121
blue,72,23,150,116,119,143,13,47,51,108
blue,74,75,89,133,70,0,65,143,17,53
blue,35,60,104,106,71,0,142,89,129,121
blue,112,58,124,17,71,35,23,140,24,14
red,107,60,55,76,16,101,65,21,17,45
blue,0,13,143,133,119,20,61,140,17,109
blue,22,23,91,52,93,77,44,155,76,148
red,145,13,91,85,5,18,111,19,69,153
red,150,77,56,106,66,36,13,11,29,96
blue,131,107,151,17,100,95,77,144,76,70
blue,47,77,121,49,53,104,61,150,76,128
blue,154,75,121,85,158,59,38,81,29,45
blue,74,23,81,17,12,0,91,144,9,71
blue,72,30,151,29,12,31,125,143,156,45
blue,31,58,37,156,109,0,75,23,29,96
blue,0,102,140,106,153,114,26,125,29,96
red,34,38,55,8,16,25,46,144,129,128
red,131,13,71,8,53,112,38,143,76,5
red,81,98,56,133,128,0,84,151,49,140
blue,47,60,10,51,82,18,84,151,49,158
red,48,38,71,147,70,0,102,144,133,119
blue,3,142,120,49,138,90,46,19,24,119
red,151,142,54,129,70,72,102,121,69,53
red,43,60,19,133,74,0,30,124,9,76
red,31,141,124,51,12,92,26,64,52,100
blue,110,84,56,133,96,131,27,159,106,70
blue,36,142,143,29,119,101,155,121,133,70
red,47,5,136,133,70,48,102,143,120,100
red,31,54,151,133,66,25,142,148,76,70
red,22,40,64,106,82,78,75,105,133,53
red,72,102,23,133,70,131,26,150,76,71
red,42,54,53,24,93,112,117,143,76,45
red,123,77,64,116,119,13,134,158,17,79
red,18,145,139,29,148,134,46,121,106,74
red,31,130,144,17,45,112,149,33,24,66
blue,114,113,125,29,53,83,87,26,17,128
blue,0,46,6,49,109,36,77,53,76,5
blue,131,38,143,129,108,151,58,138,17,71
red,31,46,23,17,153,48,78,32,133,70
blue,48,102,64,133,153,0,141,159,76,119
blue,151,67,43,17,53,0,134,19,51,79
blue,31,61,109,17,71,35,130,26,148,9
blue,22,60,140,50,70,110,38,159,24,82
red,35,23,155,129,158,134,46,144,63,100
red,115,94,159,106,99,90,142,2,8,4
blue,92,23,64,116,128,58,60,159,51,82
red,103,102,121,24,45,92,28,120,9,53
blue,151,98,159,17,54,0,134,68,133,53
blue,151,98,83,136,139,91,13,150,29,159
red,35,38,114,137,45,36,98,159,51,99
red,59,102,155,9,93,25,98,120,29,119
blue,90,86,105,76,109,36,98,11,133,70
red,22,98,151,133,53,31,60,55,116,70
blue,110,98,2,106,74,103,84,41,9,93
red,35,102,138,137,53,39,98,150,133,154
blue,25,142,122,49,9,37,67,38,29,121
red,0,91,157,50,128,57,98,56,9,82
red,131,98,1,69,96,75,111,68,17,45
red,67,98,1,49,158,107,92,140,76,108
blue,36,98,159,69,126,152,87,64,49,108
red,34,60,144,69,45,88,98,159,9,108
red,54,26,94,17,14,104,98,143,9,100
red,151,98,155,51,14,131,77,138,29,12
blue,74,30,1,17,45,59,98,79,51,93
red,0,98,143,9,158,103,130,159,69,53
red,0,54,43,76,66,18,98,155,106,133
red,152,98,143,76,45,112,154,6,106,121
red,47,98,144,9,66,35,107,158,116,45
blue,150,65,11,49,45,59,38,143,17,71
blue,131,154,155,157,45,88,98,6,29,148
blue,47,98,148,136,158,22,154,157,24,16
red,88,38,114,49,119,78,98,41,137,45
red,131,98,26,8,100,72,111,95,24,45
red,31,26,56,76,16,90,98,139,24,118
blue,107,98,73,9,119,110,40,138,116,12
red,31,98,121,106,108,22,13,71,51,91
red,90,98,155,138,119,120,38,2,51,100
blue,123,91,132,50,100,90,98,64,8,93
blue,88,84,139,17,9,57,98,105,29,12
red,47,98,11,50,70,135,134,138,9,148
red,151,154,139,106,82,72,98,150,85,108
blue,151,98,155,17,15,37,13,159,29,45
red,18,98,121,76,12,97,124,26,69,108
red,103,98,56,133,153,0,38,143,48,159
red,101,40,144,24,70,34,98,121,76,9
blue,31,23,150,49,108,0,98,68,63,118
red,135,98,38,8,82,102,61,133,157,53
red,110,98,150,63,79,22,102,21,133,158
blue,39,98,55,8,9,115,77,15,52,91
red,110,102,2,133,158,151,98,121,49,153
blue,39,98,115,69,128,88,61,124,76,158
blue,121,98,3,17,53,22,87,140,129,118
blue,22,65,155,50,128,102,98,64,76,45
blue,110,98,140,129,96,35,84,94,50,45
red,145,125,121,54,133,107,28,64,29,96
red,59,141,150,29,109,25,46,121,24,120
blue,0,102,143,29,12,115,58,68,51,121
red,73,30,57,133,119,31,28,105,129,93
red,0,30,155,29,66,22,87,125,122,118
blue,72,46,68,120,108,130,27,121,17,96
red,59,65,125,133,153,74,60,144,116,108
red,78,154,41,51,5,107,27,144,133,100
red,101,54,110,63,100,150,13,55,76,148
red,103,130,121,116,100,37,146,151,136,9
red,35,145,121,9,126,74,130,81,50,93
blue,115,26,2,106,82,131,111,143,29,93
red,95,61,1,133,70,31,28,21,76,100
red,90,60,138,147,96,34,54,11,69,80
blue,91,26,125,29,153,101,134,159,137,66
red,102,13,140,24,128,20,47,155,76,120
red,2,40,1,24,82,114,134,89,76,159
blue,119,149,104,17,71,110,13,121,51,66
blue,34,23,125,49,15,47,40,140,109,108
blue,150,141,73,116,71,151,13,6,49,76
red,90,111,72,29,53,144,61,151,17,71
blue,115,23,150,129,45,0,65,138,85,53
red,18,65,73,76,160,42,13,55,50,45
blue,101,58,6,49,153,91,75,120,52,126
red,18,130,1,54,45,101,154,144,133,70
blue,151,58,89,9,93,74,142,121,69,14
red,0,58,139,17,70,35,111,143,106,126
red,91,60,19,156,53,146,141,143,133,96
blue,154,84,69,24,5,0,134,140,50,121
red,152,40,69,54,14,19,13,143,24,80
blue,101,54,155,76,91,0,38,73,51,93
red,134,84,109,49,93,115,46,55,9,70
blue,42,28,21,116,128,155,98,2,109,74
blue,0,125,6,76,119,19,13,94,116,70
red,90,111,89,137,45,95,154,26,17,53
red,151,38,23,136,12,90,154,19,54,108
red,103,86,144,29,9,0,65,68,137,45
blue,18,154,143,17,100,104,86,64,24,119
red,31,86,139,17,80,43,77,19,29,53
blue,22,84,140,156,100,103,86,7,24,128
blue,115,155,150,29,15,43,86,33,136,119
red,131,107,121,51,41,22,26,151,157,80
red,78,86,1,17,79,110,40,19,49,158
blue,110,98,71,24,82,155,86,1,49,118
red,0,13,144,50,153,110,86,140,49,74
red,62,13,121,49,53,47,58,151,138,104
blue,0,38,89,8,153,3,54,129,9,53
red,59,142,155,109,53,110,77,139,147,96
blue,146,44,159,50,66,72,23,139,9,82
blue,18,40,144,76,82,22,46,56,29,119
red,90,58,11,133,82,74,38,144,51,126
red,113,58,73,8,82,18,111,11,17,16
red,137,5,53,106,9,22,60,32,76,119
red,101,142,2,49,128,150,87,89,106,82
blue,107,75,121,76,153,112,142,37,49,12
red,83,40,43,49,158,44,91,144,52,100
blue,74,142,150,76,119,59,13,129,49,160
red,111,40,19,76,153,37,154,129,49,9
red,91,38,21,51,80,34,65,1,76,160
red,110,38,3,17,15,115,58,143,51,93
red,91,38,2,51,12,110,146,89,29,53
blue,72,84,155,50,16,123,142,140,51,15
blue,91,23,155,29,70,90,113,37,17,5
red,0,40,150,136,12,31,107,55,50,16
red,25,26,38,24,160,34,23,1,76,45
red,144,134,143,24,93,18,142,89,51,66
red,110,30,43,8,128,137,77,121,17,71
blue,151,40,121,54,4,18,145,1,106,100
red,0,38,121,147,53,57,23,55,76,45
blue,74,77,140,133,45,75,154,89,17,148
blue,47,141,121,24,96,31,23,1,150,99
blue,19,9,87,151,124,36,134,53,24,158
blue,0,28,94,17,45,22,65,26,29,70
red,107,142,26,109,9,47,154,155,138,108
blue,31,88,2,106,53,114,5,121,29,119
blue,31,102,148,51,91,69,78,140,76,5
red,91,102,71,156,70,114,27,3,116,9
blue,0,67,89,129,14,90,125,71,106,93
red,137,130,105,49,9,151,97,56,51,80
blue,115,78,136,50,70,31,61,43,116,100
red,0,141,33,51,120,42,26,151,29,128
red,18,134,55,17,45,121,30,91,49,93
red,112,75,121,50,70,57,40,90,76,139
red,37,146,121,24,108,91,67,155,156,15
blue,18,134,56,51,45,31,5,151,147,96
red,81,134,148,51,70,91,67,1,76,74
blue,110,65,33,63,70,48,134,89,137,99
blue,151,38,138,69,80,132,84,121,49,82
red,77,40,3,17,71,103,125,68,122,82
red,3,84,155,17,71,95,67,136,51,70
blue,81,40,3,51,108,22,102,114,69,96
red,78,13,121,106,14,39,3,97,76,79
blue,110,94,143,150,153,18,142,26,17,118
red,112,67,31,76,5,13,61,158,9,53
red,0,28,89,17,45,95,44,138,133,128
blue,110,38,71,29,108,37,98,155,137,14
red,103,60,121,29,14,78,107,94,116,45
blue,158,40,140,129,70,120,98,151,51,4
red,78,98,1,116,4,110,28,94,29,45
blue,39,13,91,17,119,18,145,122,8,82
red,0,60,140,51,4,137,77,55,129,79
blue,0,38,110,106,15,34,97,55,17,148
blue,88,13,150,54,100,110,46,143,24,153
red,35,98,138,106,5,144,86,111,76,93
blue,35,13,55,17,45,131,30,136,116,12
blue,110,38,159,116,70,18,65,143,9,45
blue,22,38,143,116,126,114,65,2,49,89
red,47,75,144,51,80,22,102,143,29,93
blue,152,58,109,17,79,48,87,1,156,70
blue,113,38,121,17,153,115,61,105,133,70
red,43,30,155,9,80,62,46,64,24,45
blue,42,125,121,106,99,107,13,138,49,9
blue,37,84,129,76,12,90,88,155,69,128
red,90,23,150,51,96,78,77,139,8,128
red,107,142,124,76,41,78,75,33,29,96
red,43,94,133,29,153,135,134,71,137,45
blue,90,124,121,17,93,101,98,6,69,70
red,22,46,159,136,9,103,113,143,129,53
blue,101,154,155,106,158,125,117,144,8,126
red,3,38,95,76,66,57,67,151,9,108
blue,101,84,143,29,53,47,28,125,17,45
red,43,134,69,139,100,110,67,56,17,53
blue,3,40,109,133,79,101,84,138,24,82
blue,90,142,120,49,80,144,75,140,17,9
blue,152,92,29,76,154,107,60,122,17,9
blue,112,142,6,9,5,91,38,1,51,14
red,18,107,143,76,9,110,23,43,8,121
blue,39,13,56,116,45,103,46,124,109,9
blue,115,65,71,51,91,78,154,94,133,80
red,110,111,151,150,139,134,38,140,29,5
red,131,58,138,51,108,62,65,79,49,158
red,107,13,121,63,70,22,134,54,17,119
blue,115,65,7,50,41,158,84,155,51,153
blue,35,84,11,17,128,150,46,1,50,108
red,35,13,57,17,71,47,125,2,136,45
red,41,155,120,17,37,90,98,121,24,153
red,18,141,140,76,93,26,155,19,52,128
red,47,60,144,106,100,151,97,155,49,111
red,44,125,2,150,37,114,38,155,52,96
blue,2,13,94,156,5,35,38,121,150,37
red,0,145,120,17,100,150,92,73,24,45
red,22,75,71,24,45,103,130,19,49,100
blue,42,84,71,137,15,78,142,114,17,128
red,150,98,125,109,108,103,38,23,17,119
blue,22,40,23,49,119,35,26,43,106,100
red,145,13,148,109,108,18,124,143,17,12
blue,151,40,129,116,96,39,141,121,17,99
blue,103,75,2,109,108,88,13,56,150,82
blue,78,61,53,129,153,54,146,148,17,158
blue,54,26,34,133,80,48,5,143,76,79
blue,121,38,54,137,9,151,134,144,17,158
red,72,134,143,133,70,151,65,56,106,153
blue,48,28,11,137,4,102,44,136,116,45
red,54,130,34,24,74,11,40,121,133,109
blue,54,65,56,24,14,115,134,6,76,53
blue,74,91,2,76,119,54,61,109,9,4
red,121,61,19,29,45,2,74,54,52,27
blue,97,74,144,51,93,150,40,73,9,45
blue,81,102,140,133,9,114,142,26,147,108
blue,3,30,143,136,158,88,87,56,129,9
red,102,98,143,116,12,72,84,3,76,45
blue,48,38,54,76,9,102,61,143,51,45
blue,31,98,56,76,160,150,149,143,9,121
blue,42,113,43,51,100,31,5,143,106,45
blue,146,38,140,106,82,110,40,143,76,119
blue,4,38,143,49,119,18,134,148,76,80
blue,91,102,143,49,119,74,77,148,17,53
blue,152,46,23,136,80,110,142,143,24,128
red,90,142,143,17,80,91,58,11,9,53
blue,25,60,148,29,158,43,98,143,129,14
red,0,98,1,76,82,101,65,143,51,43
blue,97,60,121,17,124,34,134,1,129,100
blue,88,23,90,137,108,18,134,151,51,93
red,95,60,64,29,82,131,141,151,17,79
red,42,141,32,29,84,31,125,55,17,12
red,3,98,121,133,159,134,38,151,120,109
red,0,46,68,133,108,88,40,19,49,12
blue,101,91,105,17,119,43,130,94,120,71
red,88,26,143,106,100,114,58,121,133,153
red,150,30,144,133,100,0,38,158,51,14
red,22,130,7,29,71,48,142,121,133,119
blue,131,13,143,76,119,107,130,140,17,133
red,60,67,121,51,153,134,38,55,129,45
blue,11,75,120,76,109,112,107,56,133,70
blue,134,58,120,133,82,18,40,138,52,70
red,47,38,55,17,158,31,65,136,76,93
red,90,61,121,24,80,54,84,151,9,128
red,62,142,55,24,100,110,61,68,29,82
red,150,97,122,29,9,101,46,143,116,45
red,137,40,56,76,128,31,46,64,51,80
red,43,130,2,76,80,88,154,11,17,53
blue,47,40,138,76,159,137,27,143,51,80
red,78,98,148,133,70,0,23,94,29,153
red,110,58,64,109,53,74,13,89,51,45
red,54,38,55,17,76,88,111,148,49,12
red,0,81,64,29,76,47,54,155,133,12
red,88,102,1,24,45,110,27,11,17,9
red,88,97,11,129,45,74,13,144,17,76
red,91,46,56,9,76,74,149,143,24,108
red,35,154,144,76,109,31,141,140,133,45
blue,18,125,121,106,14,22,142,68,133,45
red,0,146,125,116,76,115,88,23,17,108
red,101,30,10,9,119,0,154,125,54,79
red,78,86,148,29,15,90,98,41,17,100
red,103,84,151,150,5,111,60,144,24,9
blue,101,125,140,17,53,143,111,155,106,80
blue,57,154,38,49,53,43,61,144,29,80
red,18,149,144,24,5,150,40,121,116,100
blue,6,46,48,69,80,150,37,20,106,118
red,135,130,56,17,70,115,38,2,129,126
red,38,13,136,137,14,90,26,121,9,153
blue,35,141,140,9,119,131,26,121,29,53
red,62,28,43,76,158,48,38,121,17,109
red,37,130,55,17,14,0,102,140,54,80
blue,47,113,0,133,71,151,87,132,76,53
red,90,27,124,29,93,42,60,121,76,100
blue,90,13,1,8,128,110,149,140,24,153
blue,41,28,136,106,93,37,46,143,51,4
red,78,38,140,9,12,42,65,124,17,148
red,112,86,122,17,4,22,77,143,49,45
blue,88,125,121,109,119,53,46,64,50,128
red,31,146,64,29,153,0,98,19,50,148
blue,18,84,101,29,12,35,146,140,137,70
red,114,75,143,17,108,22,113,1,109,12
red,117,149,1,85,70,20,13,144,49,5
red,55,58,121,24,45,43,84,1,29,108
red,18,75,140,116,70,25,46,122,106,5
blue,0,97,124,137,119,59,98,71,133,153
red,0,40,140,63,70,42,58,19,17,133
red,151,154,64,29,53,101,46,2,116,119
red,3,27,43,76,66,114,38,0,51,80
blue,31,94,1,63,70,22,38,119,76,45
blue,48,58,64,8,128,22,65,159,9,45
blue,101,124,37,51,153,104,107,94,63,118
blue,103,26,151,17,78,42,86,120,76,5
red,6,98,159,133,100,150,60,64,76,66
red,137,13,2,49,12,22,98,121,51,96
blue,47,30,53,49,9,22,38,143,8,159
blue,107,134,124,24,119,78,23,68,29,100
red,110,40,53,17,74,127,75,159,29,126
blue,47,38,43,52,96,119,67,68,8,82
blue,144,102,3,52,82,90,97,143,133,153
red,115,142,26,17,14,62,111,138,136,148
red,115,67,150,49,9,43,65,105,116,45
red,31,60,140,29,108,18,40,143,49,122
red,25,58,94,76,160,35,46,23,9,153
red,101,84,121,106,153,151,13,144,49,111
blue,74,58,143,129,53,35,23,1,24,80
blue,37,65,105,109,9,121,58,55,24,45
red,90,58,2,76,153,53,27,150,51,82
blue,72,23,139,24,33,101,58,55,8,5
red,110,58,1,49,124,83,37,104,29,108
red,92,60,143,51,70,37,58,155,109,12
blue,151,65,144,8,70,152,58,124,51,118
blue,31,86,155,49,12,59,58,21,17,80
blue,57,134,143,17,70,131,58,138,49,82
blue,152,65,56,76,16,35,13,68,17,45
red,138,60,125,147,4,22,146,56,52,5
red,74,40,26,52,100,39,75,90,49,119
red,2,145,138,17,9,62,23,125,122,74
blue,48,38,11,56,74,25,111,125,51,93
red,18,77,138,51,109,74,149,155,8,45
red,36,58,138,49,128,42,102,144,17,15
blue,48,107,54,17,128,31,130,136,51,93
red,138,125,1,137,82,114,38,120,29,12
red,37,40,138,49,45,31,98,143,50,118
red,22,27,151,133,79,35,60,144,109,108
blue,43,13,151,133,15,22,149,55,76,119
red,69,87,6,49,109,136,40,150,9,45
blue,42,84,140,129,99,123,58,56,29,1
red,154,130,143,29,128,25,46,120,85,107
blue,43,46,11,29,100,48,141,148,24,118
blue,113,58,144,24,82,114,13,138,116,45
red,0,13,140,51,128,110,26,150,133,45
blue,145,28,151,133,70,150,102,140,17,53
blue,18,37,138,8,15,35,65,23,17,91
red,88,26,19,76,93,110,77,122,116,119
blue,36,75,81,136,93,74,142,120,17,158
red,107,13,138,133,45,37,65,140,51,93
blue,41,97,23,150,108,134,88,38,120,93
blue,107,46,143,29,45,90,130,37,76,128
red,35,23,150,137,70,36,145,56,76,119
red,107,142,56,17,126,59,87,155,49,128
blue,110,23,121,76,12,35,65,150,51,41
blue,22,58,90,49,158,77,87,138,17,53
red,18,94,124,150,45,47,58,68,51,154
blue,22,84,56,17,14,90,38,54,24,5
blue,81,40,94,69,119,131,78,110,51,80
blue,101,134,89,17,53,81,13,55,116,119
red,78,40,94,129,5,35,60,121,116,153
red,145,98,143,137,126,72,40,43,116,79
blue,103,134,2,52,119,22,77,64,9,109
red,90,134,124,106,66,18,125,55,24,74
blue,104,65,125,8,9,31,142,2,76,45
red,31,134,124,49,53,0,130,151,54,80
blue,110,67,38,156,100,74,58,121,63,153
blue,152,75,1,133,119,57,28,24,29,99
red,31,40,122,9,14,69,30,143,24,41
blue,0,46,143,106,70,90,130,124,24,158
red,101,5,138,29,153,145,27,51,17,82
red,158,65,26,29,41,43,134,121,24,127
blue,114,75,104,133,41,47,134,64,17,71
red,127,61,143,29,41,69,58,148,76,53
blue,47,155,11,51,5,74,58,89,116,119
blue,145,13,11,9,30,74,60,56,116,109
blue,152,65,55,29,12,43,28,148,76,53
red,123,102,2,24,45,11,40,110,76,80
blue,47,107,155,76,128,77,75,138,29,100
red,103,98,1,116,160,22,13,144,17,45
red,31,98,132,29,9,103,46,159,8,66
red,103,60,56,52,148,105,30,155,24,109
blue,107,60,11,17,53,13,84,125,29,108
blue,88,38,125,157,93,0,142,114,133,100
red,103,111,158,17,45,37,54,155,76,100
blue,151,75,138,9,6,131,130,2,69,100
red,151,98,70,137,99,0,77,157,49,153
blue,31,142,121,49,12,47,65,120,116,70
red,103,149,68,116,109,110,54,159,133,14
blue,90,46,121,17,45,0,141,140,76,93
red,150,23,132,63,80,2,46,94,129,41
blue,0,141,144,116,128,90,23,150,51,108
blue,134,98,150,51,93,88,75,19,17,96
red,112,38,121,49,12,88,65,124,17,119
blue,36,13,121,49,153,18,134,151,69,80
red,97,38,143,24,45,103,67,33,29,66
red,103,13,143,17,82,35,40,140,137,118
red,90,142,158,76,96,151,54,121,49,9
blue,47,13,53,109,93,112,26,138,150,80
red,35,13,121,24,82,112,38,19,17,14
blue,35,142,55,49,5,22,102,150,9,128
blue,0,28,54,95,82,31,134,55,49,12
red,47,87,121,29,45,90,155,1,69,80
blue,150,37,91,137,128,43,28,110,76,12
blue,62,88,121,76,12,25,65,19,9,108
blue,48,125,143,76,45,0,60,1,51,93
red,2,28,151,69,96,47,145,55,51,93
blue,112,30,7,24,139,114,134,151,76,93
red,37,58,55,51,70,47,46,148,76,118
red,144,60,53,17,128,156,46,143,54,45
red,91,65,144,106,4,0,60,54,116,153
red,74,38,68,129,153,134,86,56,137,45
blue,88,97,136,51,108,110,134,140,76,100
red,90,58,144,51,153,101,77,32,17,119
blue,90,46,68,137,41,39,130,151,29,108
blue,43,13,136,52,74,18,26,1,116,108
red,0,87,136,76,108,135,13,68,29,119
blue,130,111,140,116,108,36,84,155,17,9
blue,37,60,143,17,80,18,40,2,76,108
red,72,154,150,106,15,20,46,114,133,160
blue,158,38,3,109,74,142,46,143,49,108
blue,155,60,54,9,71,102,27,109,133,100
blue,112,142,124,9,70,88,92,125,49,119
blue,60,38,140,9,12,31,134,151,136,53
blue,31,155,143,133,70,35,46,55,9,119
blue,151,28,121,116,128,133,87,125,9,100
red,114,13,2,106,100,47,60,20,50,45
blue,0,141,1,129,93,35,75,121,9,158
blue,110,84,159,106,93,114,61,11,76,82
red,0,113,43,133,45,110,60,159,63,9
red,112,54,155,29,128,90,46,75,37,108
red,115,30,6,69,80,101,60,23,29,148
blue,104,13,38,106,5,114,145,121,29,119
red,127,13,150,17,100,143,75,78,69,53
blue,0,84,158,29,126,72,61,121,106,82
red,90,75,121,51,93,57,61,56,106,82
blue,48,130,138,54,45,22,13,11,119,118
blue,18,98,37,76,93,115,60,148,136,14
blue,90,65,73,76,53,91,67,155,63,153
blue,103,46,150,8,82,35,134,143,51,128
blue,78,65,0,51,118,151,67,90,9,53
red,112,23,121,69,70,31,5,143,85,93
blue,22,92,11,116,128,137,61,94,63,70
blue,0,141,32,51,128,90,61,121,29,12
red,34,75,56,24,100,43,61,2,85,45
blue,101,84,121,49,14,25,142,144,76,53
blue,18,38,57,116,148,112,154,131,133,119
blue,47,26,155,69,80,90,102,19,51,93
blue,47,113,69,109,96,110,61,136,29,45
blue,150,58,105,129,9,151,40,23,76,71
blue,57,98,155,17,96,18,60,114,51,9
red,101,98,121,51,9,91,13,2,76,119
red,59,27,155,76,9,20,133,136,17,66
blue,78,146,155,109,108,67,130,71,17,9
red,67,65,71,17,9,77,46,1,133,89
blue,146,13,122,76,9,115,98,143,17,119
blue,115,65,143,156,45,151,38,55,116,100
blue,110,155,143,69,160,145,30,151,49,53
red,104,39,155,147,45,3,38,121,133,153
blue,151,117,159,133,82,18,154,121,106,66
blue,0,58,56,29,153,42,13,89,129,148
red,110,77,7,24,119,115,75,136,17,70
blue,91,102,78,29,79,97,38,140,17,5
red,62,130,26,106,99,115,134,144,76,108
red,81,130,143,137,53,91,60,151,157,66
red,115,27,49,76,119,110,87,159,51,93
red,103,23,124,76,45,110,75,121,8,158
blue,59,75,33,49,153,37,146,11,51,82
blue,112,75,19,76,14,90,97,144,17,45
blue,43,75,158,137,111,19,77,23,24,93
blue,35,60,144,17,128,103,23,140,129,93
blue,88,28,121,17,14,91,30,33,9,119
red,20,30,129,17,110,151,97,159,51,111
blue,74,40,159,17,65,93,98,56,51,64
red,34,65,56,116,9,123,13,143,17,79
blue,110,155,29,156,12,35,40,1,17,64
blue,0,75,2,9,70,48,113,1,17,53
blue,73,38,148,106,12,114,46,143,17,79
blue,103,142,11,133,45,74,98,143,129,119
blue,135,60,55,51,12,103,142,2,85,119
red,115,13,159,116,53,135,98,140,17,160
blue,101,60,124,17,71,135,61,23,29,45
blue,47,84,37,129,109,31,124,151,8,128
blue,35,13,143,76,12,36,38,2,8,80
red,103,40,133,150,128,35,38,63,29,119
blue,39,155,121,106,5,35,134,143,133,45
red,90,111,140,8,82,18,84,91,17,79
blue,74,98,6,9,99,19,13,143,95,96
blue,72,61,122,49,12,3,13,32,9,82
blue,43,61,1,133,45,36,13,159,129,70
red,103,111,143,17,119,109,27,155,24,128
red,121,38,23,24,74,72,65,148,29,153
red,39,98,90,50,100,151,154,159,17,70
blue,57,46,11,24,70,74,75,158,8,45
blue,103,75,1,136,14,53,111,155,76,9
red,18,46,11,51,66,107,13,71,129,128
blue,39,60,150,49,45,20,13,124,17,53
red,0,141,120,24,12,88,67,151,50,128
red,62,154,33,29,53,0,97,21,133,70
red,0,60,83,52,123,47,134,137,106,97
blue,97,28,3,50,70,59,65,143,51,9
blue,31,65,71,50,66,59,142,64,49,12
red,0,40,37,133,82,103,38,56,29,53
red,78,40,43,76,45,103,154,54,116,119
red,91,97,124,76,57,131,142,1,49,119
blue,22,141,138,29,91,103,58,1,106,93
red,34,23,32,17,45,152,97,151,51,71
blue,130,46,150,63,80,35,54,64,76,4
red,36,117,144,109,118,101,142,121,17,53
blue,18,124,33,49,16,0,13,21,17,99
blue,47,13,11,76,128,31,125,159,116,158
blue,31,60,33,49,118,18,40,140,9,12
blue,35,28,122,29,118,131,145,19,133,119
red,35,65,140,136,45,131,75,151,120,93
red,78,154,53,133,100,35,107,56,129,45
red,35,134,56,17,79,123,84,150,106,128
blue,22,141,2,76,9,103,98,63,29,93
red,114,46,1,29,158,110,102,3,8,128
red,103,58,143,51,160,152,28,64,63,70
red,37,58,56,17,71,0,13,93,51,148
red,0,28,53,106,66,130,60,140,76,16
blue,31,37,121,76,9,0,102,11,63,70
blue,112,77,55,17,119,0,44,159,76,82
red,36,23,94,9,53,31,61,55,76,119
red,0,155,121,17,15,90,141,31,9,45
blue,151,26,131,51,53,74,28,2,76,93
red,36,27,91,24,5,112,67,93,17,100
red,112,84,155,9,45,146,38,158,51,66
red,146,84,35,51,45,18,65,104,9,12
red,42,154,159,137,70,78,65,6,138,100
red,25,38,114,116,80,22,117,55,29,4
blue,134,58,54,106,82,74,38,34,76,93
blue,90,38,33,133,80,0,111,144,76,153
blue,88,124,155,106,138,3,46,1,29,100
red,95,91,2,106,128,151,65,140,129,44
red,151,88,144,156,70,22,130,120,85,100
red,115,98,155,29,153,36,38,1,51,82
blue,90,46,121,147,96,74,102,124,137,100
blue,107,60,140,137,128,151,58,120,51,16
blue,22,46,32,116,14,31,61,43,76,54
blue,72,149,1,49,128,103,23,48,51,119
blue,150,23,68,9,45,151,141,121,51,100
blue,0,26,158,76,100,110,130,11,51,160
blue,42,111,143,76,45,151,155,140,17,53
blue,101,40,144,116,153,78,75,155,17,79
blue,43,28,26,106,100,0,58,111,116,158
red,31,86,155,76,159,72,38,144,147,45
blue,22,26,94,133,100,18,44,140,76,80
blue,39,30,148,51,108,74,67,54,17,5
red,0,38,56,85,16,67,75,2,133,70
red,36,26,91,51,100,72,23,150,116,153
red,135,154,120,133,100,123,134,155,116,93
blue,39,65,55,133,153,72,13,150,50,160
red,74,67,3,49,108,112,60,121,17,119
red,35,61,1,133,96,95,23,89,51,74
blue,110,111,2,17,100,151,58,56,85,126
red,34,23,150,51,100,57,154,121,106,5
blue,22,60,144,69,74,110,130,155,51,119
blue,22,23,150,116,53,110,98,124,63,45
red,37,133,56,51,70,114,30,155,106,99
blue,34,58,2,133,70,112,141,33,85,53
blue,103,23,150,76,128,90,65,124,133,70
blue,72,38,151,54,9,131,97,76,148,4
blue,18,67,143,29,120,131,54,121,76,139
blue,36,60,11,129,82,0,38,121,17,80
blue,103,38,2,129,70,35,87,125,136,71
red,36,124,26,106,82,22,27,6,116,93
red,35,60,33,76,80,90,38,121,49,41
blue,90,79,31,9,128,146,88,151,54,53
red,137,46,122,123,108,113,102,2,129,16
blue,121,98,33,76,9,36,46,144,147,82
red,134,98,138,29,153,90,38,89,24,159
red,143,38,55,51,107,137,98,109,29,53
red,18,142,140,29,93,150,23,155,24,160
blue,31,65,1,17,5,43,154,120,109,9
blue,18,91,32,17,71,47,38,155,157,128
red,43,38,120,24,93,51,142,55,76,118
red,36,102,21,17,108,101,13,143,49,148
blue,39,26,43,29,119,31,97,120,24,128
red,31,124,155,76,45,47,102,32,51,4
blue,31,102,121,106,100,47,40,1,136,66
blue,0,145,120,50,45,31,154,159,9,160
blue,43,134,3,17,4,47,77,1,49,153
red,0,98,19,116,53,115,38,26,106,71
blue,134,61,143,116,45,146,98,3,129,5
blue,36,133,64,52,96,146,113,130,85,119
red,57,142,125,9,153,47,74,105,24,119
blue,59,38,125,147,96,31,61,121,24,80
red,75,13,120,8,70,31,23,59,29,96
red,151,134,155,76,160,22,23,154,51,45
red,135,13,159,29,153,78,134,144,17,120
red,0,98,140,8,160,18,60,59,136,100
red,110,30,11,51,108,137,107,121,129,128
red,26,102,125,29,128,22,30,2,133,109
red,18,40,6,51,93,22,77,34,133,70
blue,31,142,19,76,66,131,84,144,136,79
red,18,102,55,109,45,22,124,11,29,74
red,35,134,11,49,74,31,28,69,17,70
red,31,30,143,129,99,115,40,122,51,14
red,22,130,1,137,70,31,141,71,29,45
blue,110,102,6,29,45,18,74,150,137,46
blue,74,75,114,9,70,31,65,63,136,82
blue,19,102,120,9,66,31,130,55,17,119
red,45,155,37,51,6,151,60,140,17,9
red,123,125,37,76,80,152,78,19,17,45
blue,146,13,158,9,12,107,38,37,51,6
blue,134,142,37,129,15,110,154,124,17,82
blue,0,75,3,29,122,37,77,154,69,80
red,110,149,37,51,128,112,46,104,133,79
red,131,149,37,50,45,0,141,43,51,14
red,142,65,37,109,93,115,13,11,116,108
blue,34,141,143,24,53,151,98,6,106,66
blue,150,46,159,29,120,90,27,6,24,5
blue,36,23,56,133,108,97,102,37,29,93
red,42,46,56,129,12,37,60,20,106,45
red,33,117,56,9,91,42,28,137,29,12
red,117,40,2,52,96,150,23,105,85,153
blue,78,75,6,51,5,42,28,121,29,45
blue,123,37,56,24,93,92,102,121,29,158
red,22,58,89,129,109,0,38,56,147,45
red,131,102,19,17,119,34,94,121,76,12
blue,0,26,1,29,109,152,75,124,76,121
red,135,125,114,76,45,150,30,120,9,80
red,114,75,64,76,153,0,134,3,51,121
red,158,145,94,51,82,43,61,19,76,108
blue,42,142,143,51,70,0,23,1,76,128
blue,54,84,125,76,100,91,61,56,51,148
red,18,38,19,51,45,22,146,140,129,14
blue,112,102,121,49,53,114,13,64,106,82
red,114,38,11,17,160,115,58,55,76,119
red,107,125,144,51,80,114,13,101,116,53
blue,74,38,2,24,93,114,130,19,51,54
red,74,23,56,24,80,48,38,11,157,133
red,114,23,150,9,66,90,142,2,24,93
red,88,75,121,24,119,43,134,143,61,108
blue,43,46,56,50,119,18,88,120,76,5
red,0,40,71,76,14,137,142,32,29,128
red,47,154,138,51,108,22,46,2,150,96
blue,22,102,55,17,45,78,46,64,76,109
red,113,98,57,69,100,37,46,56,49,160
blue,31,98,125,129,80,36,13,26,51,57
red,18,142,55,51,74,90,94,32,106,80
red,3,28,56,136,45,97,58,159,76,80
blue,97,134,89,9,93,115,102,144,69,66
red,103,154,89,137,158,35,46,0,109,45
red,110,154,64,51,96,74,60,124,49,109
red,151,154,2,116,93,22,30,155,106,14
red,22,65,120,29,153,59,154,137,9,80
blue,22,60,121,24,158,110,23,154,50,80
blue,22,38,159,24,93,42,154,56,106,5
red,78,40,136,52,128,0,142,154,8,66
red,35,40,64,76,139,22,154,120,49,45
blue,101,38,64,157,82,34,58,3,76,5
blue,34,23,150,76,108,47,61,7,29,153
red,34,60,55,9,5,121,134,19,51,119
red,34,13,121,24,53,115,84,125,9,82
blue,18,155,1,29,74,35,146,143,69,93
blue,123,58,41,116,74,114,124,129,76,82
blue,39,67,3,150,139,112,97,19,106,66
red,47,40,121,76,154,0,92,68,52,82
red,36,130,122,51,53,35,27,73,17,153
red,156,84,125,17,121,110,54,155,51,9
red,0,125,144,147,96,78,46,140,85,5
red,74,134,132,147,158,110,75,1,51,76
red,34,46,73,54,66,0,60,143,17,158
blue,121,113,155,29,153,74,61,140,129,93
blue,57,60,64,51,118,0,46,121,17,41
red,31,13,6,133,5,34,65,41,50,153
blue,144,46,35,9,120,110,155,55,24,45
blue,22,30,151,76,53,72,58,122,52,5
red,90,77,55,129,128,146,23,151,133,53
blue,103,145,1,9,100,110,75,89,24,45
blue,47,28,101,76,66,0,145,121,9,16
red,78,23,151,8,9,18,113,140,29,79
blue,145,58,121,29,153,22,134,2,51,93
red,110,111,2,106,4,22,30,132,9,96
red,83,74,41,17,53,114,61,144,106,5
blue,37,60,150,138,108,57,87,94,116,96
red,151,23,3,120,93,47,154,21,137,12
red,0,141,1,54,70,2,60,23,133,93
red,22,65,1,50,128,59,38,121,76,16
blue,22,97,148,69,127,95,38,56,76,128
red,18,88,55,51,14,110,86,157,29,119
blue,74,38,155,63,160,88,142,143,17,70
blue,101,149,124,9,119,22,60,159,17,74
blue,35,38,56,69,12,101,111,55,157,45
red,78,13,151,29,108,22,26,159,17,109
blue,37,133,23,9,80,38,60,89,17,154
blue,90,61,159,51,45,146,133,138,17,121
blue,72,61,121,147,74,48,94,159,51,53
red,34,23,151,17,124,43,142,51,136,53
blue,74,60,1,157,41,107,98,55,17,128
blue,90,30,143,76,80,111,134,121,9,53
blue,34,124,143,17,93,112,40,121,51,14
red,88,13,56,17,112,51,111,64,24,14
blue,110,134,159,76,100,22,46,143,9,80
blue,36,44,121,116,153,57,98,55,49,45
red,90,26,1,8,99,151,124,125,52,100
blue,75,107,95,51,93,101,37,64,29,45
red,110,60,143,76,108,74,124,140,9,66
blue,36,79,140,29,153,74,77,121,133,108
red,151,113,64,116,108,72,28,150,9,30
blue,112,86,1,9,45,101,130,159,133,70
red,22,38,68,133,80,34,91,64,76,79
red,78,111,155,133,70,74,98,2,116,118
red,103,38,68,17,70,47,40,71,133,45
red,103,102,19,106,74,35,46,143,76,53
red,95,84,151,69,70,103,124,2,51,14
blue,114,38,132,76,70,47,125,2,29,153
red,110,84,140,9,96,103,25,158,17,71
blue,36,124,43,8,45,97,38,143,137,14
red,90,65,159,24,9,13,26,151,29,74
red,58,142,2,76,120,81,102,1,136,79
red,90,97,2,24,14,119,26,32,9,100
red,112,87,151,24,79,101,154,54,76,73
red,110,134,125,54,33,22,40,56,9,46
red,37,124,151,106,12,0,58,121,51,93
red,121,58,155,69,80,112,38,3,109,153
blue,110,60,155,19,9,112,65,143,76,53
blue,35,141,148,9,16,19,86,120,51,82
red,114,60,55,17,5,0,30,35,133,70
red,47,102,1,52,126,43,23,150,116,93
blue,103,134,155,17,110,107,54,35,76,5
blue,31,13,110,109,80,115,77,140,24,100
red,0,113,121,51,68,110,102,151,29,148
blue,74,107,114,17,154,77,91,73,76,100
blue,22,74,68,29,81,62,97,136,52,53
blue,110,97,122,51,53,34,130,120,29,112
red,59,13,151,106,110,31,149,55,51,158
blue,151,134,91,17,71,41,46,150,109,12
red,137,102,6,17,160,37,154,155,29,128
red,101,46,56,29,118,78,149,151,52,74
red,115,107,140,17,53,103,86,55,133,70
red,75,107,120,49,111,57,30,150,29,93
blue,34,37,150,8,153,75,154,43,133,119
red,88,38,55,63,70,103,141,11,133,158
red,25,13,159,109,16,36,130,144,24,108
red,22,40,121,29,4,123,91,73,133,70
blue,18,38,148,29,100,22,91,143,116,45
blue,72,58,121,76,45,0,155,122,49,124
blue,0,102,143,106,128,110,13,122,51,70
blue,107,84,97,49,71,2,40,155,136,128
red,36,27,155,137,71,78,142,56,51,96
red,31,23,150,17,119,48,61,121,8,118
red,88,98,64,17,71,0,102,11,133,153
blue,90,26,48,116,70,81,141,2,115,108
red,101,117,144,133,70,155,28,73,69,45
blue,22,154,6,49,96,48,75,33,133,120
blue,137,155,121,49,74,40,84,101,17,120
blue,48,13,11,129,120,90,58,140,24,80
red,22,145,121,24,120,19,113,7,29,153
blue,103,134,159,116,119,110,54,151,24,120
blue,31,98,151,106,120,143,94,155,29,153
red,120,26,3,51,45,151,38,55,49,128
blue,36,60,139,76,120,34,54,151,49,128
blue,0,154,121,76,120,22,61,11,24,4
blue,101,146,159,8,123,88,141,155,51,120
blue,115,141,74,76,15,47,102,140,116,120
blue,120,23,150,76,109,135,98,121,69,45
red,57,145,69,51,120,78,60,144,17,100
red,47,60,143,147,100,142,102,89,17,71
blue,22,142,157,51,119,90,40,71,109,108
blue,22,130,39,52,12,90,54,43,50,45
blue,22,26,55,17,12,150,74,120,49,139
red,18,60,69,120,12,115,65,21,50,16
red,0,86,139,17,12,48,141,121,49,108
blue,103,107,151,24,99,115,146,139,51,5
blue,37,65,33,24,70,18,113,56,29,12
blue,107,58,2,116,66,90,84,155,137,80
red,47,67,150,29,53,152,91,73,76,14
blue,47,107,26,106,124,91,37,155,69,153
red,22,38,150,54,9,131,77,121,51,14
blue,35,86,2,29,5,90,141,42,54,108
blue,134,151,54,51,9,114,46,6,49,109
blue,0,125,26,54,108,92,130,56,51,109
blue,43,77,144,147,99,103,130,56,54,5
blue,135,46,148,29,53,34,60,73,54,108
blue,114,124,151,69,80,131,38,43,122,108
red,31,40,34,54,9,121,58,155,17,153
red,129,65,155,54,119,81,26,11,49,70
blue,42,46,56,51,148,112,58,64,54,4
blue,155,27,3,76,148,115,38,121,106,9
red,134,65,91,54,100,78,98,143,106,5
blue,22,127,19,116,100,25,58,56,54,80
red,36,87,94,9,45,31,60,121,52,80
red,62,58,121,157,45,90,98,143,8,14
blue,31,60,2,51,6,101,27,148,9,12
blue,145,28,55,49,12,74,27,43,17,9
red,155,13,70,106,128,102,28,138,29,12
blue,72,65,1,17,93,47,141,64,138,12
blue,67,98,144,51,158,151,65,155,136,139
red,0,54,94,106,12,59,58,56,76,45
blue,31,142,121,76,119,0,60,140,24,12
blue,145,28,132,52,12,0,5,159,69,80
red,22,13,33,51,53,37,142,140,106,100
red,35,142,121,9,53,78,65,155,76,12
blue,110,94,89,29,79,38,149,73,138,153
red,101,23,150,76,53,13,67,155,9,14
red,0,149,70,9,118,35,111,3,24,108
red,103,28,155,17,80,0,98,2,147,96
blue,107,142,55,147,53,0,77,1,106,79
red,78,38,101,49,160,0,23,150,52,80
red,138,38,103,76,99,110,87,101,29,71
red,74,60,144,9,66,114,58,121,76,79
red,135,40,121,106,82,43,58,57,129,45
blue,31,38,132,116,45,112,98,140,76,70
red,81,5,121,17,53,112,142,144,85,70
blue,78,107,121,51,80,112,38,1,17,79
blue,90,149,2,76,66,0,46,6,50,70
blue,90,142,2,52,97,0,92,121,29,126
red,150,23,1,76,12,47,86,151,54,148
red,151,13,1,120,108,131,30,155,136,93
blue,41,29,132,17,53,3,23,129,50,158
blue,2,130,55,29,12,34,141,138,51,96
red,31,38,29,137,128,0,141,159,51,14
red,22,130,143,24,128,31,97,89,129,108
red,31,40,138,147,96,0,102,139,129,74
blue,0,149,2,29,100,31,40,140,52,93
blue,39,142,114,9,93,90,61,148,106,108
red,18,67,155,17,45,115,26,2,69,80
red,43,61,32,51,158,31,54,94,106,4
red,90,13,148,50,70,18,46,144,116,122
blue,42,142,2,17,158,136,94,154,8,128
red,3,65,148,17,71,18,46,159,24,70
blue,42,113,148,50,153,53,154,150,147,80
blue,18,92,120,17,119,0,97,148,49,53
red,114,46,148,76,93,43,154,89,17,109
blue,43,146,136,17,100,42,75,6,51,118
red,151,28,88,49,45,112,58,114,51,148
blue,25,13,1,29,53,39,142,148,17,128
blue,92,86,121,50,53,131,38,140,17,14
red,18,75,144,49,148,47,46,23,17,12
blue,62,40,159,50,74,22,60,43,138,128
blue,90,102,1,17,153,131,117,148,147,108
blue,90,117,0,50,12,158,98,148,129,93
blue,3,27,43,17,80,110,38,143,76,6
blue,0,13,143,142,80,90,130,64,17,71
red,95,46,89,17,53,74,111,2,24,45
blue,54,125,122,51,100,117,74,11,17,80
red,0,38,138,52,96,43,67,125,17,128
blue,22,40,157,24,5,110,102,143,106,100
blue,151,61,55,137,119,152,27,121,133,71
red,22,61,121,54,100,48,38,56,133,45
blue,107,13,136,17,93,112,46,114,156,70
red,90,27,6,133,70,112,65,136,106,66
red,74,47,132,138,70,2,155,69,144,66
red,41,154,151,133,70,120,134,0,76,9
blue,22,98,155,24,70,39,46,43,85,118
blue,135,38,105,116,16,31,107,12,133,70
red,43,91,73,24,93,135,65,3,157,41
blue,110,13,159,50,82,0,146,26,63,70
red,0,134,109,17,82,115,30,19,63,80
blue,88,154,120,85,82,110,30,150,69,70
blue,37,134,91,9,108,2,75,140,130,82
red,137,149,57,17,70,36,145,143,50,108
red,78,65,122,76,108,57,84,101,29,153
red,107,38,144,69,80,22,40,55,85,126
blue,0,60,139,17,108,140,145,150,76,90
red,36,60,55,9,108,22,86,124,137,153
red,107,75,143,17,71,31,46,105,24,41
blue,62,46,140,106,5,22,154,19,49,70
red,38,84,121,29,12,34,102,143,69,80
blue,36,142,158,29,53,103,149,56,109,108
red,107,60,105,24,70,90,40,68,17,15
blue,2,84,43,49,128,112,60,121,17,79
red,119,60,56,133,70,131,74,19,76,128
blue,103,38,1,17,53,90,61,71,9,16
blue,146,28,35,9,100,0,23,151,133,53
blue,57,58,143,116,100,20,75,148,17,53
red,35,111,56,29,53,151,130,150,137,119
blue,31,145,143,147,14,90,111,73,24,96
blue,39,67,110,156,153,119,134,43,29,128
red,133,40,144,24,71,0,111,7,29,109
red,107,134,121,29,100,146,46,56,136,53
blue,35,111,124,63,119,144,40,155,136,53
blue,22,58,155,157,109,144,27,122,129,93
red,95,27,93,133,70,18,23,151,147,45
red,101,23,1,106,153,103,65,140,8,100
red,19,65,132,29,12,74,38,144,17,119
red,2,65,157,17,79,90,13,121,116,82
blue,0,23,129,109,128,107,84,115,9,108
red,47,111,1,51,82,31,13,148,17,45
red,18,130,122,29,153,36,40,143,8,70
red,114,86,19,106,5,35,40,101,133,82
red,88,87,0,133,71,145,46,2,29,53
red,131,60,19,137,5,74,146,155,133,70
red,0,58,143,29,109,42,46,2,133,158
blue,103,61,56,69,153,90,87,68,133,70
blue,74,142,11,51,93,112,46,56,133,153
blue,78,60,121,29,53,18,94,125,51,70
red,134,75,122,133,45,135,58,150,29,159
blue,0,60,6,133,45,78,102,155,129,153
blue,0,46,1,137,70,36,117,124,133,82
blue,103,98,64,133,70,22,84,155,106,92
red,72,142,143,29,108,0,58,140,133,14
red,62,40,54,24,93,36,67,119,9,108
red,22,102,121,29,9,103,27,91,136,108
blue,91,84,159,17,79,107,94,89,76,96
red,3,40,11,76,66,88,142,53,120,82
blue,0,46,2,76,81,88,13,140,51,93
blue,62,37,34,29,12,88,46,132,24,93
blue,43,86,3,69,128,88,27,155,51,46
red,88,58,43,17,100,90,60,1,133,5
blue,53,102,143,106,93,88,28,155,76,158
blue,88,145,55,29,9,114,67,150,24,93
blue,103,124,71,49,93,88,67,155,17,53
red,74,38,155,136,160,88,98,19,49,108
blue,88,154,143,85,159,31,46,121,129,158
blue,0,155,121,51,93,88,40,104,17,148
blue,145,117,140,133,53,88,54,155,51,70
blue,31,13,26,133,45,88,142,139,51,53
blue,88,84,91,69,30,110,75,56,133,153
blue,88,23,155,9,148,78,84,94,116,109
blue,101,102,129,51,109,88,28,93,29,119
red,88,38,155,136,12,40,30,143,106,82
blue,88,60,121,52,100,90,65,6,51,79
red,88,40,55,54,80,103,102,56,63,70
blue,22,102,1,133,70,88,46,132,17,16
blue,110,26,151,17,120,88,117,121,9,108
red,88,26,143,137,158,74,40,56,9,153
red,88,117,21,76,70,18,107,139,133,148
red,74,26,155,133,82,0,84,19,24,14
red,31,111,143,76,96,47,134,11,17,12
red,19,111,94,147,82,22,58,122,51,108
blue,57,74,159,24,14,72,38,121,49,139
red,18,149,56,76,81,123,134,144,119,70
red,0,142,121,133,4,18,61,55,24,120
red,101,30,150,51,4,31,111,56,106,82
blue,22,142,159,50,9,155,74,122,51,128
blue,31,117,120,50,45,59,141,150,52,128
red,110,38,26,50,79,22,75,158,51,119
red,31,107,148,29,153,151,26,150,129,45
blue,0,28,125,63,71,48,65,6,52,100
blue,48,87,121,69,45,34,130,3,17,148
red,22,154,2,24,93,112,60,73,106,82
blue,151,154,71,76,100,2,40,115,63,45
blue,149,141,20,51,45,0,154,105,17,12
blue,39,60,65,29,12,95,30,159,17,100
red,22,38,11,52,100,78,58,129,133,70
red,18,65,121,129,70,91,58,26,29,153
blue,47,111,51,133,148,42,38,121,129,158
blue,72,125,121,106,5,151,133,19,137,96
red,47,134,55,29,45,131,75,129,157,109
blue,78,60,10,51,108,115,74,144,137,41
red,53,60,26,116,100,48,141,121,136,70
blue,0,102,143,76,14,47,60,144,17,45
red,91,38,73,29,53,34,60,1,17,5
red,18,46,151,24,100,35,60,144,129,53
blue,0,13,55,147,45,31,134,159,76,128
red,104,13,120,85,33,90,23,11,51,45
blue,104,38,21,85,70,18,37,143,133,158
red,104,75,139,116,45,22,67,151,49,158
red,25,117,104,17,71,45,111,2,29,156
blue,38,102,26,61,79,123,60,144,54,74
red,57,60,155,24,93,90,40,120,106,82
red,31,23,3,76,45,123,46,64,29,139
red,47,142,83,116,119,31,67,33,51,82
red,151,130,56,106,128,18,141,121,109,118
blue,151,40,2,150,120,31,54,94,76,158
red,0,77,71,49,119,3,98,140,9,70
red,110,26,1,29,158,0,28,151,85,108
blue,151,142,143,54,80,20,124,155,24,82
blue,22,113,13,136,14,53,38,55,76,70
red,19,113,2,51,12,25,67,155,76,96
red,107,142,121,52,7,36,65,139,76,158
red,37,141,151,17,45,74,58,136,76,15
red,2,25,55,133,119,42,125,104,51,80
red,134,130,143,106,45,114,23,92,50,80
red,145,46,121,136,153,113,26,69,29,79
red,41,13,121,137,53,78,130,32,24,93
blue,0,30,2,51,9,74,111,94,157,14
blue,0,111,121,49,53,47,28,125,17,126
red,0,87,155,29,160,22,84,1,133,14
blue,42,75,154,116,79,110,102,54,8,128
blue,110,87,140,133,128,0,27,151,137,119
red,0,84,121,51,128,2,130,151,136,153
blue,74,38,124,51,30,0,23,155,133,93
red,0,67,151,17,119,110,30,140,51,66
red,22,40,56,17,79,150,23,55,9,158
blue,103,111,1,106,80,0,130,64,17,66
red,0,28,140,24,45,31,61,132,106,33
blue,20,130,151,133,96,103,98,121,9,109
blue,72,38,121,24,45,155,130,140,29,9
red,2,125,140,69,153,3,155,159,29,12
blue,47,13,55,51,93,57,38,155,133,96
red,90,13,121,129,9,81,111,143,133,5
red,0,142,151,133,128,88,27,150,69,119
blue,22,28,155,17,71,36,23,150,76,53
blue,101,74,136,129,119,0,30,1,8,128
red,24,102,121,51,37,137,65,20,136,80
blue,18,67,43,24,93,22,65,159,9,53
red,119,28,151,29,5,31,54,6,51,153
red,35,38,6,133,45,137,134,2,9,70
red,39,23,3,116,80,31,27,155,50,70
blue,91,58,136,51,118,22,28,11,116,74
red,22,75,121,76,120,43,40,140,133,45
red,144,46,143,76,82,107,61,159,49,148
red,137,58,32,109,93,74,111,37,8,128
blue,156,88,140,9,70,137,40,121,129,80
blue,110,40,138,17,53,74,61,122,9,45
blue,31,28,94,129,45,103,13,26,17,128
blue,36,26,37,8,70,31,40,54,133,118
blue,103,67,75,9,158,0,58,55,109,100
blue,31,60,1,133,70,151,30,143,129,96
red,60,30,94,51,96,2,40,140,69,158
blue,110,46,89,49,71,81,67,104,133,153
blue,74,38,11,9,82,114,58,148,24,80
blue,114,13,155,29,153,134,26,56,24,45
blue,42,102,89,76,45,115,98,71,85,93
red,92,46,121,50,66,110,84,71,9,128
blue,92,107,11,17,16,130,13,56,9,71
red,81,142,143,63,66,36,79,151,76,99
blue,22,60,109,17,71,18,142,73,50,118
red,43,40,121,17,45,0,86,91,157,108
blue,22,125,1,51,66,81,38,143,8,4
red,35,92,143,49,5,151,60,2,51,123
blue,62,65,41,24,45,37,38,155,50,158
blue,88,60,55,76,80,57,30,129,17,53
blue,95,60,1,29,66,43,149,19,76,153
blue,103,102,151,19,127,146,23,56,106,108
red,36,46,56,109,71,74,38,93,49,160
blue,53,145,26,85,158,107,130,19,129,79
red,151,13,1,17,100,114,84,150,76,93
red,154,13,2,17,12,31,38,138,51,9
blue,123,38,101,51,14,78,65,33,106,93
red,121,61,41,51,126,157,40,3,17,100
red,18,38,121,137,70,36,134,32,85,153
red,22,77,143,133,153,43,40,26,106,45
red,135,67,38,52,5,131,30,19,51,81
red,152,141,6,133,45,142,40,144,29,153
blue,35,111,140,106,14,101,38,1,133,128
blue,90,58,1,147,9,134,13,71,51,109
red,103,154,121,106,118,135,142,37,76,158
red,114,40,71,51,93,35,28,6,85,119
blue,110,67,2,9,14,92,54,155,17,12
red,43,54,48,17,9,34,130,1,76,45
blue,0,61,78,49,93,151,13,56,137,12
blue,43,65,11,76,66,130,27,1,137,100
red,95,61,114,129,80,91,145,11,76,100
blue,74,75,121,54,108,103,87,114,17,112
red,0,125,111,136,153,114,98,121,85,119
red,25,65,114,76,100,22,54,151,51,66
blue,137,40,1,129,70,114,5,124,29,12
red,35,5,114,49,9,31,54,41,137,45
blue,134,84,124,133,70,146,91,140,52,53
blue,36,54,43,24,6,31,94,73,76,148
red,101,102,120,76,66,18,75,139,49,9
blue,37,142,143,133,66,18,58,88,137,45
blue,127,58,143,76,45,43,102,89,137,66
red,88,146,6,9,66,42,124,120,29,119
blue,78,5,93,109,108,110,40,150,51,66
red,77,13,55,51,66,0,102,56,52,108
red,39,125,56,137,66,134,58,57,9,16
blue,34,154,143,17,71,0,86,148,24,4
red,137,27,73,76,66,74,142,140,29,5
red,103,46,56,29,9,25,40,55,17,66
blue,146,54,155,9,66,127,38,140,17,109
red,25,46,139,76,66,78,60,73,9,100
blue,0,60,143,29,119,47,58,71,50,66
blue,135,145,1,49,109,2,142,55,76,66
red,59,98,19,147,66,88,27,91,24,45
blue,42,94,11,49,66,35,134,1,133,70
blue,0,88,19,76,160,101,46,132,17,66
red,18,111,56,51,70,47,149,11,29,79
blue,91,46,20,17,45,110,84,3,51,108
red,22,87,144,51,82,48,27,120,17,66
red,0,130,56,51,122,88,154,158,29,74
blue,131,130,53,51,66,39,46,120,24,14
blue,63,61,142,120,121,95,130,2,51,15
red,152,102,121,76,123,45,91,19,51,119
blue,107,65,122,9,16,101,102,19,29,119
blue,110,46,56,29,14,145,23,59,76,66
red,103,65,2,29,46,74,98,64,106,153
blue,74,134,55,76,79,20,104,94,51,100
blue,35,40,19,120,128,47,141,32,51,45
red,88,13,21,157,53,110,75,64,106,154
red,135,38,26,51,93,101,23,121,106,82
red,0,97,11,136,118,18,107,2,17,12
blue,34,61,21,49,14,90,134,155,17,71
blue,0,84,73,52,100,31,111,19,29,76
red,126,102,143,133,44,36,46,1,17,92
red,0,23,155,133,70,18,84,150,29,12
blue,2,13,39,136,82,18,65,114,24,66
blue,0,28,3,76,45,59,155,129,17,53
blue,22,40,1,116,153,59,60,34,17,9
blue,101,155,143,129,128,34,84,41,63,119
red,90,30,131,76,9,0,27,155,17,79
red,0,13,105,17,100,152,30,143,51,82
blue,101,77,121,51,74,155,125,144,156,76
blue,2,97,155,76,74,101,13,55,106,126
blue,18,40,64,50,128,22,87,1,17,45
blue,0,87,155,29,66,103,130,2,24,128
blue,74,154,1,29,53,102,38,114,49,159
blue,0,28,121,116,45,18,142,57,133,9
red,135,67,155,69,80,31,40,68,29,74
blue,36,87,1,104,80,74,60,15,29,128
blue,0,98,1,9,93,18,13,143,133,99
blue,90,38,143,133,153,0,87,1,24,119
red,47,141,1,17,71,37,46,104,85,45
red,36,134,71,24,158,31,60,139,29,16
blue,31,104,64,49,82,110,142,143,139,93
red,18,28,129,24,79,34,74,136,76,53
blue,110,38,143,76,80,31,154,132,29,53
blue,22,27,41,24,128,37,142,26,136,100
blue,18,74,71,116,119,78,60,6,51,82
red,152,46,6,17,111,134,61,144,29,14
blue,43,65,6,129,128,78,61,109,17,45
red,31,65,114,8,14,103,75,6,69,80
red,43,37,6,51,100,36,38,56,76,45
blue,105,27,135,137,70,88,37,55,147,96
blue,18,5,121,129,45,78,65,150,51,70
blue,47,134,139,51,45,35,23,140,29,128
blue,110,142,121,17,45,35,154,6,51,82
blue,112,13,120,156,153,131,38,144,76,71
blue,2,154,155,76,45,35,98,55,17,80
blue,88,98,2,17,70,22,84,56,51,93
blue,135,87,151,129,66,35,60,55,137,79
red,47,67,136,50,45,88,154,140,85,16
blue,0,46,55,106,66,88,30,89,76,70
red,35,84,94,116,111,91,65,105,8,128
blue,0,28,159,106,100,59,142,151,17,93
blue,0,23,143,17,12,18,38,124,129,45
red,31,38,121,116,71,35,40,140,17,79
blue,115,130,140,133,70,3,40,104,9,93
blue,117,58,3,76,119,144,13,129,51,15
blue,18,38,136,29,82,22,65,1,17,153
blue,123,38,140,17,153,20,54,3,29,93
blue,0,84,94,51,93,43,38,64,76,112
red,135,60,148,49,119,90,84,91,17,79
blue,135,38,143,76,100,130,125,136,51,121
blue,18,134,140,51,45,90,58,143,17,160
red,103,124,2,76,100,57,65,33,51,71
blue,130,46,121,49,71,0,60,139,24,119
red,34,154,121,133,118,151,130,143,51,14
red,47,125,143,49,14,90,38,1,17,160
red,55,117,74,24,109,121,54,103,49,160
red,114,97,121,9,160,2,130,143,29,118
blue,114,142,11,17,128,0,61,143,116,160
red,31,13,158,76,118,110,61,121,116,160
red,22,46,143,9,100,113,142,124,17,74
red,0,27,151,51,74,39,38,152,76,99
blue,0,84,42,17,74,22,23,150,49,53
red,110,111,68,106,74,90,60,136,133,158
blue,114,13,155,106,5,0,113,143,17,74
blue,34,65,144,51,82,135,23,155,9,74
red,0,102,55,29,16,90,38,143,17,53
red,18,54,121,106,74,114,97,151,138,9
blue,121,111,125,17,119,151,38,71,133,14
blue,59,65,125,17,74,151,149,143,9,119
red,77,149,121,9,119,74,154,55,49,71
blue,22,130,25,137,158,62,98,148,49,119
red,110,124,155,29,16,11,60,46,116,119
blue,22,46,71,76,74,78,107,155,24,80
blue,64,130,56,133,128,78,30,2,129,74
red,18,27,2,76,16,97,61,41,129,128
blue,0,74,2,49,100,35,134,121,51,82
red,107,130,121,51,158,57,40,0,137,104
red,35,46,159,51,109,103,13,55,50,158
blue,121,38,1,106,93,95,23,151,52,66
blue,25,58,1,76,79,112,23,68,17,82
blue,62,65,89,76,148,74,13,120,17,53
red,0,67,94,109,82,42,74,143,50,4
blue,103,46,1,147,96,70,38,121,17,130
red,151,154,1,9,100,31,75,121,51,82
blue,72,125,132,52,93,62,46,56,76,70
blue,0,77,125,17,15,135,141,87,50,119
blue,25,154,1,29,153,18,74,110,76,148
red,0,65,109,106,82,31,26,3,76,96
red,113,26,24,76,12,34,111,121,51,93
red,0,74,120,76,119,151,46,109,9,45
red,22,146,148,51,93,103,54,55,24,119
red,103,58,124,29,148,2,102,90,50,45
red,72,142,151,50,71,34,155,140,9,45
red,103,13,11,24,100,146,111,71,50,53
red,0,67,158,49,9,112,134,121,106,53
red,42,40,31,76,148,59,38,71,49,45
blue,31,38,32,24,53,22,141,10,8,70
red,22,38,132,8,70,107,40,94,24,53
blue,78,40,68,17,9,90,102,143,8,148
blue,36,30,138,76,110,151,58,144,150,128
blue,88,61,83,51,82,121,102,2,76,120
red,18,38,121,9,53,0,77,138,17,80
red,114,40,121,76,120,31,113,55,17,70
red,103,125,121,129,153,36,154,109,51,70
red,103,92,2,106,71,135,102,56,69,108
red,103,23,33,136,126,110,28,73,24,82
red,55,92,31,51,82,59,84,125,116,153
red,114,38,105,17,79,113,58,143,24,93
blue,90,92,1,137,100,107,142,143,17,5
blue,112,58,55,51,96,90,38,104,24,53
blue,31,130,143,9,81,134,60,73,63,70
blue,34,130,32,69,16,0,58,23,51,81
blue,43,13,56,69,16,110,87,32,50,45
blue,37,40,121,24,93,74,38,21,51,82
red,22,40,143,51,80,36,84,148,49,93
blue,36,91,121,51,66,88,102,55,76,14
red,0,44,120,106,41,36,154,10,69,80
blue,43,46,56,49,12,36,145,140,29,9
red,90,102,143,85,119,48,60,55,106,45
blue,31,30,71,85,45,90,77,33,17,79
blue,43,40,143,147,12,90,5,73,137,45
red,151,154,89,69,80,90,67,103,51,82
red,36,125,148,8,100,18,142,2,137,80
red,90,38,71,17,9,47,97,132,76,153
red,151,141,105,24,100,41,142,33,49,118
red,39,40,121,17,9,78,60,7,29,109
blue,107,98,26,17,93,0,38,121,51,45
blue,101,46,55,116,74,78,111,125,29,153
red,43,65,94,3,120,0,13,11,116,119
blue,110,38,55,17,119,88,13,151,54,45
red,25,13,143,116,118,112,75,26,109,119
red,20,86,155,147,158,101,13,2,50,4
blue,47,98,94,106,120,31,146,144,69,80
red,31,146,2,76,108,0,23,43,106,93
red,0,27,155,17,126,47,142,1,133,153
red,31,75,140,52,100,59,40,144,29,81
blue,37,141,151,116,14,31,26,148,129,128
red,18,98,150,136,53,31,149,2,133,100
blue,47,27,143,106,46,43,87,33,29,119
red,90,107,129,24,45,47,61,139,51,53
red,35,38,121,76,100,18,40,140,9,119
red,2,61,137,24,158,90,46,132,50,45
blue,101,28,56,17,128,31,46,11,49,5
red,67,60,6,49,93,37,23,139,76,16
red,151,58,56,147,14,22,98,121,137,100
red,90,60,111,106,4,101,37,91,49,80
red,101,23,150,137,108,75,78,125,133,80
red,101,38,121,8,82,144,142,89,49,128
blue,130,65,89,49,100,18,154,144,52,27
blue,78,13,19,29,12,41,65,2,49,80
red,107,154,105,49,45,101,65,57,51,5
blue,90,30,150,49,45,110,27,151,106,82
blue,31,77,120,106,128,47,38,150,49,119
red,135,60,121,76,79,36,40,64,133,100
red,131,40,56,49,12,74,149,1,63,158
blue,0,145,121,24,93,43,65,56,133,100
blue,31,58,143,116,53,22,130,140,24,119
blue,0,46,144,50,71,31,146,150,9,66
red,151,142,56,24,80,22,84,32,17,45
blue,0,134,3,9,5,151,65,56,17,71
red,47,38,55,54,153,20,61,33,17,130
red,54,154,132,150,126,112,46,6,122,9
red,62,30,24,49,153,47,28,129,52,70
blue,152,67,19,116,70,31,77,159,76,14
blue,36,98,89,9,45,103,65,143,50,70
red,110,155,159,63,128,19,124,143,50,70
red,26,84,151,133,70,57,46,144,24,100
red,18,102,121,147,70,62,27,94,51,122
red,110,65,56,52,16,22,38,148,50,70
blue,131,154,64,17,71,110,28,121,76,123
blue,2,130,56,29,66,90,142,64,156,153
blue,78,130,23,8,128,18,117,159,51,99
red,18,77,120,24,82,22,130,56,50,128
blue,18,65,140,51,53,25,46,55,63,45
red,66,38,55,76,119,110,27,3,29,45
blue,95,61,155,17,160,112,40,144,109,108
red,103,94,38,109,53,37,149,21,17,12
blue,88,142,56,17,128,36,124,155,109,53
blue,77,61,56,106,128,78,88,132,50,12
blue,127,134,150,63,45,72,60,144,29,119
blue,91,111,109,76,5,0,23,144,51,99
red,59,38,150,50,100,90,130,144,133,158
red,127,65,144,69,45,95,145,132,147,96
red,31,145,144,24,100,0,102,159,76,9
red,81,142,144,17,6,18,0,71,109,108
red,47,13,55,129,80,42,154,144,137,128
red,152,58,144,109,119,18,154,56,76,53
red,34,26,144,17,45,152,58,151,137,53
blue,103,13,144,24,9,0,130,136,50,100
blue,59,46,35,29,53,97,65,144,69,126
blue,47,60,143,24,53,117,38,144,85,74
blue,19,23,48,116,45,0,113,3,156,93
blue,110,67,142,133,30,0,141,23,49,9
red,0,67,3,49,80,43,102,122,136,53
red,31,98,3,50,15,0,88,143,51,53
red,0,77,1,8,119,101,39,158,69,53
blue,0,97,2,29,12,43,84,137,9,80
red,97,61,23,17,45,47,38,144,76,9
blue,74,38,151,54,124,121,26,159,51,119
blue,72,13,114,76,126,22,65,6,137,153
blue,36,54,155,102,108,0,26,114,29,70
red,18,67,33,49,148,114,40,151,76,70
red,43,113,114,17,9,90,28,155,49,148
blue,48,75,122,76,45,102,124,114,51,93
blue,74,27,155,85,70,102,130,54,29,128
blue,114,38,124,17,79,152,111,78,116,70
red,152,84,94,133,70,78,60,105,76,96
red,31,30,1,9,93,137,86,144,8,74
blue,47,87,143,63,119,137,141,121,133,70
red,53,13,3,17,108,114,38,140,106,93
red,72,61,101,9,12,114,134,95,116,153
blue,43,60,114,109,128,121,40,137,51,91
blue,114,97,71,120,158,151,60,159,54,12
red,114,102,151,17,119,110,97,124,116,93
blue,112,58,55,51,120,152,98,114,17,96
red,88,146,114,17,80,90,125,158,49,6
blue,88,97,114,101,119,13,130,68,106,82
red,72,60,11,133,70,36,142,26,76,119
blue,152,61,124,133,80,47,40,55,49,53
red,47,65,140,133,45,34,54,56,106,4
red,47,46,151,150,71,31,142,1,17,53
blue,110,154,1,129,80,47,98,142,51,82
red,35,13,104,49,12,134,26,140,51,79
blue,90,23,150,8,16,151,5,159,29,15
red,115,38,121,116,9,74,94,144,50,70
red,94,38,89,133,128,77,86,136,50,70
blue,88,75,11,17,74,78,13,71,29,93
blue,90,94,71,156,45,110,61,70,51,82
blue,104,149,136,69,119,18,75,144,51,41
red,35,102,139,49,119,0,146,155,109,158
red,48,87,139,51,80,38,113,64,29,108
red,130,60,55,24,70,53,142,125,29,139
blue,0,28,155,17,45,112,13,139,24,128
red,22,75,144,136,12,74,155,139,76,80
blue,144,117,150,17,53,115,30,139,49,128
red,43,130,139,29,80,104,40,132,17,53
blue,34,23,139,135,128,113,58,94,133,153
red,110,97,139,116,119,74,75,64,150,96
blue,107,92,139,76,128,36,46,148,51,93
red,0,146,136,120,119,22,75,122,133,153
blue,88,44,144,50,70,48,77,94,120,14
red,74,113,143,69,119,103,13,20,51,96
red,103,134,121,17,71,0,40,151,116,96
red,88,28,122,136,70,37,111,89,69,80
red,78,113,150,76,79,114,46,155,9,128
red,38,113,19,76,148,22,145,143,17,45
red,81,145,1,52,71,88,46,33,76,158
blue,22,142,33,133,70,20,38,2,8,119
red,31,23,53,17,12,3,94,19,106,99
red,0,60,73,17,45,38,46,64,76,153
red,110,46,56,52,5,114,28,19,29,12
red,47,27,104,51,14,22,97,121,76,153
red,0,46,19,63,16,59,134,142,148,9
blue,47,60,56,156,79,78,98,20,29,120
red,25,98,26,24,14,0,145,1,136,80
blue,47,111,143,116,9,152,155,120,133,70
red,0,141,89,116,99,123,46,55,8,45
red,103,125,32,120,133,3,78,37,9,70
red,150,23,56,50,158,22,60,151,109,74
red,34,46,56,24,45,57,107,143,51,99
blue,121,61,155,76,5,131,46,71,137,70
red,51,46,11,50,45,2,154,56,129,153
red,22,46,140,29,108,39,92,3,17,5
blue,90,28,144,17,108,88,46,56,76,153
red,47,46,159,9,100,149,102,26,116,119
blue,88,65,33,52,4,107,46,136,137,14
red,112,46,122,29,70,75,38,159,51,93
blue,59,23,155,17,93,0,46,56,116,12
red,152,84,64,69,119,74,46,56,51,159
blue,88,54,155,50,100,0,46,132,24,45
blue,142,134,121,51,128,90,46,148,24,118
blue,110,65,151,49,79,0,46,140,51,158
blue,0,46,1,54,108,145,23,155,49,15
blue,78,98,151,29,153,31,46,138,9,66
red,150,111,37,106,93,23,46,155,29,158
blue,115,40,71,76,119,131,46,64,63,53
red,35,46,148,133,153,101,111,159,69,80
red,120,113,3,106,82,151,46,124,51,45
blue,36,23,144,29,82,0,46,56,76,53
red,145,60,55,116,70,37,46,69,9,100
red,101,46,158,116,120,90,75,54,85,128
blue,145,102,122,85,82,47,46,76,147,93
red,81,13,95,52,128,113,46,56,17,71
red,102,46,26,106,66,43,77,83,156,45
blue,0,46,151,95,12,107,61,114,29,16
blue,110,23,144,137,108,74,142,7,106,154
red,90,58,26,9,158,22,98,121,29,12
blue,151,134,125,76,119,114,130,1,50,70
blue,74,134,56,156,45,0,113,19,51,93
blue,47,154,150,76,108,18,46,136,51,0
blue,150,67,1,147,100,103,13,2,29,119
red,0,61,143,76,82,78,130,150,29,80
blue,3,98,120,54,93,74,60,95,29,72
blue,107,142,105,76,96,151,111,33,9,53
blue,0,13,32,49,93,74,98,143,133,9
blue,117,38,143,137,128,0,65,54,29,53
red,0,98,1,50,128,37,142,49,133,148
blue,31,65,19,29,53,0,60,2,76,5
blue,31,26,125,8,14,131,84,19,106,93
red,31,13,143,51,82,47,75,89,29,108
blue,43,87,150,63,70,31,74,151,129,41
blue,31,146,138,50,108,36,46,121,24,80
blue,74,58,2,49,128,115,40,3,136,158
blue,101,141,54,9,93,18,149,55,29,89
blue,78,87,129,69,70,72,60,143,50,140
red,31,28,124,29,118,103,65,19,17,5
blue,3,94,139,29,5,37,13,33,9,108
blue,78,142,151,29,128,112,154,121,49,12
red,22,26,89,116,70,115,38,55,8,93
blue,42,46,143,9,71,43,98,37,49,126
blue,38,87,55,116,123,35,142,56,137,111
red,25,20,6,85,41,144,54,143,17,82
red,37,65,121,17,100,115,67,134,76,6
blue,0,95,55,76,71,43,23,150,9,158
blue,39,142,125,147,53,123,84,2,9,119
blue,0,149,55,49,109,91,40,1,76,44
red,2,58,134,133,158,0,30,43,51,109
blue,22,134,143,9,74,90,107,64,50,128
blue,34,5,2,29,80,90,107,143,51,70
blue,0,75,143,85,45,103,13,121,136,5
red,90,86,143,29,9,31,30,94,69,118
blue,47,125,109,147,120,142,65,144,9,96
blue,101,84,143,29,45,90,38,19,51,14
red,0,40,151,147,100,37,65,63,17,45
blue,114,149,19,17,79,36,124,150,109,93
red,31,125,143,51,80,131,30,3,109,108
blue,115,102,56,76,70,57,77,125,109,45
red,95,134,143,76,45,0,30,140,51,66
blue,103,27,55,52,5,22,60,105,133,100
red,59,40,121,69,153,39,134,94,49,126
red,35,134,151,17,41,114,102,55,49,12
red,47,107,144,76,14,0,102,143,116,12
red,123,91,55,17,53,78,77,11,29,45
blue,151,13,143,9,45,18,155,71,17,118
blue,31,142,143,24,80,35,98,41,50,128
red,107,104,94,109,108,126,130,124,51,121
red,135,60,6,29,153,115,124,55,106,82
blue,74,92,122,50,118,73,60,2,69,80
red,137,92,1,9,118,34,65,3,24,100
blue,25,58,121,51,4,114,40,2,106,96
blue,18,40,150,17,53,145,133,55,9,70
blue,114,60,143,76,109,151,67,29,24,128
red,37,134,155,76,45,74,88,6,17,111
blue,107,102,121,133,16,39,134,94,24,74
red,110,98,138,76,9,127,149,55,24,160
red,90,65,132,51,82,81,142,2,17,53
blue,158,58,2,133,70,151,134,132,29,9
red,88,61,121,17,108,114,117,6,116,96
red,18,27,6,106,5,134,58,73,17,70
blue,144,13,43,137,153,155,27,101,69,148
red,47,27,151,76,99,110,98,144,150,5
blue,137,155,109,29,79,3,74,150,76,45
red,18,134,1,29,119,103,75,109,138,15
red,47,141,143,133,53,110,102,122,106,45
red,72,117,94,8,108,2,142,143,76,59
blue,151,65,124,17,108,101,142,1,106,82
red,57,23,155,63,70,151,77,2,158,108
blue,22,61,19,129,74,88,77,56,17,80
blue,0,125,140,50,70,31,142,64,17,96
blue,90,23,143,129,70,22,65,121,156,158
red,0,141,120,8,80,59,58,32,106,121
blue,53,88,146,51,45,83,23,35,129,139
blue,37,149,121,116,96,101,111,143,106,93
red,0,75,32,51,126,90,40,139,156,109
red,78,46,120,49,108,11,141,2,29,53
blue,117,26,69,29,127,90,84,56,76,66
blue,155,111,121,106,75,110,40,144,29,158
blue,114,145,143,17,53,131,38,104,29,41
red,90,134,32,9,70,62,125,95,41,153
blue,131,87,11,17,9,92,61,55,133,100
red,83,141,73,52,108,0,40,55,51,119
blue,22,5,71,17,53,78,30,86,133,70
blue,34,134,33,24,53,36,30,7,29,153
blue,34,38,10,106,82,150,54,3,69,80
blue,0,117,157,24,45,90,61,7,109,108
blue,151,87,21,51,70,101,27,2,69,80
red,90,40,140,50,45,112,98,159,69,15
blue,0,65,41,49,159,104,125,144,17,108
red,18,142,121,133,109,77,23,143,17,9
red,72,145,64,29,53,39,38,3,24,45
blue,81,38,6,51,118,18,46,155,136,45
red,88,60,56,129,9,78,155,91,85,53
red,36,67,151,69,126,90,75,2,85,45
red,88,97,159,9,82,77,38,83,133,70
red,88,60,34,147,53,78,38,159,76,158
red,31,46,159,133,100,88,58,71,51,158
red,88,84,138,116,93,59,134,148,17,109
red,62,13,140,17,45,90,102,55,29,53
red,144,134,150,29,5,90,67,155,137,12
blue,152,65,120,133,70,88,111,53,51,128
blue,81,23,51,54,118,88,75,64,156,53
red,43,130,55,24,12,88,111,56,133,74
red,88,13,53,63,70,47,155,151,76,128
blue,88,113,121,85,12,35,134,94,8,93
red,92,46,143,50,119,103,13,121,156,70
blue,37,130,19,116,82,110,40,144,29,96
blue,88,40,64,69,96,22,141,159,76,12
blue,135,141,19,29,82,31,98,1,133,70
blue,22,60,19,116,148,135,107,11,8,108
blue,31,46,6,133,45,0,40,143,76,71
blue,101,94,0,138,12,43,130,32,17,80
red,48,117,2,17,53,107,98,143,9,119
blue,38,102,2,52,110,54,134,3,50,4
blue,88,74,64,76,70,0,102,2,106,93
blue,110,86,143,9,46,31,134,94,17,53
blue,110,142,144,9,70,0,125,55,129,93
red,103,125,57,52,93,33,58,150,144,99
red,70,61,121,116,153,101,27,21,24,68
red,134,65,143,24,100,107,77,94,8,14
red,3,58,121,137,70,34,60,124,69,80
red,31,154,151,24,53,107,130,121,50,9
red,74,142,55,147,153,0,65,144,51,158
red,123,30,56,116,53,103,54,143,9,80
red,92,46,143,85,66,19,65,71,51,33
red,78,130,56,51,119,74,38,143,150,100
red,103,38,143,150,109,152,155,121,29,45
red,150,46,109,51,5,75,111,33,29,126
blue,88,146,148,76,5,34,154,121,51,140
red,31,5,143,29,119,0,26,63,106,110
blue,62,154,0,54,45,151,58,121,133,70
blue,0,46,121,106,4,151,75,57,133,100
red,74,97,148,136,127,0,145,51,129,70
blue,90,30,155,51,70,42,13,2,69,80
red,137,98,1,120,93,101,58,132,52,100
red,31,142,139,8,53,135,134,120,49,119
blue,47,58,26,129,53,35,86,2,29,153
blue,36,60,41,51,74,90,23,150,76,119
red,35,141,136,17,53,77,130,54,116,90
red,62,134,140,51,93,103,113,6,69,14
red,114,61,2,29,119,103,58,76,51,14
red,146,124,35,17,82,81,58,140,116,53
blue,112,98,19,133,158,37,60,121,76,80
blue,101,142,19,51,100,103,113,139,106,74
red,115,54,19,9,45,101,77,151,41,93
red,103,149,121,51,126,146,98,34,76,109
blue,131,94,120,109,108,62,154,56,52,100
red,104,107,94,116,74,110,38,150,69,45
red,48,142,140,136,45,115,30,159,51,99
red,0,38,56,129,154,103,86,144,17,128
red,0,13,124,138,108,38,130,144,50,45
blue,3,149,11,51,6,31,30,151,49,91
red,151,142,26,49,160,110,74,159,137,119
blue,31,65,64,129,126,47,37,150,51,12
blue,90,23,150,156,153,18,5,139,147,45
blue,152,38,64,76,158,42,40,94,17,53
red,19,75,143,24,70,36,155,43,54,158
red,34,40,30,116,148,144,60,21,76,4
red,18,28,121,69,108,155,98,55,76,120
red,77,46,54,9,160,110,27,131,76,119
red,112,77,157,17,74,101,155,143,8,9
red,72,142,151,17,93,74,124,144,76,66
blue,110,145,91,150,160,43,98,120,17,71
red,95,65,21,109,108,22,30,42,17,53
blue,0,134,124,17,82,43,141,121,24,4
blue,152,141,19,17,71,22,124,150,76,79
red,110,102,43,109,45,114,38,143,123,108
red,135,98,143,29,109,134,102,132,17,108
red,134,40,121,106,80,103,27,146,133,70
red,115,84,101,106,82,90,27,121,9,14
blue,104,58,1,76,70,68,145,3,51,14
red,91,124,140,129,119,31,27,94,17,160
red,91,146,140,106,5,110,60,155,9,160
red,91,26,125,24,96,112,60,150,54,100
red,115,97,21,63,70,91,40,133,76,45
red,35,134,64,29,9,88,60,89,17,53
red,39,28,151,106,126,90,40,21,51,100
blue,31,60,55,133,5,48,111,121,17,159
red,115,74,19,129,109,0,75,56,76,70
blue,22,134,55,49,12,73,154,0,129,81
blue,59,97,53,49,66,0,27,140,129,128
blue,39,0,125,17,4,57,23,34,51,158
red,0,98,122,17,14,101,38,143,9,70
blue,43,142,11,76,4,0,38,55,51,14
red,25,154,19,29,108,90,38,55,17,71
red,74,23,91,133,53,35,13,121,51,93
blue,78,65,101,29,12,0,13,89,9,110
red,135,54,3,51,80,43,65,26,9,76
blue,22,130,121,133,80,39,58,91,63,70
blue,35,77,140,63,153,152,30,150,17,70
red,90,130,55,116,118,101,98,138,76,45
red,25,134,140,106,4,78,38,139,116,70
blue,25,38,109,17,100,101,154,3,133,158
blue,78,141,136,24,53,35,67,125,9,5
red,53,38,54,109,108,110,46,121,76,153
blue,101,87,121,29,96,31,111,26,76,153
red,115,65,121,17,79,137,84,23,29,5
blue,90,46,132,133,100,18,60,33,17,45
blue,0,13,71,116,80,74,78,121,133,70
blue,106,23,151,17,71,0,146,144,49,128
blue,48,75,55,9,109,0,65,26,24,70
blue,34,94,121,76,74,78,84,151,106,82
red,151,113,2,24,79,0,46,143,76,128
red,74,13,11,51,92,101,113,124,52,5
blue,31,27,121,76,80,0,97,122,29,158
red,36,27,151,54,99,90,23,150,76,119
red,150,27,6,76,93,0,46,33,147,96
blue,91,102,121,49,148,90,61,2,147,96
red,78,94,26,29,160,18,102,6,52,126
blue,114,91,19,106,82,18,102,6,9,45
red,18,134,121,9,12,35,117,144,24,80
red,18,135,122,9,80,150,28,21,24,100
blue,68,46,58,129,45,74,65,121,63,70
red,18,40,140,76,80,113,5,148,17,93
blue,113,54,43,8,133,31,58,6,116,80
blue,151,38,144,116,45,6,97,57,76,109
red,0,87,104,29,71,72,26,6,17,14
blue,22,142,114,17,89,90,46,6,29,100
red,72,75,95,9,37,91,142,11,17,12
red,95,38,140,109,119,2,27,155,69,14
blue,18,58,21,129,108,90,134,140,50,64
blue,95,142,19,116,12,35,65,54,24,128
blue,81,30,151,49,93,31,58,19,17,108
blue,34,88,136,133,153,19,91,6,76,108
blue,145,98,143,17,108,91,134,83,51,93
red,20,149,143,51,108,110,26,71,116,100
blue,36,23,56,51,108,90,98,104,29,118
red,120,142,150,129,108,18,91,68,49,89
blue,36,28,89,9,96,35,77,155,138,108
blue,135,84,155,136,108,31,107,151,49,12
blue,37,61,33,29,133,35,13,56,49,160
red,115,23,3,157,82,41,40,155,49,93
red,131,61,81,54,91,127,26,3,50,153
red,2,13,129,76,128,110,40,26,116,119
red,60,61,26,85,66,107,77,150,51,15
blue,104,142,24,54,108,110,27,55,17,45
blue,41,67,155,54,100,22,145,121,63,70
blue,90,30,11,129,82,137,146,140,8,158
blue,74,102,2,51,66,18,146,23,116,45
red,0,146,139,49,160,36,91,68,17,16
blue,18,61,143,29,153,0,146,121,147,53
red,36,142,69,76,99,135,134,122,29,45
blue,137,27,3,50,96,62,111,43,109,53
red,110,23,155,9,80,101,125,140,76,119
red,0,60,1,9,119,67,46,143,137,12
blue,115,60,89,137,53,43,23,55,49,5
blue,0,87,1,116,9,37,61,49,29,128
blue,0,149,140,116,119,35,67,2,76,82
blue,136,149,35,76,71,36,28,43,8,70
blue,92,98,32,29,45,146,84,125,17,160
red,101,13,56,52,74,36,65,1,109,9
blue,0,67,151,116,45,150,38,84,69,80
red,74,13,143,24,126,36,141,150,54,82
red,107,13,121,76,120,57,60,18,137,119
blue,74,13,114,17,108,77,65,143,76,160
red,26,97,150,51,82,0,67,151,29,148
red,22,60,105,76,66,121,38,56,51,100
red,134,67,155,17,109,74,142,121,24,45
red,47,13,32,17,14,0,65,105,51,79
blue,151,134,94,139,80,107,13,53,76,5
blue,34,74,151,109,14,53,142,136,17,71
red,113,142,11,9,45,37,27,94,17,80
blue,131,60,2,24,74,122,65,53,106,91
blue,121,78,131,24,46,135,58,1,17,153
blue,47,117,34,138,30,131,107,33,106,66
red,131,86,122,29,9,112,46,143,24,100
blue,117,22,144,24,126,131,27,34,51,158
red,131,27,125,73,93,134,94,143,8,70
blue,2,67,110,133,153,43,84,131,17,80
blue,131,141,124,157,96,72,60,148,24,12
red,43,84,156,147,45,90,86,11,76,9
blue,81,40,143,52,158,0,60,122,137,53
blue,53,65,68,76,99,0,27,151,116,109
blue,123,58,138,8,70,74,46,2,69,80
red,0,117,56,76,80,62,98,71,116,109
blue,95,92,34,19,45,46,61,144,147,96
blue,18,28,142,133,128,2,30,158,51,62
blue,107,75,126,50,6,90,38,68,106,5
red,18,75,114,116,45,133,58,64,9,79
blue,88,65,54,106,128,114,75,138,116,119
blue,0,75,56,76,99,24,102,120,116,45
blue,70,142,2,69,80,0,102,21,106,12
red,137,77,120,24,16,151,74,55,17,14
red,137,23,150,76,148,152,92,139,17,79
red,142,75,56,106,118,121,60,155,51,128
blue,103,46,151,51,45,31,124,71,63,133
blue,115,87,56,17,70,22,46,26,9,108
blue,47,75,149,76,4,0,111,56,106,82
red,25,142,64,52,128,131,134,89,49,53
red,62,125,6,51,16,2,58,137,29,100
blue,103,23,155,85,119,137,13,68,52,128
red,31,125,159,106,66,134,111,143,24,128
blue,115,74,143,51,79,90,58,139,9,148
red,37,65,19,51,80,131,155,23,69,118
red,39,98,94,85,153,131,13,75,76,45
red,87,84,34,156,158,151,146,7,17,123
red,87,113,55,76,12,131,142,2,137,80
blue,88,145,55,133,70,144,142,114,8,118
blue,131,149,143,51,109,78,60,34,76,128
blue,114,102,129,133,128,92,75,126,24,100
red,25,75,126,17,153,29,111,105,24,80
red,103,134,129,29,119,72,149,26,49,45
blue,142,54,129,76,66,92,23,124,106,100
red,42,30,144,106,120,81,102,138,29,45
blue,127,97,43,9,45,0,130,150,51,89
red,31,92,138,51,122,0,77,140,24,128
red,42,60,47,51,53,54,102,43,137,70
red,74,46,95,51,158,18,84,144,85,93
blue,92,58,56,143,80,78,134,122,106,82
blue,144,111,157,51,91,110,87,105,54,108
blue,101,61,140,133,119,111,40,23,106,79
red,37,145,55,51,160,88,134,94,50,71
blue,0,111,32,129,128,144,30,56,106,93
red,151,58,139,54,128,2,13,144,51,53
red,144,87,94,51,15,0,92,64,116,72
red,101,125,43,24,5,137,26,139,17,45
blue,101,58,2,129,91,130,125,56,17,109
blue,150,88,6,116,70,151,146,155,106,82
red,105,75,124,52,128,59,155,11,8,45
blue,18,23,139,76,108,0,40,155,106,41
blue,151,58,121,51,128,18,46,7,29,153
red,35,125,7,106,53,36,61,15,51,120
blue,117,46,2,76,54,35,23,144,133,80
blue,42,98,1,29,93,78,40,7,51,153
red,141,134,56,109,108,90,58,136,133,70
red,152,87,144,8,45,158,30,3,17,159
red,90,46,155,17,148,37,30,129,24,45
red,74,46,155,69,80,123,38,154,150,126
red,0,130,26,17,41,62,102,143,29,45
red,37,87,155,29,45,39,149,140,51,100
red,103,23,155,76,12,0,38,71,50,128
red,78,40,0,76,80,47,84,41,69,53
red,0,84,155,136,5,35,77,120,29,9
blue,152,154,159,137,153,131,134,26,85,124
red,47,54,155,147,109,90,60,23,137,80
blue,78,27,155,9,118,0,98,2,24,70
red,43,28,55,8,4,18,23,155,106,93
red,77,142,26,69,80,115,28,64,29,108
red,107,87,94,133,70,18,134,121,129,119
blue,123,65,124,9,119,144,28,69,129,79
red,11,13,64,51,93,92,102,105,52,70
red,92,125,1,51,5,131,141,154,133,70
blue,22,65,2,136,82,103,141,55,51,74
red,115,38,144,51,118,103,46,120,8,5
blue,0,28,37,24,153,90,155,120,49,148
red,3,26,56,51,70,112,75,143,116,96
red,83,13,121,69,80,137,26,140,51,53
blue,0,74,144,51,93,137,23,155,147,96
blue,39,111,121,17,108,91,38,2,29,53
red,88,98,55,76,16,84,145,155,51,128
red,84,130,144,51,5,90,38,132,63,70
red,43,54,150,29,153,120,78,35,137,128
blue,110,67,121,51,128,90,125,6,106,82
red,74,58,43,49,30,90,13,143,109,108
red,38,102,54,76,45,0,111,55,137,70
blue,0,91,140,51,96,22,134,7,8,100
red,112,75,143,9,5,22,145,157,50,93
blue,2,38,73,9,80,150,65,43,51,158
red,91,60,73,29,153,62,155,43,51,159
red,149,30,68,51,82,74,40,19,24,120
red,151,30,155,29,118,22,113,72,76,158
red,78,28,155,29,108,115,154,138,51,100
red,114,46,2,76,158,34,84,3,51,109
red,152,98,155,120,80,110,154,1,76,45
red,31,46,55,17,41,25,58,34,50,45
red,81,58,140,106,5,57,38,121,29,100
blue,88,67,3,8,128,112,27,129,17,12
blue,2,46,150,106,71,107,40,158,51,153
blue,18,46,121,17,53,72,60,124,50,119
blue,43,46,56,29,128,18,40,2,17,45
blue,97,149,1,76,15,112,38,159,17,100
blue,18,146,121,17,79,3,46,1,29,45
red,152,134,23,17,53,104,75,125,9,14
blue,74,142,37,133,139,2,38,55,106,12
red,151,23,124,50,14,74,38,101,137,108
blue,35,102,140,51,93,101,111,32,29,14
blue,0,77,6,49,45,78,38,139,17,100
blue,38,65,23,17,71,74,47,41,109,108
red,78,38,143,17,45,0,58,11,49,119
blue,18,40,140,29,82,115,27,1,9,93
red,35,38,121,116,158,31,78,94,49,153
blue,22,98,64,69,79,59,91,121,133,92
red,59,125,26,116,92,110,142,120,51,96
blue,59,111,152,29,148,2,75,90,129,14
blue,90,111,121,51,93,59,65,94,63,45
blue,43,98,150,133,14,59,58,87,24,5
blue,48,98,68,120,108,0,84,159,50,93
blue,59,94,151,116,79,36,46,143,51,93
blue,117,65,53,133,79,59,61,10,76,80
blue,18,13,23,51,109,59,38,10,136,128
red,47,104,94,51,53,18,88,56,109,100
red,115,13,89,133,153,34,97,2,49,5
blue,36,30,24,29,66,25,84,121,76,5
blue,90,40,2,17,66,110,23,140,106,82
red,101,60,143,106,100,107,38,151,54,121
red,22,30,3,106,82,115,46,1,17,53
red,31,74,15,17,159,137,58,132,106,100
red,18,60,122,51,99,47,84,150,116,45
red,36,13,64,17,53,0,38,143,76,82
blue,21,92,52,129,99,39,86,136,29,126
blue,151,142,121,17,108,90,54,155,9,118
blue,110,60,54,106,71,67,125,143,29,119
blue,39,102,65,51,82,78,84,3,17,100
blue,43,102,143,9,66,31,134,155,76,158
red,77,107,144,24,158,121,113,3,51,4
blue,110,87,121,106,82,97,130,11,8,128
blue,110,58,3,136,119,5,37,150,51,153
blue,94,61,148,50,70,131,30,62,51,41
red,110,141,19,133,70,0,130,11,150,93
red,72,65,2,106,126,39,75,151,17,80
blue,31,142,6,8,109,0,87,55,29,74
red,133,111,139,29,108,53,86,1,17,14
red,141,65,105,49,109,22,77,121,24,45
blue,156,58,129,76,140,0,145,70,133,66
red,36,102,125,71,128,90,54,143,50,53
blue,78,46,140,50,128,90,102,55,106,160
red,90,113,151,17,53,34,40,2,137,70
red,37,38,11,51,9,115,67,23,76,45
red,151,26,159,24,96,133,125,38,52,128
red,101,65,144,17,80,0,54,158,49,126
blue,131,154,139,9,70,151,61,56,8,128
blue,48,134,159,106,93,42,13,64,51,128
red,120,141,72,52,82,2,46,131,17,16
red,37,113,121,69,80,0,40,159,109,118
red,101,130,140,17,79,135,40,148,69,80
blue,35,26,143,17,14,22,38,55,133,119
red,57,46,159,156,70,34,38,121,17,79
blue,18,102,11,63,109,110,97,143,17,70
red,59,61,114,8,14,37,92,155,51,128
blue,88,13,55,50,45,78,23,150,24,93
red,127,61,19,17,45,101,23,151,24,100
red,42,154,121,49,119,0,84,32,9,128
red,18,97,56,133,109,107,13,23,29,45
red,115,84,1,17,119,47,65,144,76,81
red,18,28,19,17,71,22,13,122,49,100
red,31,13,19,133,153,74,23,155,116,124
red,121,13,110,17,81,2,130,56,51,158
blue,42,54,56,76,79,37,13,140,106,80
red,114,13,120,137,153,36,134,105,76,148
red,146,13,23,50,53,103,155,1,147,110
red,35,27,155,133,71,0,84,19,51,93
blue,31,88,144,116,128,47,13,114,51,53
red,62,13,68,29,153,151,67,49,76,5
blue,43,130,136,63,108,74,13,148,8,100
red,102,13,68,106,16,42,75,56,29,45
blue,101,84,155,106,154,31,146,56,9,108
blue,18,84,32,76,70,115,23,155,150,108
red,18,84,121,51,12,37,77,151,116,108
red,74,13,11,9,118,2,87,6,69,46
red,121,13,6,29,93,0,23,150,41,4
blue,115,94,121,133,153,18,84,160,76,45
blue,114,60,1,116,153,11,84,150,8,93
red,114,130,2,133,9,90,107,159,106,148
red,112,87,2,76,45,54,30,3,17,71
red,131,28,151,123,9,18,38,114,24,121
blue,145,58,121,116,108,114,134,151,109,100
red,114,58,150,116,70,37,60,68,17,53
blue,77,13,55,76,66,114,65,2,29,153
blue,110,102,6,63,138,114,30,155,49,108
blue,154,130,26,133,158,114,75,1,24,100
red,114,98,55,17,79,25,60,138,51,100
blue,22,142,114,51,45,115,26,117,106,100
blue,114,111,150,147,70,47,61,55,24,45
blue,43,65,57,52,14,114,102,121,76,5
red,114,40,155,49,158,47,60,19,29,76
blue,114,102,140,69,80,152,60,33,17,120
blue,114,102,143,17,108,36,88,64,85,70
red,114,102,157,49,153,110,65,155,133,70
red,107,102,3,24,9,151,26,7,17,128
red,114,102,125,24,82,43,134,89,51,71
blue,145,26,150,51,79,114,102,132,76,44
red,114,102,1,69,80,35,142,27,129,108
blue,114,102,55,51,118,39,98,94,52,100
blue,103,26,33,106,80,114,102,150,76,160
red,114,102,151,49,79,103,40,124,50,128
red,114,102,104,51,70,18,86,32,129,74
red,114,102,20,116,153,155,84,1,24,83
red,114,102,56,116,160,145,61,121,24,100
blue,91,67,151,49,126,114,134,120,51,66
blue,77,75,64,133,9,114,97,121,116,153
blue,114,65,89,52,14,152,23,68,8,119
red,120,67,93,17,9,144,38,89,137,45
red,114,40,143,17,79,90,30,43,116,153
blue,114,38,0,147,14,146,65,144,76,79
blue,114,78,91,106,16,127,126,41,136,7
red,114,27,43,9,70,131,23,75,24,45
blue,114,134,155,137,70,103,75,150,133,153
red,22,75,104,133,45,114,40,73,51,100
blue,114,102,143,116,100,90,60,2,76,158
blue,81,102,143,133,80,114,38,110,116,9
red,114,102,150,17,70,43,40,155,63,53
red,114,102,151,51,128,135,46,144,116,4
red,114,102,151,106,82,78,142,120,24,45
blue,114,102,69,143,80,43,60,26,109,108
red,110,78,155,69,118,123,125,137,106,99
red,31,67,143,116,153,22,30,129,29,80
red,90,46,19,29,12,31,142,56,24,14
red,120,98,148,129,16,112,38,136,51,93
red,0,111,121,9,66,150,58,19,76,108
red,0,27,125,29,9,90,54,38,63,12
blue,81,38,121,51,93,0,30,71,76,12
blue,0,155,143,49,158,137,65,70,136,148
blue,78,58,33,50,79,42,117,157,116,128
blue,78,134,125,29,109,152,13,144,150,154
red,77,27,3,24,128,22,38,68,76,100
blue,101,142,19,29,82,22,74,64,51,53
blue,151,86,55,8,128,42,142,150,109,108
blue,131,92,56,52,100,35,149,121,85,53
red,83,61,55,24,9,112,154,64,50,99
red,38,74,155,8,100,43,23,150,157,126
red,137,102,120,156,45,56,23,150,76,153
blue,91,75,54,51,53,123,46,143,17,71
blue,103,18,159,49,93,101,61,23,51,14
red,25,65,55,17,80,146,84,20,52,53
red,59,134,151,54,80,37,22,47,63,70
blue,90,46,55,133,109,103,54,144,24,128
red,0,58,144,8,53,18,38,151,109,70
red,0,38,56,50,53,37,142,140,137,70
red,103,60,138,63,160,0,142,64,51,70
red,0,58,56,129,74,31,125,143,133,153
blue,112,65,140,137,119,0,38,11,133,6
red,0,58,139,137,9,135,98,71,51,128
red,0,54,155,137,45,146,5,15,69,80
red,151,154,105,150,9,35,97,7,109,45
red,90,23,125,17,45,110,38,124,29,53
red,0,40,120,54,53,110,46,33,51,92
red,74,46,26,76,9,39,130,143,51,80
red,151,75,68,51,53,114,87,155,52,100
red,22,58,55,76,153,78,98,129,51,82
blue,117,13,101,9,153,2,60,3,52,119
blue,115,38,120,76,158,135,13,121,24,6
blue,101,87,2,106,91,90,23,150,76,99
blue,31,60,1,8,70,112,141,56,76,53
red,74,30,11,24,120,20,97,56,106,45
blue,31,54,121,24,4,112,133,70,17,158
blue,78,13,150,54,82,115,141,157,24,100
blue,90,142,122,24,158,18,46,143,17,128
blue,36,27,150,17,158,35,98,21,50,128
blue,103,74,21,24,45,0,28,122,8,82
blue,20,102,26,109,108,43,113,148,51,82
blue,114,65,143,51,128,20,27,151,9,71
red,18,40,11,24,12,25,38,140,137,128
red,113,142,19,24,128,77,126,136,51,80
blue,0,23,37,50,70,18,142,144,24,41
red,134,38,56,17,80,144,5,48,63,53
red,2,141,56,24,99,39,102,121,8,70
blue,47,26,73,85,119,115,111,124,24,45
blue,145,38,2,24,5,42,30,121,17,100
red,42,46,32,133,74,72,130,71,51,12
red,131,58,2,24,111,81,130,144,41,5
blue,90,13,59,156,100,103,23,73,24,74
red,107,77,20,24,14,25,46,143,116,119
blue,0,149,97,29,79,39,86,144,24,16
blue,90,84,155,19,96,74,13,143,133,119
blue,36,113,120,17,53,90,86,121,24,82
blue,155,40,143,133,70,91,125,105,51,100
red,91,65,122,52,100,0,141,11,17,71
blue,120,92,94,17,53,131,113,37,133,70
blue,57,23,1,76,153,34,13,143,150,126
red,0,75,34,76,45,115,67,69,116,153
blue,0,75,73,76,45,103,23,150,85,80
blue,110,75,11,24,119,146,65,55,136,109
blue,141,124,121,76,9,43,97,151,148,93
red,127,134,140,49,128,47,40,125,116,126
red,90,111,19,63,96,0,155,32,17,128
blue,72,37,53,108,109,127,60,69,17,100
blue,152,40,89,63,70,81,126,19,17,53
blue,22,37,139,49,154,81,13,140,17,5
blue,91,46,140,51,118,0,26,143,29,93
blue,42,97,139,52,5,62,134,143,133,70
blue,37,117,121,17,79,78,61,155,29,45
blue,90,75,71,49,160,110,61,140,76,15
red,120,38,35,61,119,31,141,143,51,14
blue,112,84,55,51,96,74,38,105,133,70
blue,25,67,19,76,100,88,38,64,150,82
blue,53,61,19,17,128,114,40,125,69,153
blue,103,23,150,9,118,43,26,94,148,93
red,137,26,43,51,45,119,38,34,76,108
blue,35,84,150,29,109,47,145,124,106,66
blue,22,146,55,137,148,47,97,159,76,119
red,0,113,121,51,96,18,38,32,106,82
blue,0,124,91,51,100,101,60,55,17,96
red,47,75,138,137,45,90,130,32,106,154
red,22,86,144,24,118,3,87,151,133,70
red,90,65,143,116,128,137,67,121,49,71
blue,78,98,43,109,111,38,60,140,116,96
red,62,30,68,49,53,103,94,121,24,93
red,131,65,121,52,14,51,75,139,137,80
red,151,27,121,76,100,35,94,105,51,126
blue,18,149,55,29,6,88,27,148,147,74
blue,103,130,64,9,70,68,98,56,51,5
red,130,23,68,8,100,87,77,6,69,80
red,135,58,121,116,158,0,23,150,133,100
blue,114,113,132,29,82,47,84,121,9,16
red,110,27,129,76,128,22,37,132,61,16
red,0,134,19,50,5,117,60,121,8,128
blue,59,40,31,51,100,155,130,159,29,119
blue,112,27,150,157,93,31,13,56,52,18
red,18,38,121,17,160,123,84,73,52,128
blue,18,94,143,17,45,134,26,150,63,70
blue,43,88,68,129,81,22,94,143,24,14
blue,88,130,155,63,70,47,134,132,49,53
red,135,38,121,51,82,18,84,150,17,139
blue,110,94,55,17,100,92,27,64,49,14
blue,57,87,151,156,111,25,145,144,76,45
blue,18,23,150,133,96,22,88,2,136,80
blue,90,38,155,136,119,146,30,150,49,53
blue,31,113,143,109,9,22,61,26,17,45
red,101,154,55,69,96,31,28,143,8,12
red,90,13,19,24,100,31,94,121,52,128
blue,22,38,56,52,128,130,54,94,15,80
blue,90,67,155,76,53,57,94,1,17,45
blue,146,142,140,76,64,0,74,68,150,70
red,25,22,11,9,93,90,40,121,85,140
red,90,38,105,106,74,72,102,121,49,96
blue,18,135,121,76,4,146,97,105,106,99
red,103,40,2,147,160,121,141,155,50,80
red,0,38,136,106,99,62,113,121,49,53
red,90,38,1,24,153,146,23,71,106,80
red,48,38,1,49,45,151,125,6,133,128
blue,35,84,105,136,45,117,38,144,41,14
blue,90,102,155,51,14,97,38,103,49,148
blue,38,130,138,106,5,0,81,71,123,108
blue,131,26,148,49,128,78,38,1,76,53
red,101,149,1,9,119,69,27,43,109,79
red,47,38,1,76,128,31,141,121,109,53
red,90,38,120,29,53,115,98,34,133,15
blue,151,130,89,24,128,31,154,147,106,74
red,130,149,1,106,82,47,154,144,76,30
red,36,149,1,24,45,90,154,150,17,93
blue,62,23,34,9,128,78,102,104,116,45
blue,74,91,73,49,148,2,149,1,137,128
red,43,60,148,76,99,115,38,143,8,70
blue,22,60,68,76,121,47,111,159,9,119
blue,131,23,3,50,100,152,124,69,129,128
blue,43,124,94,29,153,36,58,63,50,148
red,152,154,56,29,9,88,142,143,51,70
red,57,149,7,17,80,88,61,151,106,5
red,0,58,1,17,45,90,117,143,51,93
red,18,13,56,76,109,0,84,150,51,66
red,35,30,151,51,9,53,88,121,8,108
red,114,40,121,133,153,35,38,11,17,45
blue,57,91,140,51,128,114,38,121,29,153
red,3,65,138,106,66,31,30,143,133,5
red,150,67,18,133,70,89,141,148,52,128
red,0,98,125,133,153,74,30,155,109,108
red,112,30,151,133,70,131,26,68,76,9
red,90,111,132,9,120,95,30,143,133,12
blue,19,27,125,76,153,103,5,120,133,108
blue,150,26,151,49,100,152,124,136,133,70
blue,1,65,26,133,153,0,154,124,76,4
red,22,58,32,133,153,115,111,121,137,5
red,78,124,155,133,153,88,149,121,17,45
blue,47,141,158,8,80,103,145,109,133,70
red,146,30,152,133,70,43,60,121,129,53
red,12,30,6,133,153,35,13,56,17,45
red,42,30,120,133,45,2,38,110,52,93
red,31,130,157,24,120,135,30,110,133,66
blue,91,30,34,133,70,114,60,121,24,100
blue,115,154,23,51,153,74,5,6,133,70
blue,154,40,121,51,70,0,61,19,50,128
blue,22,142,136,106,96,101,107,104,133,74
blue,146,65,144,51,119,152,124,19,133,70
blue,81,77,33,116,12,103,40,144,51,100
blue,103,67,151,49,91,123,13,140,17,74
blue,47,145,121,17,71,18,26,140,9,118
red,78,30,151,24,108,62,97,63,54,53
blue,25,113,1,24,108,47,134,143,136,45
red,74,38,55,51,12,145,113,151,29,153
blue,42,23,3,106,82,110,38,122,76,148
blue,39,107,34,17,82,43,23,94,9,158
red,42,60,140,133,45,74,65,64,106,91
blue,88,134,71,69,80,107,86,151,52,27
blue,18,13,11,133,16,127,97,151,24,82
red,22,134,34,51,139,114,60,64,133,70
red,90,107,34,54,108,121,111,17,50,70
red,57,134,120,106,66,149,65,140,85,153
blue,151,91,33,106,66,0,107,2,51,93
blue,155,40,55,133,109,135,87,160,24,9
red,129,155,138,8,15,34,27,144,133,70
blue,135,58,37,17,4,59,40,121,116,15
red,110,107,56,106,80,154,38,1,29,12
blue,34,102,155,137,12,35,38,129,138,4
blue,135,75,54,76,12,35,65,56,9,66
red,42,38,143,76,99,34,154,150,157,16
blue,36,91,148,49,45,19,61,155,51,82
blue,31,67,151,17,111,146,40,56,9,53
red,18,58,54,9,80,22,84,11,76,12
blue,107,40,63,129,45,88,67,121,137,74
blue,151,134,2,147,126,103,142,121,69,71
red,31,61,121,51,128,2,26,73,17,70
blue,22,97,43,157,53,78,77,35,116,12
red,90,26,94,29,53,0,142,71,129,108
blue,37,141,140,50,80,0,113,33,147,53
red,0,141,155,9,71,146,40,26,63,16
red,151,102,84,116,4,22,107,122,49,14
blue,0,79,140,29,53,36,38,159,24,71
blue,150,58,124,17,96,31,154,7,29,120
red,34,67,94,137,108,18,40,23,147,154
blue,35,87,148,29,4,131,130,55,69,80
red,47,86,63,49,74,38,75,26,51,45
blue,47,84,159,24,100,117,60,155,157,45
red,57,97,125,29,128,78,60,34,51,45
blue,135,142,43,24,121,38,74,140,147,80
blue,18,40,56,9,153,0,74,73,133,100
red,131,38,2,29,12,107,23,150,138,9
blue,18,60,68,51,158,155,107,2,147,121
blue,22,94,121,29,100,90,107,150,54,108
blue,22,13,33,147,100,31,38,121,49,45
red,31,125,32,29,66,90,111,144,50,119
red,112,125,32,29,45,57,38,155,76,158
red,31,149,105,9,79,134,130,155,76,30
blue,3,145,138,49,41,47,23,150,137,108
red,0,77,109,9,148,47,22,121,76,100
red,48,46,121,129,80,20,65,89,76,91
red,42,77,120,29,119,0,27,155,9,12
red,31,67,29,49,74,126,65,140,51,71
blue,152,97,73,116,109,37,142,121,129,108
red,2,46,121,147,128,112,23,91,24,153
red,0,26,155,147,118,57,65,150,106,82
blue,35,27,81,129,128,3,142,0,136,118
red,103,58,1,29,153,101,154,120,129,109
blue,0,111,89,129,66,31,86,1,49,45
red,103,67,143,9,158,22,40,132,116,109
red,59,111,56,17,45,90,61,122,49,153
blue,53,111,55,129,4,110,28,91,29,82
red,35,38,73,17,93,104,26,155,29,153
red,62,23,125,29,68,131,26,148,17,70
blue,34,58,144,138,99,88,46,124,29,119
blue,103,23,11,133,100,47,46,56,147,82
blue,48,86,1,76,16,131,142,53,129,45
red,152,44,124,129,53,31,154,64,49,119
blue,151,145,68,50,82,115,142,73,29,126
red,57,75,73,136,160,47,58,118,76,119
red,115,40,121,129,14,151,97,136,76,45
blue,43,98,2,29,108,112,60,49,17,82
blue,3,30,90,76,119,22,28,125,49,139
red,48,60,1,137,119,115,30,29,129,158
blue,39,30,129,29,158,47,125,59,51,108
red,35,111,89,76,140,112,142,7,9,41
red,34,142,59,24,54,31,84,71,129,93
red,34,111,157,51,100,39,142,89,17,79
red,110,84,23,51,128,105,65,150,9,12
red,101,87,125,63,70,151,98,56,129,148
red,130,154,150,157,82,36,75,19,106,5
blue,151,46,56,147,96,146,67,155,24,70
blue,22,23,150,51,71,18,30,140,29,12
blue,110,58,57,69,53,104,38,155,29,12
blue,90,142,83,147,45,103,30,57,106,82
blue,135,142,2,51,14,42,58,43,116,80
red,78,107,155,91,109,90,30,10,76,45
red,110,23,32,49,111,151,124,143,51,123
red,101,97,144,106,82,110,65,6,76,14
blue,0,13,120,24,80,35,23,88,50,70
blue,151,146,19,17,82,47,40,144,49,158
red,48,40,64,29,93,35,78,11,17,79
red,107,23,3,9,93,95,38,154,54,82
blue,35,154,155,69,16,101,145,57,24,5
blue,97,84,143,133,12,101,77,1,51,159
red,18,38,2,116,93,155,23,121,49,53
red,34,84,94,116,14,97,60,138,17,119
blue,18,146,2,129,70,47,60,56,76,45
blue,92,26,71,29,82,31,75,120,133,93
red,18,38,55,29,158,0,13,109,133,80
blue,115,13,56,71,148,103,86,89,17,93
blue,31,92,56,76,9,90,141,55,17,121
red,18,26,155,129,119,0,65,139,76,100
red,18,65,32,137,45,0,141,2,29,53
red,110,134,121,51,5,101,40,56,76,92
blue,18,78,35,8,119,91,38,104,51,159
red,146,61,2,49,74,3,84,140,24,76
blue,90,102,23,63,70,74,91,155,50,158
red,3,102,2,50,80,151,38,155,137,70
red,72,125,121,69,93,53,40,1,50,128
blue,101,54,151,51,15,38,111,159,76,71
blue,43,38,144,29,79,42,13,124,76,128
red,18,38,26,109,0,57,60,122,9,96
red,35,46,159,129,79,150,23,155,51,93
red,31,61,37,76,66,36,97,159,51,93
red,135,84,155,29,132,146,28,38,133,70
blue,151,142,1,116,16,0,26,109,8,128
red,123,142,143,129,53,90,130,1,49,108
blue,112,61,121,147,53,0,30,151,136,100
blue,31,38,78,29,100,34,141,159,17,64
blue,47,84,150,29,153,152,154,33,69,80
blue,0,46,143,116,118,53,23,7,51,80
blue,101,84,148,17,53,18,67,140,9,96
red,22,87,143,49,9,18,142,2,29,53
red,57,154,138,9,16,135,23,150,133,53
red,81,67,35,8,148,22,134,19,17,93
blue,131,154,23,51,82,18,111,6,29,45
blue,74,91,143,51,93,90,124,69,24,82
blue,78,38,155,17,70,54,98,143,129,100
red,88,67,1,29,153,57,91,68,8,128
red,112,38,32,51,93,121,102,23,17,79
blue,146,154,139,9,108,107,130,6,17,66
red,112,130,159,63,100,110,142,140,51,96
red,54,61,140,76,74,152,58,144,52,158
red,35,134,140,29,120,110,154,155,63,80
red,114,67,121,52,81,22,40,73,137,100
red,19,46,43,29,96,15,58,110,106,100
blue,47,111,143,49,148,18,154,2,51,133
red,18,125,155,138,79,0,102,114,24,132
blue,18,117,132,24,93,92,60,143,17,82
blue,20,60,67,106,128,119,40,148,17,70
blue,35,40,1,136,45,91,60,9,24,74
red,114,84,94,106,119,22,74,137,157,45
blue,0,87,89,76,45,112,61,121,17,100
red,123,38,11,76,41,90,46,2,49,12
red,36,38,26,120,108,101,97,144,9,53
red,72,149,2,51,153,24,102,55,116,100
blue,43,23,155,106,12,78,40,140,51,45
red,0,141,121,29,16,91,142,2,136,153
red,0,38,121,8,128,18,86,144,9,100
blue,18,141,143,116,53,101,111,71,17,45
blue,90,38,69,51,80,111,65,148,129,93
red,36,40,56,17,71,112,92,159,76,70
red,131,13,121,54,108,18,27,122,76,12
red,72,154,132,24,119,47,84,2,17,100
red,36,23,121,63,53,90,38,68,50,12
red,88,54,121,76,9,90,113,94,29,83
red,35,26,101,49,100,36,46,150,129,93
red,0,60,71,129,148,151,92,73,29,93
red,43,134,125,52,70,48,38,143,17,124
blue,134,13,105,129,93,136,91,89,147,12
red,90,46,55,49,80,36,91,143,133,108
blue,31,30,11,76,96,114,77,33,51,93
blue,135,60,55,69,80,78,142,155,17,71
blue,127,102,155,51,46,103,134,73,9,128
blue,112,75,64,49,128,37,40,155,116,12
red,127,60,125,49,33,0,61,71,9,128
blue,145,30,3,69,80,22,75,155,136,154
blue,37,46,154,17,119,22,92,143,137,160
blue,31,40,55,85,12,35,142,21,137,53
red,88,13,32,69,70,112,84,155,24,41
blue,107,145,2,24,14,74,46,136,17,71
red,125,23,94,51,5,31,61,1,116,153
blue,0,38,73,147,96,53,155,26,51,154
blue,47,38,124,147,66,137,60,148,136,70
blue,34,142,125,54,108,59,98,0,49,45
red,34,5,23,76,160,74,75,143,150,41
blue,38,61,55,49,119,3,84,109,17,45
blue,62,75,53,158,14,123,102,121,51,100
blue,0,23,3,17,128,64,88,43,49,153
blue,112,92,56,133,70,78,87,43,109,100
blue,36,107,124,24,53,34,65,121,123,108
blue,36,155,11,76,160,47,146,43,24,9
red,101,28,54,9,109,57,65,121,29,153
red,78,26,94,24,93,101,28,34,54,81
red,101,27,54,29,96,34,86,143,24,93
red,42,58,139,17,53,31,46,26,85,70
red,158,38,56,106,96,90,134,139,76,9
blue,47,30,89,116,70,90,146,11,49,96
blue,22,67,121,9,96,90,141,140,110,108
blue,103,149,23,50,96,62,154,64,116,119
red,18,124,55,106,14,53,38,56,29,96
red,151,58,121,106,96,91,92,132,9,74
red,88,134,121,9,96,90,40,159,147,71
blue,35,91,143,106,120,22,98,3,54,96
red,43,27,139,9,96,101,145,54,51,128
red,137,154,1,147,96,134,60,68,51,71
blue,0,58,144,61,70,103,46,55,49,148
blue,131,111,71,61,70,62,23,151,147,27
red,107,26,34,61,154,112,38,73,50,80
blue,0,30,143,17,128,154,125,140,76,45
red,154,61,2,156,153,110,38,6,49,128
blue,37,61,120,17,128,102,13,53,51,5
red,43,65,140,51,53,107,145,56,114,41
blue,150,58,121,17,71,135,26,101,76,70
red,0,60,33,63,70,62,67,155,136,15
blue,78,142,101,63,96,74,38,32,17,153
red,43,58,55,8,70,101,146,33,150,45
red,90,26,125,17,53,93,38,105,51,126
blue,114,75,150,9,70,90,58,56,51,45
red,43,142,68,76,79,81,149,150,106,5
blue,35,134,89,137,82,22,13,158,17,153
blue,31,92,151,106,66,0,75,143,76,153
blue,103,125,144,51,12,74,65,56,8,82
blue,74,23,94,8,45,22,145,150,49,12
blue,90,58,64,137,45,22,77,68,17,12
blue,22,86,155,109,93,114,26,70,133,153
blue,110,84,157,17,148,31,87,150,24,5
red,113,58,32,29,153,152,124,139,147,118
blue,59,75,143,76,5,18,37,56,69,80
blue,24,75,140,106,5,144,65,150,76,46
red,117,54,2,76,12,134,61,148,24,82
blue,114,54,129,8,53,101,13,23,17,12
red,150,13,21,147,53,110,145,140,8,45
red,67,149,2,51,4,101,125,121,17,14
red,74,61,37,17,12,90,46,56,49,100
blue,0,125,6,133,5,110,134,140,17,53
blue,43,130,26,8,53,90,40,140,49,100
blue,151,141,104,51,99,57,38,121,49,14
red,48,60,144,116,80,78,46,151,63,100
red,47,30,155,52,93,152,23,127,29,12
blue,18,102,121,29,93,0,149,159,69,70
blue,95,107,150,133,153,151,60,143,137,53
red,18,91,55,116,12,119,38,121,76,14
blue,82,61,1,133,153,131,134,140,116,3
red,90,40,83,76,80,18,141,121,49,45
blue,36,54,148,133,119,90,27,122,76,14
red,136,13,152,133,14,134,58,114,17,12
blue,130,38,140,29,119,81,88,23,51,153
blue,31,23,150,106,12,101,27,131,51,5
blue,131,65,140,129,15,134,23,38,49,12
blue,112,98,121,76,15,2,84,131,51,82
blue,110,38,121,51,128,145,30,43,76,9
red,47,38,55,24,76,78,154,89,9,158
blue,103,44,143,69,82,3,98,121,156,153
blue,110,87,109,51,53,37,30,155,116,16
red,18,141,33,116,71,113,23,150,119,132
red,18,58,105,76,126,0,40,111,24,45
red,37,117,55,129,126,34,38,121,29,16
blue,115,134,64,17,108,18,13,143,49,12
red,90,130,143,29,45,134,38,148,50,80
red,114,117,56,29,53,101,5,140,49,45
red,36,60,143,76,5,34,87,140,49,119
red,0,40,124,156,53,59,75,110,17,100
blue,95,134,11,50,119,48,98,140,85,12
blue,137,97,159,29,12,22,75,136,54,124
blue,90,97,11,24,82,0,154,140,29,118
blue,0,102,3,106,15,18,65,2,51,93
blue,74,23,155,76,45,62,38,71,106,96
blue,123,38,2,76,115,62,133,121,8,96
red,62,58,138,106,66,112,142,1,63,153
blue,110,46,51,17,71,134,111,155,9,15
red,151,91,11,17,45,18,30,150,50,153
red,95,124,89,29,119,90,40,143,17,45
blue,72,58,124,17,45,39,130,0,69,80
blue,112,86,157,17,158,145,23,150,9,128
blue,43,46,140,76,128,130,28,151,9,153
red,25,145,94,51,160,53,142,32,69,80
red,107,60,159,51,79,110,46,2,106,96
blue,123,58,157,133,160,90,61,68,137,70
blue,36,38,55,76,79,72,142,136,51,100
red,146,75,83,8,59,90,26,122,52,128
blue,112,86,157,51,12,91,46,89,156,158
red,31,58,144,76,9,90,107,143,17,16
blue,57,65,157,29,96,115,75,144,17,74
red,31,40,144,156,12,2,75,68,51,70
blue,107,38,64,69,5,123,111,94,24,45
blue,131,60,122,29,120,35,145,64,116,119
blue,115,30,93,133,71,145,60,157,51,108
blue,145,98,144,85,109,152,60,120,17,9
red,51,84,150,29,80,35,113,139,17,12
red,78,84,121,29,4,0,23,143,137,14
blue,20,67,94,9,70,123,84,158,17,53
blue,78,40,150,49,82,31,84,11,85,108
blue,0,58,124,133,153,47,84,131,137,45
red,35,84,2,76,82,110,23,3,120,45
blue,31,102,159,8,45,92,146,140,133,70
red,101,84,155,17,158,81,134,94,51,80
red,78,84,151,51,100,101,23,55,137,148
red,150,74,139,9,108,88,84,32,129,80
red,0,84,26,49,108,2,23,150,8,128
red,90,58,121,49,111,36,84,26,51,45
red,112,84,56,17,82,78,111,143,129,14
red,18,84,55,106,66,143,111,103,133,70
blue,18,60,19,129,70,62,145,94,133,100
red,3,84,121,24,120,34,60,157,136,160
blue,77,27,150,51,82,0,142,1,17,45
red,151,26,89,51,128,74,125,143,29,45
blue,144,134,132,129,96,74,58,138,137,53
blue,18,124,143,116,82,22,58,138,49,53
blue,72,86,140,133,121,110,84,143,147,80
red,101,60,56,29,15,117,23,136,17,45
blue,120,60,150,129,93,36,23,1,9,119
red,110,60,143,129,14,103,130,151,109,96
red,57,75,124,69,108,18,60,55,49,119
blue,0,65,143,129,99,110,58,148,29,64
blue,152,75,124,17,128,145,40,138,49,158
blue,36,13,56,133,70,57,98,3,54,108
blue,62,98,7,76,158,90,38,143,129,119
blue,151,117,56,106,82,90,98,124,50,70
red,25,98,1,29,53,47,38,104,63,80
blue,18,60,136,51,99,78,98,159,29,158
blue,135,38,136,137,139,0,98,68,29,44
blue,98,46,139,76,100,43,27,138,51,119
red,18,134,35,24,128,31,75,55,52,100
blue,22,40,139,9,45,110,125,140,76,109
red,121,149,143,116,12,78,141,136,8,82
blue,54,61,155,52,81,146,37,140,116,126
blue,34,38,26,129,45,39,46,144,51,126
red,137,65,11,17,119,0,67,73,69,153
blue,25,38,11,76,12,107,149,143,24,45
blue,0,65,150,29,160,35,13,23,49,79
blue,59,142,120,8,128,72,83,121,76,109
red,107,111,144,29,45,31,91,121,51,12
blue,18,130,121,17,158,0,38,1,24,74
blue,31,23,132,129,108,53,61,56,52,99
red,90,75,53,29,5,57,142,68,17,128
blue,26,75,1,29,108,22,23,155,69,153
red,142,46,121,29,45,72,113,11,129,128
red,101,84,33,52,14,35,77,140,8,119
blue,62,84,33,137,70,0,154,143,24,9
blue,22,111,2,9,30,110,104,150,29,160
red,110,142,136,106,4,39,58,26,51,91
blue,101,58,89,136,108,47,146,71,133,70
red,77,40,154,51,74,90,38,143,49,108
red,36,111,150,69,6,31,142,94,24,82
blue,20,38,121,108,45,58,113,131,76,159
blue,0,60,114,52,66,90,67,124,106,118
red,34,38,159,51,128,48,54,148,76,80
red,90,46,56,49,80,37,107,155,51,128
red,67,37,3,49,71,0,30,56,51,70
red,47,23,54,116,119,31,84,152,137,158
blue,18,75,143,9,70,47,38,158,76,96
red,67,107,94,24,45,47,61,146,29,96
red,0,111,121,137,100,131,134,136,54,80
red,43,117,55,52,93,91,86,71,133,153
red,110,40,41,116,158,77,134,2,51,93
red,152,75,53,24,100,88,145,139,136,45
red,88,54,143,24,82,78,47,26,29,118
blue,47,13,143,50,100,119,58,114,17,139
red,47,65,121,17,71,18,141,11,9,15
red,115,75,94,29,71,36,28,55,76,126
red,62,61,105,106,66,51,88,155,157,5
red,103,77,138,51,153,47,134,143,133,80
red,77,134,56,116,153,57,92,64,17,53
red,39,87,151,69,74,0,111,33,29,79
blue,22,111,124,85,148,77,60,11,106,82
red,35,60,121,24,128,43,142,57,106,14
red,78,86,19,76,80,43,60,55,29,45
blue,78,60,2,156,66,115,61,159,51,128
blue,103,46,55,106,153,90,97,144,51,82
blue,123,38,121,69,80,0,46,143,51,82
blue,101,58,2,49,79,0,107,136,109,158
blue,22,46,143,116,9,3,54,155,51,93
blue,103,46,143,51,70,48,134,158,76,16
blue,74,23,121,24,14,90,98,143,133,70
blue,103,46,56,51,12,101,60,32,9,153
red,47,134,22,9,12,2,141,121,17,128
red,47,155,55,29,128,154,134,129,51,12
blue,110,40,114,116,119,88,84,155,63,70
red,121,58,155,49,45,31,40,105,63,66
red,78,124,155,49,30,31,134,3,17,128
red,53,84,155,52,100,39,111,121,51,93
blue,42,141,155,76,71,110,75,55,49,119
blue,67,154,155,76,159,110,87,143,51,66
blue,121,130,150,51,30,72,65,155,76,158
blue,47,26,151,109,153,103,141,23,24,70
blue,18,87,155,76,53,2,75,140,24,108
blue,151,74,71,133,53,107,65,155,9,70
blue,37,60,124,51,45,152,142,151,29,139
red,137,134,121,63,100,114,30,155,106,82
blue,110,113,158,76,159,78,155,151,24,121
blue,151,97,109,136,45,43,87,155,17,53
red,107,124,155,133,70,151,117,11,63,119
red,101,111,55,51,70,0,107,155,49,100
blue,88,111,159,29,160,115,124,155,9,53
blue,31,65,140,54,119,36,58,155,157,71
blue,114,26,0,17,80,90,65,151,9,160
red,41,155,151,76,12,0,58,150,54,80
red,135,154,55,51,153,110,38,139,137,45
red,78,154,6,24,70,145,54,150,51,100
red,78,38,56,24,70,115,141,121,137,119
red,22,154,150,24,70,0,130,32,50,119
red,103,67,151,24,70,123,133,140,17,158
red,74,134,121,51,66,65,44,55,24,45
blue,34,27,91,51,45,22,46,1,9,12
red,37,102,55,24,70,103,46,129,51,108
red,114,61,64,50,70,65,60,143,29,121
red,150,58,139,17,119,104,97,155,69,66
blue,22,124,159,24,128,0,60,140,150,80
blue,36,86,9,116,100,85,98,143,17,80
red,0,38,121,133,153,18,65,2,116,119
red,83,65,104,9,160,35,84,143,17,53
blue,78,86,143,137,158,83,65,1,116,118
red,83,142,104,50,53,0,60,26,63,70
blue,83,149,154,9,158,43,65,143,147,45
red,83,13,71,8,80,112,125,55,116,96
red,154,111,56,133,99,83,115,125,76,45
red,83,98,144,51,128,18,54,43,9,100
red,83,74,43,133,153,25,60,140,24,66
blue,42,60,11,49,53,83,13,155,129,121
red,83,23,155,51,93,101,60,6,17,160
blue,83,46,89,69,80,0,30,71,106,74
blue,83,155,121,54,153,95,87,33,17,66
blue,83,125,140,106,99,22,25,1,29,12
red,83,65,140,49,45,146,26,1,76,12
red,34,23,157,76,9,83,60,144,49,74
red,83,94,121,150,45,0,154,159,17,148
red,83,92,19,116,41,131,65,140,51,80
red,83,40,136,54,53,152,58,78,106,91
blue,0,98,6,17,128,43,86,10,116,153
red,127,86,151,51,99,2,102,64,17,93
red,135,86,140,8,100,37,26,2,29,45
blue,0,46,138,106,71,51,30,86,50,128
blue,78,60,143,106,99,0,111,2,29,12
red,110,78,56,76,9,42,30,34,50,70
red,45,40,34,24,12,2,141,121,76,100
red,78,28,148,50,99,25,65,132,76,96
red,92,13,140,50,119,35,38,122,156,12
red,90,155,140,51,70,115,67,143,137,45
red,0,60,71,17,100,115,38,73,49,159
red,18,58,21,9,158,59,142,121,76,14
blue,155,145,144,29,148,0,58,120,69,80
blue,155,134,143,157,12,36,98,159,29,53
blue,43,142,121,50,100,0,65,19,116,70
red,22,61,121,76,53,142,146,55,17,66
blue,110,97,121,76,9,0,154,2,17,16
blue,43,46,55,76,124,18,97,53,9,100
blue,115,30,136,29,128,90,107,142,17,120
red,91,30,150,76,100,22,87,89,51,148
red,43,54,94,76,153,77,30,148,49,158
red,110,30,150,17,108,47,38,121,50,109
red,110,146,159,49,100,90,65,19,63,119
blue,2,65,73,51,100,72,97,150,9,14
blue,143,77,101,8,80,53,97,23,17,66
red,18,30,26,133,9,152,142,71,76,5
blue,52,30,56,76,66,119,40,155,51,79
red,78,30,3,106,70,0,38,143,51,45
red,101,75,121,51,14,0,30,109,17,45
red,74,30,0,49,53,43,60,68,17,123
blue,22,40,73,49,100,115,30,159,24,93
blue,36,142,121,136,70,102,30,56,106,99
red,0,30,151,76,66,115,38,143,49,109
red,152,30,104,85,93,31,125,56,29,133
blue,36,30,151,76,158,31,46,7,116,45
blue,72,30,101,17,119,41,13,3,9,5
blue,126,46,1,116,12,22,30,151,136,70
blue,123,23,136,29,109,47,30,157,9,148
blue,57,40,94,17,71,88,30,136,109,108
blue,146,23,151,24,79,115,97,106,19,82
blue,90,40,150,51,5,81,30,151,69,153
red,42,30,151,51,14,110,107,1,76,100
red,101,26,140,9,100,18,30,121,17,4
red,150,30,71,76,66,103,142,19,29,14
blue,22,38,19,76,128,37,30,29,17,6
red,110,13,157,133,12,0,30,155,106,128
red,31,30,56,51,74,72,145,19,17,82
red,114,84,101,76,100,104,30,3,24,93
red,22,30,121,9,109,78,46,140,51,82
red,69,30,143,50,70,37,23,150,116,80
blue,78,142,53,106,82,0,30,94,17,158
blue,57,13,158,29,45,34,30,143,9,128
red,151,30,155,29,81,135,98,1,17,14
red,47,38,132,24,82,102,97,55,133,70
red,74,98,73,29,126,48,77,144,129,82
red,134,30,155,9,70,22,154,43,24,100
blue,18,97,56,137,109,131,142,71,51,54
blue,151,97,159,76,82,112,98,6,69,80
blue,39,102,143,17,153,90,97,105,49,119
red,11,74,151,29,119,47,30,2,69,80
blue,88,134,89,76,33,101,30,129,29,158
red,22,30,148,133,153,134,84,151,76,108
red,35,84,132,51,66,43,30,121,63,70
red,74,146,55,17,118,112,91,121,116,160
red,149,146,138,129,45,137,86,121,76,93
red,31,25,124,17,153,146,154,150,102,66
blue,110,30,89,24,71,146,60,73,76,81
red,0,146,64,50,80,31,84,26,129,9
blue,146,30,140,51,128,74,88,157,106,66
blue,78,141,1,137,148,135,146,151,51,93
blue,146,60,144,8,93,90,145,143,76,158
red,22,102,11,29,80,57,78,3,129,12
blue,18,61,104,9,12,123,86,140,51,66
blue,22,142,64,156,12,47,75,143,29,45
blue,107,40,1,9,80,74,124,151,51,91
blue,78,125,94,24,70,36,97,2,17,118
red,35,97,32,51,153,0,40,154,24,128
blue,146,58,55,24,14,0,125,144,51,97
red,103,97,68,17,53,112,155,19,49,9
blue,26,97,139,49,108,103,113,148,76,119
red,31,97,121,129,99,77,142,2,29,5
red,22,46,42,109,139,150,97,94,51,12
blue,18,23,151,9,159,103,97,121,29,12
red,18,154,53,17,93,103,97,71,106,5
red,103,97,2,116,100,90,75,23,17,109
red,18,88,53,51,30,103,97,64,9,82
red,103,97,151,109,9,114,23,143,106,53
blue,37,40,1,69,53,103,97,68,76,118
blue,48,97,94,51,109,31,27,3,137,121
blue,34,97,6,49,70,78,154,124,76,14
red,20,13,140,129,74,18,58,143,17,71
red,18,46,21,133,139,91,27,121,76,70
blue,72,98,159,76,70,107,124,129,17,128
red,94,37,125,157,96,18,38,159,144,119
red,22,98,124,51,70,37,60,2,17,64
red,0,40,124,29,148,101,98,143,51,82
blue,110,26,1,116,80,127,65,159,156,45
red,57,40,140,76,96,35,77,56,129,53
red,151,134,56,137,148,115,58,83,29,70
blue,151,44,49,147,93,103,75,158,116,148
red,22,154,159,24,128,131,60,1,29,53
blue,103,146,136,69,124,78,28,73,17,71
blue,117,60,26,51,16,90,134,2,129,93
blue,0,75,105,116,123,25,13,68,106,45
red,37,38,23,17,53,47,155,94,50,159
red,131,125,56,51,74,112,58,2,76,109
blue,59,130,125,49,118,0,87,122,9,119
red,53,134,56,49,118,0,30,57,133,108
blue,22,92,89,29,119,81,141,109,133,118
blue,31,38,71,9,109,22,77,139,137,128
red,19,149,155,76,118,42,30,148,137,70
blue,115,84,94,116,108,90,40,137,109,118
red,88,155,64,49,83,0,23,151,17,70
blue,34,125,144,106,74,0,58,121,109,118
blue,131,60,114,106,66,91,46,121,51,128
red,22,146,11,106,109,134,58,26,9,96
red,72,13,114,76,118,31,30,159,49,154
blue,37,46,144,76,148,34,98,1,51,118
blue,11,38,121,106,4,42,86,32,24,109
blue,119,97,158,76,128,0,30,151,17,118
blue,59,30,94,52,9,0,142,126,120,100
blue,22,60,143,51,108,0,38,11,116,109
blue,130,38,124,17,100,103,61,89,9,70
blue,43,23,54,129,119,137,97,150,17,71
blue,144,87,40,106,119,31,154,63,8,118
blue,78,86,55,52,100,110,40,64,85,153
blue,62,107,1,17,45,134,67,137,150,153
blue,36,28,1,76,93,101,40,64,51,128
blue,92,125,0,24,148,77,58,56,17,118
red,47,142,71,133,93,22,23,34,116,153
red,101,84,49,136,45,47,40,143,17,5
blue,67,141,120,52,128,130,134,32,51,119
blue,34,142,55,116,108,78,60,151,8,79
blue,43,154,32,17,110,0,38,64,150,37
red,101,154,150,129,14,107,13,132,8,128
red,31,97,19,129,118,90,65,150,49,160
blue,48,67,143,9,53,31,141,56,76,118
blue,151,65,64,24,118,48,44,43,29,15
blue,18,38,114,116,53,115,60,55,106,118
red,110,65,143,106,99,72,54,3,76,118
blue,0,30,89,9,99,117,58,110,24,118
red,114,38,144,17,118,36,26,121,49,79
red,22,149,121,85,119,18,60,143,8,12
red,92,124,121,49,119,25,84,151,17,53
red,107,65,94,137,53,78,30,101,106,100
blue,81,58,84,9,14,31,67,101,133,71
blue,67,23,151,9,108,57,13,121,49,45
red,57,77,121,106,100,0,142,148,9,109
blue,22,111,144,29,45,57,65,1,51,5
red,57,142,124,133,70,0,60,2,17,82
blue,81,61,6,52,93,57,40,1,76,111
blue,0,54,56,76,159,22,65,121,116,64
red,18,67,121,51,66,115,145,138,29,158
red,2,61,159,49,4,131,124,121,17,82
blue,39,38,68,51,120,57,23,101,133,148
red,24,98,121,133,15,90,74,23,76,45
red,47,102,143,17,109,18,61,144,136,148
red,137,141,68,136,14,37,40,121,116,153
blue,112,38,121,129,66,74,84,34,76,119
blue,0,124,17,51,53,103,23,155,29,93
blue,151,46,2,133,153,91,58,121,29,118
blue,18,141,121,109,130,48,94,41,51,128
blue,78,87,121,51,93,110,74,2,49,148
blue,101,97,64,17,53,48,98,140,129,119
red,95,67,121,17,93,90,113,157,106,5
blue,0,141,121,17,71,39,38,26,24,119
red,90,61,121,156,14,22,65,138,9,53
red,31,154,140,129,66,39,61,55,115,108
blue,121,74,151,17,16,35,13,2,9,100
red,2,40,138,147,82,88,130,144,133,128
blue,47,60,0,51,108,74,13,125,24,148
blue,0,91,64,76,70,103,142,73,24,9
red,103,40,159,51,99,37,91,140,50,45
red,78,98,155,137,66,88,146,2,29,12
blue,90,40,55,106,5,102,61,1,51,128
red,72,104,151,29,128,24,40,89,106,99
blue,57,75,73,49,108,90,27,150,76,119
blue,57,60,104,24,45,105,61,71,51,53
blue,103,87,138,9,126,37,149,53,76,5
red,90,30,155,150,126,34,134,121,95,45
blue,131,133,148,52,99,36,77,105,49,82
red,131,40,43,54,128,22,61,140,9,12
blue,20,134,155,49,93,31,61,140,17,79
blue,47,46,91,8,100,34,58,138,109,12
blue,0,141,144,24,70,114,67,29,76,53
red,57,38,89,50,14,130,65,114,91,12
red,115,75,71,133,79,138,23,109,51,93
blue,151,38,120,29,12,110,61,71,9,80
blue,78,60,19,116,100,35,40,71,137,53
red,31,102,64,76,118,77,98,71,50,80
red,88,30,71,76,5,74,67,150,50,79
blue,91,126,121,133,100,146,30,71,76,45
red,62,58,26,63,44,104,13,129,9,80
red,22,75,2,9,70,37,65,143,133,100
blue,18,60,136,116,158,22,61,19,76,109
blue,144,125,140,49,153,59,54,151,29,82
red,72,13,32,76,109,112,75,56,24,45
red,74,65,143,9,70,133,98,148,76,108
red,113,5,136,49,108,0,30,19,150,45
red,142,13,106,51,45,25,28,151,49,12
blue,54,23,124,106,99,18,28,151,29,79
blue,115,86,55,17,100,131,28,151,51,93
red,110,86,140,24,93,150,58,138,49,45
blue,0,84,120,116,53,35,28,143,137,153
red,151,28,132,51,5,35,40,7,106,158
blue,18,28,140,137,46,134,65,34,106,93
blue,2,125,143,116,53,90,141,144,9,109
blue,36,94,120,69,80,62,25,121,17,108
red,0,25,140,17,108,3,141,148,106,82
red,91,84,71,9,93,43,113,56,137,108
blue,144,13,157,106,82,43,98,6,133,108
red,47,107,68,133,108,110,87,120,29,4
red,22,65,140,52,108,59,61,109,49,128
red,0,92,32,29,108,57,46,73,8,14
blue,0,111,144,9,160,42,97,2,133,108
blue,57,25,143,29,14,112,102,6,76,148
red,36,25,6,49,108,112,46,143,17,15
blue,38,28,29,49,37,107,25,140,51,108
red,57,65,55,133,93,68,58,22,52,70
blue,25,40,138,76,62,74,67,3,50,108
blue,2,102,125,29,9,74,65,68,49,108
red,59,84,150,17,96,36,46,143,52,108
red,78,102,143,52,108,31,130,140,17,133
blue,31,65,140,49,108,72,113,150,17,5
blue,134,47,3,156,153,0,98,26,49,108
blue,35,65,143,8,82,107,61,11,49,108
red,74,97,121,52,108,151,111,34,136,70
blue,25,77,144,51,93,137,87,121,49,108
red,135,38,55,49,5,31,134,21,136,71
red,42,46,33,137,108,22,40,11,51,153
red,123,115,89,63,70,110,58,21,17,45
blue,48,65,136,50,108,150,92,51,17,71
red,22,54,140,51,160,115,91,3,133,108
blue,0,5,94,9,108,150,40,159,54,153
red,110,97,73,133,108,22,30,21,116,153
blue,110,142,11,51,128,112,5,138,106,108
red,110,98,136,9,14,22,38,113,52,108
blue,3,77,148,29,53,18,134,136,52,108
red,90,113,2,52,108,31,67,139,49,158
red,90,5,140,9,108,112,38,121,76,45
red,134,13,143,116,128,0,124,121,51,108
blue,22,65,1,52,108,18,134,159,49,109
blue,22,67,140,133,108,88,60,64,136,148
red,54,97,140,116,79,74,84,94,133,108
red,37,65,121,133,70,152,46,19,52,108
blue,37,142,151,9,128,135,154,143,52,108
blue,110,154,29,136,9,22,61,138,133,108
blue,2,84,94,106,93,0,92,159,147,45
red,127,60,68,9,12,145,13,64,29,108
blue,152,97,125,137,53,134,13,42,51,45
blue,18,134,143,133,66,57,27,1,9,70
blue,115,125,6,147,80,2,60,155,133,70
red,34,58,143,9,45,43,23,150,49,93
red,22,60,144,9,70,21,155,121,29,119
blue,0,58,1,9,109,81,46,55,106,80
red,36,81,55,29,80,78,60,56,49,9
red,115,142,68,52,100,110,27,37,137,82
red,35,84,121,52,82,54,97,151,51,120
red,22,134,121,52,82,31,44,155,143,109
red,91,141,121,147,96,18,40,157,9,100
red,0,60,121,9,126,31,23,155,17,45
red,137,23,105,116,53,151,67,2,17,79
red,91,58,148,133,70,144,149,151,106,128
blue,55,146,1,129,80,69,30,81,17,74
blue,47,102,7,8,153,112,38,1,129,80
blue,151,145,132,137,70,113,37,150,106,96
blue,154,113,155,17,160,0,60,89,76,80
red,95,40,21,51,80,131,84,71,29,70
blue,37,92,34,29,53,78,13,70,133,33
blue,78,25,120,137,70,53,30,57,85,45
red,145,124,140,50,93,135,102,143,116,153
red,57,54,155,116,45,90,46,121,9,82
blue,22,5,151,29,12,90,38,56,9,108
blue,17,40,32,76,66,22,26,11,156,70
blue,81,94,143,29,45,90,23,155,133,70
blue,22,61,56,133,70,57,40,26,51,128
red,110,145,55,76,12,78,141,23,24,80
red,22,145,73,8,74,25,5,151,51,109
red,90,98,23,76,159,55,154,68,133,100
red,81,5,144,17,45,36,30,55,76,14
red,90,92,138,17,45,146,40,144,9,70
blue,18,74,69,109,153,90,46,57,51,126
red,115,13,121,49,80,0,38,140,17,79
red,145,28,155,8,14,74,135,121,17,100
blue,67,87,150,51,82,90,27,140,50,118
red,90,46,151,122,91,57,13,71,129,4
red,57,86,71,29,53,107,38,139,49,153
red,90,46,121,29,53,110,154,41,9,119
red,151,22,139,17,160,57,60,30,133,12
red,34,134,121,8,53,151,27,71,129,45
blue,42,124,155,133,70,34,97,143,49,119
red,59,38,56,76,109,0,102,44,133,16
red,78,92,138,17,71,150,87,1,9,66
red,151,27,2,136,154,135,30,43,17,119
red,127,46,3,76,12,53,38,159,17,66
red,78,28,95,52,5,97,142,56,51,153
red,18,77,19,49,66,31,40,121,8,70
red,112,92,122,17,66,74,61,19,49,80
blue,101,65,19,109,108,0,149,138,49,66
red,90,142,136,106,12,20,91,26,24,15
blue,57,30,21,8,99,112,38,143,76,15
red,35,28,150,52,82,110,133,121,106,5
blue,134,86,120,133,158,24,54,155,29,148
red,22,27,151,106,14,77,149,144,51,158
blue,90,30,148,51,93,72,102,56,29,119
blue,84,65,2,76,109,110,38,89,102,153
red,2,87,151,29,100,88,67,64,136,79
blue,31,78,54,24,53,135,40,6,9,158
blue,152,27,150,17,12,135,26,2,133,9
red,135,117,53,9,5,102,107,144,76,158
blue,0,146,104,49,9,135,77,54,106,99
blue,42,134,140,147,153,135,84,121,63,71
red,135,30,144,76,108,22,146,150,17,109
blue,135,38,120,49,79,78,65,144,17,119
red,112,46,124,154,108,114,134,150,156,96
blue,91,84,151,17,108,97,134,1,106,100
blue,35,13,138,17,53,114,134,140,116,128
red,22,134,121,29,160,31,46,34,157,148
blue,114,134,151,52,15,103,46,140,50,100
blue,114,130,136,51,80,22,134,121,17,139
blue,18,154,73,106,99,53,134,19,147,119
red,121,145,155,29,118,152,134,120,24,14
red,90,102,2,29,4,74,130,44,50,45
red,131,97,33,109,108,90,75,140,51,70
red,110,40,104,69,80,151,65,3,54,45
red,112,54,43,69,80,18,125,2,52,74
blue,103,67,54,29,45,31,58,121,76,148
red,107,88,55,63,9,18,40,69,106,82
blue,35,142,143,51,9,57,141,124,29,82
red,35,65,68,51,128,31,40,139,49,119
red,78,65,7,116,9,38,67,56,106,96
red,42,58,150,157,45,151,113,56,52,82
red,0,58,1,8,70,34,40,121,29,9
red,90,26,25,116,158,112,88,132,133,80
red,0,141,1,63,14,78,23,94,69,5
red,88,111,3,54,118,0,98,104,150,82
blue,69,102,2,8,82,95,98,140,133,70
blue,97,46,94,29,148,47,134,26,109,153
blue,53,134,121,29,45,151,26,148,51,5
red,115,154,64,50,45,59,27,151,116,93
blue,43,38,11,49,158,146,87,35,29,109
blue,2,65,91,17,12,64,154,43,63,128
red,57,61,11,29,119,31,60,111,17,66
red,47,60,109,51,5,35,54,143,29,108
red,81,124,121,133,70,31,65,2,150,45
red,20,111,155,133,15,123,38,121,9,159
blue,131,23,2,17,71,90,38,121,133,80
blue,112,142,121,29,100,135,102,11,49,45
red,135,23,144,29,100,41,75,89,76,45
red,77,102,11,8,45,0,58,124,76,158
blue,135,124,138,29,158,34,38,37,137,45
blue,6,155,151,69,153,115,38,131,41,80
red,0,38,71,17,158,134,142,55,50,108
blue,36,155,41,49,45,43,67,144,51,100
blue,39,65,144,106,74,62,60,121,51,100
red,31,26,148,17,71,22,30,104,133,45
red,0,40,69,136,133,41,88,11,76,45
blue,41,107,151,49,4,53,88,55,29,45
blue,24,111,121,136,9,31,23,144,106,100
blue,101,142,55,49,112,115,111,32,24,45
blue,151,23,150,76,121,31,5,2,51,100
red,57,54,121,51,45,103,38,140,24,82
red,36,38,56,156,160,101,134,140,51,80
red,18,67,151,51,4,78,60,135,17,53
blue,18,26,37,137,70,38,111,57,24,93
blue,18,75,143,106,5,22,28,84,51,45
red,0,98,7,29,16,88,27,91,116,93
red,112,98,136,49,5,36,40,143,76,79
red,38,26,71,133,153,59,111,89,24,45
blue,142,38,71,76,45,57,26,144,51,70
red,41,23,150,63,148,78,38,7,109,108
blue,21,40,136,17,158,36,111,144,76,153
blue,135,134,64,51,96,131,102,148,29,45
red,95,102,56,29,71,22,30,34,106,93
blue,43,40,105,133,96,127,67,91,137,15
red,158,102,143,51,80,22,60,32,63,70
red,18,97,56,52,82,34,84,155,51,5
red,103,54,10,150,66,24,40,143,52,128
red,47,75,125,63,70,25,40,151,24,158
blue,47,40,93,76,158,88,54,125,116,120
red,78,75,2,52,100,144,61,56,49,96
blue,0,155,158,51,4,115,23,150,50,70
red,81,40,150,129,45,94,113,155,49,82
blue,22,84,150,29,122,95,40,1,129,153
red,0,26,120,29,158,115,58,32,76,70
blue,2,60,132,69,100,127,38,56,129,53
red,43,40,23,29,158,151,38,144,17,53
red,104,38,43,51,89,131,54,150,17,153
blue,25,61,1,116,160,70,40,34,17,71
red,129,40,122,51,158,151,77,143,76,71
red,2,40,3,133,158,137,146,143,129,126
blue,22,130,6,52,100,77,75,2,51,158
red,150,97,121,52,100,57,94,56,17,14
red,20,84,19,24,74,146,28,3,9,14
blue,103,97,71,52,79,135,84,43,76,9
blue,91,84,32,76,80,115,23,155,129,93
red,110,65,159,51,153,0,13,94,17,148
blue,0,154,143,29,12,103,46,71,76,53
red,42,23,65,52,100,123,46,159,8,128
red,57,46,55,17,71,135,155,56,133,119
red,90,61,159,50,45,62,97,121,133,118
blue,41,98,2,24,82,119,142,151,54,9
blue,115,58,140,9,14,72,87,150,17,70
red,36,134,151,52,5,35,98,124,17,100
red,90,77,155,51,119,103,23,124,136,16
red,35,65,124,49,14,47,26,34,17,53
blue,74,26,2,116,153,119,98,56,109,108
red,0,92,43,76,132,2,142,65,29,99
blue,34,13,11,49,110,88,54,151,17,53
red,18,40,56,63,119,2,26,89,51,153
blue,42,13,19,8,53,22,84,2,116,153
red,91,67,120,51,93,47,23,55,29,153
red,134,125,138,24,82,37,40,121,29,14
red,117,111,144,76,158,154,134,140,137,45
red,42,60,32,9,160,144,13,132,17,119
blue,35,142,1,51,82,74,125,143,17,16
blue,90,65,122,17,139,112,130,143,49,12
blue,18,67,125,17,100,107,46,55,116,124
blue,101,13,138,29,93,57,154,56,106,79
red,101,65,1,129,4,151,58,56,69,153
blue,36,38,140,17,53,22,111,64,150,70
red,72,27,140,49,82,36,91,121,76,15
red,152,58,129,54,82,57,38,159,106,5
red,77,13,94,133,120,0,146,121,76,82
blue,145,134,150,51,70,57,46,121,137,100
red,90,58,26,24,93,74,91,151,52,128
red,101,27,11,49,128,31,38,143,51,74
red,36,77,121,19,45,137,87,124,29,97
blue,113,107,151,29,128,120,38,144,9,45
red,31,13,124,133,45,103,91,158,17,148
red,0,91,121,133,153,90,38,143,24,66
blue,0,125,32,133,100,39,91,33,76,158
blue,74,26,121,116,12,131,38,19,9,70
blue,151,26,64,50,12,112,38,136,29,111
blue,102,84,144,76,93,110,38,143,106,111
blue,72,27,0,50,128,102,117,138,51,158
blue,72,58,121,136,12,31,88,143,147,128
blue,2,27,155,116,153,115,91,143,49,12
blue,22,28,157,29,93,48,121,32,51,45
red,43,91,64,24,119,103,54,73,29,148
blue,115,13,55,49,82,112,146,133,147,160
red,0,40,2,49,100,18,102,121,63,119
red,135,142,121,63,70,74,86,1,17,45
red,35,28,121,17,128,0,65,37,51,14
red,0,61,34,136,82,144,91,121,116,153
blue,0,141,64,109,119,95,113,89,29,108
blue,152,13,64,17,158,47,23,155,8,45
blue,107,98,140,133,74,22,13,121,51,70
red,22,40,125,109,148,134,38,143,8,70
red,47,65,64,129,12,110,125,56,29,153
blue,0,60,19,85,100,22,61,140,9,74
red,22,46,159,17,109,74,98,143,52,53
blue,31,13,121,17,16,0,65,120,76,108
red,31,141,122,49,148,158,142,7,133,128
blue,36,65,124,9,71,90,38,56,17,53
blue,43,58,55,17,45,103,78,155,49,12
red,59,58,122,9,70,43,44,1,17,71
red,18,117,109,29,53,90,60,121,51,66
blue,0,26,89,24,126,18,38,144,51,128
blue,20,61,64,29,45,103,67,121,17,119
blue,101,38,155,51,5,152,84,144,17,53
red,64,77,112,8,128,0,38,73,76,100
blue,121,13,150,8,128,0,97,155,76,6
blue,42,146,43,51,160,31,65,143,137,158
blue,0,154,114,51,45,92,46,144,76,53
red,53,30,2,51,100,78,74,125,49,16
blue,0,23,150,137,119,57,155,132,106,120
blue,22,26,125,49,153,151,124,144,76,5
red,90,60,132,85,119,109,98,121,49,93
blue,0,37,71,52,93,90,23,56,138,108
blue,74,75,155,76,159,88,38,144,24,108
blue,57,75,56,106,82,145,27,125,76,79
blue,47,28,89,29,128,35,38,6,106,93
red,22,155,89,17,148,137,40,140,51,12
blue,135,27,136,24,93,119,28,38,129,66
blue,151,78,56,116,53,121,98,155,54,41
blue,135,142,121,24,119,120,146,125,50,80
blue,47,28,56,9,108,135,142,35,54,109
red,137,134,143,49,74,78,98,151,9,82
red,31,27,151,69,12,18,77,56,136,45
blue,90,58,129,54,119,47,98,148,76,70
red,47,98,111,8,119,90,40,143,76,128
blue,2,141,33,8,100,88,87,43,109,158
blue,18,61,64,129,80,151,97,56,51,153
blue,78,75,144,76,119,25,86,121,17,53
blue,121,65,18,76,119,113,107,101,29,108
blue,53,84,94,24,100,22,134,159,29,108
red,2,102,103,29,108,57,38,150,63,45
red,88,78,57,29,108,114,154,143,51,110
blue,95,86,32,54,109,146,58,141,29,119
red,114,27,155,110,108,0,91,121,106,154
blue,37,46,155,109,9,18,77,55,156,14
red,159,142,89,133,93,101,40,1,17,53
red,0,75,1,133,70,37,134,144,63,119
blue,115,111,11,51,93,0,46,21,133,70
blue,38,5,19,51,53,134,28,43,50,14
blue,88,154,73,9,93,90,67,144,50,5
blue,90,113,144,29,5,18,38,143,51,9
blue,150,28,33,29,14,22,38,144,24,93
red,18,67,136,69,12,112,102,155,48,68
blue,91,5,1,136,44,110,141,89,76,33
blue,110,92,143,133,9,3,130,159,51,93
red,47,86,144,106,66,34,84,121,51,14
red,37,97,144,116,45,31,30,133,52,70
red,78,38,64,133,93,22,97,2,52,5
red,114,40,94,17,12,41,130,23,29,9
blue,90,92,1,29,53,35,46,125,17,14
blue,90,134,71,50,79,0,67,132,29,4
red,18,141,55,52,14,48,5,144,29,93
red,51,130,143,106,82,112,65,159,85,158
red,74,58,1,9,5,115,75,2,76,96
red,42,58,71,116,45,37,65,150,52,82
red,0,145,55,116,82,152,38,19,17,128
blue,112,142,132,29,12,31,65,143,156,82
blue,112,124,140,50,70,22,40,89,9,93
red,34,58,68,106,82,43,67,155,24,133
blue,107,54,151,133,7,2,125,121,9,45
blue,47,107,56,51,82,18,30,1,76,84
blue,150,84,101,49,91,121,155,53,106,5
red,18,26,155,24,80,90,30,151,136,45
red,151,141,159,9,158,0,54,43,136,128
red,125,134,11,137,45,151,38,73,51,81
blue,0,40,143,129,71,144,58,31,9,100
red,74,30,91,49,109,41,65,140,17,53
blue,74,75,11,129,93,51,58,148,69,153
blue,103,142,84,9,14,74,65,91,29,53
red,78,88,91,17,153,135,75,33,51,45
red,35,46,91,54,100,34,154,2,51,119
red,31,46,91,17,71,18,142,144,76,109
blue,2,46,91,29,12,143,102,37,49,100
blue,78,28,155,29,33,47,38,91,76,66
blue,101,58,121,49,45,31,87,91,17,9
blue,31,98,6,116,53,90,142,91,29,153
red,2,23,91,52,53,31,117,1,51,128
blue,31,134,120,137,119,0,97,91,76,100
blue,110,26,91,76,79,35,40,56,41,14
red,0,23,91,69,80,145,38,1,133,45
red,43,25,143,76,82,0,54,91,129,128
red,22,23,91,17,99,37,30,6,29,93
blue,39,125,121,85,153,88,46,12,116,66
blue,78,91,133,76,153,143,134,3,129,70
red,90,46,11,8,80,112,26,155,17,53
red,107,130,150,17,160,91,134,121,133,108
blue,44,111,141,52,100,0,84,56,69,119
blue,103,142,64,116,133,22,40,55,17,53
red,62,61,55,150,66,0,46,19,50,53
blue,35,40,140,29,109,34,65,124,17,71
red,43,97,2,63,66,102,155,56,76,158
blue,74,141,143,17,71,107,111,104,133,148
red,18,58,26,29,100,90,40,159,76,160
red,62,91,23,29,93,131,77,159,49,12
blue,36,65,155,69,53,78,84,35,9,71
red,62,40,64,24,82,47,126,87,49,9
red,62,125,89,9,45,142,134,48,24,139
red,62,60,140,116,66,146,74,37,150,12
red,62,60,56,51,96,134,98,34,76,71
blue,38,102,120,50,93,18,23,155,69,153
red,62,65,56,136,128,78,60,155,9,45
red,18,142,121,51,128,47,111,55,49,74
blue,62,102,1,17,44,0,92,121,76,45
red,114,74,129,29,53,37,130,121,133,70
blue,110,111,132,76,119,103,40,121,9,53
blue,18,60,160,76,90,31,65,143,133,119
blue,81,86,144,133,53,78,67,151,116,93
red,112,60,155,49,159,101,13,55,17,53
red,133,26,150,69,71,116,98,1,34,139
red,31,60,140,129,100,22,102,144,116,70
red,0,13,64,17,96,34,60,54,9,121
red,121,61,144,69,53,19,125,101,29,158
red,90,65,150,116,121,155,134,158,50,108
red,101,28,19,9,119,90,38,68,24,53
blue,47,38,2,85,9,91,58,144,133,5
blue,37,23,38,9,128,0,75,121,69,45
blue,18,65,2,116,9,31,23,56,106,45
blue,18,61,121,157,93,47,134,23,49,15
blue,90,26,42,29,100,43,23,155,133,14
red,150,60,115,116,71,22,23,143,51,148
blue,31,92,144,29,121,72,38,114,49,45
red,110,130,114,106,82,146,58,53,54,45
blue,134,67,155,17,45,110,46,114,9,53
red,0,142,89,17,139,90,38,140,76,70
red,37,154,3,9,76,59,13,144,29,45
blue,74,58,26,51,93,107,13,23,133,118
red,0,149,20,51,119,18,142,158,76,12
blue,31,46,32,85,53,0,26,94,52,100
blue,81,111,121,17,53,152,26,94,133,158
red,90,134,94,24,100,74,67,143,137,70
red,135,98,94,29,109,31,26,35,54,45
blue,47,146,56,49,80,72,38,143,17,53
blue,121,154,142,51,70,2,23,151,69,80
blue,146,142,32,51,128,155,65,136,9,71
blue,47,142,6,8,16,42,28,43,116,53
red,155,67,143,51,82,107,26,94,136,80
blue,131,26,56,116,79,2,142,94,17,128
blue,117,130,138,106,14,5,67,94,8,4
blue,0,84,94,129,74,47,65,29,133,100
blue,102,130,2,8,45,103,54,3,50,128
red,115,60,121,85,108,62,130,138,133,80
red,43,125,26,133,70,25,87,136,9,53
red,35,102,73,8,148,0,145,144,49,71
blue,110,154,155,49,128,57,75,158,147,96
red,135,61,136,54,15,18,38,7,109,76
blue,31,38,2,137,93,151,91,56,147,96
red,48,23,73,9,160,37,154,155,17,148
red,0,102,6,50,53,47,38,89,29,80
blue,0,74,144,50,70,36,149,2,49,128
red,0,27,120,24,158,42,13,157,17,15
red,0,107,144,50,45,22,154,139,69,80
red,0,5,144,50,14,152,92,139,116,16
red,101,23,68,69,80,3,46,1,50,45
red,0,84,150,109,9,34,98,121,17,108
blue,78,102,155,129,4,152,134,33,49,70
red,115,54,3,50,128,62,65,2,109,108
blue,150,65,32,69,153,101,26,151,52,100
red,101,142,2,109,108,31,46,23,116,5
blue,107,23,150,51,128,0,65,55,76,108
blue,62,98,19,52,100,74,60,55,9,53
red,62,46,2,116,153,31,91,136,50,30
blue,0,154,56,52,71,78,61,35,106,66
red,0,154,114,129,100,110,134,121,116,70
blue,36,13,159,106,93,144,91,142,63,74
blue,88,98,1,106,82,101,154,21,52,93
blue,74,65,89,137,128,0,46,139,69,80
red,1,38,121,50,70,137,90,101,51,128
blue,74,13,64,129,16,25,86,122,51,100
blue,97,58,121,49,100,90,40,56,109,108
red,97,13,114,69,93,18,149,87,116,119
blue,22,54,51,69,80,37,142,56,76,153
blue,101,102,124,150,100,95,111,139,54,93
blue,137,61,125,24,119,90,84,35,29,53
red,0,54,43,106,82,74,58,55,116,158
blue,25,40,125,138,12,90,38,2,63,70
red,67,28,155,29,45,2,91,72,133,153
blue,18,60,73,51,70,34,30,155,24,53
blue,59,58,155,51,45,135,28,43,133,153
blue,110,13,70,24,79,102,28,151,147,74
blue,150,98,89,106,33,47,28,34,116,100
red,90,98,83,106,118,0,124,148,49,45
red,47,28,155,51,45,91,46,56,17,12
red,20,28,155,17,45,35,149,144,24,128
blue,151,46,140,9,70,127,98,155,106,100
red,0,28,151,29,108,78,58,148,150,99
blue,42,111,1,52,100,62,28,119,29,153
blue,78,28,94,69,118,110,0,121,17,158
red,131,28,155,51,80,103,58,68,85,128
blue,47,46,73,9,79,78,13,144,76,82
red,81,141,55,129,79,0,38,1,51,74
red,47,54,121,106,93,103,83,97,51,99
red,0,142,140,24,93,18,61,51,133,82
red,101,154,121,137,120,72,60,21,156,93
red,22,28,143,24,45,0,141,2,116,120
blue,31,28,121,51,45,53,149,144,52,120
red,152,13,23,51,120,103,54,151,52,100
blue,59,111,155,52,33,88,141,2,51,45
blue,37,65,64,9,100,43,141,56,116,120
red,115,142,11,24,158,129,102,2,76,120
red,131,111,94,49,120,36,38,19,76,126
red,150,46,1,29,120,22,141,2,129,93
red,41,130,125,29,120,57,142,121,51,15
red,150,127,155,51,148,0,37,121,63,120
blue,134,61,53,123,108,48,28,150,17,120
red,152,141,56,9,120,83,94,55,76,153
red,0,40,150,129,120,123,13,143,51,16
red,0,30,155,29,120,36,134,143,76,5
red,0,75,3,137,45,43,44,11,29,120
blue,78,38,136,17,128,0,28,11,29,120
red,110,30,1,17,120,36,60,121,106,93
red,103,104,53,8,120,18,60,144,137,70
blue,119,117,64,9,120,31,37,151,76,109
blue,119,142,105,51,79,36,23,150,49,120
red,103,133,159,51,154,137,61,21,76,82
blue,110,78,2,49,16,137,46,64,24,93
red,35,60,89,49,100,47,38,143,106,121
red,31,141,140,49,119,0,113,56,24,153
blue,18,134,121,9,139,90,94,159,76,53
blue,151,84,121,17,71,104,141,64,106,5
blue,151,13,121,133,153,35,141,64,49,100
blue,37,23,150,151,82,2,46,140,51,119
red,81,23,150,17,159,115,86,144,29,53
blue,62,61,68,29,128,90,23,150,133,79
red,62,61,144,51,16,90,40,155,49,108
blue,43,13,11,24,93,57,23,151,136,80
blue,0,58,138,76,158,34,23,150,109,80
blue,151,46,57,147,70,18,40,155,29,45
red,2,141,64,76,108,21,38,151,17,71
red,91,30,69,76,128,144,141,43,50,45
red,35,141,55,17,71,0,81,144,109,100
blue,22,130,11,116,153,131,40,113,9,126
red,131,142,150,19,12,34,107,140,76,100
red,0,38,2,24,128,91,13,104,51,66
blue,151,74,121,9,41,107,5,155,17,15
red,36,98,121,50,45,151,134,68,106,82
red,117,77,150,51,53,18,26,144,9,70
blue,35,107,2,24,82,74,75,23,76,99
blue,72,65,19,133,45,0,124,3,54,82
red,36,130,104,17,71,144,155,132,156,53
blue,135,146,55,116,153,36,134,143,76,5
blue,114,46,151,76,53,107,30,73,17,71
blue,59,145,89,49,93,78,125,51,9,119
blue,81,75,139,9,45,37,65,56,136,80
red,112,27,143,17,108,22,142,157,49,12
blue,112,113,3,17,79,117,88,143,76,71
blue,112,28,56,52,82,18,87,71,156,12
blue,31,28,2,8,70,112,102,64,17,9
blue,110,142,55,29,45,112,86,2,17,71
blue,22,27,121,137,119,112,40,19,17,53
red,18,87,143,29,53,144,13,73,51,12
blue,35,61,3,29,153,91,141,2,137,70
blue,43,23,125,24,45,127,141,105,50,99
blue,78,141,121,106,93,112,60,89,137,119
red,78,125,144,24,100,18,38,104,17,71
red,47,67,21,137,128,31,154,121,116,118
red,47,107,2,51,74,18,46,3,56,16
red,131,102,90,76,148,145,60,143,17,71
blue,74,60,144,9,118,102,28,121,129,4
red,117,87,55,116,6,47,28,11,9,70
red,0,28,53,9,126,110,5,121,8,93
blue,31,38,55,76,12,18,111,121,17,79
red,107,27,150,9,128,74,65,122,133,70
red,35,13,120,17,70,3,84,33,51,119
blue,18,154,11,8,4,31,26,94,63,70
blue,39,149,121,17,118,2,84,69,76,128
red,78,61,150,109,45,18,38,143,51,14
blue,31,26,121,24,96,53,13,56,9,153
blue,42,13,140,106,93,2,65,89,17,100
red,110,23,43,51,14,103,26,144,29,158
blue,101,142,132,8,53,0,102,37,76,96
blue,74,97,1,24,4,120,98,19,17,14
blue,47,37,94,69,53,78,65,56,106,93
red,37,58,155,24,14,78,125,56,137,70
red,74,40,159,51,79,92,86,56,69,80
blue,112,58,121,69,14,18,13,56,50,70
red,90,97,56,51,100,137,26,155,52,6
red,101,134,6,51,119,110,40,56,76,14
blue,0,134,121,116,82,3,26,148,69,128
blue,135,23,1,29,70,0,134,121,76,82
blue,37,28,150,129,12,22,134,151,24,82
blue,22,75,121,24,4,78,111,132,51,128
blue,112,23,150,51,119,22,155,57,29,153
blue,47,74,26,106,82,0,58,132,137,100
red,47,40,54,137,96,152,154,144,106,82
red,0,142,105,133,128,78,134,2,150,154
blue,47,134,132,51,53,0,61,89,147,80
red,78,125,55,9,119,0,134,129,133,96
red,22,60,143,29,153,88,125,144,76,100
red,113,84,155,17,70,0,134,11,69,64
red,47,40,137,76,66,0,154,121,150,82
blue,43,54,91,51,16,0,134,121,9,80
red,151,67,48,51,14,22,134,57,136,53
blue,57,40,6,17,109,146,91,121,29,9
blue,47,54,140,17,158,18,134,63,136,70
blue,31,23,64,106,96,107,142,155,41,158
blue,77,27,2,106,66,0,40,155,3,80
blue,74,125,105,137,59,88,58,56,129,100
red,112,86,55,17,80,101,61,121,116,53
red,74,60,151,129,66,3,46,120,17,128
blue,22,75,2,29,14,74,102,155,51,120
blue,36,98,139,63,119,81,102,29,54,70
red,88,27,68,17,71,3,149,107,24,5
red,22,98,1,133,45,110,146,56,129,70
blue,18,154,56,17,79,19,125,29,76,66
blue,43,97,155,157,66,78,125,136,106,82
blue,36,58,138,76,80,78,145,155,133,70
blue,47,38,143,136,100,35,124,150,49,109
blue,34,23,150,129,82,101,134,91,50,53
blue,74,107,89,137,12,34,154,56,51,82
red,20,145,121,50,45,22,38,1,129,154
red,110,125,19,9,148,88,65,155,29,71
red,113,134,136,76,16,151,141,121,49,128
red,31,107,54,76,12,47,61,51,52,93
red,51,97,139,133,45,18,107,150,69,12
blue,134,154,155,129,128,74,40,53,49,9
red,31,60,155,51,148,43,79,151,116,71
red,115,67,94,51,100,13,134,73,17,5
blue,2,91,90,29,71,82,23,94,49,45
blue,152,107,150,49,80,95,58,11,129,96
blue,34,78,91,49,45,110,28,43,76,108
red,159,65,64,49,79,48,13,33,106,14
blue,18,38,32,129,158,47,130,55,49,100
red,151,77,144,76,79,90,38,56,49,100
red,34,5,73,49,118,144,111,159,133,45
red,131,23,144,76,45,74,46,15,116,16
red,31,38,139,76,109,110,124,2,29,158
blue,146,111,2,133,108,0,40,148,29,9
blue,110,75,68,49,120,18,145,136,76,119
red,0,141,138,29,12,113,102,1,50,128
blue,92,134,140,129,70,0,75,121,76,100
blue,34,60,73,50,128,37,58,1,76,93
blue,74,111,56,17,9,48,38,2,95,109
red,114,87,143,76,128,81,125,73,50,14
red,134,102,73,116,158,25,87,144,76,5
red,22,58,2,29,53,0,102,143,76,45
red,47,58,121,17,45,135,154,55,24,108
blue,134,141,59,143,80,72,13,121,129,5
blue,34,84,64,51,5,47,60,159,116,15
blue,62,125,1,9,45,131,124,155,129,109
blue,47,134,70,116,99,25,87,155,51,74
blue,47,26,155,17,74,144,61,0,129,82
blue,74,46,144,8,121,47,92,19,29,71
blue,37,75,89,17,45,107,65,48,133,76
blue,91,142,159,51,93,47,75,89,106,82
blue,47,141,32,106,100,107,30,155,133,70
blue,0,93,90,76,15,47,26,155,106,128
red,47,67,155,106,99,18,107,101,50,109
red,47,23,110,106,100,34,13,148,24,4
blue,103,13,124,29,45,37,23,7,106,100
blue,112,61,109,17,71,38,60,144,29,153
red,47,61,2,29,9,90,23,158,69,80
blue,115,60,89,17,6,47,98,122,106,100
red,47,13,90,106,100,134,58,136,63,70
red,47,23,94,29,128,25,86,139,49,14
blue,131,60,2,76,119,145,134,53,29,80
blue,19,54,151,116,41,53,91,47,29,5
red,47,60,64,29,82,35,102,1,137,53
red,90,111,91,129,16,47,38,70,29,43
red,47,142,6,51,158,120,60,26,9,119
blue,47,142,143,8,45,22,23,131,29,118
red,47,87,69,49,160,90,134,143,52,14
blue,18,5,57,51,15,47,94,41,137,53
red,31,154,20,76,91,22,58,67,129,139
red,72,58,105,51,80,47,26,155,109,93
red,22,86,124,9,118,47,38,73,106,126
red,150,38,159,51,108,36,30,143,133,153
red,41,61,2,51,66,47,155,143,136,82
red,47,145,10,51,74,97,87,94,137,5
blue,144,102,41,116,93,47,60,68,24,148
red,47,146,140,109,118,92,65,148,8,119
blue,42,145,56,9,100,47,75,138,76,82
red,47,46,139,49,45,110,134,144,136,128
blue,0,58,143,49,80,152,74,56,9,153
red,47,75,56,76,93,91,134,1,17,80
blue,37,75,155,9,108,47,60,121,76,109
blue,35,149,140,49,71,47,40,157,76,9
red,47,134,122,29,158,31,38,89,51,119
red,35,97,151,17,158,57,87,34,150,100
red,47,58,138,76,45,152,23,129,156,70
blue,131,134,151,150,120,107,38,124,51,109
blue,151,142,83,29,79,18,141,56,76,54
blue,90,26,124,51,108,37,77,143,29,96
blue,37,88,64,51,70,0,54,33,9,53
blue,0,58,11,129,70,35,23,115,51,108
red,155,58,32,76,153,121,13,2,150,108
blue,115,87,121,24,80,18,107,73,54,45
blue,115,87,159,51,153,34,40,67,106,128
blue,22,61,89,116,159,115,87,138,17,158
blue,21,77,132,133,53,115,58,39,17,74
blue,115,28,148,17,159,78,141,19,49,96
red,115,65,120,52,53,107,23,3,76,119
red,115,65,124,51,128,34,26,71,76,74
blue,78,38,159,76,118,35,60,55,133,14
blue,55,142,119,17,108,101,88,158,138,45
blue,39,58,89,106,82,0,27,121,133,70
red,18,74,144,9,80,22,40,2,17,41
blue,36,46,138,147,96,103,74,143,151,109
red,103,74,144,17,158,72,130,136,49,12
blue,103,54,155,116,119,19,23,101,137,70
blue,18,13,155,63,100,72,54,150,24,45
red,144,87,122,51,118,90,38,132,17,70
blue,74,65,1,17,53,92,98,140,76,16
red,36,65,122,69,80,129,67,2,85,119
blue,43,38,56,29,160,110,26,73,49,45
blue,114,86,64,9,119,81,98,115,54,45
red,135,61,140,109,108,103,38,129,76,5
blue,47,38,23,49,100,110,107,55,29,93
red,0,38,11,52,119,101,28,6,116,45
blue,39,102,53,50,45,41,46,143,51,12
blue,110,38,121,51,109,151,75,71,76,82
blue,18,142,55,133,158,103,67,151,129,53
red,2,130,139,8,119,0,134,132,24,128
red,67,38,0,116,91,48,102,2,49,71
blue,107,141,143,52,82,101,134,68,63,100
red,135,134,121,17,83,36,75,55,51,93
red,34,134,155,129,128,135,67,150,51,119
red,115,38,2,76,159,151,91,56,129,5
red,31,38,143,106,74,43,81,71,8,100
red,43,38,56,29,45,47,60,143,24,80
blue,134,30,119,17,80,2,38,19,24,15
blue,43,134,33,50,100,78,46,21,17,71
blue,0,40,114,29,53,35,134,23,24,108
blue,101,77,55,63,154,103,38,140,29,100
red,130,38,124,49,158,35,40,46,17,9
blue,25,5,151,29,66,101,134,11,76,79
red,88,91,144,52,128,35,38,55,116,100
red,90,74,21,76,93,18,60,143,24,108
blue,31,30,151,9,93,88,107,150,51,99
blue,0,13,2,138,91,31,23,150,106,140
red,18,60,68,49,139,20,98,155,129,14
blue,57,13,69,29,153,31,134,64,24,119
blue,92,98,1,24,93,43,40,143,76,70
blue,142,84,34,8,70,47,86,144,29,148
red,127,130,150,54,82,0,28,144,17,45
blue,0,133,1,76,12,103,91,148,143,80
blue,81,26,121,76,119,18,46,136,109,45
blue,101,84,121,116,45,22,130,56,51,96
blue,106,13,2,133,153,0,26,121,76,53
blue,36,23,19,17,53,37,142,121,9,70
blue,103,84,143,9,93,77,60,26,29,53
red,34,142,159,51,82,146,97,84,24,45
blue,134,38,144,129,139,103,84,148,76,119
red,154,65,101,49,93,150,30,119,29,14
blue,31,98,26,29,53,35,84,151,52,128
blue,107,91,125,17,93,78,58,19,129,45
red,107,134,140,17,121,18,58,2,106,126
blue,113,65,139,49,53,31,58,122,109,108
red,151,38,121,109,119,47,98,120,116,153
blue,114,87,148,150,80,121,130,19,85,93
red,22,58,26,150,93,110,134,159,29,45
red,2,46,155,76,100,47,86,65,137,71
blue,130,38,23,49,9,22,13,155,54,153
blue,74,125,33,147,119,115,40,121,9,45
blue,90,94,121,29,119,81,65,1,8,53
red,115,60,71,51,80,136,111,121,17,45
blue,0,60,32,51,111,22,27,139,133,53
red,130,26,155,51,16,77,145,1,29,9
blue,31,142,1,8,70,0,23,140,17,53
red,47,102,1,106,14,31,65,140,129,70
red,18,61,144,120,53,112,65,2,115,153
blue,101,60,2,137,93,110,107,155,49,12
blue,88,87,2,106,82,31,142,121,29,96
red,110,38,1,133,45,134,102,89,49,158
red,0,60,1,49,159,62,91,124,116,109
blue,62,13,143,109,118,18,92,121,76,80
red,48,94,143,63,118,43,142,11,70,45
red,35,107,155,9,74,137,40,43,49,53
red,112,13,121,29,100,34,54,1,76,71
red,0,13,11,76,70,42,154,122,51,120
blue,103,60,121,51,53,152,13,140,129,153
red,151,27,144,17,53,102,75,1,76,79
red,158,38,143,63,82,151,27,129,54,80
blue,18,65,143,133,119,158,102,11,8,118
blue,31,27,138,133,153,158,75,3,76,74
blue,103,124,84,137,128,158,26,94,129,154
red,158,134,64,76,5,103,67,122,51,99
red,158,23,150,133,82,115,74,69,50,15
red,112,84,158,129,91,88,40,2,29,153
blue,47,65,109,133,70,42,13,158,8,128
blue,158,13,143,133,70,2,126,109,29,45
red,94,125,158,69,80,90,155,121,17,128
blue,158,65,139,52,153,115,78,151,29,14
red,0,107,158,136,128,150,60,68,17,119
red,18,5,155,158,71,47,84,94,51,16
red,133,74,143,158,119,78,77,105,137,126
red,114,46,158,106,100,42,30,144,137,118
red,62,74,143,76,45,78,61,125,24,82
blue,88,91,19,52,14,115,75,159,54,74
blue,0,65,121,69,158,115,26,155,85,15
blue,0,98,32,49,124,90,38,55,133,16
red,88,141,2,17,153,103,142,23,76,119
red,69,87,151,24,80,137,60,23,129,45
red,88,145,143,17,148,78,155,55,106,153
red,36,84,105,24,70,88,75,56,49,16
red,0,58,105,17,15,115,142,1,51,128
red,110,84,2,51,12,31,124,0,129,82
red,131,46,104,76,14,47,134,121,9,158
blue,107,75,55,133,119,103,38,1,54,158
red,39,102,26,24,158,36,54,23,85,70
blue,152,134,1,24,96,88,97,140,29,45
blue,0,111,122,17,93,43,61,132,51,45
red,57,28,56,8,9,110,107,151,129,109
red,18,26,0,17,128,131,113,143,137,158
blue,114,87,55,133,53,103,27,151,137,66
red,137,142,64,17,70,101,87,2,133,53
blue,36,142,143,137,141,0,13,1,76,121
blue,54,124,115,17,45,74,142,155,49,109
red,31,13,143,17,158,151,107,26,69,153
blue,62,30,11,17,79,78,125,1,8,70
blue,107,65,143,51,93,114,58,3,106,99
red,0,38,2,29,83,51,40,155,17,15
red,150,23,151,69,80,0,91,144,76,74
red,104,74,155,116,108,110,60,121,51,45
red,95,87,64,156,53,107,102,55,17,81
blue,101,87,121,76,100,18,117,1,24,158
blue,9,50,29,51,76,22,60,159,150,148
blue,43,38,6,29,12,101,60,56,24,100
blue,2,61,121,9,99,81,13,1,133,16
blue,43,65,122,9,45,36,154,139,76,14
blue,67,97,155,150,4,35,28,139,17,79
blue,43,77,144,150,66,79,75,139,8,100
red,22,102,2,51,71,101,75,139,50,100
red,115,60,121,17,79,90,40,150,54,9
blue,146,38,64,17,53,42,75,143,138,139
red,22,13,43,29,53,112,40,148,51,153
blue,53,38,1,116,76,48,111,151,85,82
blue,112,27,104,133,153,101,84,3,17,53
red,0,84,54,129,100,101,78,121,106,4
red,77,98,1,15,80,146,149,56,9,119
red,0,37,122,17,158,101,65,148,76,5
red,54,65,147,85,153,151,23,55,63,45
red,90,98,121,76,14,120,88,151,106,110
red,88,44,26,69,153,0,27,121,133,45
red,45,38,120,49,158,74,13,148,9,82
blue,31,58,11,116,153,114,23,64,133,158
blue,22,23,43,129,93,114,102,2,133,158
red,74,67,43,24,93,31,13,155,137,124
blue,74,38,56,69,119,33,13,140,76,100
red,88,130,19,137,79,113,97,2,133,81
red,41,23,150,156,119,0,130,143,109,45
blue,0,154,55,106,128,114,40,143,9,158
blue,22,65,151,136,9,103,94,2,29,45
blue,48,60,151,109,70,112,61,136,29,12
red,135,47,21,51,45,152,23,155,76,15
blue,0,141,140,17,74,131,37,129,52,15
red,22,142,158,76,15,0,38,121,50,128
blue,78,60,23,17,12,123,54,125,8,33
blue,134,154,121,106,133,110,40,143,76,70
red,81,98,143,17,96,131,67,41,150,45
blue,121,130,68,63,70,90,98,55,9,53
red,81,155,143,133,66,74,107,140,76,45
red,43,38,32,54,66,18,155,121,76,99
red,43,154,121,50,119,77,146,148,76,12
blue,78,60,32,69,80,113,58,155,76,96
blue,101,54,137,17,71,152,134,140,9,80
red,146,107,83,76,153,31,28,155,8,14
blue,144,125,155,106,5,2,13,104,76,80
blue,22,141,121,17,128,31,86,104,51,93
red,74,13,143,9,70,36,84,21,76,45
red,18,154,34,24,4,90,141,56,116,119
blue,22,141,56,51,119,57,102,155,29,80
blue,131,84,151,51,93,0,23,155,109,119
blue,0,102,155,50,119,35,23,53,106,79
blue,0,27,19,54,119,90,130,68,29,93
red,18,38,56,17,160,47,61,104,52,100
red,137,26,11,116,45,110,87,71,150,96
red,131,23,143,51,96,37,40,140,133,153
red,42,102,120,76,96,115,26,144,49,148
blue,74,155,73,50,16,81,60,150,17,100
red,152,65,56,116,119,78,46,143,50,14
blue,37,141,143,29,126,90,134,71,17,53
blue,160,134,122,116,153,127,154,121,49,108
red,35,27,150,137,100,112,38,114,76,153
blue,78,75,155,17,45,35,141,55,51,14
red,36,40,1,137,53,127,86,0,29,9
red,152,38,155,129,121,123,111,151,76,5
red,34,38,56,52,16,110,154,144,9,99
red,69,38,143,76,82,74,60,125,139,111
red,22,38,144,106,12,53,142,151,54,108
blue,90,88,144,76,123,110,38,2,129,16
red,103,102,143,52,66,18,130,144,9,53
blue,103,102,19,76,93,152,84,136,9,45
red,110,46,121,29,100,130,87,2,24,93
blue,81,30,121,133,80,117,142,68,24,45
blue,154,86,150,29,12,155,30,109,9,16
red,48,75,120,49,70,103,38,138,50,9
blue,59,65,121,156,45,110,94,109,147,128
red,22,87,55,24,119,90,111,151,54,12
blue,72,77,148,51,96,31,65,121,29,139
blue,110,28,94,17,128,91,26,155,24,74
blue,31,40,89,51,93,18,37,43,9,148
red,31,125,143,17,12,103,124,94,76,45
red,110,102,71,24,93,18,130,68,17,79
blue,103,142,144,29,66,74,58,143,51,45
red,26,155,68,51,64,112,111,56,85,37
blue,146,145,150,136,100,78,98,155,24,70
blue,18,67,1,76,140,74,38,54,17,160
red,90,58,56,76,9,3,27,121,85,128
blue,47,111,148,76,70,90,23,144,8,45
red,90,154,71,24,45,62,40,23,29,53
red,90,58,120,49,139,42,47,138,29,12
blue,18,60,148,8,100,74,46,2,147,119
red,35,27,56,49,108,90,155,2,17,37
red,90,86,143,8,128,22,134,78,76,158
red,39,60,136,76,53,18,97,10,29,118
red,34,117,55,29,79,78,75,150,133,82
blue,22,38,144,76,45,137,134,120,24,53
red,91,13,121,147,12,39,40,139,136,93
red,121,75,90,50,96,101,60,64,51,14
red,34,88,55,133,80,31,134,143,63,158
blue,0,23,121,106,128,151,60,55,147,96
red,38,60,55,108,118,36,75,155,24,139
red,151,38,55,106,82,114,23,6,150,70
red,151,155,55,76,128,18,26,150,133,80
red,81,142,55,137,66,47,125,143,51,126
blue,78,130,143,9,109,0,149,55,76,80
red,18,145,132,147,45,74,75,121,76,5
red,18,149,55,24,119,103,142,19,76,128
blue,77,87,116,150,114,43,38,55,85,119
blue,110,30,48,51,128,43,107,55,106,45
blue,90,38,132,17,157,110,86,140,133,158
red,47,38,132,29,80,72,28,143,17,53
red,0,146,140,49,160,119,130,132,63,45
red,110,134,151,106,148,42,102,73,24,93
blue,0,26,94,69,80,2,134,34,106,93
blue,0,146,140,51,80,31,30,10,29,45
blue,31,38,55,63,70,37,107,150,29,80
blue,78,23,155,51,80,0,38,144,29,45
blue,112,37,3,24,158,90,58,138,17,71
red,0,97,144,49,139,134,58,121,17,160
blue,151,40,19,17,153,31,23,150,116,45
blue,39,58,155,29,160,90,23,129,76,100
red,35,40,26,106,5,92,75,94,137,126
blue,59,75,89,49,148,103,77,1,17,119
red,57,134,151,69,153,18,75,119,29,80
blue,22,26,121,17,53,145,28,150,106,120
blue,110,26,151,106,5,42,113,136,51,158
red,110,40,158,29,80,31,84,133,17,45
red,95,23,56,24,70,115,40,2,29,153
blue,22,75,55,24,5,47,26,129,106,82
red,35,84,91,17,74,62,102,94,9,70
red,39,111,125,17,119,37,65,43,69,80
blue,88,30,138,106,100,25,130,26,24,128
blue,77,60,1,136,70,3,125,56,24,80
red,95,23,150,24,158,101,130,121,50,45
blue,34,75,143,51,80,74,40,94,17,15
blue,103,75,150,17,45,115,84,151,133,96
blue,155,98,1,137,5,18,84,94,106,4
red,31,98,55,17,45,47,65,144,51,153
red,111,54,55,76,119,154,46,121,106,16
blue,101,78,150,129,82,31,58,2,51,80
blue,91,98,56,51,5,36,65,121,29,53
blue,107,38,56,116,119,47,124,55,137,70
blue,25,134,119,76,9,78,13,144,137,70
blue,57,44,2,106,128,31,58,144,17,79
blue,42,154,124,76,71,48,28,68,29,119
blue,84,107,143,49,66,110,102,23,29,45
blue,90,149,73,133,93,20,46,151,51,45
blue,42,86,124,29,12,11,65,1,51,93
red,101,65,73,50,9,110,67,140,76,80
red,22,38,23,76,139,101,65,73,63,70
red,127,154,64,17,79,31,27,151,116,37
blue,90,92,55,133,93,112,146,6,137,66
red,22,61,7,106,158,35,102,2,17,93
red,103,107,121,17,45,0,154,2,29,109
red,127,46,120,129,109,112,117,155,50,158
blue,35,75,55,52,45,110,94,56,29,133
blue,90,23,150,47,65,78,134,55,76,123
blue,77,87,136,24,128,74,130,1,51,80
red,0,38,143,129,53,43,107,6,52,82
blue,88,26,121,9,66,74,75,55,129,120
blue,57,38,55,29,53,18,40,144,129,82
red,37,77,150,29,119,110,30,143,129,99
red,47,13,140,9,158,91,98,64,129,128
red,36,65,140,50,100,18,67,11,9,3
red,103,13,72,137,45,90,23,150,17,79
red,151,65,121,137,53,115,86,143,17,71
red,115,60,140,51,148,110,84,94,29,80
red,47,111,143,51,100,31,23,11,133,119
red,43,125,143,76,100,0,154,64,69,80
blue,13,107,159,153,106,90,58,150,133,70
red,146,65,64,76,16,107,46,121,24,5
red,110,130,114,129,14,115,40,55,54,12
red,103,60,143,69,159,0,26,68,9,126
red,88,141,120,24,100,146,40,33,129,15
red,91,30,15,51,100,22,13,138,29,121
red,22,134,32,9,41,153,58,19,76,70
blue,90,60,140,41,4,146,67,11,116,109
blue,0,28,38,133,126,103,134,121,29,12
blue,3,65,159,133,70,36,60,158,17,108
blue,0,26,121,76,118,130,125,138,17,45
blue,135,40,41,63,70,101,65,148,147,96
blue,0,47,32,29,53,37,98,159,51,70
blue,112,27,1,9,14,110,58,144,51,148
blue,57,97,53,133,119,152,84,2,17,100
red,151,91,121,24,53,36,125,124,51,70
red,90,38,125,51,119,31,65,55,76,80
red,18,28,101,17,74,36,155,121,8,153
red,107,38,71,24,128,78,88,21,76,119
blue,0,154,26,24,53,62,98,144,116,148
blue,31,40,121,52,79,112,86,2,24,160
red,103,87,150,147,109,107,84,125,24,158
red,134,28,121,51,66,22,58,3,54,119
blue,107,134,121,24,93,150,27,124,76,5
blue,22,25,121,9,82,134,146,64,133,153
blue,48,23,65,133,109,90,141,11,9,70
red,20,91,2,24,53,0,28,140,106,153
blue,22,75,140,76,79,112,23,38,24,53
blue,25,130,26,150,153,41,38,143,24,74
red,134,104,142,29,45,81,38,144,133,118
blue,18,149,140,52,128,146,13,21,51,93
red,72,86,3,54,93,62,75,121,29,12
blue,77,38,124,52,128,90,141,144,29,70
blue,144,58,94,51,93,78,86,89,24,79
red,59,86,125,49,80,37,58,55,29,82
blue,101,84,138,116,70,90,125,55,133,9
blue,90,28,43,17,16,74,38,23,116,93
blue,0,113,144,24,14,81,37,148,76,45
red,35,65,150,116,12,22,38,122,51,45
blue,0,58,121,136,138,123,60,143,76,9
blue,95,141,121,106,53,43,134,150,109,120
blue,22,67,155,51,97,95,154,144,49,126
red,0,40,121,49,45,31,154,56,17,70
red,152,84,7,49,45,103,60,55,76,80
red,31,142,56,29,153,20,28,1,49,93
red,141,61,55,49,71,78,149,1,116,148
red,18,40,55,49,45,101,46,143,76,80
blue,2,13,55,133,70,151,30,43,51,93
red,47,65,121,29,153,101,26,143,17,120
red,31,107,55,49,53,90,23,150,76,45
blue,151,142,2,76,119,0,38,55,51,96
blue,103,40,143,24,128,112,146,55,17,153
blue,22,37,94,106,99,35,141,144,157,153
blue,0,28,159,106,70,48,84,55,29,153
red,101,149,73,8,33,22,134,2,137,158
blue,101,13,64,9,45,88,86,143,116,100
blue,2,146,129,51,53,123,40,121,8,9
red,112,61,53,133,45,134,40,121,50,158
blue,0,75,143,137,70,85,77,2,76,96
red,22,67,94,51,16,110,27,18,106,5
red,22,38,136,76,5,35,142,138,17,120
red,131,117,121,29,93,0,46,42,157,119
red,103,149,56,9,100,131,77,33,52,80
red,103,149,132,29,96,90,61,121,49,148
blue,42,84,125,133,80,134,58,11,17,70
red,137,145,7,133,158,135,88,73,29,45
blue,105,65,7,51,158,35,23,140,76,82
blue,35,40,143,29,53,101,60,7,106,14
blue,115,30,144,69,33,34,84,7,106,109
red,115,75,7,17,45,135,26,94,49,53
red,0,38,7,138,108,123,60,122,51,45
blue,88,37,143,49,158,57,142,7,129,82
red,81,40,7,29,118,42,74,125,24,15
blue,51,130,143,8,128,90,40,138,17,80
red,113,40,138,29,126,110,23,54,49,93
red,20,38,109,50,120,72,91,26,133,111
red,74,102,121,54,93,0,13,104,9,118
blue,95,134,121,76,45,81,98,56,17,66
blue,74,26,1,133,91,0,58,150,124,70
red,31,58,2,69,79,150,65,89,108,139
red,43,67,155,9,45,22,46,56,17,119
red,20,75,56,49,53,112,142,143,50,148
blue,35,60,56,150,126,110,74,124,133,70
blue,90,38,11,17,53,42,154,56,51,153
red,155,92,159,17,96,34,65,68,147,53
red,22,44,37,17,79,0,13,56,51,82
red,31,28,143,76,128,151,38,71,8,109
red,0,146,20,129,119,131,58,56,133,128
red,101,40,56,129,128,0,149,140,8,66
red,134,26,155,63,70,22,154,143,8,109
blue,135,54,155,51,4,88,40,159,133,70
blue,47,141,56,17,119,74,23,150,85,153
blue,151,58,19,116,70,25,40,56,8,128
blue,112,86,32,156,80,18,54,155,51,45
blue,22,84,155,17,91,112,75,26,133,96
blue,18,38,122,133,70,47,65,155,144,45
blue,22,75,121,9,70,37,125,56,17,45
blue,78,65,11,51,82,39,102,155,29,159
red,152,141,120,69,119,110,61,56,106,99
blue,78,75,86,17,70,103,97,155,109,12
red,31,98,23,17,79,151,65,148,9,109
red,119,141,56,29,159,47,134,143,156,158
red,119,23,94,9,53,95,84,155,52,121
blue,43,13,56,106,82,90,97,159,76,100
blue,36,155,56,106,128,137,111,121,17,108
blue,38,134,89,85,128,151,46,56,106,4
red,78,23,151,22,119,74,134,56,106,96
blue,151,125,56,9,45,112,13,155,106,70
blue,77,141,2,76,100,37,134,56,24,158
red,103,38,56,147,66,0,13,7,9,82
blue,135,61,155,129,71,22,102,55,147,79
blue,22,78,53,9,158,0,134,56,49,45
blue,22,107,56,109,108,77,134,148,17,45
red,2,141,56,133,119,22,154,1,129,93
red,74,67,139,24,45,101,98,1,49,79
blue,0,38,64,76,108,158,130,2,9,120
blue,73,142,2,76,45,101,13,55,17,111
blue,101,91,1,51,128,110,58,124,52,119
blue,151,40,1,106,5,0,111,76,133,100
blue,31,107,138,8,45,112,145,56,51,82
red,63,134,144,109,79,31,27,6,133,153
red,37,75,144,29,53,131,30,159,137,128
red,37,75,55,76,108,18,124,140,29,81
blue,43,23,155,76,9,104,142,53,29,158
red,112,111,155,29,14,18,86,144,133,45
blue,39,98,101,106,5,53,117,155,76,108
red,10,28,155,76,5,36,92,138,49,153
blue,135,154,20,50,70,37,97,155,49,12
red,107,38,1,133,119,123,87,121,49,15
blue,35,27,11,51,45,54,60,10,29,119
red,81,60,11,50,99,0,65,68,8,70
red,62,87,55,116,45,135,13,132,24,119
blue,47,84,81,106,82,18,113,0,136,119
red,103,154,2,17,153,19,65,26,136,45
blue,36,58,121,85,80,19,86,105,106,99
blue,88,61,68,9,119,146,38,89,49,158
red,107,60,122,17,71,43,145,140,51,124
red,115,145,138,51,5,57,102,69,17,93
blue,0,146,150,106,14,158,141,155,133,70
blue,123,92,64,76,70,150,65,140,136,53
blue,90,38,124,18,160,78,145,155,19,82
blue,88,87,55,17,79,74,40,94,29,76
blue,74,38,155,157,45,47,111,68,17,80
red,34,117,159,109,118,22,124,53,63,70
blue,18,92,19,8,15,42,65,121,49,71
red,0,26,155,133,100,77,149,121,76,12
red,36,87,121,51,45,31,58,2,17,80
blue,0,86,56,17,53,146,98,68,76,9
red,110,134,2,116,53,0,154,121,17,128
red,110,27,1,29,12,0,23,42,76,71
blue,126,125,41,17,80,18,40,155,109,45
blue,47,117,19,133,70,31,46,68,76,53
blue,151,145,136,109,108,102,134,121,24,160
blue,90,142,121,9,148,34,23,155,137,45
red,84,46,56,29,12,101,94,140,106,110
blue,62,98,159,17,5,43,111,19,116,100
red,31,38,2,51,12,110,98,89,8,70
red,115,58,151,76,1,34,13,105,133,70
blue,43,142,2,52,53,35,65,124,17,45
red,152,13,124,29,45,34,30,2,51,108
red,31,61,2,49,82,110,23,155,76,53
blue,121,86,124,129,70,112,26,94,106,5
red,22,155,11,106,128,134,67,148,17,53
blue,113,28,139,17,80,146,77,136,133,128
blue,90,60,158,116,119,123,154,35,76,80
red,22,142,73,49,100,131,113,121,76,12
blue,90,46,19,51,133,151,134,120,109,108
blue,151,130,26,52,99,101,145,68,76,96
blue,151,130,78,106,66,43,26,25,137,45
blue,91,74,11,52,119,144,149,55,9,100
red,90,40,140,76,45,74,111,2,8,119
red,74,75,56,29,93,22,46,55,133,158
red,74,75,122,9,70,0,97,11,51,5
blue,2,75,20,63,70,43,87,56,51,119
red,139,75,150,51,74,136,65,135,133,5
blue,134,75,55,63,80,11,141,64,52,66
red,20,60,33,129,97,19,75,120,69,128
red,90,75,64,69,12,31,54,94,29,148
red,43,98,1,17,45,135,38,54,51,15
red,131,97,155,140,153,101,98,122,9,80
blue,110,94,155,51,79,13,154,56,49,14
blue,47,145,143,29,53,74,58,64,136,119
red,57,142,109,106,14,22,77,6,116,128
blue,101,155,140,49,109,60,47,136,29,71
red,110,142,151,24,80,43,40,144,17,159
blue,37,23,94,106,4,135,58,144,50,93
red,134,130,56,76,5,47,40,121,116,80
red,36,84,64,106,82,107,26,3,69,118
red,90,142,129,138,41,22,61,148,76,12
red,110,60,71,136,53,107,27,1,76,80
red,53,65,19,51,14,3,58,121,157,153
blue,146,142,6,116,70,53,40,124,54,5
blue,53,155,143,29,33,43,142,55,69,45
red,90,91,121,150,119,107,30,56,63,153
red,53,61,155,50,130,134,54,151,29,4
blue,43,40,120,24,83,20,30,1,76,71
red,83,13,33,29,74,115,130,64,51,93
blue,35,13,68,17,71,74,38,155,109,45
blue,22,28,143,49,74,0,111,151,17,53
red,112,134,150,109,158,101,40,94,106,96
blue,0,146,122,106,120,156,98,54,29,66
red,137,46,71,76,158,59,65,136,63,53
blue,115,38,120,49,53,97,23,150,9,119
blue,18,134,6,50,82,112,46,143,17,128
red,103,46,144,109,126,101,26,19,50,53
red,72,60,109,51,99,44,65,148,106,119
blue,103,107,55,85,126,0,154,11,17,4
blue,22,111,121,50,5,59,61,114,116,4
blue,42,142,6,129,111,115,65,68,76,66
blue,31,142,1,51,16,43,54,0,137,82
red,22,23,1,156,53,78,154,150,51,82
red,112,58,121,129,14,145,23,109,106,110
red,151,67,155,52,4,38,134,22,51,126
blue,22,74,37,9,12,0,65,143,76,5
blue,43,28,3,49,12,22,65,143,17,82
red,103,65,19,51,82,156,113,143,76,5
red,34,61,139,106,120,151,124,121,76,45
red,151,155,143,156,118,110,87,144,76,5
red,0,27,148,63,80,134,46,1,17,158
blue,57,75,55,17,91,103,97,1,129,71
red,31,102,143,29,53,74,130,150,133,70
blue,121,124,140,150,99,110,84,114,51,45
blue,42,91,64,133,70,72,46,26,24,66
blue,31,130,121,51,53,90,77,64,17,9
red,31,40,89,69,14,151,111,68,76,160
blue,48,28,155,24,158,110,65,57,41,9
blue,90,46,56,76,45,39,40,155,8,70
red,31,88,3,8,160,90,23,43,157,82
blue,88,125,132,17,71,22,154,11,49,53
red,121,40,123,29,153,151,26,150,106,82
blue,36,75,151,76,15,90,40,140,150,45
blue,151,134,20,50,70,39,40,159,17,41
blue,22,40,2,129,153,35,117,55,133,109
blue,0,146,32,136,158,110,61,23,102,128
blue,110,58,41,69,45,150,23,155,147,96
red,0,75,143,85,96,107,40,109,17,71
red,110,149,121,63,100,0,58,55,116,119
red,90,130,143,133,100,0,23,3,69,53
blue,47,74,143,50,70,137,40,144,129,99
blue,110,102,129,54,145,144,40,94,150,9
blue,2,13,151,63,100,95,54,56,51,70
red,92,60,143,50,45,42,13,33,29,109
red,90,23,65,133,100,107,26,150,50,5
red,123,111,94,51,93,110,65,11,76,45
blue,62,84,64,9,119,42,74,144,76,100
blue,101,142,138,8,128,31,154,35,29,45
blue,22,77,73,29,108,11,149,56,63,100
blue,47,13,122,24,66,0,30,43,157,100
blue,39,124,89,76,9,35,134,136,69,119
blue,18,23,144,24,33,110,46,143,109,160
red,37,30,49,76,100,135,98,109,133,153
red,57,98,140,116,70,22,75,132,49,100
blue,19,38,158,49,119,115,67,1,106,100
red,110,13,6,49,108,152,40,2,76,93
blue,0,65,19,106,99,31,127,56,17,121
red,31,38,26,29,79,3,154,121,49,93
blue,117,146,136,52,9,0,102,151,76,79
red,0,61,159,17,100,57,77,151,144,9
red,18,38,55,9,80,74,58,121,51,82
blue,38,23,11,129,100,92,26,159,17,0
red,0,23,140,9,119,18,86,121,29,14
blue,103,60,37,133,82,47,13,143,116,70
red,31,58,26,8,119,114,134,150,51,80
red,0,38,6,50,45,146,154,121,17,128
blue,146,54,11,17,100,114,134,19,116,119
blue,47,40,1,49,80,115,65,158,76,45
red,112,30,41,49,45,59,58,151,76,74
blue,110,46,1,49,14,43,38,121,29,96
blue,90,23,3,136,128,0,134,114,17,121
red,47,154,121,17,79,0,142,140,120,93
blue,90,54,3,49,12,137,28,129,136,111
blue,36,155,121,54,93,103,67,3,76,9
red,90,65,138,116,99,151,54,3,19,82
blue,151,141,20,49,148,2,102,3,116,96
red,35,23,94,49,160,57,27,43,24,109
blue,0,125,71,148,119,43,58,132,15,5
red,151,75,7,137,80,135,97,122,76,119
blue,95,130,53,49,14,25,77,104,76,4
red,37,149,31,109,118,43,26,144,52,14
red,31,130,121,103,80,42,23,140,150,133
red,22,58,2,52,5,78,141,140,137,120
red,88,38,140,76,5,31,54,151,49,80
blue,110,94,148,17,71,90,13,64,24,12
red,0,60,138,109,108,91,142,144,17,71
blue,110,65,143,129,128,101,74,121,49,70
blue,0,98,143,76,160,36,124,144,133,70
blue,144,87,19,136,79,154,130,150,24,12
blue,0,65,64,106,5,112,38,143,116,93
red,0,40,64,54,93,31,65,51,9,45
red,54,46,32,102,109,22,26,94,24,45
blue,110,44,150,24,70,54,60,23,51,45
red,43,154,0,17,158,31,86,143,8,108
blue,39,40,124,50,99,31,23,90,51,93
red,47,154,1,8,93,151,28,139,17,70
red,0,67,155,49,53,57,134,104,76,154
red,0,38,89,24,82,146,65,121,85,14
red,48,54,150,76,70,22,67,43,9,109
blue,110,40,37,63,153,22,154,140,129,93
red,0,30,3,17,45,62,54,129,106,12
blue,137,102,140,63,158,0,134,144,69,80
blue,110,65,138,54,96,95,141,140,116,70
red,42,65,121,76,45,77,107,144,51,128
red,107,145,155,120,119,103,40,68,17,14
blue,0,142,147,106,66,135,111,143,133,99
blue,37,154,55,137,153,35,111,56,17,74
blue,31,107,56,17,158,74,65,6,51,82
blue,0,60,6,51,82,151,87,56,29,100
red,37,111,56,76,80,91,141,55,133,153
red,110,60,1,106,45,152,107,155,17,64
red,35,94,11,51,74,0,91,73,63,81
blue,78,102,148,85,12,110,130,71,69,108
blue,103,97,150,29,9,110,46,6,17,45
blue,0,65,144,63,70,110,5,138,24,45
blue,35,60,32,109,108,110,26,136,76,153
red,74,13,121,116,153,107,113,132,29,4
blue,101,23,71,52,80,18,28,151,17,53
red,34,134,121,51,100,101,5,71,17,158
blue,31,134,155,116,53,2,98,144,51,128
red,95,37,159,76,153,20,98,94,29,158
red,95,27,26,76,82,35,38,144,24,33
blue,39,149,143,9,158,74,58,11,17,71
red,88,107,121,29,12,47,125,26,69,100
red,74,125,124,52,128,72,65,55,8,118
blue,77,23,143,29,12,130,38,55,106,53
blue,101,67,129,136,14,54,111,71,133,70
blue,35,58,144,76,109,94,142,159,54,4
blue,36,60,106,54,148,112,84,38,24,45
blue,90,58,144,24,128,22,28,56,9,100
red,22,75,89,17,71,59,97,143,49,27
red,47,75,55,29,45,22,5,7,129,93
red,112,38,64,8,128,90,61,143,76,158
red,18,60,2,76,70,57,65,155,133,128
blue,144,130,151,8,70,55,65,110,136,126
blue,101,125,144,24,45,115,60,33,76,96
blue,31,124,143,51,108,88,125,32,50,70
red,134,23,150,76,15,43,84,71,50,159
red,88,87,94,76,158,151,145,1,8,119
red,95,60,122,24,16,115,38,159,51,45
red,112,40,1,76,100,41,37,150,133,119
red,101,65,2,51,16,115,86,143,76,112
blue,151,141,121,17,15,18,58,114,49,148
red,121,149,140,51,70,43,75,158,9,119
blue,112,124,151,147,45,103,75,2,49,158
blue,22,60,121,17,9,37,27,56,51,70
red,134,58,143,69,93,152,149,89,24,14
blue,121,77,144,17,80,91,61,140,51,66
blue,75,58,11,51,128,103,46,54,76,126
red,0,60,105,9,53,22,141,73,49,109
red,18,65,94,138,71,35,61,56,50,128
blue,31,125,121,9,70,18,61,56,8,119
red,144,75,94,51,9,131,130,125,49,160
red,90,38,2,17,108,115,111,139,133,80
red,57,84,150,106,5,91,113,31,76,16
blue,154,60,1,135,108,142,38,124,76,79
blue,31,84,94,106,82,114,13,138,52,74
blue,22,77,20,51,80,137,97,155,69,14
red,34,61,140,137,53,35,134,63,76,9
blue,54,134,140,17,15,92,38,56,49,108
blue,137,54,159,9,17,74,61,140,29,53
red,151,142,56,17,53,115,134,140,85,107
red,18,61,64,9,109,103,130,148,137,4
red,20,111,43,76,108,59,23,155,51,5
red,151,26,1,50,45,90,58,52,8,118
blue,48,5,151,133,30,58,142,26,63,53
red,54,102,38,133,9,134,84,32,76,30
red,107,38,143,76,4,90,87,6,49,80
red,0,40,114,51,54,62,149,32,29,45
blue,37,58,105,17,126,150,60,151,129,99
red,114,130,33,17,45,112,40,55,129,89
red,107,60,159,106,93,22,58,148,17,153
red,91,23,150,9,53,18,65,143,133,93
blue,47,75,2,9,53,22,74,6,29,158
blue,155,26,121,29,158,18,65,144,133,70
red,88,60,122,49,12,31,23,1,8,96
red,74,98,121,106,99,101,91,120,29,100
red,107,91,10,137,70,33,40,11,17,108
red,125,107,10,76,128,36,30,29,24,82
blue,31,84,55,133,45,41,113,138,29,9
red,62,87,144,29,153,53,58,121,136,93
blue,90,141,140,8,14,42,84,144,9,5
red,101,61,144,109,119,135,97,155,29,53
red,90,60,144,17,45,88,67,11,51,80
blue,78,60,43,76,128,47,97,144,129,53
red,31,60,144,24,45,146,28,55,49,100
blue,110,117,144,133,153,0,30,2,51,14
blue,57,13,155,76,119,151,111,154,133,100
blue,91,111,154,9,160,90,113,17,8,45
blue,0,84,121,51,96,90,124,53,8,108
red,22,74,143,50,12,0,65,144,106,99
red,34,58,121,17,45,22,23,150,51,118
red,59,46,124,24,74,90,61,101,109,79
red,110,5,55,51,109,90,58,68,76,74
blue,57,75,2,49,108,90,60,51,52,107
blue,110,61,121,29,158,0,154,1,150,14
red,36,23,132,69,80,146,134,11,50,4
red,22,60,121,76,15,36,13,109,17,100
blue,42,154,144,29,45,77,13,151,17,160
red,81,37,140,17,80,114,61,144,116,45
red,0,38,1,29,123,43,46,84,129,119
blue,0,38,94,109,108,115,102,32,76,9
red,72,134,140,116,45,31,23,64,49,158
blue,53,65,55,106,100,101,23,64,76,93
red,103,67,143,50,96,110,60,15,24,90
red,62,124,2,8,80,135,134,33,106,82
red,0,65,143,29,71,42,23,57,49,82
blue,0,124,11,24,93,35,87,64,49,100
red,37,102,26,17,119,158,142,121,29,153
red,35,30,56,29,71,103,141,155,136,70
red,101,60,41,49,119,19,145,155,76,46
blue,36,84,101,133,148,150,28,91,51,82
red,72,28,125,156,45,47,102,64,109,5
blue,34,46,2,106,82,25,102,121,133,44
red,101,26,121,51,126,36,28,6,150,70
red,88,111,144,76,5,127,40,133,63,79
blue,135,75,56,52,66,42,91,132,8,80
blue,18,142,121,29,119,39,13,150,129,45
blue,107,23,150,49,126,102,134,57,9,100
blue,103,134,140,76,100,22,65,148,24,110
red,31,92,2,133,107,34,130,21,51,82
blue,88,28,69,109,53,51,65,55,76,71
blue,107,60,121,29,153,72,61,140,9,70
blue,74,61,6,52,82,123,60,11,24,5
blue,78,13,94,136,30,37,98,121,9,16
red,78,60,144,9,12,107,38,55,17,111
blue,112,27,2,76,153,78,60,155,29,53
blue,37,65,122,129,93,101,40,121,76,53
red,0,111,43,109,160,37,130,139,9,108
blue,117,125,124,49,123,102,23,43,8,128
blue,20,38,21,76,9,90,84,41,63,70
blue,62,111,56,76,109,22,113,120,147,12
blue,0,67,43,9,70,75,65,53,29,45
blue,59,98,136,9,93,107,38,56,144,156
blue,115,37,121,51,80,107,46,142,116,153
blue,146,65,23,133,12,90,97,158,24,45
red,48,97,1,76,119,31,58,26,129,74
red,114,13,73,51,96,39,58,125,133,70
blue,110,134,144,17,74,0,107,43,50,119
red,113,102,150,52,82,146,75,154,29,133
red,3,61,7,51,82,129,154,56,49,160
blue,25,13,43,17,71,59,65,56,9,148
red,36,87,121,17,80,37,13,19,9,5
blue,110,146,1,17,53,6,40,122,150,12
red,37,134,64,76,121,123,38,144,9,71
blue,74,84,64,17,53,18,134,151,50,12
blue,42,30,144,76,80,72,102,155,109,108
red,115,117,155,54,120,36,40,41,29,148
red,74,134,150,133,76,37,23,151,137,153
blue,92,134,105,17,70,72,142,2,106,93
red,123,23,43,51,15,96,91,136,76,153
red,0,134,41,76,93,103,40,121,69,5
blue,90,84,143,17,12,123,134,64,24,128
red,123,134,121,8,45,117,58,104,76,153
blue,0,46,105,76,119,107,30,3,9,93
blue,115,65,120,29,71,154,13,2,17,4
red,115,111,1,129,128,74,87,121,8,158
red,47,98,55,29,45,37,38,43,24,108
red,78,58,61,116,45,90,44,26,51,4
red,90,141,155,49,160,150,102,6,24,45
red,154,155,91,24,45,36,61,15,54,80
blue,74,142,1,24,80,112,102,140,29,9
blue,37,67,121,106,82,90,60,140,76,108
blue,127,84,43,24,80,135,145,144,116,158
red,22,61,55,51,53,154,40,140,133,153
blue,135,77,6,49,45,154,58,140,74,108
red,112,60,143,24,80,41,40,140,50,12
red,114,75,138,24,45,31,155,11,120,100
blue,18,13,55,9,158,22,60,3,51,45
red,72,60,2,76,45,121,107,1,17,9
blue,151,65,56,133,45,101,46,71,49,12
red,22,60,129,138,45,57,141,155,8,118
red,37,60,150,76,45,0,142,6,17,71
red,47,60,151,50,45,39,146,75,17,108
blue,18,134,148,49,158,131,60,144,116,45
red,3,84,150,85,153,59,58,2,133,70
blue,0,127,136,129,80,48,84,151,133,70
red,0,60,55,133,80,151,54,103,24,93
blue,31,87,155,116,148,90,60,64,49,45
blue,31,155,143,133,158,130,60,1,76,45
red,152,40,10,9,5,137,60,120,51,45
blue,47,38,151,106,158,123,60,121,137,80
red,137,61,143,109,45,103,107,140,51,153
red,103,60,64,9,45,101,78,121,109,93
blue,112,26,151,63,70,37,60,150,133,45
red,110,60,144,109,45,103,154,143,49,118
red,90,141,2,17,71,88,46,51,52,93
blue,145,125,64,76,66,18,23,150,17,45
red,0,94,140,136,83,36,46,56,52,74
red,36,111,53,69,119,22,28,17,29,80
blue,117,102,143,17,70,90,86,140,9,16
blue,88,28,19,76,158,59,92,155,9,82
blue,107,111,26,137,70,152,84,140,17,45
red,135,84,94,133,70,88,134,148,29,45
red,103,102,140,129,111,22,142,143,76,93
red,31,102,121,133,153,0,26,140,76,158
blue,104,23,150,24,93,112,13,138,106,16
blue,18,40,144,29,128,31,75,1,17,80
blue,152,102,33,76,45,47,28,155,9,158
red,18,13,138,63,96,35,86,64,29,54
red,53,40,121,17,160,47,38,120,136,71
blue,35,75,148,52,93,110,30,73,3,108
red,101,77,140,29,126,0,26,121,106,80
red,56,111,137,8,5,143,27,155,136,53
red,42,39,151,137,93,101,86,140,29,153
red,18,60,56,29,108,154,23,109,50,53
red,34,40,6,116,16,46,47,121,137,153
red,134,84,94,8,70,42,60,121,17,53
red,31,98,43,63,53,131,94,159,116,153
red,115,75,136,51,12,37,60,155,63,53
blue,38,97,6,87,145,151,84,129,133,41
blue,155,65,54,109,12,101,134,53,52,158
red,110,145,158,29,100,53,40,23,17,71
blue,57,111,151,51,93,131,87,37,9,12
red,3,145,140,24,53,43,40,151,54,45
blue,0,60,122,49,45,47,74,10,51,12
blue,74,40,151,138,14,83,88,104,50,100
red,110,134,121,133,80,62,111,26,49,100
blue,74,142,94,102,160,110,38,143,51,53
blue,117,58,121,156,80,110,84,43,24,123
blue,110,13,121,156,93,53,65,151,17,119
blue,101,130,105,129,93,110,134,143,106,45
blue,130,154,124,9,70,110,60,144,29,15
red,110,23,150,49,153,62,111,10,76,74
red,74,38,73,116,14,123,65,6,133,80
blue,113,149,55,24,53,74,67,151,9,82
blue,140,58,95,106,80,43,86,41,51,82
blue,103,5,138,49,96,135,145,11,76,45
blue,34,113,121,69,80,39,13,1,8,119
blue,22,26,155,52,118,115,86,68,137,53
red,103,130,143,51,12,22,154,121,24,96
red,43,125,132,106,93,72,67,83,76,128
blue,37,60,155,17,159,31,154,157,9,158
blue,88,65,136,116,79,0,98,23,17,82
red,90,27,122,76,82,101,98,143,137,154
blue,36,77,48,54,96,110,141,64,9,119
red,35,38,140,137,70,74,87,94,69,5
red,107,130,121,17,71,35,141,1,51,108
red,101,65,1,63,119,137,91,136,9,108
blue,34,65,144,49,159,74,125,151,54,14
red,74,87,64,76,12,103,149,105,9,53
red,43,141,70,136,111,110,98,64,29,128
red,0,111,150,76,5,41,75,155,29,74
blue,145,77,55,8,119,22,111,64,17,71
red,151,111,1,49,93,53,134,11,76,109
blue,155,130,78,24,119,74,102,26,29,111
red,137,111,160,109,108,38,84,132,69,14
blue,36,75,11,51,100,90,142,148,50,111
blue,134,86,140,51,153,131,67,1,85,111
red,36,86,143,29,93,31,111,140,76,121
red,37,111,155,8,100,74,38,144,29,53
red,0,154,83,9,70,110,111,64,147,14
red,90,111,19,133,70,115,37,68,29,159
blue,42,142,120,147,111,104,38,20,76,139
blue,34,37,89,49,111,39,77,73,76,53
red,47,130,150,17,111,88,38,71,106,4
blue,22,38,19,51,148,121,111,155,138,119
blue,78,46,158,17,118,115,26,150,9,111
blue,110,134,158,106,111,35,130,21,51,9
red,90,91,73,51,111,135,86,159,147,100
red,112,30,159,24,111,151,23,3,137,80
blue,114,38,120,76,111,115,98,6,137,9
blue,3,124,138,106,82,72,13,1,17,111
blue,135,58,56,17,111,37,60,2,52,45
red,31,65,140,17,111,91,94,21,24,71
blue,106,111,148,51,121,90,60,129,133,109
red,114,111,10,116,80,103,134,41,51,82
blue,22,38,121,76,91,90,125,104,102,120
red,107,130,121,116,119,22,23,43,49,158
blue,107,23,32,129,153,103,30,150,137,93
red,107,84,151,136,93,22,58,143,51,126
red,107,98,55,17,153,101,84,150,102,120
blue,134,40,71,29,153,81,75,64,17,100
blue,34,30,18,17,45,88,84,23,8,108
red,47,75,3,17,111,107,40,148,49,158
blue,31,46,144,49,153,81,13,64,54,66
red,146,84,144,49,12,72,26,140,17,53
red,142,38,56,49,12,74,154,11,24,119
red,62,54,144,49,9,145,46,140,156,53
red,57,146,151,76,93,31,142,158,17,108
red,135,75,3,17,45,39,102,143,9,66
blue,131,154,150,49,76,36,102,159,69,9
blue,36,84,160,118,93,0,28,121,49,119
red,144,88,103,49,12,37,26,24,76,128
red,43,40,64,29,53,114,91,2,51,109
red,36,67,151,49,80,31,107,73,116,45
blue,43,107,143,50,100,37,58,140,17,80
blue,74,58,33,106,139,31,28,140,69,80
red,91,141,143,17,70,149,13,73,24,45
blue,72,40,43,133,45,47,102,55,51,100
red,31,98,143,17,138,135,60,20,133,158
blue,0,84,121,76,5,1,46,117,17,45
red,74,13,120,133,16,2,154,94,50,45
blue,22,107,144,17,45,131,77,138,109,119
red,111,46,38,138,9,31,142,114,76,79
red,79,75,159,51,70,18,38,140,133,100
blue,77,46,157,129,82,19,149,151,109,118
blue,22,125,132,51,53,144,154,155,133,148
blue,22,65,33,137,82,0,74,89,29,45
blue,101,91,36,106,41,150,142,11,85,119
blue,0,26,150,137,74,31,134,155,116,45
blue,91,61,143,76,70,74,38,121,116,153
blue,47,84,151,9,148,74,0,2,29,109
red,35,87,19,24,45,0,28,159,106,93
red,90,60,89,106,100,0,145,34,76,80
red,136,58,140,116,15,0,40,143,106,154
red,0,58,2,137,119,78,37,33,29,108
red,74,38,143,29,128,115,155,64,69,53
blue,0,111,1,69,80,31,61,55,109,93
red,0,40,55,17,79,39,97,151,50,9
blue,158,75,125,109,108,74,65,143,133,153
blue,35,134,140,17,45,74,61,143,29,119
blue,0,77,121,133,70,18,130,56,106,100
red,74,38,144,76,160,101,113,56,50,96
red,110,134,151,109,100,36,38,121,76,93
blue,22,107,2,129,74,36,40,121,51,45
red,22,75,1,76,93,110,67,155,17,153
red,18,134,121,17,45,0,26,63,147,138
blue,22,5,124,116,119,115,23,57,49,66
red,90,125,3,116,45,101,75,11,29,108
blue,48,58,158,106,96,72,149,0,29,100
red,135,102,56,29,153,22,65,2,136,82
red,91,46,64,51,53,43,102,140,137,121
red,31,102,151,54,53,112,38,148,133,158
blue,137,60,125,17,71,151,26,38,29,128
red,90,75,121,24,93,47,102,2,17,44
blue,91,154,158,29,53,35,58,121,17,74
red,90,23,150,29,53,22,13,11,133,12
red,90,38,64,116,100,22,58,57,157,9
blue,121,155,105,24,53,73,44,120,133,70
blue,0,149,7,24,80,94,154,158,51,45
blue,22,98,129,17,82,72,60,26,49,9
blue,25,87,121,76,46,114,134,94,116,12
red,78,58,121,24,128,47,60,144,69,118
blue,2,154,69,76,12,22,75,121,109,153
red,22,134,104,133,96,18,38,121,116,93
blue,90,60,83,76,71,0,94,2,49,99
red,35,30,129,51,45,142,54,69,29,153
red,103,60,64,106,14,18,26,138,51,154
blue,53,97,140,51,158,90,23,155,9,12
red,144,142,121,9,119,31,77,136,129,109
blue,90,134,56,51,100,77,145,64,69,80
red,62,98,121,9,70,22,40,41,51,93
red,78,38,143,9,119,25,88,23,52,74
red,131,23,150,51,74,127,25,139,50,93
blue,40,126,148,17,89,37,97,144,24,71
blue,74,142,55,24,96,152,67,56,76,126
blue,36,134,56,17,81,110,38,143,49,153
blue,3,26,121,17,91,140,141,56,76,128
red,121,13,143,76,45,74,97,64,51,16
red,22,23,1,17,53,91,146,20,69,70
red,121,61,150,51,9,56,40,72,133,12
red,57,23,150,29,12,113,38,143,109,108
red,78,98,143,51,93,43,13,121,116,119
blue,0,23,33,52,128,103,142,56,137,45
blue,103,23,56,129,5,101,58,121,156,153
red,31,40,56,17,53,22,142,136,76,66
red,0,117,56,52,128,18,111,37,116,153
blue,54,145,159,76,119,90,102,157,133,70
blue,110,81,1,24,45,150,37,93,76,9
blue,43,28,151,106,82,74,65,150,63,80
blue,72,28,43,24,14,88,155,71,9,53
red,144,30,43,85,119,59,75,125,133,153
red,90,125,11,24,80,103,134,54,76,82
red,47,46,19,17,53,22,58,121,133,128
red,0,30,121,76,14,101,145,155,29,158
red,47,58,151,54,9,42,46,144,129,45
red,31,26,6,17,45,136,91,140,150,93
red,31,155,11,49,12,146,81,124,116,74
red,31,155,150,63,148,110,27,151,9,66
blue,18,65,32,76,118,31,145,2,133,70
blue,36,46,144,129,96,31,91,105,63,70
red,31,30,144,129,45,22,44,143,29,14
blue,110,107,59,29,53,31,125,56,76,118
red,101,13,3,24,80,135,94,55,51,93
red,47,130,104,29,79,31,61,64,51,71
red,31,92,143,24,128,39,130,43,17,12
blue,31,154,145,129,45,59,65,150,116,160
red,0,5,64,76,109,31,60,144,9,119
blue,77,65,43,122,118,31,98,55,51,93
red,41,40,94,52,96,77,67,6,156,9
red,110,61,124,76,5,152,75,89,116,100
blue,22,13,150,109,45,129,26,56,51,82
blue,101,125,1,51,160,0,27,155,76,53
red,22,125,26,51,82,151,27,2,69,45
blue,78,113,151,51,158,115,60,19,129,70
red,121,113,94,51,111,107,60,53,9,158
blue,107,40,2,9,159,101,61,138,76,158
red,74,27,91,17,80,110,65,121,148,9
blue,0,60,64,8,158,3,46,120,51,15
blue,47,84,138,76,16,90,65,1,137,53
red,31,54,155,51,93,22,113,68,123,108
red,42,27,89,106,119,78,46,56,116,153
blue,150,142,157,63,71,42,27,140,51,70
red,31,27,1,51,153,115,142,54,133,70
red,135,61,94,109,71,22,60,19,50,70
blue,110,154,120,76,158,22,113,155,29,80
blue,35,155,64,17,53,78,92,135,76,45
blue,25,125,64,76,118,38,113,132,9,45
red,0,65,139,29,45,57,38,2,17,79
blue,91,65,140,76,9,120,113,121,29,153
red,35,40,6,76,9,22,23,94,133,153
red,58,113,159,109,108,74,65,140,69,80
blue,31,28,151,85,153,78,98,150,17,128
blue,115,28,132,51,93,101,111,144,49,82
blue,73,130,0,76,45,36,86,144,24,14
red,127,23,47,51,15,117,97,43,122,100
blue,130,145,56,29,70,115,60,136,76,148
red,77,46,64,52,27,102,28,144,76,4
blue,151,28,139,8,70,18,38,68,76,9
blue,22,146,121,147,100,90,28,58,51,15
blue,35,155,138,76,53,31,28,57,24,153
blue,35,38,104,49,158,107,91,155,29,45
blue,31,40,138,147,4,36,61,150,136,74
blue,43,125,55,133,96,151,46,111,150,82
blue,155,58,129,29,118,22,125,71,51,93
red,131,75,19,17,45,18,130,1,24,80
red,36,23,151,8,93,103,111,124,116,70
blue,74,142,56,51,93,0,75,124,29,71
blue,22,54,151,17,45,144,65,3,29,9
blue,115,77,68,51,158,150,75,89,8,100
blue,18,60,32,129,82,151,75,114,17,128
red,90,54,62,85,108,75,60,32,76,12
red,131,60,122,85,46,18,23,150,106,80
blue,47,74,155,9,66,145,61,6,49,96
blue,110,111,2,51,82,48,46,6,76,16
blue,0,44,143,76,5,74,58,6,51,100
blue,101,87,6,106,160,0,84,56,69,71
red,31,23,6,76,91,114,40,33,51,93
blue,91,38,94,54,5,18,27,121,76,45
red,103,75,150,147,96,152,102,151,29,53
blue,3,125,39,51,119,137,117,54,63,70
blue,35,141,105,49,71,150,38,26,129,53
blue,0,92,19,49,93,22,28,140,50,119
red,22,38,143,29,4,0,23,94,133,79
blue,31,130,140,17,71,77,23,120,116,119
red,31,30,151,24,148,25,74,143,29,93
blue,115,145,6,76,100,31,60,151,129,142
blue,31,38,114,51,82,91,113,121,133,128
red,18,75,126,52,66,31,91,71,76,99
blue,18,92,121,116,120,0,154,55,24,119
blue,22,98,1,51,45,130,142,53,76,118
red,104,61,0,17,139,31,40,71,63,9
red,31,40,55,49,158,114,111,136,137,92
red,59,40,68,106,82,53,130,56,63,66
red,31,77,140,51,111,47,38,120,29,12
red,31,154,23,150,109,18,40,120,29,53
red,31,154,110,116,109,34,141,32,17,74
red,77,67,155,29,79,74,38,139,76,153
red,37,38,148,8,9,31,91,7,17,79
red,31,23,150,51,45,91,113,37,29,71
blue,151,40,33,17,70,115,91,2,116,118
red,0,102,136,29,100,115,125,41,24,15
red,88,58,143,49,108,114,40,7,147,96
blue,34,38,109,17,9,90,142,3,136,71
blue,0,142,155,17,148,146,60,121,116,96
blue,154,78,101,106,121,151,111,55,147,14
red,74,28,55,8,158,72,65,121,109,119
blue,37,77,120,9,70,43,84,143,8,45
red,74,61,143,17,66,34,111,155,19,9
red,22,134,144,51,45,0,78,94,17,80
blue,0,102,121,157,108,114,65,110,54,109
red,114,38,140,133,70,115,98,159,106,15
blue,112,40,23,8,70,42,142,55,51,93
blue,36,125,140,106,82,115,65,138,51,100
blue,72,77,19,50,70,90,13,31,76,79
blue,22,111,21,54,5,72,113,121,50,76
blue,18,38,124,17,53,74,98,144,76,153
red,74,130,56,76,109,115,142,148,85,70
blue,37,134,122,116,100,74,142,1,52,82
red,48,107,139,29,53,66,141,124,17,108
blue,115,38,157,17,53,18,40,121,29,45
blue,115,40,2,133,45,114,98,34,106,82
red,101,130,109,76,9,0,134,53,52,70
red,67,130,55,69,45,137,102,142,17,71
red,34,23,26,49,108,152,142,32,51,12
red,57,91,121,24,45,0,61,64,17,15
blue,22,58,2,106,14,131,142,64,51,93
red,0,98,136,51,82,78,58,155,8,153
blue,103,130,143,133,93,114,61,55,116,70
blue,0,40,159,63,153,18,107,121,49,108
red,135,27,11,24,45,42,154,33,69,158
red,22,61,143,49,45,112,77,140,76,96
red,151,61,37,17,45,68,46,0,51,139
blue,95,27,3,76,45,0,30,53,106,66
red,2,27,151,17,74,120,38,89,106,80
red,54,5,94,116,128,97,40,143,9,70
red,145,40,71,29,153,18,13,56,136,100
blue,74,38,143,17,9,101,23,91,76,45
red,78,61,73,137,70,101,98,6,17,160
red,22,98,73,150,45,74,149,140,17,53
red,74,98,1,133,93,112,40,114,116,118
blue,112,60,159,109,118,0,98,59,29,30
blue,31,102,1,8,119,0,58,120,51,128
red,22,23,3,29,71,43,145,21,50,80
red,18,40,64,17,153,115,58,104,129,37
red,137,40,144,9,79,42,65,143,76,160
red,81,102,56,76,9,110,28,64,49,70
red,0,67,136,129,5,41,40,1,24,70
red,78,40,94,116,82,0,130,150,29,53
red,150,125,136,133,100,101,38,20,9,82
red,91,38,159,49,120,131,65,140,17,9
red,134,58,122,51,93,22,102,73,137,45
blue,22,87,109,156,118,78,125,155,17,79
red,115,30,94,63,4,41,60,136,49,66
red,34,58,143,24,74,131,23,1,106,82
red,74,102,120,17,128,47,154,124,8,119
red,90,113,1,133,70,151,102,36,51,80
blue,0,75,34,157,70,101,134,140,129,82
red,0,13,105,29,5,154,77,101,54,109
blue,74,77,143,51,96,57,102,1,147,53
red,62,28,155,17,128,0,23,37,150,45
red,72,26,19,116,100,18,40,155,76,12
blue,34,27,150,129,15,25,60,140,17,70
blue,43,60,122,49,12,110,141,54,106,128
red,134,98,143,29,153,90,46,1,133,9
red,90,58,94,29,160,47,23,122,24,100
red,91,67,1,8,82,107,58,94,29,53
blue,22,154,150,76,126,92,130,143,49,15
blue,152,54,143,116,153,0,98,2,106,99
blue,146,102,121,17,53,114,60,158,9,108
blue,22,13,138,9,82,114,142,38,109,108
red,78,67,43,29,128,152,133,1,76,159
red,90,142,74,129,158,57,77,143,41,108
red,0,111,155,156,158,115,61,64,9,71
blue,0,38,1,49,53,115,58,34,76,160
blue,72,154,150,76,74,0,46,33,63,128
blue,18,146,1,29,45,72,65,140,76,79
blue,35,23,64,106,82,74,84,151,137,16
blue,115,38,143,116,9,35,88,64,76,153
red,59,38,143,52,12,110,44,68,133,153
red,103,38,11,116,80,112,88,73,109,108
blue,36,46,109,8,158,72,92,1,85,126
blue,112,134,53,85,139,131,58,122,51,100
red,103,145,2,29,45,85,65,144,52,14
blue,42,28,43,29,153,74,97,58,24,5
red,42,38,54,24,45,117,111,55,151,124
red,115,98,6,17,70,131,142,132,133,53
blue,103,61,1,24,160,74,98,2,116,81
red,42,61,64,17,108,0,38,155,136,5
red,151,65,55,52,71,47,60,115,136,70
blue,31,38,68,49,12,78,61,150,109,45
blue,95,67,56,137,119,31,98,140,17,81
blue,78,125,55,133,93,103,81,101,24,5
red,90,28,155,29,133,101,124,37,129,9
red,101,154,3,29,41,47,23,57,76,109
blue,47,86,21,17,109,22,98,1,9,70
blue,72,125,109,51,128,57,23,150,69,80
blue,110,94,144,17,82,18,23,155,54,9
red,83,125,122,29,109,48,134,143,17,12
blue,110,125,158,109,108,151,142,55,76,45
red,74,111,71,51,66,18,84,2,9,53
red,110,23,155,76,148,0,5,56,49,53
blue,151,134,109,9,70,74,46,140,156,12
blue,36,65,55,17,119,2,23,103,8,148
red,95,125,89,29,148,37,60,158,137,53
blue,137,84,55,69,16,90,54,125,17,79
red,35,54,94,51,93,142,65,121,50,45
red,0,134,155,9,118,57,125,3,76,79
red,90,13,144,8,70,121,102,21,17,118
blue,101,26,155,24,71,152,28,69,109,14
blue,88,61,144,133,153,103,92,140,49,14
red,37,146,143,106,14,150,102,155,54,79
red,74,145,155,49,79,78,38,121,133,15
blue,88,13,63,49,70,22,60,121,24,45
red,74,75,53,49,71,39,40,55,76,80
red,101,23,150,63,45,18,97,120,49,100
red,22,58,140,49,4,0,30,144,24,93
red,67,154,2,49,108,115,98,68,9,123
red,101,23,150,49,4,0,13,138,51,128
blue,90,58,122,29,148,37,98,26,49,118
blue,74,65,121,49,148,110,40,23,29,128
red,41,149,1,49,92,112,23,150,51,9
blue,112,37,155,17,153,74,13,20,49,158
red,0,91,159,49,5,112,40,94,50,45
red,110,40,55,49,128,131,102,9,7,159
red,91,141,143,49,148,72,134,151,17,100
blue,37,134,150,49,68,2,146,151,9,41
red,117,61,121,29,16,90,98,120,76,160
red,31,113,138,76,9,42,13,2,69,16
blue,112,27,144,24,128,22,97,1,76,100
red,22,134,158,51,12,135,142,56,49,45
blue,134,130,143,51,159,22,65,64,76,66
red,35,26,148,106,45,102,86,83,129,153
blue,37,125,140,116,119,2,38,121,24,14
red,134,125,55,129,108,107,65,121,17,45
blue,101,75,2,50,126,0,27,159,24,111
red,0,107,11,76,12,121,38,55,133,80
blue,36,30,3,50,70,90,28,24,51,74
red,19,46,56,116,158,22,142,71,50,45
red,74,75,150,147,9,34,130,143,156,53
blue,151,46,105,133,119,43,124,110,51,128
blue,110,38,26,9,84,0,155,140,49,71
blue,18,141,57,116,119,142,23,150,17,45
blue,136,141,19,51,37,55,13,151,49,158
blue,51,87,48,9,110,144,38,94,17,79
red,131,40,53,51,26,0,87,136,50,153
red,90,40,2,24,9,112,84,143,51,93
red,115,67,133,17,45,74,13,138,29,160
red,31,142,136,9,119,90,155,73,17,148
red,22,26,150,76,12,62,27,2,129,153
blue,134,74,32,9,16,88,61,139,109,12
red,39,58,150,51,4,115,87,71,116,128
blue,31,91,150,76,128,57,58,143,9,70
red,22,98,56,76,120,131,67,15,9,108
red,42,26,125,136,45,34,60,138,116,153
blue,2,142,159,51,14,18,102,55,9,45
red,114,94,140,51,108,87,102,151,109,44
red,57,58,122,76,123,151,86,124,51,153
red,59,13,152,9,109,112,154,121,106,45
blue,22,141,121,17,119,151,67,94,50,45
red,47,60,73,129,74,88,38,150,76,148
blue,110,61,121,109,108,0,23,129,51,93
blue,110,46,6,76,93,74,40,150,51,82
blue,2,65,138,76,70,112,98,33,24,45
blue,22,13,52,17,114,47,65,69,76,45
blue,110,26,93,76,45,0,38,159,8,119
blue,0,141,109,106,1,135,58,150,133,93
blue,112,65,143,29,158,151,142,122,9,5
red,22,65,26,76,53,117,58,94,17,14
red,112,28,143,9,53,135,142,122,8,45
red,42,141,3,9,96,47,38,55,52,158
red,18,23,144,76,100,107,60,1,50,45
blue,131,28,143,63,70,62,102,55,108,119
red,37,141,155,51,100,57,13,56,24,128
red,110,84,148,51,12,31,25,1,137,109
blue,129,154,139,17,15,48,58,19,49,45
red,90,86,43,133,100,115,65,151,17,12
blue,110,13,2,116,71,119,134,121,29,70
blue,0,65,55,136,139,101,13,57,110,108
blue,35,61,121,50,128,112,40,159,133,70
red,127,58,143,17,45,150,28,136,51,66
red,0,86,143,116,93,88,38,140,29,120
red,112,142,148,24,45,107,86,55,9,4
red,119,13,138,52,33,81,60,89,50,12
blue,35,26,144,129,15,112,60,56,51,45
blue,107,40,121,8,100,22,26,91,17,118
red,74,23,155,29,109,112,107,26,9,128
blue,151,94,143,69,83,103,40,64,9,128
blue,18,84,151,49,53,88,98,124,76,128
red,37,130,42,147,96,103,38,121,76,53
red,90,130,121,116,128,0,23,144,133,120
red,90,40,140,17,109,57,77,55,52,93
blue,43,77,55,17,53,22,23,143,63,70
red,47,61,105,88,128,110,23,120,49,159
red,22,155,144,52,128,38,65,11,133,100
red,3,97,120,24,128,48,28,140,29,53
red,136,26,155,17,128,115,54,121,106,79
blue,90,23,150,116,12,102,67,151,143,80
red,72,92,159,147,96,121,77,143,106,123
blue,43,102,144,49,128,22,155,23,116,70
blue,110,26,94,24,15,0,67,56,106,5
red,151,13,140,137,45,25,27,6,24,66
blue,90,124,19,51,93,0,60,121,133,70
blue,22,141,159,51,41,91,94,64,116,153
blue,134,28,3,69,53,22,130,121,116,128
red,47,98,136,54,99,31,97,33,106,5
blue,103,58,55,49,100,135,30,6,137,128
blue,35,98,71,106,5,145,88,144,24,93
blue,35,74,57,123,108,0,60,158,106,5
red,90,91,143,17,99,101,38,55,133,70
red,113,91,124,106,5,90,23,1,147,93
red,145,23,155,137,100,103,75,143,51,45
red,22,26,2,50,96,88,65,125,133,53
red,3,142,140,51,119,0,58,155,116,109
red,78,86,150,133,70,72,58,10,24,99
blue,84,130,89,52,126,103,40,121,109,12
red,22,38,140,129,96,131,65,121,49,79
blue,42,154,3,9,70,90,107,151,137,79
blue,91,102,24,144,96,0,98,55,17,123
blue,22,38,64,133,70,123,107,1,76,9
red,18,65,56,136,119,24,67,151,76,5
red,78,26,43,51,108,114,107,144,76,109
blue,154,67,143,29,128,34,146,159,106,82
red,41,60,117,69,70,35,107,140,24,14
blue,103,124,26,49,153,94,13,57,17,93
red,47,40,53,49,93,107,130,151,136,45
red,42,98,35,85,89,22,23,150,133,153
red,110,40,121,133,109,112,86,1,106,80
red,107,38,89,116,158,137,54,43,133,70
red,37,40,157,17,160,34,92,71,9,45
blue,90,91,2,106,99,42,23,155,17,96
red,43,13,104,106,82,151,40,19,50,45
red,114,38,121,76,153,57,91,143,29,66
blue,48,30,148,147,153,2,40,43,17,9
red,48,30,94,24,119,0,78,41,116,100
blue,72,145,41,9,45,151,65,144,51,79
red,37,145,121,9,128,151,30,1,8,119
blue,37,75,141,51,158,151,111,121,49,148
blue,18,142,56,136,128,42,23,144,76,45
red,121,88,144,50,109,72,125,56,51,15
red,151,40,32,116,45,34,54,26,106,109
red,78,130,144,17,128,107,134,2,8,66
blue,0,154,143,29,45,112,23,150,24,53
blue,81,102,15,133,93,91,65,144,76,100
blue,0,113,151,49,148,90,13,131,133,158
blue,0,154,9,137,53,107,38,140,106,82
red,36,40,89,133,128,31,74,55,76,159
blue,59,60,150,129,93,47,58,71,17,80
red,74,61,43,109,80,103,30,150,69,119
blue,152,125,89,116,119,0,23,155,136,80
red,112,23,125,49,53,115,98,55,17,71
red,113,60,144,29,45,152,61,19,133,80
blue,31,154,143,50,119,48,26,94,51,109
red,35,77,136,29,119,41,125,151,76,100
red,155,28,41,116,119,121,13,31,106,100
blue,31,27,159,133,79,0,134,121,52,119
blue,0,145,41,133,45,47,75,121,69,119
blue,81,23,94,51,5,18,111,150,63,119
blue,101,23,150,138,80,152,58,125,51,70
red,0,40,26,49,119,90,78,31,76,53
blue,74,38,64,9,119,31,46,120,49,158
red,110,13,32,52,74,22,26,122,106,66
red,43,111,68,51,91,0,142,114,17,71
blue,117,78,155,29,158,111,98,120,49,15
blue,36,84,144,76,121,112,58,0,133,157
red,78,111,154,147,96,43,46,94,116,45
blue,31,13,140,17,109,151,92,71,133,93
blue,37,38,19,106,99,2,46,159,49,100
blue,78,5,155,137,128,0,92,121,51,126
blue,103,111,151,133,53,0,134,132,106,82
red,18,38,41,9,45,107,67,155,17,12
blue,62,142,143,29,80,90,38,159,76,108
red,101,40,121,76,119,22,38,26,51,70
red,18,111,121,49,80,101,97,2,136,118
blue,39,125,140,9,45,135,142,136,74,108
blue,68,40,155,76,79,65,111,159,51,82
red,90,30,151,136,80,110,77,71,120,4
red,68,125,129,76,30,127,46,56,9,82
blue,81,23,56,51,100,72,40,150,106,93
blue,74,142,1,76,66,110,5,151,49,80
blue,68,40,151,17,119,0,38,121,51,15
blue,68,46,150,76,12,31,107,132,51,15
blue,90,30,155,76,82,0,27,110,24,41
red,20,65,155,76,70,112,111,64,49,80
red,83,104,94,29,108,101,141,26,17,128
red,18,58,143,129,74,144,40,155,9,53
red,0,149,19,17,79,112,77,11,29,128
red,101,40,23,49,96,137,154,94,120,45
blue,2,23,155,49,110,137,46,121,51,4
red,101,5,148,49,96,144,22,84,133,100
red,81,60,138,49,128,114,155,19,29,12
red,121,84,150,49,12,151,40,2,24,45
blue,18,60,2,49,45,43,146,151,17,53
red,31,86,21,51,53,2,67,151,49,108
blue,103,13,140,49,128,0,86,11,106,99
red,42,23,155,49,12,115,86,89,17,4
blue,101,91,33,106,4,22,125,89,49,71
red,67,13,101,106,5,115,54,151,29,12
blue,101,67,150,116,12,110,111,2,29,45
blue,150,23,159,133,70,19,142,54,106,93
red,36,5,125,49,148,112,38,56,29,9
red,34,58,143,85,15,42,23,155,29,45
blue,78,23,68,51,45,22,30,140,29,126
red,107,98,144,106,45,59,77,143,69,128
blue,115,113,124,63,118,18,94,144,76,9
blue,146,98,11,106,14,18,67,143,29,12
red,74,91,19,76,80,0,111,55,49,120
blue,72,67,150,24,82,103,142,124,136,53
red,31,102,55,49,109,59,60,151,106,97
red,22,61,1,133,119,0,86,2,9,45
blue,74,5,19,52,119,101,142,11,106,45
red,134,98,11,9,153,41,102,150,109,108
blue,0,88,148,109,153,115,65,124,76,128
blue,74,87,2,24,45,107,141,124,50,82
blue,72,87,103,29,153,145,26,124,76,100
red,101,84,125,9,30,131,27,68,24,4
blue,90,111,19,147,96,0,77,124,137,70
blue,67,65,151,49,82,150,111,124,52,4
blue,110,30,140,51,126,78,149,57,17,45
blue,53,75,105,137,83,43,58,132,29,139
blue,92,107,136,8,128,90,54,49,133,70
blue,74,65,2,76,93,151,111,49,29,108
blue,6,107,69,137,158,31,30,157,29,53
red,36,102,143,137,99,31,67,11,50,70
blue,114,98,140,76,153,31,38,11,17,64
red,57,142,39,17,14,41,40,150,50,9
red,43,107,159,9,53,0,38,143,17,74
red,95,134,151,24,15,72,23,57,17,93
red,101,58,57,109,108,114,142,55,17,45
red,31,23,69,129,119,103,86,143,29,120
blue,105,46,55,76,100,36,142,132,24,14
red,0,65,101,17,71,74,154,155,9,70
blue,90,40,105,51,66,112,58,160,76,119
blue,78,40,157,29,133,43,65,150,49,128
red,62,27,105,76,82,31,124,11,85,100
blue,107,46,105,17,100,95,142,91,49,71
blue,34,125,136,49,148,18,30,105,29,153
blue,101,40,159,76,80,123,141,56,24,109
blue,112,26,33,147,74,137,142,32,51,100
blue,150,75,157,51,14,47,38,32,29,9
blue,31,13,143,49,109,47,141,120,76,148
red,112,26,150,8,128,18,84,157,17,153
red,47,102,56,24,128,22,142,143,133,79
red,112,61,105,150,70,103,60,155,133,71
blue,47,58,56,17,66,112,65,19,116,108
red,47,38,6,129,5,22,121,159,51,153
red,112,84,150,50,66,22,141,121,106,15
blue,90,58,121,106,82,72,142,6,50,110
blue,131,87,125,51,12,43,74,121,156,45
red,131,154,2,133,128,36,46,159,109,82
red,112,67,2,76,108,134,46,136,24,128
blue,131,77,41,133,70,112,98,122,29,119
red,62,61,33,106,53,38,124,132,29,126
blue,2,155,144,133,96,121,102,62,76,74
red,43,40,41,29,108,0,61,140,49,53
blue,57,107,21,133,70,31,65,143,76,53
blue,22,130,26,138,128,18,98,144,29,93
red,25,58,159,17,71,112,98,26,137,100
blue,43,111,94,116,119,145,23,121,29,9
red,43,65,159,17,14,115,30,3,76,12
red,47,111,1,49,112,31,130,144,50,82
blue,131,65,121,137,119,18,67,94,147,82
red,151,113,21,24,45,47,23,144,50,70
blue,43,92,55,29,160,78,30,94,76,119
blue,103,84,37,116,53,131,65,143,106,96
blue,115,154,121,17,80,2,130,151,49,74
blue,152,130,122,8,70,112,30,73,29,9
blue,81,46,11,85,53,43,13,121,24,5
blue,144,154,155,116,148,43,142,89,49,119
blue,18,125,159,17,128,112,54,3,136,70
red,22,102,143,17,83,127,54,150,49,118
blue,47,154,124,76,96,134,46,19,29,84
red,91,124,159,76,100,112,142,121,133,53
blue,101,142,159,51,153,0,145,121,133,118
blue,37,58,140,137,53,95,102,138,51,80
blue,42,65,144,51,120,112,46,2,137,45
blue,123,86,121,156,45,62,125,55,76,119
red,77,60,143,156,100,35,75,151,54,108
blue,22,28,69,51,139,13,142,56,24,82
red,112,38,6,49,45,35,46,157,17,160
blue,121,30,140,51,110,123,13,59,17,128
red,18,145,144,49,160,112,134,3,54,80
blue,151,58,23,136,12,22,13,138,17,93
red,22,40,144,63,53,90,113,122,69,80
blue,74,60,136,137,53,31,102,68,116,96
red,88,27,19,85,153,77,84,41,133,5
blue,123,149,55,116,45,103,107,85,17,104
red,31,107,155,129,45,42,58,121,51,9
red,107,65,143,51,100,115,58,140,29,74
blue,0,54,94,150,4,18,58,11,9,100
red,48,97,150,136,96,95,38,26,51,109
red,22,60,124,24,53,110,102,143,76,123
blue,103,145,93,106,92,25,125,89,76,66
red,25,84,91,106,100,142,134,143,116,118
red,25,130,140,17,153,88,65,56,76,79
blue,103,23,89,76,99,91,84,20,29,109
blue,18,149,121,76,148,158,40,138,137,12
blue,47,74,120,24,70,151,142,148,109,93
red,57,46,64,29,118,18,61,3,156,100
red,22,77,151,51,9,143,38,155,76,123
red,90,60,64,51,9,34,84,136,129,80
red,137,38,2,26,14,34,78,104,29,45
red,151,74,140,76,100,90,58,138,9,158
red,31,54,121,49,45,112,142,11,9,80
red,120,40,55,133,70,95,84,158,51,12
red,35,155,151,29,53,135,27,72,156,15
blue,150,107,129,138,119,47,58,151,17,45
red,47,141,132,51,128,22,38,55,29,82
blue,131,98,64,123,108,112,30,19,133,45
red,42,40,53,17,140,91,130,56,133,158
red,121,146,109,106,82,135,38,136,51,128
blue,90,134,64,106,93,0,46,1,17,16
blue,43,60,1,76,82,90,46,121,29,53
blue,97,30,151,133,153,131,84,2,76,71
blue,95,75,138,51,5,0,28,115,29,153
red,17,102,143,133,119,18,30,19,24,53
blue,31,130,159,50,45,35,107,144,24,93
blue,103,28,32,51,158,123,75,121,150,128
blue,0,155,84,17,82,142,111,1,9,45
red,0,54,151,133,5,43,46,2,17,120
red,72,23,140,137,66,47,121,144,50,128
blue,18,141,121,106,82,151,28,3,138,119
red,41,26,151,24,45,18,130,140,49,158
blue,131,98,155,116,118,0,61,9,24,100
blue,156,27,150,51,128,22,37,121,106,82
red,22,154,32,76,74,112,38,6,129,45
red,101,27,154,17,119,57,87,3,9,12
red,22,60,159,49,45,110,111,131,9,12
red,22,141,26,137,80,18,113,129,147,71
blue,42,102,136,116,118,22,97,143,76,9
red,115,40,21,52,100,22,149,1,51,12
red,22,58,71,76,99,110,65,158,50,96
red,101,58,26,137,74,115,13,144,106,99
red,0,23,155,17,12,103,142,3,157,82
red,22,88,114,29,12,36,46,55,17,66
blue,137,46,143,49,118,48,111,132,50,119
blue,74,111,155,51,83,31,87,32,24,128
red,0,60,140,29,9,42,61,17,49,71
blue,110,58,56,106,100,91,40,122,137,70
red,103,30,3,51,5,151,102,89,69,111
red,151,61,159,54,108,47,38,89,24,158
blue,121,102,155,106,79,115,23,29,17,119
blue,151,141,140,9,70,62,58,55,51,93
red,22,38,1,9,128,36,28,144,69,12
blue,144,23,155,137,70,115,141,35,109,45
blue,25,23,45,24,128,31,86,144,29,118
red,0,58,150,85,70,151,102,122,116,80
red,131,86,19,116,70,88,107,121,133,41
red,36,60,105,17,119,135,13,26,51,82
red,3,113,55,76,81,22,117,89,133,153
red,104,27,121,133,93,18,125,159,50,96
red,0,111,122,116,93,43,149,148,51,14
red,146,141,157,29,15,2,130,21,9,70
red,90,142,121,106,80,115,40,71,69,33
red,115,60,157,9,158,22,134,2,29,108
blue,31,28,150,133,119,103,13,64,51,82
red,72,134,6,133,53,0,58,121,17,9
blue,35,61,26,17,82,110,146,157,24,53
blue,131,155,157,109,108,42,38,72,29,45
red,18,46,21,129,5,151,77,55,29,14
blue,31,28,3,51,96,35,60,1,24,128
blue,90,61,84,51,109,123,78,64,24,128
blue,127,26,101,17,153,130,102,155,109,128
blue,112,28,51,136,99,151,146,140,49,93
blue,31,65,19,147,128,22,102,94,54,53
blue,22,87,121,50,100,103,154,140,136,66
red,31,65,122,76,128,0,38,120,129,79
blue,47,54,55,49,45,101,23,56,52,93
red,2,92,155,24,82,57,149,139,29,153
red,78,151,37,29,109,112,146,136,76,53
blue,0,28,113,51,5,130,154,19,52,79
red,22,91,109,116,4,134,75,11,137,45
red,101,30,143,106,128,90,142,140,49,93
blue,37,107,150,116,70,36,40,160,51,45
red,137,30,140,147,5,34,23,151,106,82
blue,74,67,23,69,93,121,37,150,29,96
blue,90,60,56,24,79,3,91,111,51,5
blue,62,27,121,116,66,34,86,114,51,96
red,90,65,144,49,93,112,142,140,8,128
blue,2,155,154,8,45,78,60,143,50,5
red,18,111,138,24,5,103,30,2,51,80
blue,137,145,132,17,71,115,13,26,9,96
red,42,75,26,116,110,112,13,129,157,14
blue,0,30,143,50,119,112,102,144,17,71
red,115,141,32,50,53,127,142,120,49,110
red,115,40,144,106,5,110,58,151,29,93
red,92,58,122,157,45,34,23,32,76,93
red,90,38,3,116,53,47,145,23,137,93
blue,90,30,122,17,93,47,67,109,50,66
blue,18,28,144,17,80,103,23,0,49,76
blue,151,75,11,51,148,137,26,83,49,76
blue,62,86,32,137,45,101,154,23,24,80
red,102,40,120,51,148,0,58,140,137,45
blue,35,23,150,85,79,146,40,148,76,5
red,41,40,121,29,153,0,124,1,69,128
red,35,40,121,85,100,78,28,43,17,158
blue,91,78,32,17,79,47,40,150,50,158
blue,35,23,143,49,5,25,60,151,137,16
blue,74,40,71,76,153,20,111,143,49,128
blue,74,40,159,29,45,22,145,143,24,121
blue,31,23,150,24,96,101,40,121,17,9
red,103,40,3,116,9,115,125,159,51,45
red,135,27,150,137,14,67,40,3,49,109
blue,115,13,23,17,128,110,87,144,76,82
red,22,154,55,76,82,31,142,11,69,79
blue,35,154,21,50,153,51,142,121,133,158
red,34,13,55,76,45,90,102,2,49,100
red,2,107,150,17,100,95,142,143,51,53
red,78,40,150,133,80,47,155,121,24,15
blue,43,13,144,147,119,103,58,143,76,96
red,42,40,121,109,5,2,60,143,147,82
blue,18,13,94,106,100,115,60,68,76,154
blue,43,124,87,150,4,35,155,56,8,128
red,35,65,121,147,9,59,142,2,29,53
blue,31,61,121,29,153,22,65,55,129,99
red,11,142,33,116,153,22,107,56,52,100
red,0,38,11,52,5,101,124,136,17,128
red,31,141,1,76,5,144,74,18,29,16
blue,0,30,121,76,96,92,58,93,49,122
red,90,124,110,129,153,101,84,151,29,53
red,146,65,143,17,53,110,92,124,8,153
red,37,58,11,24,153,18,54,151,52,9
blue,104,65,11,17,16,34,38,64,76,5
red,0,124,151,116,126,121,38,140,106,99
red,104,61,33,76,12,0,84,89,24,5
blue,37,61,159,29,12,18,38,121,51,74
blue,0,86,64,51,82,18,124,151,76,66
red,36,13,121,150,5,0,74,55,85,153
red,104,38,121,17,71,151,124,114,150,96
blue,123,142,143,24,100,35,38,105,136,5
blue,144,40,150,116,153,34,124,35,51,74
red,33,65,64,17,12,144,86,122,136,66
blue,107,142,11,116,66,0,84,101,51,82
blue,37,84,69,129,82,107,142,33,76,100
red,18,84,137,17,4,33,142,121,76,66
blue,0,124,48,29,96,37,98,121,51,93
red,110,27,43,29,82,112,38,64,17,71
red,31,65,159,129,5,0,84,151,76,82
red,146,124,151,17,66,0,40,104,51,82
red,146,124,101,76,9,88,84,0,52,128
blue,107,125,144,51,82,43,65,143,85,70
blue,22,40,2,51,93,43,27,138,29,96
blue,151,84,122,9,119,0,13,140,17,12
blue,144,58,121,129,100,0,84,11,29,66
blue,0,142,64,51,108,35,141,121,76,119
red,149,75,2,76,122,19,141,121,8,128
red,0,84,101,129,93,35,125,140,8,16
red,18,124,110,52,93,112,38,33,51,82
blue,37,61,6,8,100,39,13,33,52,5
blue,47,13,121,51,93,65,142,104,17,71
red,62,84,43,17,66,2,38,151,51,93
red,48,54,125,8,128,0,13,143,76,93
blue,115,98,122,76,82,110,65,64,136,123
blue,150,142,143,136,123,144,38,121,52,100
red,0,67,43,52,82,31,61,11,9,14
red,112,84,125,51,100,37,65,159,147,82
blue,31,38,64,17,71,0,84,151,49,53
blue,121,142,89,52,128,59,38,33,51,93
red,18,124,125,9,82,0,141,89,8,110
red,18,92,33,76,96,48,65,159,8,93
red,101,142,159,116,110,33,38,2,51,82
blue,0,107,131,29,12,31,141,121,51,93
blue,0,13,64,136,96,101,84,151,51,93
blue,37,38,121,76,93,107,124,125,9,96
blue,151,124,110,8,128,18,84,94,76,82
blue,19,141,124,51,93,105,142,48,8,128
red,48,13,121,8,16,0,38,2,76,74
red,151,141,2,8,128,0,142,121,136,82
red,37,61,159,17,53,92,38,121,9,82
blue,0,37,150,29,5,110,124,151,17,71
red,37,38,155,69,153,11,40,159,116,93
red,74,77,1,51,93,151,38,122,52,96
blue,107,30,88,51,82,101,27,93,123,108
red,146,38,121,129,93,131,65,159,51,14
blue,0,38,11,29,110,48,65,2,51,82
red,0,65,11,51,66,48,46,2,76,100
red,144,84,101,76,93,47,46,2,51,96
blue,88,141,121,51,93,47,65,124,106,74
red,18,97,121,51,96,101,27,35,8,93
blue,53,40,104,85,100,101,84,143,76,9
red,110,124,121,106,5,0,27,151,17,82
red,59,141,140,51,4,11,13,103,116,96
red,112,38,33,24,82,90,13,1,29,74
blue,121,38,34,115,108,144,40,89,50,128
red,74,38,11,110,108,90,13,121,51,82
blue,39,65,1,29,153,0,84,121,52,82
red,0,13,154,51,37,19,23,110,17,79
red,34,40,121,76,4,65,142,2,51,82
blue,59,38,121,51,74,88,46,1,106,4
red,18,124,94,76,100,37,40,89,85,74
red,74,65,64,51,82,88,84,142,76,12
blue,74,142,11,29,26,33,40,64,52,93
blue,43,84,0,29,121,59,142,150,24,82
blue,146,67,3,8,82,144,30,43,24,141
red,34,146,2,76,16,110,155,121,29,99
red,22,40,124,29,53,92,46,151,52,82
blue,146,23,151,51,33,74,38,140,8,4
red,0,38,105,17,128,101,141,121,8,92
red,131,142,33,136,100,146,65,104,76,5
blue,146,30,151,76,66,0,38,124,29,112
blue,101,84,143,24,128,110,124,125,76,14
blue,43,18,56,17,110,0,141,143,69,80
blue,150,77,56,116,153,154,84,3,106,93
red,0,98,121,51,100,18,28,124,116,96
blue,0,84,122,51,14,151,125,64,29,53
blue,144,30,151,17,71,43,54,155,76,5
blue,0,40,89,17,53,110,84,151,49,71
blue,18,92,64,29,53,102,40,1,52,100
red,34,92,2,76,14,47,74,143,29,53
blue,74,65,159,52,126,107,38,1,133,100
blue,31,65,64,116,119,47,38,1,76,99
blue,47,38,121,8,14,107,84,110,17,71
red,91,38,104,76,66,42,84,121,129,16
red,74,38,1,29,53,18,141,124,129,100
red,110,142,143,29,53,59,65,121,8,70
blue,31,124,33,8,82,19,13,120,51,128
red,104,130,151,8,70,107,38,140,24,128
blue,2,61,132,150,100,22,107,143,51,79
red,144,141,64,17,9,43,40,33,136,100
blue,36,94,23,17,4,0,65,11,29,93
blue,151,54,43,29,12,47,65,64,17,100
blue,104,38,54,76,70,0,40,33,116,16
red,107,92,121,129,96,91,141,159,51,93
blue,18,61,159,136,119,107,142,151,8,100
blue,0,142,89,17,71,90,98,143,106,82
blue,47,124,140,76,93,31,84,3,17,71
red,0,84,3,51,93,43,65,143,76,91
blue,101,92,1,8,128,18,130,124,9,4
red,18,84,33,17,71,31,65,11,29,70
blue,131,124,121,76,93,0,18,1,51,82
blue,36,30,121,150,93,37,27,101,29,112
blue,18,38,121,8,9,47,28,110,150,100
blue,36,38,2,17,71,43,92,121,108,102
blue,37,98,143,51,82,121,13,1,52,100
blue,22,23,151,150,99,43,40,11,8,128
blue,0,38,56,24,82,37,61,159,116,93
blue,59,38,143,8,128,46,84,11,106,82
blue,39,38,121,49,66,104,142,105,17,82
red,151,65,121,17,71,47,142,2,76,82
red,0,142,2,8,100,47,13,121,51,82
blue,0,13,143,24,93,31,141,2,17,71
red,18,141,68,29,153,101,38,143,51,93
blue,103,38,138,24,128,18,154,155,76,100
blue,59,38,122,129,153,37,142,3,76,5
blue,31,38,132,51,4,0,65,68,106,82
blue,121,65,159,150,53,114,142,90,137,82
red,144,142,159,51,93,18,84,148,9,82
blue,115,54,94,137,96,107,142,121,51,93
blue,48,13,140,29,53,0,38,1,147,153
blue,47,40,83,17,71,37,84,150,8,82
blue,72,23,3,76,4,95,54,43,106,82
red,0,142,1,136,128,31,13,105,17,53
red,43,38,105,147,93,151,74,121,51,82
red,0,142,159,17,71,134,38,151,156,153
red,0,54,56,52,5,39,40,115,17,71
blue,22,124,121,52,5,0,98,56,51,93
red,107,65,90,17,71,74,84,86,29,53
red,107,142,11,85,82,110,125,144,49,93
red,101,84,151,51,82,0,27,11,76,119
red,42,142,159,29,119,0,40,2,106,82
red,25,84,110,17,71,59,38,33,76,93
blue,107,40,104,17,71,74,38,159,29,153
blue,131,142,11,116,96,155,61,110,157,9
blue,104,54,94,76,93,2,84,22,29,12
red,107,30,151,29,119,0,38,64,49,126
blue,115,65,37,8,128,19,13,124,51,66
blue,0,141,159,17,53,31,94,11,85,153
red,39,154,125,52,5,151,107,104,9,16
red,0,67,150,136,82,36,13,124,51,93
red,151,65,159,147,119,90,84,93,17,12
red,37,38,159,51,9,59,65,33,8,100
blue,90,61,89,8,128,101,23,33,150,108
blue,59,98,32,51,99,31,38,120,19,128
blue,101,38,33,129,4,37,124,151,51,99
red,110,84,43,8,16,90,38,89,9,128
red,90,65,11,151,96,35,38,136,150,108
blue,35,91,132,133,93,0,141,150,41,108
blue,48,13,143,17,71,90,65,1,29,93
blue,0,155,93,157,41,90,23,3,17,12
blue,35,38,121,8,128,90,54,43,136,96
red,74,141,121,106,99,90,13,2,51,93
red,39,84,94,51,119,90,38,121,17,79
red,3,13,121,51,128,43,38,11,76,153
blue,0,38,140,19,96,18,30,142,157,4
red,151,65,140,17,12,90,38,11,76,9
blue,90,38,121,49,12,0,107,136,157,53
blue,90,84,151,8,14,154,65,159,17,128
blue,101,130,56,85,9,0,38,26,106,97
red,101,13,132,51,119,112,38,2,24,82
red,90,38,87,24,5,95,142,55,19,82
blue,0,38,121,49,153,90,65,18,17,53
red,90,65,151,52,9,121,84,155,24,100
red,18,124,151,76,53,107,142,143,106,93
blue,19,61,140,29,53,0,65,121,85,153
blue,0,40,104,76,74,59,142,11,51,82
red,107,61,37,150,96,115,65,33,76,153
red,36,40,33,8,128,22,38,143,49,9
blue,31,84,69,17,82,0,124,151,76,14
blue,35,54,110,24,82,0,58,11,76,16
red,0,38,138,29,100,18,40,159,76,82
red,22,65,64,8,96,0,142,121,17,100
blue,31,124,83,17,71,0,84,65,49,53
red,101,61,159,17,79,88,65,64,8,82
red,151,124,132,8,16,144,65,159,136,82
red,0,124,110,76,159,31,61,11,51,128
red,107,84,131,49,159,129,67,94,51,82
blue,92,30,132,52,5,0,40,159,8,128
red,146,38,1,147,14,0,124,94,51,128
blue,0,38,64,51,99,101,46,121,52,9
red,0,84,151,9,110,43,124,2,24,128
red,37,38,143,29,100,34,107,121,8,128
red,0,84,43,8,99,39,38,140,29,53
red,48,86,121,17,71,0,40,114,49,83
blue,102,124,110,51,82,101,84,53,150,4
red,121,65,90,52,41,110,84,36,51,82
blue,115,141,120,76,41,107,84,117,8,4
red,0,38,1,116,80,36,13,124,69,153
blue,0,84,150,17,82,36,13,122,116,119
blue,107,130,140,51,53,115,84,101,9,100
red,0,27,34,51,82,43,40,143,49,126
red,0,124,101,29,16,151,38,105,136,82
blue,47,84,86,51,66,0,107,121,85,5
blue,0,65,143,136,66,19,142,124,8,16
red,117,87,110,51,93,151,38,37,116,100
blue,110,142,121,116,153,0,107,2,8,128
red,90,13,11,17,71,0,84,151,50,128
blue,18,142,1,51,107,0,117,150,29,53
red,37,61,33,106,74,47,65,121,76,4
blue,0,61,159,109,74,47,87,134,24,5
blue,18,98,121,137,66,0,65,2,52,96
blue,112,40,121,137,153,18,141,33,76,96
blue,115,125,159,29,153,59,107,151,76,70
red,0,87,143,8,82,31,40,56,29,53
red,18,61,33,133,96,142,84,1,116,93
red,0,38,124,136,121,31,65,89,51,82
blue,43,125,11,8,128,0,65,1,24,14
blue,95,130,11,49,91,151,124,48,29,12
blue,0,40,104,17,71,43,65,121,29,53
red,0,38,122,17,53,18,98,59,49,12
blue,59,65,1,51,96,18,124,151,24,4
blue,48,124,11,49,9,59,87,151,8,128
blue,37,38,124,8,123,36,40,121,9,128
blue,121,13,1,76,153,144,142,114,52,82
blue,0,61,124,51,82,146,13,89,136,70
red,0,142,143,52,100,114,37,150,51,5
blue,0,61,140,106,5,154,40,121,51,99
red,43,38,55,116,82,144,142,159,129,96
blue,0,61,89,129,66,107,65,143,52,4
blue,154,155,33,136,82,107,130,140,51,9
blue,74,141,124,49,9,37,13,43,17,93
red,101,124,90,136,128,25,65,121,51,93
blue,90,141,124,52,100,121,65,143,24,107
blue,110,84,121,8,128,112,65,124,17,79
blue,47,86,68,8,82,101,30,150,136,74
blue,31,27,43,17,82,101,23,110,136,4
red,0,84,151,17,53,31,65,159,24,93
red,59,94,121,76,110,74,38,105,51,82
blue,101,37,43,51,93,149,94,121,116,112
blue,0,124,121,51,99,37,141,1,150,110
blue,0,141,43,24,9,48,40,121,52,5
red,0,13,121,136,108,150,86,2,9,100
blue,74,23,3,51,99,110,40,143,29,66
red,74,60,124,51,66,90,40,11,49,53
red,0,23,3,136,14,92,125,121,17,100
red,128,46,125,52,66,146,102,124,136,82
red,36,61,64,8,82,0,141,33,17,16
red,107,141,1,136,128,74,38,121,17,71
blue,53,87,115,136,70,151,77,138,150,9
red,101,30,151,136,5,146,107,104,51,93
blue,104,141,1,150,157,48,13,138,136,82
blue,74,13,104,106,82,110,97,121,17,100
red,114,86,33,24,119,0,61,1,69,80
red,107,142,64,8,100,74,130,124,17,5
red,74,13,159,52,5,90,141,124,24,16
red,48,30,159,123,108,0,141,105,51,82
blue,0,141,11,8,82,59,61,143,17,71
blue,0,23,115,17,14,43,84,140,51,82
red,110,61,121,8,16,107,65,124,52,82
blue,107,142,121,24,74,112,65,33,51,93
blue,47,94,2,8,128,90,142,121,106,99
blue,151,23,150,29,5,18,67,101,17,16
red,0,142,159,51,93,18,23,150,106,82
blue,18,38,121,51,5,0,13,159,136,82
blue,18,67,121,116,66,78,38,90,17,12
blue,35,65,143,136,53,0,117,56,29,74
blue,0,38,68,106,12,114,13,37,51,119
blue,107,142,121,51,66,0,125,124,136,82
red,144,125,124,24,66,37,74,11,8,70
red,31,94,121,106,4,0,142,143,8,82
blue,0,97,2,29,53,36,84,121,52,100
red,0,124,110,76,14,18,61,33,49,53
red,47,67,3,76,14,18,84,56,136,82
blue,19,149,159,17,9,101,54,151,8,100
red,43,94,121,9,41,40,124,143,8,128
red,101,13,121,9,66,110,65,104,24,128
red,0,84,151,49,53,47,65,11,17,128
red,0,54,131,24,93,101,87,1,8,128
blue,107,124,110,29,93,67,38,125,76,66
blue,0,84,121,29,108,43,38,143,52,100
blue,95,23,121,150,93,92,40,104,29,53
blue,101,142,159,76,100,0,87,11,51,82
blue,0,38,121,52,128,35,142,143,51,14
red,47,84,115,76,5,18,65,143,133,96
blue,0,61,1,51,82,35,65,124,29,12
blue,34,142,64,106,12,82,65,159,49,37
blue,107,65,159,8,4,146,124,151,106,82
blue,101,84,2,116,96,0,142,143,51,53
red,151,124,121,29,82,90,142,104,69,102
blue,43,125,2,129,74,0,98,143,51,110
red,18,86,89,17,71,47,84,125,50,70
red,103,28,2,29,4,131,142,143,51,66
red,151,61,1,51,110,0,30,121,76,66
blue,67,65,132,17,66,0,124,151,76,14
blue,0,40,56,8,123,31,84,151,76,66
red,95,65,64,129,100,0,125,83,133,53
red,110,13,1,8,93,37,65,124,136,128
red,101,84,132,129,5,151,38,33,157,96
red,59,142,121,51,14,150,38,64,76,99
blue,47,124,151,123,108,0,54,3,150,99
red,22,65,124,137,53,0,40,121,29,153
blue,88,84,125,129,66,0,107,43,8,128
red,101,65,159,52,110,2,61,125,8,12
blue,151,124,3,136,82,107,30,125,49,12
blue,47,84,3,51,112,101,124,151,8,100
red,104,94,159,24,112,123,38,11,51,14
blue,0,38,159,17,41,59,65,151,49,9
blue,62,107,3,52,41,144,58,43,17,9
red,110,38,122,51,119,34,142,121,17,41
red,19,77,121,49,41,74,141,155,106,4
red,151,155,124,8,93,47,87,33,17,79
blue,19,38,43,147,16,11,30,151,51,5
red,107,102,143,17,100,155,84,151,8,128
red,22,65,144,29,96,42,38,114,52,93
red,35,84,94,76,74,19,23,125,150,153
blue,0,65,1,129,70,146,142,144,136,66
blue,102,97,11,9,96,101,27,110,76,66
red,131,124,143,49,128,102,38,1,17,79
blue,102,58,121,52,99,88,125,124,8,70
red,0,61,143,29,96,110,65,11,116,99
red,18,84,125,69,80,25,38,159,106,93
red,59,141,125,116,16,18,92,115,19,82
red,107,54,155,52,37,74,84,3,129,4
blue,90,13,122,17,41,72,38,143,150,37
blue,97,38,159,116,70,90,124,17,51,93
red,92,125,132,8,70,101,30,159,76,119
blue,0,84,11,8,128,146,38,68,50,100
red,34,38,11,136,66,18,84,151,51,82
blue,101,67,110,52,5,0,23,151,17,79
blue,35,84,110,51,82,92,67,151,29,16
red,31,84,69,19,5,34,67,38,52,82
blue,59,142,104,29,74,22,141,1,8,100
red,107,60,151,8,128,34,84,124,24,70
blue,11,40,121,51,14,142,84,151,29,53
blue,0,142,143,156,82,42,40,33,8,16
red,142,74,37,85,153,0,141,64,8,82
blue,123,65,124,52,9,31,142,37,29,53
blue,18,38,70,76,93,0,84,74,156,91
blue,121,91,56,8,93,104,141,150,51,14
blue,34,84,155,94,108,31,38,37,52,14
red,34,38,33,76,53,74,13,121,49,153
red,144,60,2,24,96,74,38,11,29,9
blue,121,13,19,136,128,107,142,33,116,66
blue,47,84,48,17,71,101,74,121,50,9
red,0,84,151,49,93,48,65,159,17,71
blue,37,40,121,150,74,0,30,1,85,93
blue,114,13,33,8,128,37,65,151,51,14
red,107,13,151,17,12,104,67,94,29,53
blue,0,124,101,17,82,47,27,21,9,93
red,0,84,151,49,9,48,65,143,17,71
red,37,124,101,76,9,18,13,33,29,119
red,36,84,151,49,9,18,65,140,8,12
blue,43,142,144,17,82,107,38,1,29,110
red,110,124,11,17,12,144,117,150,76,96
blue,110,84,2,8,128,18,38,83,136,53
red,0,107,121,52,100,101,38,143,8,128
red,104,141,121,8,53,146,84,125,29,93
red,0,124,159,51,4,59,67,110,136,66
red,33,124,150,51,66,18,65,26,116,93
blue,101,98,11,51,82,37,23,43,150,153
red,90,65,1,106,5,104,124,110,29,74
blue,101,141,115,136,128,151,27,131,147,82
red,48,13,70,8,9,43,84,0,76,96
red,74,38,140,51,16,3,84,11,106,93
blue,0,67,151,136,9,47,37,89,51,82
red,107,124,151,136,66,59,142,132,52,5
red,43,84,89,85,82,0,38,122,17,4
red,0,26,140,106,99,18,84,159,137,128
blue,43,84,101,8,66,150,13,144,29,100
red,0,92,55,106,82,110,141,64,51,100
red,92,124,93,17,71,88,67,151,52,66
red,11,98,87,51,91,18,86,143,76,128
blue,131,13,68,136,96,107,86,64,17,71
blue,59,65,64,29,74,33,38,124,8,96
blue,0,84,2,129,82,88,86,143,76,99
blue,0,38,105,85,99,151,142,159,29,153
blue,107,40,64,136,4,0,84,140,129,82
red,0,142,2,29,12,31,117,143,76,5
red,0,92,121,8,119,18,61,11,51,33
red,101,124,155,8,82,34,117,143,76,66
red,31,84,101,136,99,39,65,33,9,70
blue,59,40,159,9,79,115,84,43,17,82
red,144,84,155,76,66,90,26,110,106,91
red,107,40,121,8,53,0,84,3,51,5
red,0,38,159,106,82,88,54,151,51,93
red,88,141,143,49,74,92,40,37,76,99
blue,112,65,121,51,82,91,38,140,8,16
blue,151,124,43,52,128,18,61,56,17,9
red,142,65,159,76,37,101,61,2,8,128
blue,47,65,159,29,96,18,87,125,52,93
blue,0,65,121,85,66,146,124,151,136,4
blue,69,142,11,76,66,0,38,121,29,108
red,0,107,11,51,82,92,94,2,69,74
red,34,38,121,156,74,11,86,117,29,9
red,92,46,121,8,93,144,38,33,52,66
red,36,84,70,52,128,37,149,151,17,12
red,0,30,33,136,66,150,107,110,17,108
blue,37,38,34,52,14,0,23,125,129,74
red,47,107,56,29,82,18,142,143,76,4
blue,18,28,43,157,9,0,13,26,49,4
red,31,98,140,106,93,0,13,121,85,110
red,151,141,1,24,5,0,67,68,17,71
blue,2,38,151,136,99,36,65,121,24,9
blue,78,38,140,51,99,144,98,89,156,82
blue,0,141,1,29,70,36,97,138,148,9
red,104,84,142,29,153,11,13,2,76,53
red,115,13,124,69,153,59,40,121,51,93
blue,47,92,64,106,99,59,65,11,8,4
blue,18,38,11,29,96,74,13,33,51,82
red,18,141,140,8,82,0,13,121,51,96
red,92,30,151,76,12,18,40,121,8,9
blue,31,149,11,24,82,18,84,121,29,153
red,74,142,56,17,119,31,13,83,76,5
red,101,38,56,136,82,74,125,33,76,5
red,19,84,151,129,100,90,61,33,51,126
blue,74,26,94,52,9,107,13,143,17,5
blue,151,84,94,17,16,0,65,140,51,82
blue,18,107,121,144,96,110,117,11,50,128
blue,107,38,159,17,12,74,13,104,29,53
blue,59,88,11,8,128,101,155,37,29,53
red,134,46,124,8,100,151,30,110,51,14
blue,107,13,55,51,5,121,46,3,9,159
red,0,141,140,29,53,43,92,2,52,100
red,0,74,11,52,100,92,65,83,8,112
blue,107,61,143,29,71,39,155,122,8,128
blue,65,141,121,8,70,107,98,138,76,12
red,59,77,105,136,112,46,27,3,8,66
red,90,38,11,147,128,101,124,151,52,99
blue,31,38,33,24,82,115,61,121,9,100
blue,36,98,124,8,123,112,40,59,106,82
blue,144,65,121,24,128,18,124,3,136,5
red,0,130,56,17,71,31,149,121,49,110
blue,37,38,120,129,82,47,61,21,24,66
red,144,141,124,49,53,101,65,121,17,71
blue,144,40,104,76,100,90,141,37,24,66
blue,42,13,104,29,93,107,18,121,17,71
blue,25,65,124,24,128,107,61,37,29,108
red,31,141,121,8,82,18,67,151,65,108
blue,107,141,64,51,66,59,77,159,8,16
red,90,84,2,8,82,101,67,121,76,123
blue,101,23,155,76,153,144,67,43,29,93
blue,0,46,37,8,82,48,65,121,129,96
blue,110,60,143,52,100,18,40,124,136,74
red,123,40,121,51,119,0,65,124,52,120
red,144,23,101,49,123,59,65,132,17,71
red,104,38,159,17,93,107,61,140,52,100
red,0,84,143,8,128,35,124,94,24,5
blue,101,92,159,29,66,43,65,64,17,128
red,43,141,121,49,82,0,124,104,17,128
red,18,117,159,8,12,47,92,7,29,53
blue,123,142,121,17,70,31,46,7,8,128
blue,0,142,124,51,12,47,23,150,24,5
red,78,38,1,136,123,74,142,33,8,82
red,142,84,151,8,153,18,87,11,52,9
blue,36,38,1,150,4,0,65,11,136,14
red,36,141,124,51,4,59,13,159,52,100
blue,48,65,104,116,9,43,23,110,150,121
blue,18,97,2,76,82,47,124,115,17,71
red,36,124,2,51,4,0,40,104,106,66
blue,36,107,121,76,110,154,38,11,24,82
red,59,23,150,76,9,72,65,140,123,108
blue,19,155,159,51,14,34,38,89,138,93
blue,0,61,140,51,82,74,38,121,8,128
red,18,58,33,116,153,37,38,121,150,66
red,107,141,140,129,15,3,38,121,29,53
red,110,38,132,129,92,22,142,104,150,4
red,74,149,11,76,153,22,38,33,29,53
red,22,65,11,116,153,67,38,33,24,82
red,92,84,151,136,148,144,61,2,69,80
blue,90,30,129,106,82,101,65,121,136,128
red,37,84,150,17,41,0,38,159,8,119
blue,131,124,151,29,5,65,92,56,51,53
blue,2,13,43,51,96,0,149,11,129,82
red,47,27,43,8,128,18,65,132,76,9
red,59,142,151,52,66,0,141,159,8,82
blue,42,124,89,17,4,22,142,122,51,5
red,3,84,151,9,128,0,142,11,129,99
blue,104,38,89,51,82,18,77,140,9,128
red,101,84,121,17,71,104,124,110,51,82
red,114,40,159,137,153,37,142,90,29,93
red,59,38,94,76,9,36,84,121,69,153
blue,151,124,150,51,93,70,38,159,147,96
blue,3,124,132,136,128,107,54,125,76,9
blue,112,84,159,29,53,101,54,151,51,82
blue,90,74,33,76,100,101,84,159,129,5
blue,0,46,2,49,93,65,124,151,51,74
red,74,84,65,136,4,37,30,155,52,100
red,0,124,151,29,99,35,38,159,8,128
red,36,84,159,24,9,0,61,124,49,119
blue,38,23,151,51,96,0,61,143,76,93
red,47,124,155,49,93,92,65,11,51,121
red,101,46,140,76,9,90,84,151,8,128
red,18,94,33,29,53,11,38,151,116,96
blue,18,38,11,24,100,0,84,142,51,66
blue,43,124,94,76,82,0,61,2,150,66
red,0,40,2,29,96,22,84,110,129,66
blue,0,65,105,116,93,31,37,29,51,82
blue,19,65,159,136,14,31,107,121,150,93
blue,90,23,94,106,99,43,84,125,133,4
blue,154,65,89,49,53,0,142,143,17,82
blue,0,124,125,129,5,3,141,64,52,99
blue,36,141,64,17,128,0,38,143,76,66
red,34,61,33,52,100,144,142,37,49,53
blue,107,40,1,123,108,37,61,143,51,99
red,107,61,121,129,99,0,142,159,157,96
blue,101,27,131,63,70,90,141,104,29,12
red,150,40,1,129,99,18,92,37,8,12
blue,151,38,121,150,96,0,40,11,129,99
red,104,141,142,24,5,107,94,1,51,4
red,38,40,56,116,5,36,124,0,76,9
red,0,54,155,51,100,59,40,110,129,66
red,92,142,151,17,160,95,13,159,29,41
red,131,40,33,29,119,59,38,140,41,108
blue,59,92,86,24,82,2,13,52,29,100
red,35,77,1,76,9,101,61,132,51,100
blue,101,65,143,17,12,36,124,74,76,9
red,74,65,33,51,82,151,61,90,52,110
blue,74,61,121,51,93,18,23,33,116,4
red,74,65,143,8,123,110,54,125,129,66
red,90,141,159,29,153,110,65,64,136,53
red,35,65,21,9,159,74,92,29,106,5
blue,121,102,74,17,53,112,38,122,106,93
blue,74,65,1,51,110,104,141,94,116,82
blue,74,141,159,29,12,101,86,114,49,154
blue,18,67,117,29,12,74,38,33,76,141
blue,112,61,151,51,82,110,46,11,85,153
blue,104,61,117,136,82,74,38,11,8,123
blue,74,38,1,51,82,31,61,159,157,93
blue,74,61,70,51,93,107,60,120,29,4
red,101,38,159,65,108,110,98,11,157,93
red,36,54,131,51,82,74,38,115,17,71
red,74,60,104,29,6,90,27,155,17,79
red,74,102,159,136,96,110,84,151,51,82
blue,74,65,143,29,66,101,40,56,129,4
blue,74,65,11,17,82,90,40,159,29,53
red,146,84,110,52,93,74,97,121,106,5
red,74,142,11,76,100,110,13,124,8,70
red,74,38,159,29,12,35,67,124,8,126
red,39,13,143,8,128,101,124,74,76,12
blue,74,130,124,52,5,90,38,121,17,71
red,74,38,124,29,82,18,61,121,17,16
red,31,84,41,51,66,0,58,104,85,4
blue,107,94,33,17,37,19,88,74,76,96
blue,74,141,33,116,70,39,61,143,17,5
blue,18,58,143,51,93,47,61,33,116,16
blue,101,67,43,150,96,112,30,151,51,9
blue,92,124,110,17,108,151,38,1,24,82
red,31,38,121,29,153,102,13,124,52,14
blue,34,84,87,29,9,104,40,1,17,82
blue,144,13,1,129,96,151,87,124,51,82
red,0,92,11,51,82,110,142,121,85,153
red,36,13,64,76,53,0,38,68,65,108
red,34,38,1,17,71,144,61,151,76,14
blue,114,84,151,76,9,97,65,64,29,153
red,2,13,151,150,108,107,40,121,156,153
red,107,141,124,24,114,18,13,41,29,153
red,3,94,56,76,66,19,13,43,52,33
red,59,38,143,8,82,31,94,124,49,93
red,43,61,121,52,100,0,30,94,116,153
red,112,54,94,76,33,37,155,140,17,79
red,18,94,33,51,82,47,141,104,8,128
red,36,141,104,116,16,0,40,140,51,96
red,110,40,64,51,74,37,61,87,106,82
red,88,94,104,66,76,43,38,33,24,128
blue,31,38,121,8,128,88,40,104,51,14
red,0,94,121,76,9,104,40,110,8,82
blue,101,65,33,9,74,114,40,121,29,153
red,134,94,159,8,128,115,124,121,24,16
blue,59,65,159,136,16,0,94,64,116,66
blue,31,38,132,136,70,107,94,121,76,9
blue,0,26,155,24,93,48,54,131,51,5
blue,36,65,159,106,74,0,54,110,51,66
blue,18,54,155,106,82,0,38,11,51,110
blue,0,27,110,85,74,151,40,89,51,82
blue,0,124,43,17,79,151,142,110,144,82
red,92,124,43,76,4,18,94,33,51,82
red,47,92,11,17,71,18,40,159,150,121
blue,36,38,37,106,4,53,92,143,85,66
red,101,84,55,51,93,78,40,33,49,153
red,31,155,144,51,66,90,40,70,76,82
blue,105,40,150,85,110,47,92,121,50,128
blue,37,38,121,8,128,137,149,143,51,82
red,107,141,104,129,12,121,61,143,76,4
blue,107,142,121,29,153,0,38,56,129,96
blue,101,38,121,17,70,34,40,11,76,100
blue,122,61,2,52,82,31,38,37,29,100
blue,47,61,159,76,100,0,84,151,150,108
red,107,65,83,147,96,74,77,87,129,153
red,107,65,87,147,82,74,141,121,8,16
red,121,65,71,17,82,59,38,83,49,12
blue,36,61,55,29,148,0,40,121,85,126
red,112,54,43,51,93,18,40,2,29,53
red,131,65,56,51,82,18,124,143,24,126
red,42,65,143,8,128,18,84,104,116,82
blue,42,26,11,136,9,0,13,120,8,128
red,36,38,121,129,16,22,13,56,51,82
blue,110,142,1,9,128,101,124,3,52,5
red,47,142,120,51,82,31,38,159,106,99
blue,0,38,1,29,96,34,84,159,51,4
blue,0,67,68,76,128,31,124,110,51,82
blue,59,40,2,51,153,103,38,143,133,82
blue,103,142,19,17,12,0,38,159,51,5
red,74,61,159,76,9,37,94,2,52,5
red,34,84,110,136,66,104,142,122,29,82
blue,43,98,143,49,153,88,38,122,29,53
blue,31,111,33,136,96,18,124,3,129,93
red,74,38,121,51,96,107,124,142,76,100
red,42,54,125,29,53,112,84,2,51,82
red,0,61,140,138,93,74,27,110,29,82
blue,36,38,121,24,82,107,61,143,51,110
red,48,67,92,52,4,0,58,110,157,66
blue,59,111,151,24,41,0,40,89,51,93
red,47,84,104,8,128,38,58,121,129,14
blue,134,61,151,17,26,0,40,121,52,82
red,0,40,2,51,99,34,67,65,106,74
blue,0,84,33,29,9,34,142,143,116,100
blue,151,111,37,136,16,0,40,121,51,5
blue,34,65,144,8,4,0,61,143,51,37
blue,95,38,132,49,100,104,54,125,51,82
blue,102,58,143,17,53,47,38,54,52,82
blue,19,38,110,76,82,102,46,159,133,70
blue,18,61,33,29,93,47,38,1,52,100
red,107,124,94,29,100,31,38,64,52,5
blue,97,58,143,106,5,107,40,2,9,16
blue,47,141,121,106,99,112,13,151,157,53
red,101,107,143,8,53,0,58,121,29,41
blue,107,141,159,52,100,112,142,143,17,53
blue,110,54,151,93,8,117,61,143,69,153
blue,113,38,105,106,82,31,102,159,76,74
red,0,38,56,116,70,18,40,104,8,82
red,31,61,33,49,53,0,40,89,116,158
red,107,84,151,52,126,0,13,56,116,74
blue,107,61,159,65,108,0,38,64,52,82
red,0,13,140,8,104,94,65,121,50,100
red,107,84,155,49,74,95,142,121,17,12
red,18,40,121,133,128,3,142,89,8,9
blue,36,38,121,76,53,74,65,19,50,70
blue,57,40,143,116,16,18,38,120,137,82
red,0,40,56,29,66,18,98,143,76,74
blue,86,124,43,51,5,47,87,144,24,82
red,144,149,83,24,96,112,38,121,150,108
blue,144,98,43,116,12,104,141,89,8,96
blue,121,84,43,52,82,144,92,155,116,153
blue,88,124,150,29,153,146,54,155,76,99
blue,59,40,140,17,41,104,149,11,116,53
blue,107,40,87,51,82,36,38,121,17,66
blue,0,26,101,29,153,107,23,131,51,5
red,74,38,121,106,82,31,107,159,52,66
red,104,54,151,49,53,101,40,143,116,153
blue,31,65,121,51,110,0,38,159,106,4
red,0,13,143,51,4,101,38,2,29,53
blue,103,92,132,17,79,0,141,37,49,153
red,90,27,151,17,71,101,102,64,49,9
blue,47,38,124,52,82,101,84,56,136,16
blue,92,38,139,76,93,74,142,121,51,4
red,92,87,121,17,71,0,38,143,8,82
red,78,13,89,8,100,42,141,2,17,79
blue,22,141,56,51,93,47,65,121,106,82
red,92,37,142,106,82,121,65,56,17,79
blue,37,38,155,136,74,151,65,33,76,66
blue,35,92,63,157,93,42,104,56,52,130
red,93,65,159,17,9,110,142,56,49,79
red,107,86,159,29,96,34,38,1,17,53
red,146,38,64,29,66,18,124,34,51,82
blue,146,124,159,110,108,101,26,94,76,154
blue,48,67,110,136,100,112,91,56,29,9
blue,91,125,11,17,100,19,75,104,76,9
red,53,142,11,24,96,144,155,121,8,153
red,101,38,124,51,99,37,125,121,129,96
red,101,125,83,29,5,19,13,151,157,82
blue,31,40,11,76,82,0,87,120,151,5
red,101,13,159,17,79,143,38,87,51,70
blue,110,142,33,8,16,91,111,2,24,108
blue,74,61,132,137,153,152,111,150,76,53
red,78,155,89,24,53,107,13,138,8,70
red,18,38,143,24,82,107,40,121,76,66
blue,104,61,3,29,153,110,65,143,52,128
blue,31,13,140,51,99,18,142,159,29,4
red,2,141,11,51,9,110,40,121,136,120
red,34,38,89,52,110,2,65,155,76,91
blue,18,84,151,8,9,31,65,143,52,100
blue,31,141,1,116,5,37,38,143,17,153
blue,0,37,151,76,66,31,40,124,51,112
red,47,84,124,106,99,101,142,1,76,82
blue,92,84,11,8,123,0,23,151,49,82
red,101,142,143,51,37,25,38,121,147,99
red,134,65,143,29,53,0,84,3,24,82
red,90,38,89,52,100,101,65,11,8,82
blue,31,38,121,51,4,107,154,2,76,82
blue,144,65,110,150,4,104,38,121,76,82
red,78,107,43,17,71,146,142,11,52,100
red,18,38,33,52,99,0,142,124,17,16
blue,88,61,159,76,96,112,38,124,24,128
red,34,61,124,148,4,104,58,56,76,128
red,36,40,121,51,82,144,13,150,116,96
red,146,74,122,8,82,144,38,11,52,128
blue,18,92,64,51,14,35,38,121,52,128
red,22,38,2,51,74,0,84,121,49,66
blue,112,84,101,17,71,121,124,110,49,14
red,74,65,89,52,9,104,142,151,51,15
blue,31,38,1,129,5,0,98,11,106,99
blue,115,67,151,50,99,0,38,143,17,100
blue,36,124,159,51,126,0,84,151,136,74
blue,110,38,143,109,108,92,61,136,49,9
red,37,38,104,49,100,19,60,11,17,9
blue,88,38,89,50,16,33,61,159,52,99
red,59,38,159,17,53,0,65,11,52,5
red,134,142,159,8,128,35,18,151,51,93
blue,0,13,121,24,128,151,18,19,51,93
blue,92,124,121,52,9,37,142,1,106,110
blue,0,84,43,17,71,36,61,104,49,153
red,123,67,3,8,128,112,13,53,51,14
blue,95,38,89,50,128,34,142,83,8,16
blue,101,38,64,129,126,19,61,121,29,53
blue,127,84,43,51,70,114,61,132,8,100
red,0,65,121,69,82,151,40,2,52,93
blue,107,61,1,24,110,0,84,121,136,9
blue,31,13,143,9,53,18,141,2,17,71
red,31,58,121,52,5,90,38,159,9,70
red,0,61,114,8,93,11,92,38,52,110
red,101,54,110,150,108,151,142,90,116,153
red,102,38,1,76,99,88,61,33,106,82
blue,47,26,0,52,100,43,141,143,76,138
red,90,38,140,76,82,101,65,33,51,93
blue,37,38,125,106,99,90,65,143,51,110
red,101,67,43,17,79,36,40,159,136,128
red,112,98,89,85,53,110,154,3,116,153
red,0,61,64,116,37,101,74,69,148,99
red,59,124,110,85,82,90,38,121,129,100
blue,101,38,121,106,74,31,142,2,129,82
red,101,40,124,52,9,0,142,19,24,82
red,107,142,2,136,4,101,84,33,8,82
blue,69,38,143,17,74,34,94,33,76,66
red,90,58,121,52,128,123,87,151,133,12
blue,22,107,151,85,112,36,84,159,17,12
blue,36,46,143,17,79,31,38,124,29,12
blue,150,65,1,129,93,34,38,56,29,12
blue,90,84,3,49,12,110,67,35,136,128
red,0,155,64,106,99,31,61,159,9,128
red,3,130,159,29,128,107,92,120,76,153
blue,101,124,3,116,82,0,134,23,29,9
blue,110,38,144,76,82,74,54,3,116,9
red,43,61,121,76,53,36,54,3,106,82
red,92,61,1,147,96,74,91,83,51,93
red,47,149,121,8,128,101,61,87,106,82
blue,0,84,90,29,93,18,13,143,106,82
blue,37,38,121,106,74,137,84,151,29,153
red,36,84,151,116,153,35,61,122,76,96
blue,0,54,121,29,53,36,40,104,49,110
blue,43,142,122,51,82,59,46,121,85,110
red,0,79,151,9,66,65,13,56,51,4
red,0,40,121,150,93,146,30,95,8,4
blue,0,54,150,9,74,31,142,124,8,4
red,37,65,89,106,4,34,84,3,76,82
blue,92,84,43,51,66,18,38,56,76,4
blue,37,124,125,129,74,112,38,104,51,4
red,47,38,121,8,100,18,74,89,85,93
red,11,65,121,129,114,37,40,2,51,93
red,18,142,132,17,53,47,84,33,51,74
blue,0,65,64,150,82,18,141,1,29,121
blue,110,13,121,52,96,107,84,101,51,93
red,36,124,142,29,99,101,46,64,76,82
blue,90,141,43,9,12,88,65,139,8,128
red,110,13,11,129,93,0,67,43,76,153
red,101,107,121,150,99,90,13,151,76,5
red,121,130,159,8,66,67,40,140,51,74
red,31,75,93,9,53,150,61,104,17,74
blue,95,124,3,116,41,0,142,143,49,12
red,43,84,104,24,5,90,38,159,29,153
blue,0,23,1,51,14,31,92,124,52,100
blue,151,38,124,29,153,102,30,101,76,53
blue,102,155,11,8,53,110,13,124,52,14
blue,107,61,70,116,153,154,142,68,106,82
red,146,84,151,106,93,0,65,138,116,9
blue,0,61,104,8,16,101,38,132,106,74
blue,154,84,48,29,53,0,61,59,50,82
red,18,40,136,9,100,0,97,121,51,153
blue,18,61,64,76,12,151,142,1,116,110
blue,101,27,115,17,53,18,40,159,50,123
red,2,65,121,147,74,18,142,56,51,82
red,18,98,33,29,82,47,38,121,8,128
blue,151,124,125,51,74,0,134,38,8,70
blue,47,65,64,76,74,18,30,151,51,108
blue,0,61,1,29,96,37,84,154,129,126
red,151,40,2,51,5,121,142,114,52,66
red,151,98,121,106,5,144,87,143,29,9
blue,115,92,140,17,66,151,65,124,49,79
blue,0,84,121,106,82,59,65,107,8,93
red,110,84,142,17,41,18,124,3,8,128
red,107,98,56,17,12,151,46,121,136,109
red,18,40,121,157,53,0,84,64,123,108
blue,103,40,68,51,82,110,124,151,133,119
red,0,84,124,8,16,88,142,11,17,128
red,11,84,110,85,107,3,98,39,9,5
red,90,61,33,76,93,104,142,159,52,82
blue,0,67,94,106,5,36,54,110,29,99
red,0,141,143,51,82,47,84,121,76,99
red,37,149,143,29,53,59,98,121,51,82
blue,33,13,124,52,5,107,27,110,8,66
blue,37,46,69,51,99,25,54,110,29,53
blue,31,124,121,52,126,37,13,159,106,66
blue,101,98,159,51,93,90,38,2,24,128
red,105,141,1,51,92,37,38,64,52,110
red,37,38,11,150,99,90,98,159,8,128
blue,36,46,121,8,100,0,65,11,17,82
blue,0,65,64,106,82,88,61,83,69,153
red,59,98,0,76,9,31,141,140,116,100
blue,92,149,159,76,66,34,37,93,51,5
red,0,61,159,17,70,18,13,143,51,93
red,110,13,159,51,14,115,46,143,8,128
blue,47,61,64,133,153,112,38,140,51,74
blue,33,142,53,137,4,112,38,159,51,93
blue,144,86,143,29,70,90,65,124,51,82
blue,0,40,140,51,128,43,61,1,136,123
red,78,38,140,51,14,33,58,143,8,74
blue,91,84,151,17,33,61,98,159,136,153
red,0,27,159,29,153,91,134,151,49,12
red,137,92,159,63,70,112,134,143,51,82
blue,2,61,155,52,5,47,38,56,51,93
red,107,65,159,17,128,90,28,124,24,100
red,34,141,159,17,100,131,84,90,147,9
blue,0,38,140,17,71,90,142,159,9,108
red,31,26,129,51,100,131,87,3,24,126
blue,131,154,124,17,70,37,61,121,76,128
blue,131,107,87,52,126,93,61,33,29,100
red,131,124,110,24,100,101,40,89,51,153
red,0,65,1,51,74,131,38,121,147,93
red,131,38,159,29,5,43,84,151,51,108
red,131,124,83,116,70,6,38,159,85,82
red,144,61,68,51,100,131,38,33,8,66
blue,131,87,155,29,82,33,38,56,129,70
red,0,67,131,116,41,18,124,155,51,126
red,33,61,3,9,82,131,149,64,24,126
red,131,75,124,157,66,129,87,2,52,100
blue,19,155,33,51,74,131,142,143,24,66
red,34,131,121,56,53,112,142,2,116,153
blue,0,38,105,49,41,131,84,33,52,100
red,131,74,11,137,99,37,142,33,29,96
red,131,61,104,8,120,72,65,159,52,82
red,131,13,2,136,119,112,38,121,24,100
blue,107,142,11,29,16,131,38,121,76,82
blue,18,124,151,51,5,131,40,56,29,12
blue,95,54,101,76,4,131,61,11,116,74
blue,0,87,19,76,96,36,84,144,51,93
red,88,84,3,51,93,34,30,6,106,4
red,107,27,137,51,82,126,61,33,76,96
blue,59,142,53,24,80,91,44,143,17,153
red,107,84,101,8,70,2,124,155,52,100
red,90,38,64,51,9,121,155,11,29,12
red,144,84,151,52,91,110,23,125,76,9
blue,0,142,140,52,9,47,84,43,8,93
red,101,38,121,29,96,74,61,140,24,100
red,19,65,121,9,82,18,38,159,51,66
blue,47,84,143,52,33,0,65,159,76,66
blue,36,92,121,17,71,107,40,143,106,82
red,36,142,121,76,66,0,97,2,51,128
blue,2,86,64,65,108,104,142,33,136,114
blue,48,40,121,8,5,0,142,124,51,74
red,110,94,159,51,53,134,38,64,76,128
red,31,60,2,29,93,0,61,121,51,82
blue,43,30,110,19,82,31,94,143,51,5
blue,18,23,121,150,108,90,141,56,17,71
red,88,40,140,76,5,0,23,151,29,4
red,134,84,43,17,66,47,38,89,129,5
red,0,67,150,51,93,31,142,56,106,41
blue,144,142,2,17,82,101,84,151,147,100
red,2,38,159,49,110,35,65,1,29,9
red,93,58,2,8,128,35,38,121,51,14
red,59,65,43,51,93,90,87,151,29,14
red,0,65,121,85,5,31,142,89,50,16
blue,43,13,121,147,100,59,38,134,51,93
red,112,38,1,49,9,39,13,121,17,71
red,151,40,89,29,82,101,38,159,51,74
red,131,40,19,8,128,34,149,89,136,100
red,112,26,155,52,5,92,61,121,76,100
blue,36,142,121,51,14,37,84,56,8,100
blue,81,54,121,51,66,0,18,2,106,82
blue,0,54,90,49,153,31,142,143,76,128
red,18,92,11,8,16,0,141,124,52,100
blue,110,141,140,29,12,35,40,1,116,5
red,0,38,121,51,16,101,61,143,24,93
blue,2,44,43,24,93,105,13,159,133,100
blue,107,40,159,17,53,0,142,87,136,128
blue,18,30,0,51,66,107,125,121,24,5
red,114,65,11,8,128,117,92,121,17,82
blue,91,84,121,51,93,0,26,151,49,96
red,107,65,1,137,16,35,40,121,51,99
blue,59,142,0,51,65,103,54,151,76,93
red,104,84,151,8,128,42,74,33,51,5
red,101,84,151,106,96,0,38,104,136,93
blue,31,77,83,51,93,0,142,159,76,14
red,102,65,121,76,66,34,61,124,129,153
red,31,37,139,150,96,47,84,159,76,5
blue,110,84,104,147,82,112,67,38,51,5
blue,0,98,105,52,5,59,61,104,49,66
blue,43,61,2,52,5,0,54,151,110,108
blue,112,141,121,76,82,0,40,110,51,123
blue,37,65,159,8,53,101,84,11,106,82
red,90,61,2,76,53,34,54,3,8,128
blue,18,30,150,76,37,0,61,132,51,4
blue,92,142,19,69,153,53,65,124,52,100
red,47,92,124,52,5,18,141,1,76,100
blue,31,38,143,17,53,0,28,159,116,153
blue,36,61,64,76,5,101,46,11,17,79
red,31,38,132,29,12,74,65,1,17,79
blue,88,65,159,29,9,0,13,2,17,12
blue,18,97,159,51,4,34,40,140,137,82
blue,110,155,124,17,12,112,38,121,129,27
red,0,38,124,52,126,48,61,144,116,112
red,31,97,122,116,100,0,124,155,17,5
red,19,87,122,8,128,88,38,143,51,82
blue,137,65,64,29,33,31,142,83,129,153
blue,19,102,121,116,100,113,40,1,52,82
red,131,61,143,136,82,19,142,33,17,100
blue,144,23,150,29,126,19,61,2,129,96
red,102,87,114,17,100,19,38,2,129,9
blue,19,155,105,76,96,92,84,143,49,82
blue,19,98,44,150,14,107,77,140,17,15
red,92,61,122,24,93,142,38,140,129,153
blue,18,38,124,156,9,19,65,121,24,126
blue,90,84,3,76,4,19,65,89,51,93
blue,92,130,125,51,14,0,84,110,9,15
red,112,142,143,136,15,92,40,83,51,4
red,36,84,132,8,100,22,65,125,136,128
blue,0,61,33,157,100,59,38,120,129,102
red,101,13,2,52,5,19,141,121,76,66
blue,34,40,11,8,128,95,84,151,76,99
blue,47,141,159,29,53,107,13,64,52,82
blue,107,23,110,51,82,90,87,121,136,128
blue,22,23,155,106,82,36,61,121,24,100
blue,107,141,11,17,79,88,38,1,52,5
red,101,65,159,49,153,0,46,37,8,128
red,43,84,155,17,79,90,65,64,52,5
red,101,84,159,8,4,0,65,124,51,82
blue,88,38,143,49,9,37,125,121,24,93
red,0,84,124,136,82,101,86,159,76,66
red,90,61,122,52,83,114,38,56,136,82
blue,101,142,114,51,82,35,84,1,17,79
red,42,65,33,50,128,0,13,159,76,93
blue,47,65,32,106,66,18,38,33,29,9
red,154,13,11,49,153,90,84,151,17,71
blue,0,40,33,85,83,121,38,56,29,153
red,48,23,155,49,153,0,84,110,29,93
red,3,84,143,150,96,37,40,22,17,71
blue,31,142,124,8,16,92,40,144,52,83
blue,95,13,64,17,71,134,84,1,24,82
red,18,38,1,51,9,112,40,33,29,53
red,47,65,64,157,96,31,18,121,29,12
red,0,124,3,106,99,90,61,2,24,82
red,31,46,104,29,53,0,65,121,52,100
red,43,84,151,129,27,31,38,11,29,4
blue,110,124,151,9,100,117,38,1,24,5
red,110,61,2,157,66,92,84,125,69,80
red,59,40,129,29,153,74,154,110,106,66
blue,0,142,87,156,66,31,40,56,24,82
red,18,84,131,76,66,123,141,1,51,82
red,104,142,110,120,108,144,125,121,136,119
blue,88,141,124,157,82,112,40,140,8,4
blue,90,84,150,106,66,110,107,2,52,93
blue,0,67,43,8,123,48,141,64,24,5
red,36,67,43,24,96,47,87,155,157,108
blue,146,61,33,129,4,101,65,11,76,66
blue,74,44,138,49,12,107,30,151,17,53
blue,115,65,121,76,100,67,38,104,150,37
blue,90,38,11,76,4,112,65,33,106,99
red,35,141,121,8,100,101,77,140,52,4
red,42,38,56,156,82,101,84,131,29,4
red,59,18,56,133,82,39,65,140,106,99
red,2,13,70,51,82,42,155,64,116,153
blue,134,124,43,76,66,0,54,151,52,74
red,39,61,64,9,100,101,125,159,17,53
red,112,141,124,53,108,36,65,159,29,153
red,110,84,3,8,128,0,155,11,50,82
red,0,149,120,51,93,36,92,124,17,96
blue,18,84,156,129,100,59,86,151,51,5
blue,37,61,159,52,93,48,65,33,51,66
blue,25,38,33,17,79,144,141,140,52,74
blue,31,84,151,8,5,112,141,35,136,93
red,78,84,151,49,9,42,61,33,29,53
red,101,65,143,147,96,0,141,1,110,108
blue,104,77,37,136,4,43,141,1,24,99
blue,18,141,124,29,121,33,38,3,51,74
red,0,141,64,51,37,18,142,56,29,4
red,31,40,144,51,96,47,84,151,29,53
red,0,61,1,24,108,35,142,121,8,14
blue,36,141,56,8,128,0,65,104,24,82
blue,31,65,105,24,14,2,154,43,51,100
blue,47,98,104,17,71,92,40,32,8,70
red,31,13,33,17,71,107,61,11,49,53
blue,0,142,121,29,153,110,97,3,76,82
blue,90,124,121,8,14,59,13,89,17,71
blue,95,13,41,8,128,101,84,11,17,53
blue,144,142,121,150,99,90,84,151,29,37
blue,107,84,43,29,53,18,155,11,85,110
red,65,77,68,76,66,37,155,64,29,5
red,101,65,143,8,82,90,38,124,51,16
blue,151,107,11,29,33,0,92,121,8,100
red,101,142,124,8,128,39,65,132,51,82
red,0,65,64,8,123,35,142,159,24,128
blue,37,65,38,129,66,36,84,0,51,82
red,18,124,151,51,99,0,107,2,29,74
red,0,65,105,17,71,2,40,94,29,53
red,34,60,159,52,5,18,84,121,8,4
red,134,61,56,52,5,18,124,121,76,53
blue,0,61,124,24,123,110,142,121,52,5
red,0,30,110,52,5,74,26,92,116,93
red,110,26,19,150,79,92,54,151,76,82
red,18,30,43,52,74,42,117,89,17,66
blue,47,141,33,8,14,37,38,56,76,4
red,36,38,11,8,128,39,60,33,29,126
red,74,58,1,51,82,42,67,43,29,128
blue,33,98,19,136,82,110,84,87,24,70
blue,91,107,56,51,33,112,61,3,29,82
blue,155,38,87,17,70,33,98,121,136,93
red,110,46,89,51,74,123,111,140,157,108
blue,112,61,121,116,153,144,142,33,76,100
red,18,65,33,24,66,47,84,11,52,110
red,110,87,151,8,128,107,92,33,29,124
red,31,74,33,17,12,2,44,159,51,82
red,92,65,11,29,9,31,141,33,24,93
blue,2,38,11,24,5,18,125,33,17,71
blue,90,142,33,116,5,101,38,155,157,100
blue,0,65,117,8,128,101,61,159,52,74
blue,128,141,43,17,9,144,84,117,52,14
red,146,84,110,24,4,112,38,117,52,12
red,117,38,151,148,12,107,141,2,76,100
red,146,98,2,17,53,0,65,89,24,93
blue,0,65,125,52,83,146,84,115,17,71
blue,146,74,56,49,14,37,87,94,17,128
blue,146,142,121,49,53,155,97,159,76,148
blue,101,40,64,51,16,146,54,121,147,82
red,92,130,64,51,5,0,141,121,29,66
blue,110,74,64,8,128,92,67,151,51,5
red,36,40,64,51,93,42,61,159,24,66
blue,95,98,64,24,128,43,84,151,29,53
red,101,124,3,29,53,31,87,143,8,119
red,59,65,140,129,93,46,98,159,51,74
blue,0,61,68,106,82,31,60,1,51,93
red,43,84,2,106,82,0,13,104,51,110
blue,101,107,121,147,16,48,67,11,24,79
red,35,27,142,76,41,101,38,121,150,82
red,107,65,121,116,108,114,40,2,106,82
blue,101,84,151,8,70,0,67,125,76,153
red,37,124,93,29,53,11,141,142,41,128
blue,112,142,33,17,53,121,38,32,29,100
red,18,44,143,8,100,110,38,148,52,128
blue,88,40,104,76,93,0,38,1,51,82
blue,0,74,140,76,53,18,142,143,51,93
red,34,23,138,116,53,112,61,104,9,66
red,112,142,11,29,82,18,84,10,51,5
red,95,38,144,51,82,18,142,2,8,128
blue,88,65,89,49,53,18,38,143,17,12
red,43,124,3,17,12,0,84,155,49,71
red,47,142,143,8,128,129,38,144,106,14
blue,107,142,122,17,82,18,38,159,49,79
red,91,84,33,136,159,0,142,144,8,128
blue,90,38,11,147,53,112,26,155,52,100
blue,43,38,56,76,109,0,54,125,106,82
red,129,67,56,51,74,92,38,121,29,66
blue,104,40,56,9,153,18,67,125,129,126
blue,18,91,56,85,153,37,61,124,17,70
blue,39,40,104,116,153,0,30,151,106,82
red,22,86,41,51,9,101,40,121,76,100
blue,90,84,159,29,53,112,13,109,52,128
red,90,38,121,51,93,101,23,140,8,128
red,18,84,33,51,110,0,44,11,157,82
blue,107,65,121,51,82,110,84,38,8,128
red,101,65,159,29,53,47,84,3,76,66
blue,101,61,1,133,93,90,38,138,76,128
blue,36,65,64,17,71,0,38,11,106,82
blue,146,141,1,29,153,36,142,11,17,71
red,39,61,1,25,108,18,65,11,52,12
blue,107,13,143,17,100,78,61,33,52,82
red,78,141,121,85,119,107,54,110,24,82
red,110,23,103,29,53,102,84,64,8,70
red,47,84,3,8,128,0,27,155,106,66
blue,0,65,2,51,5,18,84,151,29,66
blue,114,65,143,29,12,0,61,11,51,74
blue,36,84,120,76,66,0,28,3,137,5
blue,0,65,140,51,82,18,30,151,52,110
red,101,75,68,157,108,33,65,11,29,9
red,35,94,104,49,41,0,54,114,8,128
blue,59,84,3,51,74,36,61,64,49,82
red,0,124,110,76,53,95,102,121,63,128
blue,121,38,151,150,4,112,13,159,17,79
blue,37,98,124,17,12,90,61,121,49,82
blue,18,107,43,51,82,101,38,104,136,4
red,47,84,151,51,93,59,40,71,76,96
red,31,38,2,136,53,39,124,0,52,126
blue,151,142,121,76,16,31,13,64,17,66
red,35,86,33,51,15,0,84,93,9,14
red,113,84,90,8,108,144,40,64,50,128
blue,59,54,155,29,4,31,74,11,51,128
blue,107,13,87,76,96,144,65,121,51,4
red,112,65,56,24,100,104,38,11,51,4
red,37,38,143,51,12,103,61,110,137,70
blue,0,124,110,49,148,104,38,56,29,53
red,19,40,11,51,82,101,84,129,17,128
red,0,87,121,85,110,151,67,2,9,82
blue,90,75,33,51,96,102,77,121,116,93
red,144,107,65,9,74,19,61,143,51,128
blue,30,40,131,51,53,155,124,37,76,4
blue,0,141,2,51,93,38,142,89,76,112
red,33,65,26,116,153,151,98,56,136,41
red,134,37,121,24,74,34,38,105,9,16
red,0,38,2,69,4,110,142,121,52,122
blue,74,65,26,8,128,110,38,11,116,9
blue,59,142,104,51,14,101,84,37,17,12
red,90,87,38,52,82,101,98,121,116,4
blue,144,38,110,17,16,104,84,88,24,5
blue,131,13,2,29,53,31,154,143,51,4
red,59,38,159,116,70,107,110,121,129,126
red,104,87,142,24,82,154,94,69,17,66
blue,107,67,155,156,70,110,125,140,116,153
red,107,61,94,136,41,112,149,121,116,153
red,151,40,83,9,15,103,65,143,24,128
red,47,61,140,17,15,101,84,43,116,53
blue,83,38,121,8,53,92,125,1,17,82
blue,59,130,121,51,82,92,40,1,8,70
red,134,46,19,17,4,151,65,33,49,96
red,144,142,11,116,128,110,67,43,29,96
blue,42,30,0,8,128,37,38,122,29,82
red,90,46,110,29,53,107,84,151,24,99
blue,0,38,138,76,100,47,84,101,150,82
red,134,84,121,129,82,107,13,159,52,100
blue,0,61,143,157,12,43,38,140,8,74
red,101,65,11,150,82,18,74,2,17,128
blue,18,141,124,76,82,0,107,3,116,128
red,88,65,121,106,99,0,98,143,76,74
red,59,142,124,51,82,137,54,151,17,93
blue,34,65,159,136,123,112,94,121,29,153
red,0,84,159,136,99,31,65,104,51,96
blue,0,40,132,76,5,22,84,159,17,71
blue,36,84,93,29,82,101,65,159,17,96
red,131,61,124,51,5,6,38,159,17,79
blue,137,94,143,9,96,62,141,122,106,126
red,47,142,55,51,5,18,98,143,50,128
blue,0,65,140,8,128,95,18,121,51,74
blue,47,65,138,17,80,37,18,124,49,53
blue,0,92,144,116,18,31,54,151,49,82
red,104,27,95,51,66,0,142,1,52,5
blue,92,65,1,8,96,0,61,159,51,93
blue,35,40,33,85,66,129,84,101,51,74
red,36,142,121,51,4,0,38,2,29,82
red,47,38,159,29,66,0,124,151,76,126
red,151,40,33,144,108,31,38,132,157,82
blue,107,13,104,76,153,0,84,115,17,71
blue,19,13,41,76,74,34,111,2,51,110
red,101,124,151,49,66,47,40,41,24,79
blue,144,38,43,51,53,87,13,40,17,100
blue,121,87,151,76,70,0,40,2,49,153
red,144,40,150,129,126,47,30,101,76,128
red,74,40,70,116,153,90,61,94,148,41
red,151,44,56,9,128,37,149,11,29,53
red,0,97,2,85,153,42,149,124,51,66
red,88,84,11,51,14,112,61,37,8,128
red,90,65,105,51,5,101,84,159,49,66
red,35,84,155,76,12,0,86,144,116,93
blue,18,67,151,49,93,0,46,122,51,119
blue,110,38,11,148,4,92,130,143,52,70
red,0,40,2,106,4,149,98,121,51,14
blue,34,67,43,24,100,31,61,89,106,4
red,107,61,11,147,128,90,30,121,8,4
red,0,87,151,24,82,18,111,140,19,93
red,92,65,11,24,93,102,40,121,136,4
red,91,38,2,76,41,0,61,159,51,82
blue,137,142,11,52,5,88,65,1,136,100
blue,34,38,11,136,82,48,60,124,51,16
blue,101,27,151,24,14,37,65,140,17,128
blue,101,142,154,76,66,144,84,151,129,70
red,144,142,124,8,110,121,46,101,51,82
blue,90,13,105,51,110,144,142,121,17,79
blue,25,155,56,76,74,144,38,151,157,53
blue,144,94,121,76,74,90,65,89,85,153
red,31,40,33,116,153,144,75,70,129,126
red,144,61,2,129,96,101,84,151,8,128
blue,34,97,143,150,70,144,142,11,51,66
blue,31,107,143,106,82,90,40,11,51,4
blue,0,74,140,52,100,31,65,64,133,9
red,2,61,56,106,66,0,27,131,51,4
blue,59,40,56,49,153,103,38,140,8,82
red,0,92,56,29,53,59,65,143,106,5
blue,78,38,143,51,70,74,61,2,29,15
blue,22,61,124,49,4,90,27,23,50,128
blue,101,84,155,17,53,47,38,121,157,91
blue,62,84,151,76,82,101,38,121,17,148
blue,35,142,124,51,66,59,40,3,76,82
red,25,38,83,29,12,22,65,121,8,128
red,18,61,83,76,93,59,38,134,17,15
red,47,125,134,24,128,0,84,155,136,109
red,31,65,89,51,126,151,84,155,76,14
red,47,98,2,17,148,152,107,151,52,82
blue,43,40,105,50,153,47,130,143,17,71
red,104,65,89,17,126,31,38,134,76,82
red,155,141,121,51,100,34,98,138,129,14
red,0,84,143,17,128,129,46,89,9,126
blue,31,107,121,76,153,74,124,94,51,123
red,90,84,3,24,12,18,65,121,8,128
red,83,65,2,76,96,77,79,24,116,70
blue,112,46,89,76,82,91,65,124,51,4
red,110,67,104,17,71,91,124,69,49,53
red,19,38,151,157,4,34,61,33,106,99
red,104,38,143,51,99,144,61,132,129,5
red,2,40,144,49,99,31,65,11,106,14
blue,129,98,11,85,99,90,40,124,29,12
blue,40,111,2,51,82,39,65,143,106,99
blue,0,38,2,9,99,31,142,121,8,82
blue,37,107,155,49,53,101,54,56,51,99
blue,151,38,2,29,12,92,142,11,110,108
red,37,65,121,52,14,0,98,2,29,41
red,34,54,49,52,82,0,38,70,8,100
red,0,38,2,76,74,110,27,155,54,96
red,18,88,1,17,53,0,61,124,52,14
blue,2,13,124,150,82,104,37,151,136,16
red,34,65,104,129,96,144,97,86,52,100
red,47,61,104,24,128,18,38,1,51,82
red,69,142,104,49,126,34,13,159,17,5
red,18,61,33,116,93,0,65,56,29,153
blue,107,13,89,17,5,18,87,56,8,82
blue,22,38,89,51,96,0,84,151,150,37
blue,107,65,89,150,74,36,13,121,29,53
red,90,65,121,106,9,18,84,93,76,100
blue,90,40,42,24,70,59,65,121,17,53
red,31,37,64,8,100,0,141,11,17,109
red,33,40,56,24,12,104,65,11,17,79
red,18,67,90,9,74,102,40,121,76,4
blue,0,124,94,51,82,101,142,121,136,4
blue,90,142,56,52,100,134,38,124,24,128
red,42,65,2,29,70,31,38,124,136,53
red,110,38,104,76,5,0,87,43,51,82
blue,78,38,11,8,100,112,40,121,76,82
blue,88,65,159,148,128,112,61,143,8,1
blue,42,141,23,17,71,90,125,2,24,128
blue,47,65,83,85,153,0,38,124,24,37
red,47,65,159,49,153,102,124,110,17,71
blue,154,38,56,137,96,104,97,33,29,53
red,0,98,124,129,82,67,40,159,51,110
blue,18,130,143,76,33,2,40,89,51,74
blue,110,124,3,85,5,107,40,143,24,16
blue,0,84,121,17,66,36,18,140,51,100
blue,92,27,151,49,9,112,38,140,17,100
red,95,92,124,157,82,72,38,23,29,53
blue,35,84,94,129,153,34,65,121,102,93
red,18,98,32,147,14,90,38,37,116,128
red,59,58,143,76,53,0,142,54,129,100
red,123,107,56,29,53,101,26,159,8,82
blue,104,38,124,8,128,3,40,159,76,93
blue,31,40,56,51,66,0,142,68,52,5
blue,151,61,89,29,126,18,124,94,49,53
blue,134,84,143,51,99,90,61,83,52,53
red,88,141,143,106,100,112,92,121,136,53
red,110,84,11,106,82,91,142,121,74,108
red,59,27,151,76,82,74,38,124,51,66
red,92,61,89,51,12,103,65,121,76,5
blue,48,134,89,116,5,18,38,105,76,41
blue,34,74,6,76,12,144,111,33,29,15
red,37,124,151,51,82,74,38,55,76,66
red,2,92,159,17,96,19,74,151,76,153
blue,43,87,83,51,82,19,102,2,76,5
red,0,94,121,51,93,104,38,56,106,5
red,0,61,143,51,74,90,23,94,50,128
blue,2,13,87,29,53,37,67,94,8,128
red,43,84,1,50,100,88,87,89,8,128
blue,107,67,3,106,128,48,65,124,17,41
blue,38,67,124,24,93,0,61,11,29,96
red,74,61,140,49,53,78,149,64,76,70
blue,101,67,151,76,153,18,61,143,24,5
blue,0,67,43,51,82,102,61,143,157,66
blue,90,61,11,76,100,88,124,93,157,82
red,90,67,65,29,53,19,98,1,76,93
red,0,67,155,49,53,31,84,122,136,119
blue,155,124,3,17,53,43,38,6,52,93
blue,34,67,94,29,119,92,38,144,156,153
red,42,84,151,129,110,0,38,64,51,82
blue,0,155,33,106,74,91,58,56,51,66
red,91,61,104,50,74,0,60,89,51,4
red,131,38,11,49,108,0,84,32,17,12
blue,107,40,89,17,148,97,84,110,24,119
red,131,67,3,51,82,102,88,125,20,74
blue,34,27,3,106,33,129,38,104,24,4
blue,0,40,89,8,9,34,46,121,52,100
red,18,141,121,51,37,0,40,11,29,93
blue,0,84,121,52,99,97,38,2,106,100
blue,101,61,56,29,96,47,38,143,51,93
red,129,67,94,116,153,25,65,121,24,119
red,104,40,1,29,14,121,38,11,17,79
red,88,38,119,136,5,97,124,3,76,93
red,101,61,121,106,82,0,38,71,51,110
red,104,40,159,29,53,144,60,121,76,93
blue,19,84,151,24,5,25,60,11,17,71
red,107,40,11,9,82,101,130,143,29,123
red,112,40,159,52,12,107,141,150,19,14
blue,103,74,11,50,93,18,141,121,29,4
blue,35,38,41,116,74,18,30,110,51,121
blue,101,23,150,51,82,34,65,64,8,128
red,104,38,159,76,82,0,40,143,51,96
blue,0,84,115,24,128,112,54,93,51,66
blue,34,142,143,129,153,107,141,121,9,70
red,146,40,148,147,71,0,38,11,51,5
red,39,87,155,76,70,110,84,101,129,126
blue,0,38,121,51,82,101,84,129,116,70
blue,59,125,121,136,82,0,37,124,52,100
blue,102,40,90,106,99,36,54,155,76,12
red,47,107,121,17,16,101,84,142,51,82
red,0,65,124,129,100,31,38,121,51,4
red,107,38,142,9,12,0,60,11,29,15
red,36,38,121,51,82,22,142,7,116,119
red,18,61,6,51,53,0,27,125,24,14
blue,0,142,2,136,37,18,98,121,51,82
blue,11,149,140,29,159,0,84,151,51,128
blue,2,142,110,24,15,47,27,94,121,126
blue,47,26,151,29,66,37,84,150,9,109
blue,19,154,43,106,126,110,155,140,51,100
blue,31,124,159,76,71,144,38,151,49,160
red,101,38,64,49,148,112,61,121,51,12
blue,144,75,151,17,79,74,134,143,116,53
blue,104,13,11,51,45,110,102,6,8,53
blue,36,98,159,29,5,35,13,83,51,153
red,2,75,150,51,41,114,27,155,136,70
red,97,67,110,9,12,95,84,124,51,126
blue,101,38,2,52,100,19,65,124,17,66
red,102,84,90,17,71,101,26,35,129,119
blue,121,26,110,76,5,112,142,143,52,82
blue,134,38,104,116,82,18,74,37,17,108
blue,90,155,104,51,4,36,124,101,106,99
blue,121,88,68,116,110,112,84,155,106,82
blue,34,38,2,17,12,112,124,94,29,53
red,107,98,68,52,74,34,65,64,129,12
blue,0,65,64,29,12,42,38,159,49,99
red,31,54,90,17,12,0,142,56,51,82
red,112,86,11,51,82,34,124,151,76,110
blue,2,23,3,76,121,19,27,125,51,93
red,47,155,121,106,99,18,141,11,51,66
red,0,125,138,51,4,74,98,1,106,99
red,95,125,2,29,53,18,124,155,51,93
red,143,125,138,49,82,0,38,140,29,92
blue,112,84,125,29,41,36,141,2,76,96
red,88,38,11,52,9,2,124,101,8,96
blue,34,84,159,133,128,101,23,110,51,14
red,42,46,121,51,5,36,65,2,147,82
red,47,142,143,76,66,102,84,3,17,91
red,48,154,121,29,53,0,40,139,51,82
red,88,61,138,17,12,37,40,2,8,128
blue,18,77,70,17,96,0,84,121,51,93
blue,0,40,124,76,96,35,54,32,52,5
blue,131,28,43,76,112,34,65,143,49,82
blue,101,30,110,52,100,107,18,121,9,126
blue,37,61,144,76,74,131,124,3,51,100
blue,39,98,33,106,74,3,54,42,17,41
blue,90,30,151,51,70,74,38,2,29,53
blue,33,40,159,51,12,107,142,124,133,5
blue,34,65,104,8,128,31,13,121,24,100
red,0,38,159,52,100,134,61,122,51,5
red,18,61,33,51,99,62,84,7,17,12
red,36,84,151,49,96,112,38,121,157,93
blue,0,40,140,129,153,18,141,143,133,93
red,34,38,2,106,82,101,88,33,51,93
red,137,142,124,51,14,31,40,1,85,153
red,59,142,56,17,70,36,38,143,8,71
red,70,27,151,17,16,110,84,132,24,82
blue,151,54,48,51,4,115,38,140,76,100
red,0,65,121,76,100,107,98,139,51,82
red,114,124,3,17,128,101,38,2,8,82
blue,101,38,104,150,93,110,84,151,76,96
blue,31,74,121,106,99,107,40,19,76,93
red,0,27,151,65,108,101,40,54,76,74
blue,137,134,2,24,74,62,107,121,8,100
blue,92,65,11,148,12,107,38,159,116,128
blue,2,98,140,24,126,110,61,33,157,45
red,43,84,134,9,74,107,141,143,136,41
blue,22,142,121,136,4,146,27,91,29,41
red,74,61,159,116,126,0,97,89,51,82
blue,134,142,1,49,96,31,61,121,24,128
blue,31,13,122,76,82,47,38,121,51,93
blue,31,13,121,49,111,92,84,110,156,70
blue,0,61,6,24,110,101,84,134,29,12
red,31,88,19,76,110,53,125,121,17,160
blue,134,38,70,49,12,90,84,3,76,4
red,104,87,89,24,70,92,84,110,8,100
red,46,141,1,137,12,104,102,148,116,93
blue,34,54,89,116,70,91,87,159,29,12
blue,0,13,11,51,66,129,84,101,24,74
blue,0,38,121,49,74,107,84,155,129,126
red,0,84,89,51,82,34,91,64,17,71
blue,34,142,90,19,128,36,38,1,51,82
red,107,142,6,76,100,36,38,143,52,66
blue,0,60,121,52,5,152,117,2,17,66
red,90,141,121,129,99,101,111,140,76,5
blue,0,84,33,129,70,103,13,120,76,5
red,74,38,83,17,79,59,145,140,51,82
blue,103,154,33,8,99,101,84,110,24,12
blue,65,38,2,41,9,110,141,121,29,12
red,34,38,1,53,108,110,124,159,17,82
blue,59,38,143,116,5,36,77,121,148,93
red,90,54,125,24,74,22,84,11,51,82
blue,35,141,143,106,4,31,67,56,129,99
red,35,84,104,29,9,114,38,2,129,102
blue,48,84,35,51,93,0,124,151,29,82
blue,34,84,87,17,71,35,124,151,8,99
blue,18,142,33,76,93,31,87,151,8,16
red,0,65,143,8,14,31,67,2,50,70
blue,90,38,132,136,100,101,124,2,51,82
red,18,142,68,51,82,0,38,105,17,12
red,62,38,132,9,70,103,154,101,85,126
blue,2,61,105,51,82,104,38,64,29,153
blue,74,84,101,8,70,0,58,104,49,148
blue,112,61,43,51,70,37,98,143,50,128
blue,34,65,121,29,14,101,61,2,76,66
blue,90,38,125,43,74,47,13,32,51,15
red,34,38,11,76,9,112,87,125,85,100
blue,110,92,121,29,53,90,27,151,129,65
red,112,142,124,29,16,31,97,121,24,5
red,31,54,155,136,99,0,107,132,51,66
red,59,102,140,129,99,36,65,1,52,121
blue,22,84,3,29,70,102,65,11,133,100
red,0,38,68,52,99,43,84,121,51,96
red,22,13,56,69,99,18,130,129,136,96
red,110,61,33,106,99,151,38,132,65,108
red,0,38,144,51,99,91,61,159,29,66
red,59,60,155,52,99,34,38,138,17,82
blue,145,67,151,8,128,35,124,33,106,99
blue,110,27,155,8,99,18,74,151,52,100
blue,134,130,56,116,96,97,38,121,106,99
red,151,65,55,17,99,0,84,121,116,158
blue,74,38,1,8,109,104,65,124,116,99
blue,107,60,64,52,158,134,124,155,8,4
red,101,65,64,24,9,90,40,140,129,5
blue,94,40,121,9,53,101,125,143,51,93
red,42,130,144,17,71,112,54,151,51,82
blue,107,87,121,52,53,90,38,64,76,99
red,0,84,90,8,82,18,38,2,51,110
red,0,38,121,52,100,101,142,159,106,99
blue,0,38,159,76,12,134,84,151,129,82
blue,110,40,104,51,99,107,23,151,8,4
blue,0,84,3,136,74,18,13,121,51,82
red,47,84,90,9,53,107,38,7,17,71
red,47,65,90,8,16,0,38,159,156,82
blue,18,84,0,51,82,31,26,110,8,128
red,101,141,143,116,9,88,84,56,49,82
blue,110,65,64,49,93,59,94,90,51,5
red,37,65,144,17,53,101,61,3,157,82
blue,0,38,2,52,126,31,79,140,76,4
red,22,142,3,52,4,97,60,124,41,99
blue,90,84,43,8,96,39,38,151,106,4
red,152,87,33,51,99,112,107,56,106,82
red,59,130,124,51,93,62,61,33,116,96
blue,102,107,87,49,148,110,65,143,157,53
blue,101,142,121,17,74,47,84,2,8,126
red,151,38,140,49,96,0,40,121,50,83
red,31,124,91,51,74,144,38,136,85,79
red,59,142,94,8,14,110,65,109,76,70
red,48,65,89,157,82,95,111,132,110,108
blue,0,92,124,8,45,19,125,143,106,4
blue,0,92,89,29,4,59,142,124,51,5
blue,112,84,151,29,9,74,98,89,76,66
blue,95,117,105,24,82,115,54,104,51,9
blue,37,149,55,136,93,101,84,121,76,74
red,0,124,151,106,110,35,74,71,17,82
blue,146,38,2,129,82,90,61,104,8,128
red,37,38,55,156,82,101,40,48,148,4
red,151,107,144,52,99,47,54,94,136,74
red,97,98,11,17,66,2,141,121,76,74
blue,18,65,139,24,128,114,38,159,76,74
red,104,44,155,51,4,144,38,91,106,82
red,48,111,1,29,53,34,46,11,51,14
red,31,46,64,76,153,74,13,132,136,71
blue,110,65,64,129,153,107,38,140,76,128
red,74,38,121,17,70,154,75,19,76,79
blue,48,38,19,66,76,34,26,121,150,120
blue,25,98,101,150,5,121,154,130,50,120
red,57,65,148,150,4,36,44,56,106,120
blue,31,37,143,76,53,72,40,150,17,82
blue,101,87,11,76,5,43,27,110,51,14
blue,121,13,151,50,153,74,65,2,137,14
red,112,60,151,29,160,31,84,33,51,9
red,0,117,6,76,160,35,65,1,108,124
blue,110,65,68,51,82,34,61,91,41,153
blue,121,65,101,76,120,2,38,90,29,110
red,110,154,121,76,79,34,13,32,85,66
blue,74,46,64,49,9,31,65,2,29,160
red,110,142,121,76,14,74,65,64,116,70
blue,31,134,2,69,153,74,75,64,50,128
blue,39,134,2,51,93,74,60,64,29,11
blue,31,38,43,17,70,74,47,64,24,82
red,110,65,64,41,71,0,92,121,51,66
blue,101,27,151,63,74,34,65,56,17,76
blue,36,28,143,76,128,150,74,55,51,14
red,101,84,150,17,4,131,58,155,29,148
red,101,142,64,51,136,59,40,150,50,14
blue,104,65,11,24,14,112,60,2,29,128
red,74,133,155,49,11,0,23,151,116,15
blue,62,61,19,69,16,0,67,32,50,5
red,0,84,43,29,16,67,65,151,51,74
blue,0,40,121,29,96,31,87,150,69,128
red,74,65,151,51,15,0,40,159,116,70
red,101,84,155,29,99,59,30,110,69,128
blue,0,141,155,17,148,145,75,121,51,93
red,0,5,64,116,153,152,13,1,106,96
red,127,58,104,49,99,62,67,121,106,5
blue,131,84,125,29,118,67,58,121,17,12
blue,78,86,32,76,91,62,58,121,129,108
red,0,65,56,17,79,92,27,138,116,128
red,0,88,140,106,82,101,97,110,51,128
blue,150,142,64,17,5,31,65,121,49,128
red,114,142,1,76,5,133,38,33,8,154
red,101,23,43,41,14,90,38,129,29,93
blue,91,98,151,49,120,2,84,155,8,9
red,101,84,151,147,153,18,58,26,106,99
red,42,149,56,136,108,110,141,150,106,76
red,101,65,1,17,108,135,61,64,76,5
red,0,86,105,9,16,101,65,64,116,79
blue,47,23,150,51,126,2,141,121,129,93
blue,47,30,151,24,5,74,155,2,29,119
blue,22,23,151,51,93,101,111,64,29,71
blue,0,38,152,150,128,101,26,155,49,100
blue,154,38,94,51,111,0,26,43,69,120
red,123,38,94,50,70,112,65,105,17,14
blue,0,65,94,51,14,144,92,143,50,93
blue,110,130,140,9,70,62,67,94,51,5
blue,110,30,7,69,100,18,26,94,29,82
blue,95,65,68,137,9,0,74,43,29,70
red,34,65,68,50,53,42,40,1,8,70
blue,52,142,68,51,93,129,65,132,17,70
red,151,84,143,85,153,48,67,55,136,115
blue,121,61,43,137,76,134,67,101,9,4
red,104,125,121,116,91,31,58,33,133,9
red,90,65,68,106,74,34,23,2,29,53
blue,0,154,150,116,14,2,130,151,63,70
red,31,125,121,137,93,0,111,64,49,5
blue,25,98,121,133,119,59,65,3,129,5
blue,101,54,3,106,5,107,67,155,51,99
blue,22,97,155,19,158,36,84,3,51,82
blue,0,84,155,51,96,18,65,89,157,82
blue,112,141,121,17,71,38,65,144,116,53
blue,65,61,89,133,96,31,60,87,51,5
blue,101,23,115,17,79,88,40,89,49,153
blue,0,65,64,29,14,95,23,101,17,71
red,37,124,91,69,153,131,87,101,8,128
blue,47,87,110,129,153,101,124,33,106,100
red,101,38,11,136,16,31,92,2,106,82
red,0,142,121,51,74,110,37,140,137,93
blue,0,38,121,129,100,47,65,143,24,5
blue,0,124,151,137,112,31,77,2,51,12
red,37,141,155,29,16,31,98,121,76,66
red,93,54,143,129,74,34,38,159,52,14
red,2,141,69,138,65,0,84,104,8,70
blue,105,84,110,29,12,59,65,155,136,100
blue,36,142,2,51,4,37,18,155,106,99
blue,36,65,21,29,128,59,84,155,133,126
red,0,40,64,51,82,72,47,155,137,9
red,36,111,89,110,108,0,13,132,50,128
red,151,107,89,52,82,19,65,121,8,96
blue,0,142,143,106,100,90,65,151,17,16
blue,151,54,110,29,53,47,37,1,129,128
blue,65,61,121,29,153,151,98,140,106,99
red,31,38,121,76,82,0,84,124,129,99
blue,88,38,2,52,128,0,37,121,17,14
blue,104,61,2,51,93,74,60,23,85,153
red,0,40,121,51,93,31,77,89,49,82
red,137,84,125,52,66,122,38,0,106,99
red,107,13,125,17,71,134,40,2,49,158
red,95,65,33,76,100,104,84,125,51,82
blue,47,92,64,51,93,134,65,121,106,99
blue,114,65,3,49,30,57,88,93,76,159
red,31,107,56,17,71,0,38,132,29,100
blue,43,154,71,76,53,0,84,140,51,82
blue,35,40,33,29,159,101,84,151,49,74
blue,112,111,151,29,5,131,117,143,17,12
blue,34,67,131,29,82,36,38,144,116,159
blue,74,38,64,116,70,95,40,143,51,41
red,105,46,64,29,12,97,27,125,116,45
red,90,65,144,76,5,0,38,122,17,12
red,34,141,139,29,96,47,38,144,51,5
red,0,141,124,76,100,42,38,64,129,82
blue,0,98,68,51,110,37,38,124,17,128
blue,112,38,144,106,110,37,13,54,24,128
red,134,38,2,51,99,0,61,132,76,66
blue,72,61,83,24,97,74,141,124,137,82
blue,103,38,11,49,93,59,40,64,51,74
red,47,84,124,29,12,101,61,143,19,153
blue,18,124,151,49,66,0,40,89,52,71
red,101,84,140,17,12,47,65,64,49,14
blue,37,61,89,29,12,101,87,83,51,14
blue,0,38,37,29,12,88,65,11,51,5
red,110,84,143,29,119,65,38,140,106,99
blue,0,37,144,29,119,42,27,151,9,41
red,33,142,56,106,82,151,54,155,49,153
red,107,154,55,106,14,18,54,121,8,128
blue,34,84,101,29,12,144,98,151,49,74
red,0,97,155,24,153,88,84,110,49,74
red,34,141,56,136,126,101,97,124,51,148
blue,0,142,64,9,96,22,38,138,106,100
blue,110,84,155,8,82,74,65,89,29,153
blue,0,65,2,106,5,31,149,121,51,82
red,134,40,3,116,100,112,61,121,106,82
blue,37,23,110,85,9,151,84,3,52,5
blue,18,84,19,29,53,47,94,56,106,82
red,31,65,124,29,9,0,38,144,17,53
red,43,40,33,76,158,0,65,159,9,121
red,38,26,125,116,70,0,84,3,138,128
red,47,141,1,29,53,18,38,49,17,12
blue,134,111,124,52,128,0,142,2,19,119
red,22,38,1,49,4,48,27,131,29,14
blue,101,84,43,106,93,0,37,155,76,30
blue,113,65,83,8,82,47,84,43,24,108
blue,121,61,89,116,70,18,142,143,123,108
red,103,65,1,69,153,92,84,125,150,70
red,112,65,89,24,5,104,142,121,136,16
red,95,84,125,51,5,107,38,140,52,9
red,107,26,125,76,70,31,84,37,29,5
blue,97,142,121,116,15,0,141,11,17,53
blue,101,124,151,129,5,134,141,159,8,37
blue,0,40,144,8,128,107,111,140,51,93
blue,18,40,1,51,93,107,38,90,8,74
blue,36,38,140,116,82,107,142,121,51,93
red,112,61,2,116,128,47,142,143,29,41
blue,110,65,11,51,99,95,111,90,8,96
red,114,61,33,116,153,36,58,121,136,128
blue,0,87,89,51,41,18,61,143,76,74
blue,31,84,11,76,82,110,142,2,52,93
red,154,13,124,51,96,19,98,121,76,92
blue,154,77,140,24,1,113,92,64,51,96
red,154,65,143,63,70,101,38,2,133,53
blue,103,65,121,76,4,154,38,143,136,16
red,90,111,103,147,66,121,84,91,51,82
red,18,155,143,116,53,110,65,124,85,119
red,0,54,94,150,96,18,26,155,49,14
red,102,38,159,49,93,6,61,53,51,74
blue,31,61,124,51,82,107,38,1,129,128
blue,0,149,143,17,71,62,84,68,8,108
red,74,38,159,9,16,104,84,151,24,128
red,0,87,38,116,33,101,54,150,106,82
red,151,98,124,106,14,115,87,143,51,4
blue,121,141,23,17,5,62,65,83,51,66
red,110,28,64,52,100,62,124,94,51,93
red,59,155,121,52,5,114,38,1,8,123
red,0,98,64,106,128,31,65,89,129,74
red,72,65,132,8,9,149,27,125,147,12
blue,114,13,2,29,12,102,84,1,51,5
red,0,65,1,102,108,114,38,139,136,74
blue,34,65,33,76,5,37,38,87,29,82
red,18,124,19,24,71,36,154,54,106,4
red,104,111,132,51,82,135,61,151,148,14
blue,95,111,159,76,82,105,27,101,51,102
red,95,61,33,148,82,0,38,121,52,14
red,112,84,94,76,37,90,38,140,106,99
blue,146,124,110,17,71,31,38,159,24,158
blue,107,141,155,51,74,146,84,3,106,82
blue,0,141,48,137,53,43,37,150,106,74
blue,47,92,2,137,153,37,142,33,29,4
red,19,142,33,17,53,31,149,104,76,82
red,74,38,140,106,4,39,98,110,76,64
red,57,61,110,9,70,144,58,56,17,5
blue,36,38,143,76,82,121,84,35,49,74
blue,104,142,89,85,70,74,67,3,106,5
blue,0,84,2,52,5,101,124,87,9,126
blue,18,154,11,129,153,110,84,94,29,92
blue,144,13,64,116,82,107,142,1,51,4
blue,74,38,1,52,100,95,84,132,8,82
red,74,67,151,29,66,107,98,121,51,82
red,90,65,21,52,100,112,40,11,29,153
blue,92,65,122,51,82,103,38,159,136,16
red,110,107,121,76,82,134,98,140,51,91
red,0,154,104,138,108,18,40,114,24,82
red,0,84,94,17,71,101,23,150,136,128
red,18,27,87,8,128,151,54,83,29,14
red,104,61,125,148,82,95,38,1,51,153
red,59,130,65,24,96,19,40,94,76,4
red,43,134,11,17,12,36,40,138,8,128
blue,0,58,121,8,128,90,38,11,133,79
blue,0,142,105,17,79,18,38,121,8,14
red,0,84,110,136,14,31,38,121,29,66
red,90,38,122,29,82,112,65,21,51,96
blue,0,125,143,8,70,41,124,38,17,18
red,0,124,155,147,74,95,142,159,51,82
red,90,37,38,150,5,105,142,110,51,53
red,59,77,132,106,5,0,61,33,51,121
red,91,84,155,24,53,0,26,64,52,5
blue,65,40,1,8,128,34,98,124,29,53
red,47,111,121,51,4,107,84,110,116,93
blue,102,13,121,129,16,43,124,56,49,5
blue,151,61,154,51,5,0,26,2,76,93
red,37,18,121,50,128,101,84,35,106,5
blue,101,61,121,52,5,0,27,35,29,4
blue,110,130,11,49,53,74,38,121,123,108
blue,90,23,94,8,128,95,84,110,147,96
blue,90,142,143,24,128,0,65,159,51,74
blue,0,13,159,69,70,103,84,48,133,93
red,37,124,151,17,82,59,84,101,147,112
blue,43,141,64,8,70,48,142,2,51,82
red,90,84,110,51,14,101,54,43,8,128
red,0,102,44,156,53,103,84,155,29,12
blue,34,65,122,156,53,0,61,140,29,93
blue,91,124,110,17,82,0,125,19,76,16
blue,112,61,56,148,96,74,84,155,17,12
blue,47,30,48,29,70,101,98,56,17,100
blue,0,87,43,51,4,47,61,64,106,126
blue,0,134,139,8,5,151,98,1,29,128
blue,48,65,64,29,5,105,84,94,116,53
red,0,38,124,50,128,105,142,11,17,53
red,107,61,2,51,93,151,124,121,76,82
blue,144,65,159,29,12,0,26,3,76,5
blue,18,65,64,76,99,0,142,1,129,5
red,107,124,151,24,153,47,142,64,156,148
blue,46,23,110,51,66,48,124,37,76,5
blue,90,84,150,85,96,62,107,121,138,128
red,0,124,33,51,82,18,61,19,106,99
blue,2,61,19,150,4,0,65,104,51,93
blue,0,61,68,106,130,18,38,1,51,14
red,134,61,89,29,100,48,40,121,109,66
red,101,124,38,49,74,34,40,143,8,128
blue,0,60,159,109,123,90,124,151,51,128
red,59,124,151,76,93,43,84,2,17,82
red,19,38,69,6,93,37,67,142,8,82
blue,18,61,151,116,53,19,13,119,52,93
blue,152,84,33,52,74,110,61,56,136,100
blue,0,61,33,17,12,110,84,159,29,53
blue,22,142,144,51,74,110,154,124,147,66
red,131,38,19,51,14,0,84,151,69,70
red,88,124,3,8,5,0,84,101,29,53
blue,43,61,11,51,14,107,84,94,69,93
blue,0,61,140,147,96,137,54,43,129,5
blue,74,61,143,51,4,104,65,110,136,100
red,114,61,124,9,12,94,58,1,138,4
blue,101,124,154,76,5,112,61,140,106,99
red,0,84,3,69,153,43,65,121,51,93
red,110,38,140,49,128,47,84,55,15,108
blue,37,98,11,50,82,31,67,121,8,123
blue,107,61,6,76,70,97,111,136,116,158
blue,43,38,121,85,14,34,40,124,129,93
red,101,92,121,8,70,37,61,143,52,128
red,149,61,143,8,153,0,84,37,49,14
blue,39,124,151,51,70,154,61,56,69,16
blue,18,142,121,116,128,0,47,132,24,153
blue,59,65,151,157,12,34,142,64,29,53
blue,102,38,105,51,74,18,61,151,157,110
red,107,94,121,52,100,59,26,43,85,93
blue,0,98,56,29,82,22,61,158,52,100
red,92,38,87,106,99,110,61,56,76,74
red,102,124,142,17,5,110,84,155,49,66
blue,114,61,33,17,53,3,94,124,41,128
red,92,61,121,29,4,107,149,2,136,96
red,31,84,90,24,100,0,61,64,52,154
blue,102,98,141,49,148,78,97,101,29,53
blue,90,38,121,69,158,0,84,151,29,53
red,154,98,2,69,82,134,40,64,51,53
red,91,26,151,76,100,43,13,121,136,82
red,31,124,43,51,93,34,84,151,69,74
blue,34,84,110,51,82,37,38,2,29,70
red,34,13,159,51,14,59,61,121,76,128
blue,74,84,115,52,82,101,65,138,24,66
blue,18,61,121,49,158,0,107,104,76,82
blue,103,65,33,24,96,90,38,104,51,5
red,154,61,33,116,96,101,84,56,15,121
blue,0,154,69,29,41,74,84,151,9,148
blue,107,84,110,106,4,101,65,121,76,14
red,0,84,6,106,5,113,38,121,15,126
blue,151,84,3,29,110,0,13,140,51,82
red,90,154,159,76,4,36,13,89,29,96
blue,19,84,110,85,121,74,38,33,29,153
blue,72,141,54,29,53,131,61,143,116,96
red,31,38,64,116,70,36,84,68,29,153
blue,107,124,101,76,153,18,65,33,17,93
red,0,124,121,29,53,151,38,1,106,5
red,151,38,33,138,108,47,61,2,116,153
blue,74,124,101,150,5,18,61,121,51,66
blue,144,38,2,52,66,31,61,121,51,82
blue,131,125,159,138,82,104,65,1,147,96
red,31,61,11,51,96,0,38,19,76,66
red,34,38,124,29,96,31,141,144,51,82
red,34,87,19,8,74,121,38,7,51,14
red,31,84,110,51,37,0,65,2,49,96
blue,112,13,124,29,53,18,40,159,17,153
red,18,84,3,29,53,151,142,140,41,82
blue,47,142,64,17,53,34,61,121,116,12
red,43,84,140,17,9,36,60,121,76,53
red,101,84,129,52,110,36,125,124,51,82
red,47,61,124,133,96,19,84,110,49,53
blue,107,98,121,50,82,110,67,134,129,70
blue,152,142,121,136,41,18,65,143,116,12
blue,69,61,121,106,99,59,38,110,8,128
blue,47,27,121,49,148,74,23,142,51,53
red,18,134,56,51,53,101,84,143,63,82
blue,114,125,57,8,70,43,60,11,50,158
red,18,154,143,29,99,0,23,159,106,5
blue,152,26,56,76,82,88,154,159,17,160
blue,152,154,2,51,82,115,40,56,147,66
blue,107,88,1,49,53,134,38,143,17,12
red,101,67,3,116,33,90,87,91,50,5
red,0,54,150,52,45,43,65,159,85,4
red,90,65,0,24,66,88,61,33,76,5
red,151,141,138,76,4,0,26,150,24,82
red,47,88,138,9,118,43,38,159,106,82
red,129,77,56,51,82,0,65,124,106,100
blue,0,124,43,129,70,22,38,2,29,119
blue,6,38,2,8,128,65,124,151,17,93
blue,59,38,121,24,4,74,84,101,129,96
blue,104,65,33,106,93,92,117,140,51,5
red,0,61,33,106,5,34,58,121,51,74
red,18,61,33,51,70,0,98,143,17,71
blue,18,84,94,106,82,107,38,121,116,70
blue,2,38,65,9,70,101,61,121,76,37
blue,19,40,1,49,53,59,87,89,116,12
blue,95,65,143,50,128,47,38,1,106,96
red,0,65,143,51,82,105,142,139,147,5
red,90,65,121,51,4,0,38,159,106,99
blue,107,40,104,49,53,90,38,121,76,93
blue,31,40,54,51,154,95,23,121,17,14
blue,18,98,143,17,79,146,38,89,8,53
blue,19,38,1,137,126,0,27,104,17,70
red,11,65,155,51,53,0,61,33,17,79
blue,103,125,68,76,153,102,38,105,17,79
red,112,13,124,51,93,107,142,121,106,82
blue,155,65,121,8,74,43,84,143,29,14
blue,0,44,143,8,53,34,65,2,49,5
blue,74,124,0,52,79,19,84,101,51,82
red,95,38,159,76,82,47,65,33,51,5
blue,43,124,6,52,74,0,26,94,29,66
blue,88,38,132,17,41,103,84,3,49,74
blue,35,142,56,76,82,57,149,159,116,4
red,92,75,138,52,82,112,142,68,17,12
red,0,92,56,49,12,101,141,121,85,126
red,43,65,143,76,12,34,38,3,51,66
red,0,23,35,76,99,18,38,124,51,128
blue,77,124,94,51,96,3,107,93,76,53
blue,0,98,1,49,74,101,40,33,116,96
red,154,38,33,51,5,92,40,89,29,74
blue,110,38,33,29,53,18,142,1,52,12
blue,25,124,155,76,82,101,38,159,49,9
blue,90,130,140,137,70,107,97,159,136,9
blue,0,40,33,137,66,39,58,144,129,96
blue,139,38,1,17,9,34,65,121,51,82
blue,112,54,95,139,16,101,65,64,76,82
blue,104,40,1,85,37,107,130,132,51,93
red,42,65,144,51,82,48,98,159,52,93
red,18,38,33,29,92,31,84,125,52,82
red,97,154,151,29,15,59,37,0,51,93
blue,18,124,151,17,100,47,141,1,51,71
red,88,84,121,129,82,95,61,33,51,74
red,154,61,140,51,41,0,30,64,116,74
red,31,65,19,69,142,34,38,143,51,74
red,151,124,121,51,74,0,65,143,8,82
red,0,65,144,51,82,31,58,68,69,153
red,0,67,2,129,93,31,40,121,137,153
blue,0,65,1,106,93,31,149,2,29,153
red,0,46,71,147,70,36,141,143,116,153
red,107,61,2,85,153,112,65,121,133,70
blue,0,142,55,52,100,18,38,71,41,74
blue,0,38,144,29,12,31,65,11,51,74
blue,34,141,1,8,74,144,84,94,76,96
red,104,84,3,69,12,34,142,122,52,100
blue,97,141,121,51,4,59,38,2,24,74
blue,39,92,121,51,74,18,38,33,136,16
blue,0,38,121,76,93,19,65,1,52,74
red,0,65,56,17,66,31,38,159,51,82
blue,31,38,132,8,70,110,84,155,17,71
red,107,65,11,17,71,110,84,143,76,100
red,31,142,2,49,99,0,26,151,29,53
blue,47,129,151,54,12,37,65,139,136,100
red,41,142,151,136,15,97,124,0,76,9
red,94,124,114,29,53,121,61,37,49,5
blue,31,40,2,8,128,134,141,121,136,70
blue,104,142,154,29,93,101,92,64,51,66
red,0,87,19,51,82,59,107,143,29,66
red,110,38,104,52,126,101,124,151,29,66
red,59,40,124,8,128,0,65,143,116,93
blue,31,84,11,51,82,104,87,69,129,70
blue,0,61,159,29,96,59,38,132,51,93
red,0,154,38,29,153,59,40,143,76,100
blue,104,141,114,52,100,131,84,115,51,74
red,0,154,121,150,4,59,40,43,51,100
blue,59,92,159,8,100,22,84,110,52,82
red,59,38,143,8,100,0,94,55,24,128
blue,104,61,124,29,53,110,141,1,76,128
red,104,65,142,8,128,113,61,1,50,74
red,59,38,83,147,128,22,88,56,8,93
red,107,38,89,106,82,0,65,11,29,37
blue,62,58,56,51,82,107,40,159,17,16
blue,107,58,143,51,82,59,38,121,116,37
blue,104,65,89,52,100,0,38,121,17,93
blue,78,141,64,29,53,42,84,69,49,93
blue,101,84,6,129,5,74,61,64,52,9
red,95,38,1,8,123,104,65,2,50,4
red,104,13,3,76,41,127,141,121,17,93
blue,114,97,55,69,96,104,92,33,51,128
red,104,38,56,51,126,137,91,133,8,82
blue,69,142,134,24,93,110,44,104,29,14
blue,112,44,124,116,93,104,87,159,49,96
blue,107,141,151,51,5,137,38,2,13,108
red,104,40,64,129,82,34,98,143,51,9
blue,154,40,56,52,119,59,38,121,24,70
blue,42,44,151,106,82,0,141,2,24,100
blue,59,58,34,9,123,43,141,159,49,37
blue,42,86,19,138,37,34,23,151,51,9
blue,104,86,132,51,93,95,141,121,8,37
blue,104,141,151,133,126,131,40,159,147,93
red,59,65,54,129,96,31,40,121,157,76
blue,104,38,140,63,53,151,58,121,17,71
blue,101,84,91,129,82,104,124,110,51,93
blue,31,44,11,137,53,114,38,122,106,5
blue,42,142,124,129,93,104,38,1,51,74
blue,90,27,143,17,79,103,154,43,76,74
blue,101,124,103,17,158,59,107,121,52,82
blue,46,38,143,29,153,59,30,65,116,53
red,90,40,89,51,66,104,84,43,8,5
red,59,92,64,24,70,31,142,19,106,5
red,42,125,2,133,158,90,38,55,116,70
blue,59,142,69,51,12,43,141,121,85,104
red,47,84,43,51,12,31,87,121,129,82
red,107,38,124,17,96,74,65,104,116,93
red,107,61,33,138,93,34,65,89,51,82
blue,0,84,121,8,70,107,44,104,63,14
blue,107,44,151,51,9,31,74,19,52,100
blue,74,141,1,8,128,0,84,33,76,53
blue,31,84,1,29,14,0,44,89,8,128
red,134,38,121,8,128,107,65,59,147,96
blue,90,125,143,51,93,101,65,124,52,5
blue,107,61,11,29,12,105,65,121,8,128
red,2,142,143,8,128,31,65,148,49,14
blue,65,18,121,17,53,107,40,1,24,126
red,22,92,124,51,82,107,141,121,29,59
blue,104,38,122,51,82,107,65,140,76,66
red,107,87,121,129,153,34,65,19,29,96
blue,74,65,140,8,100,107,134,151,69,153
red,34,38,104,76,82,107,92,124,17,79
blue,101,61,2,116,74,107,87,159,17,14
red,61,65,37,85,128,107,67,125,150,4
red,78,38,121,29,53,107,149,3,76,70
red,34,142,64,17,66,107,38,140,129,110
blue,18,86,33,51,126,107,77,1,106,93
blue,107,87,143,50,100,90,44,121,129,70
blue,105,66,131,85,87,101,84,120,50,92
blue,39,154,155,8,128,107,74,43,17,12
blue,107,38,89,17,12,34,65,68,129,66
blue,18,84,101,138,66,107,40,1,29,53
blue,105,124,151,136,14,107,38,104,52,120
red,107,94,33,17,14,110,65,121,136,128
blue,107,155,89,136,4,22,67,121,24,93
blue,107,61,89,85,70,31,84,2,76,74
red,107,13,121,76,12,19,38,101,116,158
red,39,84,94,52,107,90,60,132,8,126
blue,146,84,151,51,93,107,98,124,17,12
blue,22,44,121,76,16,107,77,37,52,82
blue,103,40,124,29,53,107,84,151,17,71
red,107,124,121,106,82,101,38,2,133,119
blue,31,61,121,49,74,107,65,19,51,82
red,107,38,19,17,9,74,61,159,52,100
red,107,65,140,136,16,90,13,89,51,82
red,31,149,121,116,96,107,65,140,129,5
blue,107,65,143,116,1,123,38,121,76,96
red,0,40,159,76,5,97,141,151,15,14
red,107,92,64,24,66,154,40,90,156,153
red,107,46,2,51,4,3,38,64,52,82
blue,18,130,2,51,96,107,44,121,133,126
blue,0,92,64,52,14,110,65,2,17,79
red,62,38,55,29,53,107,141,1,106,82
red,107,13,89,29,53,151,26,110,51,82
red,65,98,89,76,66,107,142,3,9,96
red,107,65,121,106,12,101,38,140,24,82
blue,107,40,94,17,79,34,38,121,136,82
red,110,61,143,29,5,107,141,6,129,66
red,107,155,140,51,120,151,38,159,116,153
red,31,84,2,106,82,47,155,144,49,66
blue,0,65,1,51,96,43,27,159,29,16
red,19,65,139,8,14,0,98,143,17,79
red,37,38,33,49,123,47,40,140,8,100
blue,72,38,143,100,54,120,65,144,51,74
blue,47,38,138,29,53,95,84,134,136,74
blue,91,124,155,85,74,0,38,121,51,5
red,37,124,110,76,5,18,38,2,24,66
red,104,98,151,49,99,34,61,121,136,82
blue,0,84,124,51,37,101,67,104,76,99
red,101,84,0,76,53,34,142,2,8,128
red,59,38,121,51,12,34,65,143,52,93
red,19,142,56,51,82,107,65,143,29,14
red,103,38,56,76,128,74,124,125,85,153
blue,137,65,3,76,82,92,27,103,148,66
blue,102,40,114,24,82,0,65,64,76,79
blue,0,84,151,49,153,101,61,132,76,70
blue,101,61,132,76,79,129,84,110,29,96
blue,74,65,143,51,14,37,124,142,76,110
red,0,141,71,51,82,105,38,64,76,14
blue,43,141,159,76,5,144,65,140,24,128
red,22,141,64,51,14,95,142,1,116,128
blue,0,23,1,116,110,22,27,151,17,82
blue,90,58,89,17,53,107,65,6,136,79
blue,90,26,3,29,100,107,38,151,51,96
red,107,65,124,8,128,48,38,121,52,82
blue,31,38,56,157,4,18,65,64,76,82
blue,104,61,159,136,74,110,142,124,24,82
red,47,61,151,69,41,150,141,1,24,93
red,48,65,19,17,82,0,61,124,29,79
red,81,38,151,19,96,112,142,87,29,53
red,0,111,105,51,53,18,65,89,85,14
blue,65,40,101,52,96,0,111,124,76,53
blue,88,58,2,49,53,131,61,143,29,153
red,143,102,151,106,82,43,84,125,8,100
red,42,38,159,147,82,101,84,146,17,70
red,0,84,129,29,153,43,61,33,76,12
red,22,40,159,24,66,0,58,56,106,100
red,43,61,138,63,70,18,84,38,136,100
red,65,38,143,147,82,31,61,134,52,110
red,78,61,159,136,82,18,107,151,106,114
red,144,92,121,106,99,0,84,34,29,41
red,0,124,103,116,12,90,92,19,52,5
blue,2,38,159,52,128,39,30,151,29,12
red,59,141,101,76,153,34,84,132,156,82
blue,59,61,89,51,126,0,65,11,136,5
red,101,77,159,17,153,107,142,64,49,71
blue,151,65,121,49,4,0,23,94,29,93
red,34,75,140,106,99,59,58,101,85,70
blue,34,117,125,69,153,43,84,150,138,4
red,0,134,121,29,12,43,107,143,24,100
red,34,102,121,51,5,43,54,2,76,70
blue,101,98,64,51,41,0,40,159,49,53
blue,3,84,94,76,9,43,142,1,51,74
blue,34,67,151,129,93,39,54,125,29,53
blue,0,142,21,8,1,43,40,33,69,53
red,19,38,121,116,74,101,26,151,51,82
blue,18,61,1,116,53,90,154,159,24,45
blue,18,84,92,29,53,31,98,33,106,5
red,0,142,121,29,153,22,38,2,51,45
blue,0,87,3,76,5,31,65,33,150,70
blue,37,141,11,8,70,127,97,143,76,123
blue,101,27,91,129,4,90,65,159,51,123
red,31,141,33,76,96,0,125,89,133,153
red,31,155,83,51,123,62,124,110,76,119
blue,151,65,33,116,79,2,149,1,51,82
red,18,84,65,29,66,0,67,3,51,82
red,90,141,56,51,82,74,142,124,129,66
blue,104,38,121,49,82,101,61,89,17,71
blue,31,38,159,129,82,18,65,121,17,71
blue,121,84,150,129,4,36,30,139,51,99
red,90,54,38,17,71,107,124,65,9,140
red,35,97,54,147,82,90,38,121,51,110
red,107,65,159,51,82,47,67,69,29,119
red,70,38,56,136,100,134,142,2,51,108
red,31,30,151,69,100,59,142,105,29,53
red,34,77,11,29,16,0,38,104,51,82
red,90,46,143,8,93,30,65,19,17,41
red,74,18,3,51,100,31,111,68,49,53
red,34,84,125,17,41,151,13,132,129,99
red,0,141,139,49,15,151,107,122,116,70
blue,92,65,143,116,82,112,46,105,51,4
red,0,65,121,51,4,31,84,151,29,82
blue,90,65,159,51,126,101,84,151,76,53
red,90,40,121,136,82,112,154,124,51,16
blue,0,84,101,8,128,90,67,34,49,82
blue,18,94,11,24,82,0,65,148,76,66
red,101,65,1,76,66,34,149,124,51,5
red,18,46,2,52,5,90,38,139,136,96
red,31,65,2,24,5,0,27,37,51,96
blue,88,30,143,106,96,47,98,33,29,53
red,107,142,143,49,96,31,149,121,50,66
red,91,27,38,51,14,0,98,121,29,96
red,47,84,151,76,99,0,40,56,52,100
blue,152,61,121,8,100,47,38,33,51,74
red,88,65,121,133,96,31,38,144,69,5
red,91,60,121,29,100,114,40,56,17,9
blue,0,154,124,50,45,43,94,33,116,96
red,37,38,2,8,100,107,86,121,49,12
red,37,38,104,29,12,74,40,159,51,96
red,0,38,143,8,100,48,23,155,76,96
red,48,38,105,8,100,0,84,121,24,9
blue,101,155,64,8,96,31,84,121,116,9
blue,47,154,115,116,93,92,61,1,157,96
red,0,61,143,76,100,43,13,140,109,4
blue,115,38,159,147,96,39,61,1,136,128
red,155,67,94,17,71,104,40,142,9,53
blue,0,65,89,17,71,59,84,94,29,53
blue,18,134,2,8,66,0,67,94,51,82
blue,48,38,41,49,66,0,40,94,24,128
blue,39,94,150,76,82,74,65,109,17,16
blue,107,65,143,51,14,31,54,94,29,53
red,112,54,3,51,93,0,46,121,116,128
blue,81,94,104,29,158,3,111,64,52,100
blue,97,58,43,24,74,0,26,94,76,66
red,90,38,140,29,82,6,65,155,17,53
red,90,94,2,76,110,37,130,19,51,82
blue,31,40,64,85,93,107,94,55,76,82
red,95,94,159,116,96,18,142,2,52,5
blue,110,94,140,106,74,37,141,64,24,4
red,6,94,155,29,53,107,61,124,116,153
red,151,61,140,148,53,0,142,132,106,99
blue,39,94,11,76,14,34,92,124,41,93
red,155,37,121,24,14,0,154,94,157,53
blue,110,124,151,116,74,0,26,101,133,5
red,59,142,90,51,74,110,44,56,137,53
red,94,26,3,63,70,0,124,101,116,119
red,18,125,140,51,82,94,155,64,17,79
blue,94,27,121,147,96,18,98,159,106,82
red,110,38,124,8,82,47,65,33,106,66
blue,0,61,87,49,93,94,124,56,24,100
blue,36,27,121,76,74,95,84,125,51,66
blue,34,61,87,147,14,101,77,83,51,65
blue,102,61,33,51,74,0,149,159,148,93
red,65,111,55,148,128,34,74,159,51,66
red,18,65,159,63,70,90,38,151,8,128
red,62,38,134,29,96,18,54,75,76,93
blue,18,141,19,24,16,112,38,110,15,5
red,37,38,140,51,91,36,154,2,29,82
blue,34,84,151,29,66,144,65,37,106,5
blue,101,38,11,24,128,0,154,124,129,110
red,59,40,38,8,66,0,142,71,51,82
blue,101,141,121,9,53,0,61,143,51,128
red,31,61,2,49,71,0,142,121,17,14
red,101,84,43,147,45,0,38,2,51,4
blue,59,141,90,17,96,18,38,143,116,71
blue,90,65,11,136,74,18,61,151,69,12
red,31,13,56,69,96,74,124,103,29,53
blue,151,38,132,49,79,56,124,0,51,82
red,31,149,132,49,53,18,124,151,129,13
red,18,154,121,63,70,0,65,2,51,93
blue,18,60,121,51,82,0,38,140,8,128
red,74,84,101,76,53,34,87,155,17,82
red,0,60,89,106,93,31,98,121,29,53
blue,74,130,144,29,158,112,149,56,76,100
blue,107,141,64,51,96,101,61,2,129,153
blue,31,84,144,106,99,110,88,89,29,128
red,31,13,11,8,82,113,40,143,106,99
red,102,84,121,156,14,90,87,159,8,82
blue,47,67,137,52,82,112,84,33,17,71
blue,74,46,3,51,121,54,142,37,52,93
blue,101,40,56,29,53,74,38,140,8,100
blue,31,38,159,29,70,0,65,89,51,82
red,31,65,121,51,82,0,142,1,8,128
red,95,111,159,102,108,0,84,3,136,12
blue,110,54,3,51,82,39,65,32,116,16
red,90,155,138,17,79,97,26,11,51,53
blue,151,40,124,76,99,34,26,59,29,14
blue,18,130,143,24,93,0,98,89,17,16
red,112,65,122,17,100,129,67,151,51,119
blue,88,65,159,51,100,107,38,19,17,119
blue,31,40,121,29,93,0,142,159,69,4
red,104,65,1,29,15,59,84,155,9,53
red,47,37,65,29,153,110,130,56,116,41
red,19,149,3,51,41,112,67,1,106,99
red,18,141,89,17,41,131,142,140,76,153
blue,43,84,33,29,93,91,124,3,76,14
blue,95,107,43,51,16,91,124,121,76,66
blue,47,84,6,76,5,91,65,121,52,119
blue,91,54,121,17,37,36,84,143,129,5
red,91,87,56,9,93,34,65,89,76,120
red,22,155,68,8,128,34,38,154,52,100
red,90,88,144,9,82,114,124,110,29,53
red,151,84,33,51,93,134,65,2,49,53
red,110,142,33,8,128,40,61,53,52,82
blue,0,38,140,24,100,22,124,3,52,9
red,155,154,64,51,93,74,38,143,76,4
blue,22,154,56,156,153,18,65,64,51,93
blue,31,65,121,51,14,0,142,159,29,4
red,34,98,2,8,93,74,142,121,76,5
blue,74,124,159,69,5,34,65,144,29,93
blue,34,65,64,8,82,37,107,43,17,66
blue,110,142,89,24,128,74,61,124,17,71
red,31,145,124,116,70,37,141,114,8,100
blue,107,84,55,76,99,112,142,124,51,119
red,0,98,56,52,99,101,38,1,63,70
red,18,74,143,76,5,31,142,41,51,66
red,105,65,121,29,100,22,84,89,50,12
red,35,40,159,63,90,112,67,143,9,70
red,18,44,151,17,71,65,38,33,8,70
red,102,38,159,116,153,74,84,3,24,5
red,90,142,143,29,153,37,38,121,85,70
blue,101,84,11,24,74,88,111,56,51,100
red,95,38,121,63,100,69,84,143,51,82
blue,31,65,143,9,121,0,124,151,76,96
red,18,84,3,129,93,39,92,71,76,9
red,0,38,11,8,128,91,84,125,29,53
red,0,84,2,8,70,151,142,101,63,158
red,0,30,150,49,148,90,65,121,17,71
blue,47,38,140,51,93,48,142,56,148,74
blue,31,13,11,51,74,0,40,124,8,82
blue,114,141,121,24,128,0,124,101,76,14
red,0,65,2,63,53,88,38,143,76,41
blue,37,38,71,76,53,3,61,159,63,153
red,90,38,121,8,128,42,40,159,51,82
blue,103,58,54,85,153,59,38,140,63,70
blue,102,13,159,76,9,110,84,94,63,93
blue,134,38,1,106,154,101,84,3,136,14
red,78,142,2,51,14,74,61,143,8,82
blue,90,84,155,51,110,104,65,11,76,82
red,114,38,105,129,14,0,84,3,116,153
blue,103,84,110,51,82,0,141,2,116,16
blue,151,79,65,29,53,88,54,91,85,82
blue,112,40,159,51,100,150,54,3,106,82
blue,91,38,159,17,12,0,84,140,76,82
blue,91,38,56,106,82,0,26,65,133,4
blue,74,38,3,8,70,105,40,148,133,126
blue,97,84,101,116,82,74,30,110,29,96
blue,31,65,68,148,82,74,98,64,116,53
red,57,141,134,106,82,137,38,132,17,79
red,95,65,104,122,9,90,84,94,136,82
red,74,27,3,51,99,95,134,143,8,82
red,25,84,151,85,82,59,38,140,8,16
red,43,30,65,29,41,110,94,11,51,82
red,36,58,140,51,82,110,124,121,29,74
red,107,40,11,136,100,59,38,151,156,53
red,0,38,121,106,37,110,141,89,49,96
red,59,65,94,51,14,43,61,64,24,100
blue,18,40,33,8,96,31,38,143,24,82
red,134,37,48,85,100,39,98,110,106,14
red,19,61,148,52,82,92,98,1,147,100
blue,152,38,121,147,53,110,65,143,51,82
red,53,38,144,24,82,152,84,94,50,128
blue,0,102,159,133,153,22,98,64,9,100
red,0,61,64,29,53,150,124,2,51,154
blue,0,65,2,76,82,43,111,121,85,41
blue,43,65,56,106,74,107,13,143,51,93
blue,90,94,134,51,14,104,61,121,49,66
red,47,84,159,51,74,101,40,64,106,5
blue,74,61,8,157,82,47,13,159,69,53
red,0,130,6,133,100,107,141,55,8,37
blue,47,38,121,29,16,18,40,2,51,82
blue,18,65,121,17,41,0,86,159,157,93
red,97,40,110,85,5,74,23,150,51,41
blue,0,111,150,8,82,146,124,110,29,41
red,0,40,144,29,53,105,44,151,110,108
blue,0,84,22,136,76,18,38,33,17,5
red,121,65,33,150,66,36,74,143,129,5
blue,97,13,143,9,70,112,38,122,106,99
red,2,61,155,52,5,46,18,121,9,12
red,0,84,151,136,14,22,61,143,8,12
blue,110,142,121,24,93,107,38,89,51,74
red,0,38,132,51,5,62,74,151,49,148
blue,110,142,132,49,93,47,74,155,8,96
red,101,38,159,129,5,107,142,121,29,16
red,101,65,89,106,5,18,23,150,49,66
blue,112,61,132,106,93,107,142,159,51,110
blue,37,54,155,106,82,110,107,151,17,71
blue,114,77,155,41,96,37,38,159,24,93
blue,37,60,151,24,14,0,47,155,52,93
red,43,26,151,116,153,22,38,159,8,53
blue,0,38,11,51,5,31,74,125,129,14
red,0,61,143,29,96,101,141,3,148,5
red,154,67,155,76,4,101,23,110,106,92
red,67,13,155,51,37,154,91,121,85,153
blue,127,38,2,51,128,47,133,159,49,14
blue,48,125,2,51,128,0,38,65,85,119
red,59,40,3,49,53,31,61,121,116,153
red,31,13,140,49,16,2,124,91,24,14
red,0,107,121,29,93,43,65,114,51,82
blue,101,58,64,17,79,0,13,124,49,70
blue,78,40,124,116,70,97,87,152,49,53
red,0,23,142,51,82,22,38,43,8,128
red,59,79,151,147,96,74,61,64,51,99
blue,0,142,159,17,12,151,141,1,49,41
red,47,65,121,52,128,37,61,33,49,9
blue,101,84,110,6,74,0,98,104,116,70
red,74,98,26,51,100,91,142,144,8,82
blue,0,26,151,85,128,102,111,143,51,14
red,110,92,124,76,128,107,27,101,85,4
blue,0,65,71,51,122,31,124,151,76,96
red,48,23,159,51,4,0,38,2,106,5
red,34,13,144,76,100,107,38,121,8,153
red,36,38,19,76,119,135,104,140,17,71
blue,0,60,140,136,128,114,142,33,51,74
blue,104,46,64,17,9,131,65,121,51,153
red,131,124,101,52,128,150,27,121,51,82
blue,92,40,121,129,14,78,23,0,76,66
red,34,107,94,51,82,90,65,143,116,4
blue,59,84,94,76,74,34,44,2,8,128
red,102,149,33,136,100,107,84,110,51,82
red,31,61,134,51,110,90,84,19,69,153
blue,90,142,11,116,119,36,27,129,51,70
red,110,141,143,51,93,0,75,64,17,30
red,0,61,143,51,4,101,38,121,106,82
red,72,38,2,51,82,31,84,134,52,110
blue,34,65,104,76,74,69,142,121,17,53
blue,97,142,144,85,153,36,38,114,8,82
red,25,84,125,106,82,88,30,155,15,12
blue,90,142,140,133,53,151,65,64,51,82
red,74,98,144,52,5,34,77,159,9,37
blue,107,38,56,52,100,90,61,124,51,70
blue,31,65,159,17,71,88,67,125,29,53
red,34,74,159,29,9,35,46,132,8,100
blue,35,65,159,51,82,18,74,124,147,12
red,110,67,94,52,82,35,142,56,51,100
red,31,84,121,76,9,112,40,41,51,74
blue,47,98,89,133,70,18,65,7,29,53
red,0,23,101,129,153,91,141,56,19,5
blue,47,61,7,51,93,0,124,151,52,70
blue,18,23,69,8,9,92,111,55,29,12
blue,0,141,140,51,14,104,94,110,136,128
red,103,84,38,76,74,0,65,89,51,93
blue,101,27,151,85,107,0,124,125,76,74
blue,0,94,132,136,93,104,60,68,51,46
red,18,54,3,9,93,0,38,21,129,112
blue,112,142,2,76,53,88,141,56,29,153
blue,19,38,110,51,14,104,61,159,49,93
blue,151,38,2,51,74,31,107,56,49,53
blue,101,65,2,49,71,90,27,43,136,70
red,151,142,33,24,5,104,92,69,106,99
red,103,88,32,49,148,110,84,43,17,128
red,43,38,132,49,153,105,61,33,106,82
blue,112,87,144,106,74,110,142,140,76,12
blue,103,84,151,49,82,0,141,89,51,66
blue,0,38,33,150,4,103,142,2,49,37
red,0,61,56,49,53,43,40,90,9,128
red,59,111,64,136,128,43,75,121,49,9
red,107,124,35,49,128,150,84,151,41,153
blue,101,27,104,17,79,34,54,121,24,96
blue,34,142,1,52,14,0,74,132,49,128
blue,0,111,121,49,148,31,65,64,51,82
blue,101,84,121,8,128,0,141,64,49,99
red,105,46,122,49,96,43,38,140,8,153
red,155,124,110,52,5,74,38,159,49,93
blue,30,46,159,17,53,90,84,151,49,5
red,135,61,6,49,12,47,141,121,116,53
red,103,40,56,49,153,135,84,159,29,53
blue,101,74,151,106,93,0,38,2,49,148
red,0,38,1,49,5,31,74,101,51,82
red,127,65,121,49,53,90,125,143,85,153
red,102,40,159,49,4,0,154,140,129,30
red,74,38,121,51,96,39,61,142,49,93
red,47,142,144,49,53,31,38,32,106,37
blue,18,84,155,20,74,0,54,142,49,5
red,57,13,26,76,71,154,65,11,49,53
blue,47,23,150,49,12,101,38,120,17,71
blue,19,65,69,6,82,101,84,124,49,5
blue,117,40,11,49,153,0,142,140,106,82
blue,2,65,159,29,96,18,84,33,49,153
red,152,84,151,49,74,114,102,2,106,99
red,129,141,1,137,5,114,92,151,49,93
red,31,54,151,29,66,0,26,2,49,53
blue,107,87,0,49,93,110,92,2,17,128
red,104,38,56,49,82,101,84,132,129,93
red,18,94,121,17,53,74,84,58,29,70
blue,48,54,155,51,93,74,125,3,9,82
blue,115,40,121,51,4,78,98,58,52,128
blue,0,75,89,49,158,59,141,43,17,70
blue,92,38,143,51,100,0,84,151,49,66
blue,112,60,104,85,93,22,37,101,49,96
blue,110,84,6,17,82,107,38,159,49,53
blue,19,40,11,51,33,88,54,0,49,82
red,0,38,143,49,4,18,107,19,116,108
red,74,40,33,51,153,34,84,87,76,100
blue,37,65,143,24,14,0,107,121,52,74
red,151,38,144,69,153,34,107,56,116,70
red,121,61,33,116,153,0,154,59,17,41
red,37,26,151,17,96,0,84,110,106,93
blue,107,65,71,76,45,18,84,2,8,128
red,18,60,104,116,100,0,61,33,51,4
blue,48,58,64,51,66,112,124,151,29,6
blue,90,54,125,76,100,19,61,159,29,5
blue,90,92,143,20,93,95,84,155,106,4
red,101,38,19,51,37,110,61,121,106,126
red,22,27,43,85,104,47,92,89,102,108
blue,93,60,121,85,74,151,107,159,129,37
blue,22,107,43,116,153,47,92,11,133,82
red,151,38,143,29,93,131,84,3,76,53
red,0,54,94,51,4,18,84,101,106,128
red,112,54,101,29,41,47,84,124,52,82
red,6,38,143,17,16,101,84,150,76,82
red,37,65,121,50,70,72,142,6,17,53
red,34,38,121,29,16,0,84,3,148,93
blue,31,26,142,76,93,155,84,2,106,82
red,107,92,138,136,124,59,38,95,51,154
blue,92,61,140,51,82,0,38,64,136,70
red,18,38,159,89,96,34,65,71,8,100
blue,90,38,121,109,123,102,84,94,52,100
blue,150,61,2,51,14,95,40,143,8,93
red,0,92,6,17,148,31,84,33,63,53
red,34,84,142,109,82,37,155,110,51,158
red,31,65,64,49,119,151,107,2,29,153
blue,92,67,94,51,79,103,84,158,50,128
blue,0,26,33,51,93,18,124,110,76,53
red,0,74,89,116,79,31,98,140,85,82
blue,90,26,3,52,4,0,74,1,85,100
blue,47,142,121,85,37,59,40,33,129,4
blue,121,38,37,17,53,65,142,144,76,70
red,90,65,59,51,5,31,142,33,24,37
red,144,94,121,29,82,34,65,124,51,99
red,0,124,90,150,99,151,38,32,51,82
red,123,98,19,29,108,107,65,159,116,6
blue,0,38,33,133,82,3,61,143,76,16
red,18,65,55,76,53,90,40,121,85,159
blue,101,84,114,76,70,31,65,140,29,53
blue,31,142,159,129,93,102,38,64,76,4
red,101,38,124,157,82,11,84,151,8,110
red,144,65,1,106,93,34,125,159,51,82
blue,0,92,56,129,71,48,61,33,63,70
blue,107,84,56,106,154,110,40,124,76,37
red,102,91,89,17,93,47,40,124,49,5
red,114,65,1,9,110,0,38,43,49,66
red,114,61,33,76,74,69,46,124,136,154
blue,114,38,68,52,110,129,67,93,49,53
blue,87,65,1,136,53,151,38,159,116,82
blue,0,94,121,17,9,59,98,6,50,128
blue,131,61,159,29,128,11,23,125,9,100
red,0,98,1,51,12,48,26,33,76,110
blue,150,75,122,76,82,0,38,121,49,96
blue,59,61,154,29,53,34,141,121,17,100
red,127,54,64,116,9,74,142,33,49,53
red,54,60,159,51,109,48,67,69,29,148
blue,151,65,1,76,82,0,40,2,17,128
red,0,142,11,69,53,101,84,35,29,93
blue,0,67,33,51,14,59,87,43,129,100
red,11,65,58,147,93,122,88,43,51,96
blue,107,23,94,51,110,78,67,43,29,100
blue,0,54,110,8,108,18,107,43,51,11
red,107,40,43,29,53,0,38,159,49,96
blue,112,38,121,17,119,78,40,43,116,153
blue,0,40,43,76,33,151,65,104,8,100
blue,103,107,11,76,4,37,98,64,29,53
blue,47,38,121,106,5,107,54,151,51,110
blue,34,155,64,136,82,0,38,159,8,139
blue,90,54,129,24,93,88,141,104,51,82
blue,0,26,38,52,66,95,65,144,29,4
red,18,61,33,51,53,112,38,143,116,158
red,43,149,121,106,93,102,61,56,24,12
red,47,60,124,51,93,112,38,68,41,4
blue,62,38,68,116,66,95,61,91,157,82
blue,131,54,93,8,128,134,38,37,29,53
red,18,58,11,24,128,112,61,2,51,82
blue,0,65,1,51,99,151,84,11,150,14
red,37,61,121,8,128,0,142,91,136,5
blue,18,13,33,29,108,47,61,144,136,12
red,74,149,89,51,93,121,65,1,106,99
red,90,38,124,8,70,43,65,33,50,14
red,114,38,132,76,74,57,141,71,51,93
blue,0,65,121,76,158,18,84,154,51,74
blue,3,65,89,8,112,101,84,121,52,5
blue,47,38,2,8,128,62,84,121,52,82
blue,127,149,2,137,16,107,38,33,106,114
red,102,84,151,51,45,0,27,121,17,14
red,36,65,56,17,79,47,141,140,51,5
red,0,23,34,17,66,101,141,140,51,82
red,119,141,121,29,53,0,58,2,116,70
blue,92,58,11,106,5,129,67,151,51,4
blue,101,13,132,24,66,37,61,33,147,153
red,47,84,151,76,82,129,38,121,69,16
blue,65,74,11,51,37,0,84,155,147,66
blue,112,58,89,51,74,110,54,136,76,82
blue,0,84,43,116,126,18,155,143,50,99
blue,47,142,26,106,99,37,61,121,120,100
blue,0,58,159,51,14,19,142,3,129,158
red,48,155,33,106,99,0,84,159,52,128
red,90,13,159,51,128,74,84,43,29,16
blue,0,65,124,129,153,19,84,43,136,96
blue,43,84,150,9,5,48,30,159,85,100
red,43,84,140,51,74,34,58,6,52,66
red,107,84,3,129,70,19,65,155,106,74
red,101,23,150,51,14,0,98,11,24,128
blue,31,84,159,8,14,62,65,56,19,53
blue,115,61,44,24,100,31,23,150,8,53
blue,103,38,143,52,5,0,107,124,76,96
red,18,141,6,51,5,135,84,92,29,154
blue,144,84,91,129,153,0,65,89,17,14
blue,43,84,121,17,4,0,61,132,52,74
red,0,84,43,69,5,37,38,143,29,53
red,74,84,155,69,110,83,61,121,52,5
red,18,65,140,116,5,103,155,121,51,128
blue,0,141,122,51,93,18,13,140,129,82
red,145,141,148,51,91,22,107,121,76,12
red,34,13,105,51,99,18,61,121,8,70
blue,62,142,159,54,100,34,141,143,17,12
red,115,86,121,51,66,155,142,159,106,5
blue,151,155,124,54,16,31,38,121,106,74
red,74,134,159,76,100,90,77,121,17,5
blue,107,65,1,85,12,101,84,150,49,53
red,0,65,89,116,5,31,61,2,49,82
red,37,94,121,29,41,88,98,159,51,128
red,107,38,124,76,5,72,67,151,51,74
red,0,61,154,52,100,107,65,38,157,66
red,36,61,64,51,70,0,84,3,136,53
red,0,84,95,49,123,74,40,159,29,66
red,36,84,121,17,12,0,142,2,51,82
blue,150,38,124,136,5,62,65,143,29,12
red,90,40,2,52,16,6,142,121,51,82
red,0,54,2,24,99,110,94,64,52,14
red,31,38,55,157,12,114,77,109,52,140
red,114,61,89,157,9,130,30,3,17,12
blue,134,65,121,76,66,34,84,3,51,4
blue,134,142,33,76,100,91,111,124,129,70
red,112,84,143,8,82,18,65,140,29,119
blue,137,38,64,51,66,59,40,151,53,4
blue,47,111,124,51,74,129,27,132,76,128
blue,18,84,124,136,128,101,87,104,76,79
red,34,87,144,17,96,35,26,121,8,128
red,31,67,89,51,93,47,38,138,29,53
red,31,38,64,8,99,95,0,159,76,74
red,90,38,124,51,12,107,65,121,76,100
red,47,86,155,148,16,107,27,3,51,93
red,0,84,121,51,74,70,61,159,29,14
blue,0,65,143,76,74,18,142,64,51,53
red,0,84,125,29,153,37,44,151,51,66
blue,37,65,64,51,110,127,13,124,150,121
red,47,124,3,52,5,104,65,64,51,99
blue,19,155,64,8,128,18,44,144,51,5
red,137,40,143,129,96,18,38,121,17,53
red,0,124,151,17,70,43,142,64,136,100
red,74,84,110,51,5,0,40,89,129,153
blue,18,142,89,41,82,19,38,0,29,66
blue,0,142,32,20,108,43,74,89,29,41
red,110,74,89,8,128,57,84,155,29,53
red,107,88,89,85,4,22,141,104,150,82
red,19,125,89,29,93,3,46,143,136,159
red,37,125,89,29,53,83,58,140,52,100
blue,0,65,143,157,14,102,61,89,29,27
blue,54,13,9,24,14,110,61,89,20,126
blue,72,38,151,76,100,92,87,89,24,153
blue,43,98,89,76,66,0,74,64,51,14
blue,104,142,89,52,91,101,124,93,136,148
blue,92,40,159,9,70,143,86,151,116,53
red,0,40,140,51,99,110,142,89,8,100
red,31,38,33,17,79,0,84,89,85,82
red,90,46,89,24,82,95,141,159,17,100
red,134,61,89,76,66,90,124,43,8,110
blue,115,141,56,51,82,90,98,19,147,110
blue,37,38,2,51,93,101,74,11,8,82
blue,110,44,11,51,4,104,98,124,106,100
red,0,65,144,51,4,48,142,143,106,93
blue,48,38,33,8,5,154,61,121,106,93
red,0,67,155,8,128,91,134,121,51,110
red,31,87,125,49,99,74,27,94,51,93
blue,54,58,90,147,158,18,142,55,106,5
red,115,38,104,8,100,67,103,3,52,9
red,93,23,110,129,96,0,38,121,148,99
blue,102,38,56,157,82,31,124,129,51,96
red,88,65,121,51,82,36,61,124,106,100
red,112,84,64,8,82,59,38,151,9,66
red,112,87,155,49,153,90,40,64,76,12
red,127,38,23,109,99,92,13,2,49,5
red,31,40,64,29,14,127,38,122,49,53
red,31,61,64,49,5,0,44,159,51,12
red,0,30,121,147,66,74,58,159,51,79
red,92,38,11,156,5,104,75,155,76,66
red,0,54,159,129,82,43,65,140,106,14
red,102,13,32,51,14,107,84,101,17,4
blue,0,142,159,106,99,137,124,33,51,66
red,97,38,121,52,5,0,125,55,17,70
red,18,84,140,76,66,0,65,159,29,14
red,31,61,159,51,53,101,84,151,116,14
red,37,124,150,51,66,58,61,19,147,4
blue,114,38,143,51,37,91,61,121,106,5
blue,0,23,110,129,14,101,38,121,52,5
blue,145,65,89,63,66,144,125,54,49,6
red,151,38,144,49,53,19,61,33,29,66
red,0,27,110,63,70,112,142,121,106,5
blue,123,84,3,8,4,97,142,11,52,5
blue,39,65,48,8,66,101,84,144,51,4
red,34,124,159,69,4,0,38,144,29,14
red,39,74,43,52,5,65,124,101,29,53
red,48,13,26,17,79,69,98,121,109,100
blue,0,84,69,138,66,112,65,64,129,82
red,34,142,104,8,100,43,65,124,52,14
blue,0,65,71,69,128,37,13,64,106,82
red,88,40,121,6,14,34,26,38,76,53
red,0,61,144,51,96,39,38,159,116,14
blue,42,26,110,8,12,18,65,124,29,53
red,34,141,1,51,93,57,65,124,49,99
red,151,61,83,8,53,88,142,56,150,5
blue,105,97,151,9,66,107,74,143,106,14
red,110,65,2,29,71,107,23,43,52,100
red,59,97,94,85,66,107,58,6,76,5
blue,74,91,144,8,96,102,124,125,51,66
blue,97,26,69,136,74,91,67,159,76,66
red,0,61,64,106,5,31,65,1,24,110
blue,104,65,64,116,96,110,40,10,29,14
red,74,38,159,76,66,101,65,33,106,14
blue,151,58,121,52,4,38,124,0,106,82
red,95,65,121,116,93,59,38,11,51,82
red,34,13,2,24,4,0,88,151,52,14
red,121,88,140,51,5,0,142,2,76,66
blue,101,46,157,51,82,107,88,121,136,5
blue,0,84,3,76,93,47,38,11,29,153
blue,97,98,21,76,66,112,61,121,136,96
red,47,98,2,51,5,18,65,121,49,53
blue,47,142,121,49,53,18,65,19,51,5
blue,101,142,143,106,74,18,124,110,137,99
red,59,58,19,51,93,121,38,2,29,12
blue,88,125,89,29,16,47,65,121,24,82
blue,22,94,105,29,14,18,84,151,52,99
red,97,38,143,8,70,31,88,122,51,53
blue,36,124,151,41,93,101,61,44,89,128
red,101,40,55,137,12,110,61,143,51,70
blue,107,91,125,116,12,59,38,110,51,82
blue,74,60,159,136,66,36,88,1,52,5
blue,0,61,121,69,16,92,38,159,17,71
blue,104,13,43,8,128,88,27,94,51,96
red,31,98,2,24,5,72,65,121,51,74
red,122,88,143,76,74,101,44,3,51,5
red,59,38,2,29,53,43,61,121,17,160
blue,47,84,21,116,74,101,61,143,41,4
blue,101,38,19,51,93,0,26,121,106,82
blue,151,107,2,8,128,0,65,121,29,53
red,0,87,56,133,96,90,86,159,85,122
red,34,84,0,8,100,18,13,121,24,99
blue,144,107,151,76,53,31,88,140,49,82
red,34,124,155,76,66,134,98,41,29,82
red,18,13,11,51,14,31,44,151,138,128
red,31,38,143,129,74,36,65,41,76,70
blue,91,141,159,8,16,0,23,125,147,82
red,90,84,155,51,82,0,87,151,157,66
red,43,87,121,76,5,0,26,104,51,96
blue,19,98,6,49,66,143,65,121,51,82
blue,0,65,64,17,71,95,84,155,109,100
red,0,84,151,109,108,18,58,33,133,12
red,43,28,105,102,108,59,40,124,106,5
blue,31,38,124,52,5,151,65,121,76,9
blue,48,130,104,29,53,0,61,143,116,128
blue,31,65,121,116,12,101,124,125,29,153
red,25,98,83,129,5,2,142,101,17,128
red,31,65,140,76,82,0,84,155,136,12
red,104,142,129,29,12,112,40,2,116,153
blue,0,74,34,38,53,101,61,33,24,128
red,31,87,125,51,66,110,54,1,116,128
red,110,40,121,76,5,48,79,143,51,14
blue,105,65,151,51,99,90,84,101,17,12
blue,107,142,11,51,82,74,61,121,52,128
red,3,65,89,29,53,110,40,2,52,5
red,101,65,143,8,16,18,84,56,51,82
blue,0,94,143,24,120,78,142,151,49,9
blue,90,58,2,129,82,37,74,151,29,16
red,34,65,143,157,15,35,40,11,148,74
red,34,65,11,136,93,43,142,105,106,82
red,34,124,121,24,5,0,155,89,29,70
red,144,61,122,51,121,34,38,64,106,5
red,37,38,33,51,5,154,124,11,52,82
red,115,149,37,76,93,78,65,121,129,70
red,39,38,19,24,82,134,61,121,76,70
red,62,61,143,17,5,37,38,124,136,4
blue,110,98,2,17,93,62,26,94,51,82
blue,62,13,124,51,74,0,38,140,17,41
red,62,40,143,136,153,59,58,35,51,82
red,90,102,2,76,126,62,65,7,52,14
blue,33,13,143,136,100,62,58,2,106,5
red,62,38,121,52,82,57,61,132,29,96
red,107,61,133,29,126,62,54,151,76,41
red,0,27,151,17,41,62,154,155,29,82
red,62,37,2,51,82,36,65,140,147,70
red,62,38,2,52,46,101,23,110,51,14
red,36,38,132,17,46,62,84,121,116,109
blue,47,84,155,49,82,62,61,18,157,66
blue,62,65,89,129,74,112,111,2,136,153
red,0,65,124,51,96,151,27,62,41,153
red,62,142,121,120,153,134,98,144,116,93
blue,62,13,121,76,82,18,141,151,138,12
red,62,84,3,9,70,34,38,1,51,93
blue,94,38,6,52,128,62,54,72,8,53
red,62,92,89,8,100,137,13,121,85,153
blue,18,40,33,51,93,62,84,38,29,100
blue,62,13,140,106,110,88,61,33,51,74
red,62,40,159,17,74,0,61,121,49,14
blue,62,97,121,29,108,43,65,19,76,153
blue,90,38,6,129,53,62,107,19,17,82
red,62,26,151,51,74,88,87,132,147,12
blue,62,124,83,51,14,101,61,33,76,12
red,74,65,64,129,99,62,38,83,51,5
blue,47,125,33,133,100,62,38,132,49,41
red,62,77,55,76,96,101,84,122,49,53
red,62,58,159,137,112,0,67,65,49,128
blue,62,38,101,41,70,31,28,71,51,99
blue,59,84,62,29,12,47,61,2,116,148
red,62,61,121,8,100,0,27,91,50,70
blue,62,58,56,29,110,22,13,33,52,5
blue,59,94,124,76,74,62,65,159,29,5
blue,0,124,101,116,53,43,38,159,69,154
red,62,107,143,133,153,47,74,122,17,82
red,62,75,101,51,112,31,84,11,85,74
blue,31,61,56,106,14,158,124,62,29,12
blue,62,38,132,17,128,18,65,33,116,119
blue,62,65,121,151,66,74,30,0,150,123
blue,117,124,150,29,14,62,84,151,9,153
blue,146,107,140,29,14,62,40,2,52,93
red,34,88,121,85,4,62,61,11,76,53
blue,112,38,11,52,128,62,98,33,17,5
blue,121,155,142,8,153,33,98,62,76,53
red,62,60,2,24,128,47,94,56,76,120
blue,0,74,155,51,82,62,61,159,76,41
blue,62,54,151,51,93,88,84,155,76,112
red,62,84,155,116,70,97,142,151,29,111
red,62,77,83,116,53,158,142,143,29,128
red,137,58,104,52,128,62,46,140,17,45
blue,62,38,33,51,82,47,84,155,147,154
blue,3,26,155,29,153,62,77,104,76,53
blue,74,75,2,76,100,88,84,101,85,5
red,62,61,159,51,16,47,38,143,76,93
red,62,84,110,17,71,18,65,140,52,5
red,110,61,6,51,74,62,65,26,8,119
red,39,38,143,106,126,90,40,62,8,158
red,62,30,48,8,158,110,61,143,17,70
blue,36,61,26,106,14,62,155,121,136,41
blue,62,107,121,17,74,101,23,150,9,79
red,134,154,155,24,82,62,84,33,116,153
blue,62,65,43,51,110,34,125,105,17,112
blue,31,91,159,136,12,62,61,33,24,82
red,62,60,64,29,53,101,38,124,106,5
red,112,44,151,116,100,62,84,152,76,93
red,78,91,62,51,93,0,38,159,8,5
blue,74,27,150,106,120,62,38,121,15,41
blue,31,46,121,17,79,134,104,62,24,70
red,62,84,131,17,70,36,124,110,49,158
red,62,98,121,8,45,43,142,159,52,5
red,62,65,1,106,4,91,38,143,137,70
red,62,124,3,147,96,52,54,155,51,93
red,62,84,126,76,9,52,23,121,29,158
blue,3,67,155,49,82,62,27,121,51,91
blue,18,87,121,24,153,62,60,2,29,70
red,3,98,144,129,110,62,60,32,76,0
red,31,60,155,24,128,101,124,62,8,14
red,48,107,56,24,158,62,124,155,52,128
red,92,38,32,50,82,62,27,155,69,153
red,37,60,124,51,82,62,40,104,76,66
blue,62,84,110,51,82,37,27,150,8,4
red,62,84,121,51,4,151,142,143,147,5
blue,40,84,55,116,115,62,104,154,29,160
red,3,142,33,106,5,34,154,143,29,96
red,74,38,151,17,79,112,65,159,49,160
blue,3,84,83,51,74,0,65,159,8,82
red,152,142,140,8,112,150,67,159,129,5
red,146,44,33,17,53,150,40,83,51,14
blue,90,65,83,17,9,146,87,151,29,53
blue,22,87,121,106,154,0,84,101,29,71
blue,110,38,11,17,12,0,87,121,129,14
red,65,38,124,29,153,35,26,155,17,71
blue,152,38,143,17,53,0,97,56,49,9
red,43,142,143,17,110,127,65,150,24,82
red,101,75,56,29,148,31,84,159,24,82
red,30,102,143,106,5,11,38,55,17,79
blue,31,111,1,8,14,151,94,143,52,128
red,53,94,26,52,5,107,38,56,8,70
red,31,13,32,129,91,0,107,56,17,53
red,104,54,110,24,128,127,23,150,17,82
red,95,84,132,24,5,74,44,101,29,96
blue,74,54,94,49,66,19,58,155,17,128
blue,151,65,2,29,53,0,38,140,51,93
red,37,58,2,116,70,74,84,151,17,16
red,107,142,125,49,41,47,65,83,51,53
blue,137,141,121,24,16,18,47,124,17,4
blue,90,40,140,49,9,37,65,122,17,14
blue,90,142,68,17,53,34,65,64,51,121
red,34,38,2,17,71,101,40,124,24,153
blue,36,142,140,17,96,101,77,121,51,128
red,134,65,159,17,71,6,23,110,116,70
blue,0,61,1,9,74,31,92,6,17,79
red,101,124,151,29,53,102,65,140,17,71
red,0,65,144,29,5,18,154,139,8,128
red,0,98,132,51,82,101,154,104,116,153
red,0,84,121,8,123,101,141,19,17,53
red,110,74,19,8,128,107,23,43,51,82
blue,36,38,68,24,93,0,98,144,29,53
blue,101,149,144,49,12,107,38,68,17,53
blue,151,23,3,69,100,0,65,64,51,12
red,0,38,37,51,82,47,65,64,76,5
red,47,84,2,76,82,31,30,151,85,74
red,47,65,143,51,110,59,38,134,29,82
red,31,38,134,63,70,18,13,2,19,128
red,154,23,3,133,126,37,77,121,129,153
red,134,38,47,51,93,37,97,103,17,66
red,0,65,124,24,14,34,44,3,51,128
blue,70,94,134,24,16,47,141,56,51,82
blue,102,141,105,51,5,101,142,158,17,93
red,95,38,134,17,16,19,92,62,76,140
red,0,65,55,74,108,102,92,69,124,91
blue,78,142,151,106,93,31,154,3,76,74
red,34,141,134,17,15,110,65,59,120,108
blue,0,13,134,106,4,65,67,155,51,99
red,0,141,134,51,100,112,26,93,106,82
red,47,40,121,29,82,39,65,53,24,16
blue,22,94,121,51,93,37,84,91,150,74
blue,107,38,19,76,153,101,61,158,29,12
blue,0,130,121,24,9,18,87,3,8,100
blue,134,65,10,51,66,22,38,2,106,99
red,39,13,53,51,82,101,98,64,76,79
red,0,54,3,129,1,112,38,2,69,80
red,0,97,121,76,14,22,75,53,17,128
red,107,23,150,51,93,102,65,134,49,96
blue,31,124,125,17,70,0,40,134,76,14
red,101,65,104,76,5,95,124,94,51,82
red,0,61,159,24,128,146,38,11,133,70
blue,36,44,64,8,96,59,58,105,29,93
blue,90,65,154,29,53,101,111,56,129,5
red,0,154,33,129,82,18,65,89,147,100
red,59,124,151,8,128,110,155,138,51,14
red,18,65,159,41,9,0,60,138,8,82
blue,47,84,110,17,12,59,65,101,49,82
blue,18,84,132,106,5,83,38,143,52,105
red,110,38,55,106,0,18,142,121,29,6
red,0,74,129,116,70,31,13,124,85,14
blue,105,87,94,52,100,0,74,56,29,53
blue,57,65,151,29,41,90,142,159,116,9
red,110,92,121,129,99,18,38,2,17,37
blue,0,40,2,52,37,59,74,159,150,99
blue,112,26,143,9,122,18,37,3,150,121
blue,107,26,151,9,82,131,65,143,76,92
red,104,155,56,129,82,18,38,2,49,66
red,39,98,1,51,100,131,54,110,76,66
red,18,46,19,29,109,0,38,104,24,66
blue,0,65,143,52,82,18,94,33,51,100
blue,18,38,121,106,82,34,84,151,85,74
red,59,38,33,24,9,57,94,43,116,100
red,0,111,121,17,12,107,142,143,52,128
blue,107,40,43,41,93,0,84,151,17,96
blue,31,65,143,17,71,18,54,110,29,53
blue,18,142,21,51,53,35,84,33,49,96
blue,0,65,159,51,82,101,38,121,41,66
red,18,38,89,29,5,0,27,151,156,53
red,39,38,3,116,53,18,94,132,29,71
blue,90,94,6,29,153,107,40,124,106,53
red,101,40,121,136,96,18,154,104,76,123
blue,59,142,140,129,82,151,154,132,136,70
red,36,154,150,20,96,101,84,124,29,16
blue,62,154,56,147,96,88,141,122,50,128
red,47,154,121,17,53,144,79,101,51,74
red,155,124,0,49,158,48,107,154,24,82
blue,90,154,121,51,5,74,142,2,137,100
red,107,23,110,29,153,31,154,56,41,12
blue,90,84,38,69,12,31,154,6,17,128
red,18,154,124,76,123,90,141,1,51,5
red,34,27,103,51,99,19,13,110,29,16
blue,18,154,124,133,100,47,40,121,51,99
blue,47,154,1,137,70,103,54,155,17,66
red,18,154,33,136,5,48,84,43,52,100
blue,114,154,131,76,82,2,141,64,106,99
blue,74,154,151,106,141,0,58,121,51,93
blue,43,98,121,29,45,155,154,159,52,93
red,31,154,155,51,153,18,38,104,50,37
red,0,154,132,8,100,112,38,89,116,153
blue,103,37,64,51,93,18,154,151,129,5
red,154,84,69,51,16,2,38,94,24,82
red,18,67,1,106,12,72,38,121,17,53
red,31,154,143,8,74,101,84,94,76,14
blue,151,38,121,49,128,0,154,2,8,99
blue,101,40,121,138,153,0,154,159,76,14
blue,154,38,144,52,93,137,44,2,29,53
blue,90,38,140,76,5,91,58,154,17,79
red,61,39,87,29,82,151,40,154,76,96
blue,0,61,105,156,153,151,154,124,116,148
blue,18,134,90,129,96,0,154,56,51,82
red,151,124,110,17,122,34,154,11,51,118
blue,29,124,110,136,7,101,84,90,116,13
blue,155,142,121,17,96,0,154,159,106,5
blue,42,65,121,76,100,134,154,103,129,82
blue,0,92,140,106,74,36,107,121,51,93
blue,48,84,0,17,71,112,65,55,49,53
red,0,142,2,29,100,91,38,64,51,82
red,115,141,121,9,93,22,103,124,76,82
red,74,38,159,76,93,0,149,140,49,45
blue,105,142,121,17,128,101,124,2,52,100
red,48,142,140,76,82,43,38,136,51,93
blue,74,38,121,76,93,47,142,33,52,5
red,92,38,159,17,71,43,61,140,150,128
red,88,54,33,29,14,127,67,43,17,71
red,59,107,151,51,93,144,87,94,156,70
blue,0,98,121,51,14,48,129,11,29,12
red,129,65,91,157,93,47,27,121,51,100
blue,0,84,141,106,99,104,38,143,51,100
blue,110,38,143,52,93,105,142,140,24,128
blue,34,27,124,137,126,103,38,134,51,100
red,104,65,151,8,71,31,38,143,17,53
red,137,38,73,24,93,107,54,43,29,16
red,0,65,124,76,70,137,92,64,9,100
blue,150,23,94,76,82,3,84,110,17,100
blue,47,46,140,52,100,74,87,121,63,70
blue,0,98,64,29,82,152,125,104,17,53
red,41,65,159,17,71,0,46,19,51,74
red,103,65,2,85,41,115,104,1,51,93
red,110,84,131,8,99,90,92,56,69,93
red,47,65,64,106,93,18,84,69,51,14
blue,57,54,115,136,128,62,40,64,17,71
red,47,84,136,51,93,62,65,23,106,99
blue,42,44,11,49,148,37,40,138,17,12
red,18,107,110,69,93,0,84,151,129,96
blue,35,84,64,17,71,90,61,159,49,53
blue,37,40,87,24,93,95,61,104,51,82
red,0,38,1,52,74,91,124,159,85,93
blue,95,61,11,76,93,31,65,56,136,96
blue,102,61,121,148,93,74,92,11,29,96
blue,34,38,143,9,82,0,44,3,51,26
red,97,142,0,29,12,107,65,2,51,33
red,0,65,139,49,14,34,142,143,17,71
blue,102,54,3,49,108,34,37,64,8,128
blue,59,104,3,17,53,43,37,1,85,70
red,95,37,110,17,71,22,38,18,136,92
blue,0,37,43,29,153,59,84,110,65,108
blue,18,38,2,51,82,0,40,124,17,12
red,135,38,150,116,153,152,40,121,85,110
red,34,141,124,20,96,101,46,121,17,71
blue,0,125,89,106,74,18,38,124,52,4
blue,101,142,121,17,79,37,13,2,52,14
blue,59,18,33,8,82,47,23,3,51,66
blue,90,65,124,129,74,18,84,3,76,128
blue,151,23,150,85,96,0,65,104,8,128
blue,0,141,6,24,82,43,142,151,138,153
red,22,84,121,136,82,101,30,151,76,74
red,22,84,33,17,66,90,40,71,49,53
blue,146,154,1,17,71,22,141,140,76,82
red,0,60,68,76,100,22,141,150,8,158
red,72,38,132,116,37,47,84,3,17,148
red,46,142,64,49,82,48,84,122,116,5
blue,74,155,32,51,5,47,38,2,50,14
blue,34,65,121,8,12,0,84,69,17,9
blue,0,61,121,17,71,35,142,2,136,96
blue,131,141,89,51,154,104,65,64,129,93
red,0,98,121,106,99,43,65,2,50,128
red,107,38,124,85,4,74,98,143,52,5
red,90,98,124,116,92,37,46,159,51,96
blue,141,142,121,63,70,61,98,68,51,100
blue,0,84,94,129,99,90,61,56,51,4
red,37,141,151,17,41,18,38,55,157,82
red,48,91,143,136,9,0,141,33,116,99
red,104,38,121,17,41,34,124,11,116,100
blue,39,46,159,76,82,104,38,132,9,16
blue,151,124,94,29,66,90,38,140,116,70
red,34,46,64,51,82,105,98,1,147,66
red,127,142,143,116,82,37,40,140,51,74
blue,90,84,151,51,82,121,98,37,29,45
red,18,40,89,76,153,0,67,140,29,53
blue,31,27,43,106,100,34,84,94,63,70
blue,0,40,143,51,14,43,38,1,133,74
red,131,142,1,50,5,129,38,124,76,70
red,101,142,1,29,160,88,111,120,129,53
blue,59,38,142,17,53,90,40,64,51,82
red,31,54,2,51,99,110,141,143,136,100
red,129,61,110,41,153,31,38,124,8,148
blue,0,65,144,51,99,59,38,11,129,82
blue,0,84,3,76,128,43,61,121,29,53
red,35,87,110,129,5,0,142,121,76,66
blue,110,54,155,138,12,34,38,33,49,82
blue,134,38,1,116,12,101,23,3,51,82
red,31,98,56,49,92,95,13,33,76,82
blue,104,141,159,137,70,34,38,33,106,5
red,34,38,143,17,70,18,61,2,76,66
red,31,124,105,106,99,0,38,68,76,53
red,34,13,104,136,100,88,92,144,106,82
blue,146,142,140,51,82,0,65,64,8,128
red,0,23,155,51,110,65,142,2,8,82
blue,0,54,104,49,66,146,142,121,17,128
red,104,46,33,76,16,22,124,3,129,128
blue,34,102,83,49,4,31,142,143,106,96
red,0,142,121,129,110,151,65,38,157,74
blue,0,23,3,8,100,95,154,94,50,70
red,114,84,43,17,53,129,65,33,136,123
red,151,40,144,106,82,43,38,139,17,15
red,102,84,33,51,110,18,87,43,137,82
blue,3,54,155,51,14,34,40,159,136,128
blue,59,141,121,49,9,18,61,143,51,82
red,47,26,125,29,99,59,38,104,52,100
blue,0,26,125,106,99,47,154,65,51,82
red,110,142,101,139,53,0,84,121,8,128
blue,0,124,91,8,123,107,23,151,85,99
blue,112,124,75,49,128,0,38,56,76,5
red,90,124,69,76,100,0,141,11,136,96
blue,101,27,1,51,82,107,65,2,29,66
red,90,65,121,29,1,101,40,68,106,82
blue,31,77,143,8,128,0,38,64,76,30
blue,0,58,11,29,16,18,134,33,52,5
red,18,84,33,29,6,22,65,104,124,74
blue,92,65,104,49,82,95,54,155,29,53
blue,43,124,3,52,93,0,38,19,29,14
blue,18,38,64,51,99,0,124,3,29,79
blue,36,40,121,137,74,114,38,124,106,5
blue,112,61,43,157,74,103,38,33,29,12
blue,0,124,151,51,5,92,38,159,76,82
red,112,38,121,116,70,74,61,89,51,82
blue,31,38,143,49,53,18,65,2,29,153
blue,0,142,68,76,100,43,65,64,17,128
red,121,38,33,76,123,59,65,122,51,128
red,0,65,139,52,126,121,84,151,51,14
red,31,84,124,51,18,38,98,2,137,128
blue,137,38,104,76,153,110,61,121,136,100
red,34,60,33,52,82,18,61,89,76,16
blue,36,142,120,17,53,18,54,125,29,9
blue,5,38,55,106,99,151,124,122,137,82
red,59,84,0,51,128,104,65,62,29,53
red,0,141,64,51,93,18,40,1,129,5
blue,31,142,2,17,70,0,141,124,52,5
red,31,38,64,116,79,90,61,159,136,74
red,151,84,140,51,99,0,124,101,29,92
red,115,27,155,76,70,135,40,2,17,12
red,0,23,155,147,82,43,26,125,51,70
red,88,40,143,147,96,22,124,155,85,140
red,34,40,121,106,99,110,97,2,137,74
red,59,65,151,29,74,0,38,33,76,82
red,151,38,114,76,100,18,74,1,106,93
blue,31,124,43,76,4,0,111,154,106,5
red,47,84,110,51,93,115,38,124,85,96
blue,151,61,1,51,9,112,154,159,8,100
red,114,38,121,52,99,0,92,124,29,53
blue,131,54,144,76,82,0,65,121,49,53
red,103,13,1,29,53,59,38,122,17,128
blue,152,65,32,76,66,88,38,2,129,5
red,134,54,142,29,53,74,141,1,51,82
blue,107,142,159,8,99,110,65,144,51,4
red,0,38,139,17,12,97,155,11,51,99
blue,47,65,139,52,5,34,38,121,29,99
red,22,67,94,76,37,114,155,139,106,66
red,31,18,21,51,37,0,65,139,29,99
red,105,46,155,76,153,0,65,139,24,128
blue,107,142,139,116,9,78,111,151,51,82
red,144,65,139,29,14,59,38,26,116,82
blue,34,38,143,76,158,101,84,139,8,100
red,18,40,139,51,93,0,30,121,76,96
blue,151,60,144,8,53,101,38,159,139,9
red,88,124,69,24,96,0,84,139,29,16
red,110,124,125,51,5,151,107,120,76,16
red,0,102,132,17,79,18,111,11,8,70
red,74,124,151,49,5,129,141,121,19,82
blue,0,84,155,76,53,34,61,159,106,82
blue,19,40,11,29,12,59,65,3,129,74
blue,90,102,143,51,82,30,54,3,29,14
red,110,134,138,29,53,112,124,121,17,108
red,35,74,143,17,79,110,142,121,8,16
red,151,67,3,106,4,0,38,2,51,74
red,0,37,3,76,66,112,38,143,85,53
blue,103,37,93,49,9,31,84,3,129,153
blue,104,87,3,8,71,90,65,89,17,158
red,2,13,3,76,30,101,35,143,106,74
red,18,65,159,17,9,0,86,3,49,41
red,3,26,56,17,82,19,38,57,24,74
blue,101,30,125,52,16,37,38,131,129,4
red,0,84,124,8,128,18,67,129,24,100
red,0,142,37,29,12,101,94,1,85,9
red,114,84,144,76,45,0,124,121,51,110
blue,18,30,109,50,82,0,61,121,76,16
red,90,61,19,85,53,101,38,144,51,93
red,37,40,64,17,53,90,38,1,29,153
red,102,61,132,52,93,90,38,104,147,12
blue,90,40,89,24,100,92,134,129,116,153
red,47,142,56,106,82,37,65,110,156,74
blue,31,61,159,136,82,0,142,56,51,74
red,105,141,69,41,66,127,65,19,106,5
blue,101,65,140,49,148,19,98,64,136,70
blue,34,18,105,76,5,134,142,121,8,126
red,34,40,55,29,9,18,125,143,133,153
blue,47,40,11,51,5,18,107,43,76,16
red,104,38,159,17,119,114,125,121,51,53
red,101,75,105,8,74,0,38,2,51,93
red,134,26,155,49,9,0,142,121,17,71
red,22,107,43,24,4,57,61,150,116,5
blue,134,54,43,29,53,92,44,110,51,96
blue,134,142,2,136,82,90,65,71,51,93
blue,34,134,33,51,71,0,38,2,85,100
blue,134,65,140,29,148,102,58,11,49,153
red,0,38,132,29,12,88,134,121,133,96
red,34,142,105,8,128,37,65,33,29,96
red,31,54,121,129,4,0,124,38,76,99
blue,18,40,68,17,66,34,142,134,51,93
red,59,142,69,106,9,0,65,64,50,5
blue,39,141,56,31,108,0,38,104,129,100
blue,0,142,144,17,66,48,38,159,51,5
red,110,84,146,8,100,0,27,43,129,153
red,146,84,3,76,70,18,44,69,17,53
red,97,141,159,51,82,88,87,143,85,96
blue,36,87,110,29,6,97,124,151,51,96
red,115,87,2,8,128,72,40,104,51,99
red,42,84,68,17,71,74,125,87,106,14
blue,154,87,3,150,4,34,38,19,8,16
red,0,54,43,51,82,101,87,159,50,4
blue,134,61,87,29,53,97,38,23,129,5
blue,104,155,159,24,5,34,87,138,76,99
red,43,134,122,76,66,95,87,151,52,5
blue,31,65,138,156,53,112,58,143,133,41
red,59,38,121,51,37,0,18,2,29,96
blue,107,18,104,106,153,39,65,121,8,100
red,0,40,140,51,82,107,142,121,29,12
red,74,58,155,8,148,59,54,43,137,12
blue,62,65,6,8,70,39,38,151,106,66
blue,31,84,3,17,71,36,61,159,76,53
blue,48,38,56,24,9,31,46,2,8,100
blue,18,38,159,29,53,47,65,124,129,153
blue,74,40,2,51,82,0,61,143,116,121
blue,19,111,143,106,74,134,87,2,51,100
blue,19,124,151,129,74,34,111,121,29,53
red,107,111,2,85,70,34,65,33,8,128
blue,101,111,33,9,93,90,125,122,51,82
blue,74,111,140,24,96,34,27,125,8,99
red,92,65,159,51,82,144,142,56,17,53
red,18,84,121,49,126,0,65,56,51,5
blue,0,124,56,106,82,104,40,37,9,4
red,112,65,68,51,82,2,142,121,136,93
blue,90,38,56,52,96,18,87,71,8,128
blue,151,65,56,116,15,150,38,121,24,128
red,34,61,2,76,66,107,38,121,8,102
blue,67,102,33,50,53,0,65,134,17,100
blue,101,142,140,24,82,103,54,159,17,128
red,37,60,110,41,128,131,61,1,17,46
red,101,27,73,49,123,90,38,56,8,128
blue,137,56,142,85,82,0,92,124,24,5
red,131,38,89,51,82,34,107,121,136,16
red,107,142,143,136,128,47,38,89,51,70
blue,0,27,151,8,100,59,18,143,136,96
blue,47,65,104,51,82,37,38,21,17,16
red,19,111,3,9,16,90,84,101,150,108
blue,35,65,159,136,53,101,38,104,17,79
blue,92,84,155,147,41,103,38,33,49,96
red,90,97,151,17,93,11,23,49,133,82
blue,37,141,121,29,53,101,65,120,76,93
blue,0,65,132,8,70,59,92,11,76,96
blue,129,142,138,147,16,0,84,155,51,82
blue,110,40,2,76,12,107,61,11,17,74
blue,102,86,159,106,93,103,65,1,76,37
red,47,61,159,50,128,43,124,140,9,74
red,31,142,104,17,79,102,154,143,129,74
blue,102,40,124,109,96,110,38,33,69,53
red,104,124,3,51,4,34,84,0,24,82
blue,11,125,121,116,100,90,65,68,51,82
red,18,61,159,136,9,74,65,34,17,82
red,48,38,104,51,93,0,65,59,29,153
blue,74,61,121,17,71,101,65,143,8,53
blue,92,84,121,76,14,90,38,159,49,53
red,31,58,114,76,4,90,97,151,63,128
blue,78,38,19,9,16,3,84,90,51,5
red,112,98,2,133,66,0,38,159,148,96
red,107,61,11,133,153,74,142,121,123,108
red,91,142,1,41,108,0,38,138,76,5
red,48,65,121,51,82,112,86,138,52,128
red,31,84,94,50,128,0,65,121,52,100
red,107,40,121,51,142,0,38,140,76,5
red,59,13,1,29,53,31,84,43,76,70
blue,0,40,2,51,74,42,65,121,49,5
blue,18,38,122,144,5,0,84,155,8,100
blue,127,124,131,9,110,0,61,33,51,82
red,151,65,140,52,100,0,98,143,51,5
blue,123,61,121,85,96,34,26,3,122,9
blue,59,61,0,116,70,121,40,151,137,37
blue,114,38,56,24,108,0,65,104,17,5
red,34,40,121,24,100,43,67,155,8,82
red,34,54,132,76,74,31,125,140,51,82
red,134,60,121,17,79,74,61,151,106,66
red,22,65,2,51,74,59,142,121,129,153
blue,107,38,104,24,53,36,84,94,51,14
blue,18,84,151,76,66,62,124,121,52,82
blue,43,65,104,136,70,0,86,56,52,93
red,129,65,64,76,14,101,84,1,8,128
red,0,65,64,106,93,42,127,121,85,130
blue,102,38,121,51,93,0,84,140,49,96
red,3,60,121,49,66,74,61,140,9,5
blue,0,142,140,17,12,62,84,143,24,153
red,34,40,159,106,99,110,38,143,51,93
red,95,142,121,24,128,59,141,2,76,53
red,18,155,121,29,53,0,84,89,24,70
blue,110,141,89,109,9,37,38,124,116,53
blue,59,87,125,8,110,121,38,89,51,93
blue,90,124,151,17,71,34,38,159,29,12
blue,19,124,151,52,93,0,60,2,76,96
red,65,40,159,136,119,36,111,121,129,66
red,36,84,87,106,14,107,38,124,76,96
red,18,141,2,106,82,90,111,124,17,148
red,151,60,138,29,9,101,61,33,106,100
red,131,60,140,116,5,34,142,33,41,53
red,31,38,121,8,128,105,65,159,52,82
blue,34,65,64,50,121,3,142,2,8,82
blue,110,38,1,76,79,74,65,26,129,14
blue,59,46,110,17,128,30,13,121,136,70
blue,31,38,114,51,37,39,102,121,147,4
red,90,13,140,24,128,104,61,143,51,99
blue,101,44,89,49,82,90,38,159,51,66
red,88,54,110,8,70,90,102,2,51,5
blue,0,54,151,76,66,92,38,122,129,82
blue,97,142,33,52,99,121,54,155,51,5
red,34,40,143,49,46,47,54,132,24,66
red,101,38,143,129,99,31,86,121,51,96
blue,34,141,122,49,100,31,84,121,51,82
red,101,84,124,51,16,0,61,121,106,82
red,22,65,1,51,14,105,92,124,69,93
blue,107,13,122,24,93,59,141,151,76,74
blue,19,107,43,29,53,0,74,143,85,119
blue,104,27,101,129,66,2,13,112,51,74
red,107,38,89,76,14,37,65,64,51,70
blue,134,67,101,63,70,0,23,150,147,53
blue,74,65,121,29,12,112,26,3,17,122
blue,0,84,159,129,82,18,86,140,29,12
blue,2,74,3,29,5,34,107,121,51,53
red,103,84,91,8,128,47,30,33,136,9
blue,34,84,43,116,119,134,13,121,29,12
red,30,65,155,29,15,0,13,121,8,128
red,107,13,19,129,93,43,40,33,157,70
blue,47,65,132,76,53,154,104,94,29,16
blue,151,124,19,24,82,47,84,2,52,14
blue,151,107,143,136,82,0,141,121,29,79
blue,0,155,159,76,130,18,13,2,17,96
blue,97,142,3,29,93,39,65,122,76,66
blue,34,84,143,8,14,107,67,142,51,91
blue,59,13,143,29,53,92,67,0,156,153
blue,34,38,11,76,82,31,107,121,116,100
blue,137,27,110,116,82,6,60,155,76,4
blue,78,38,3,50,82,90,13,55,29,12
red,34,111,33,137,12,36,84,0,116,128
red,101,142,11,8,96,74,65,121,29,5
red,74,142,7,76,66,107,40,64,8,70
blue,0,107,2,8,128,34,13,121,29,82
blue,90,13,3,17,71,74,65,7,76,53
blue,102,40,121,51,4,0,44,150,129,99
blue,34,84,143,51,37,19,61,101,144,82
red,152,38,140,52,4,88,84,143,116,153
red,150,65,32,49,153,0,149,132,17,53
red,104,40,159,51,110,48,38,19,76,82
blue,0,107,151,136,93,142,58,159,17,79
red,107,98,132,116,12,104,111,64,24,14
blue,42,142,55,19,82,101,40,151,89,5
red,112,142,2,50,128,3,74,122,136,70
blue,48,54,159,51,82,0,26,122,106,5
blue,154,94,151,51,37,101,84,121,52,5
blue,103,107,151,76,4,0,84,1,123,108
red,47,65,1,49,108,0,84,151,116,121
red,0,38,1,51,9,47,65,143,85,119
red,47,40,54,24,14,37,58,124,85,93
blue,0,65,64,85,153,22,38,159,9,128
red,74,84,151,29,9,107,65,11,52,100
blue,39,38,0,29,158,72,61,68,76,5
blue,47,142,64,129,99,103,84,122,49,9
blue,151,38,144,29,53,0,149,56,136,74
red,0,98,121,116,41,115,38,144,85,82
red,0,40,159,29,100,151,60,121,51,128
red,0,61,33,24,16,107,38,132,17,74
red,0,111,143,69,128,18,141,140,24,15
blue,0,38,6,76,74,104,124,110,147,96
red,92,37,150,24,14,31,84,159,29,53
red,90,13,159,24,119,92,98,56,29,12
red,39,38,37,129,66,74,65,121,136,16
red,137,98,56,129,15,37,38,144,29,12
blue,104,38,132,106,5,47,142,140,29,15
blue,0,141,2,17,100,127,142,26,51,82
red,0,27,101,52,5,43,23,121,17,79
red,47,98,64,29,9,18,26,94,17,100
red,151,61,56,17,71,43,27,144,8,128
blue,31,38,151,29,12,43,61,11,76,126
red,43,23,151,8,128,0,84,2,29,66
blue,0,40,72,49,66,2,141,155,17,70
red,18,38,64,52,9,0,61,2,24,100
red,18,44,143,49,93,47,65,73,24,14
red,31,61,114,51,92,77,98,143,136,128
red,18,65,124,49,82,3,84,151,69,5
red,0,124,94,116,5,18,84,121,29,16
red,114,61,140,51,82,0,65,159,157,128
blue,31,79,143,9,100,0,134,11,51,53
red,36,38,159,52,128,2,44,103,8,100
blue,0,40,64,69,9,43,58,2,41,108
red,114,61,143,147,82,97,38,159,106,99
blue,31,38,19,76,100,43,75,33,106,99
blue,104,67,3,76,96,65,38,143,8,93
blue,0,142,143,51,82,115,38,56,69,16
blue,114,61,143,150,37,59,38,55,8,128
blue,151,107,33,19,82,0,38,89,8,119
red,0,98,151,116,6,18,142,159,137,74
blue,70,38,33,76,119,107,65,64,106,99
blue,97,58,104,76,126,43,38,121,106,99
red,31,124,43,8,5,0,38,159,76,74
blue,112,38,121,110,108,31,40,11,17,74
blue,18,124,155,106,92,0,141,11,129,70
blue,59,124,3,116,99,37,44,151,76,53
blue,151,142,134,49,4,31,38,2,51,99
red,0,142,143,116,12,70,38,68,17,71
red,48,40,11,8,74,107,65,121,29,110
red,0,38,121,76,66,43,142,2,51,82
blue,0,40,159,52,74,144,142,64,51,123
red,74,124,140,52,14,19,26,155,8,128
blue,97,38,124,8,74,110,61,121,17,79
red,74,18,143,29,96,101,65,140,116,82
blue,0,54,155,76,16,18,104,11,51,5
blue,0,141,1,51,82,47,65,2,157,93
blue,34,37,94,69,99,115,38,26,106,5
blue,101,40,121,69,9,135,124,94,150,82
blue,134,65,159,24,82,47,125,89,51,4
red,18,38,121,17,96,151,65,64,41,53
red,74,38,132,8,128,47,61,155,51,126
blue,0,40,6,76,153,129,65,124,29,70
red,101,154,121,106,99,47,40,159,51,12
red,39,40,2,106,82,0,65,121,51,110
blue,0,65,1,24,100,37,38,143,156,153
blue,31,38,11,51,74,2,141,121,106,118
red,31,65,143,52,37,0,141,2,17,53
red,47,65,121,136,70,22,111,159,106,5
blue,18,155,159,76,79,110,65,64,17,82
blue,129,38,143,51,79,34,124,121,76,53
red,0,61,144,148,79,22,65,11,51,82
blue,41,92,121,51,99,151,65,64,24,79
blue,101,38,140,19,128,0,124,143,106,99
blue,43,141,1,29,82,0,38,124,51,66
red,34,38,121,129,70,59,141,124,51,37
red,0,46,143,51,5,18,111,140,29,33
blue,3,65,121,106,100,110,84,125,52,82
blue,0,94,87,8,128,101,44,83,116,9
red,101,40,159,76,9,0,142,121,136,108
blue,151,142,143,9,5,0,65,159,8,74
blue,115,125,19,29,119,67,88,121,76,9
blue,97,65,124,129,91,104,38,150,8,12
red,101,40,2,8,70,34,125,121,52,96
blue,39,38,121,17,2,34,86,1,41,9
red,2,65,121,51,82,47,58,154,29,5
blue,0,141,32,24,14,146,84,33,116,9
blue,107,155,124,24,5,34,142,104,29,30
red,110,65,64,51,16,34,77,140,76,82
blue,90,74,121,51,66,101,27,155,85,153
red,70,54,155,136,66,3,87,72,9,15
blue,34,40,144,8,70,0,84,155,17,66
blue,37,38,121,24,82,129,61,159,49,126
blue,36,84,121,8,82,90,38,2,24,128
red,152,125,1,29,119,104,142,3,129,30
red,121,84,3,17,126,11,65,151,29,119
red,36,92,114,129,153,112,18,159,24,126
blue,43,54,151,76,18,0,84,155,52,5
red,107,18,159,17,70,95,142,64,29,53
red,34,84,159,51,18,105,65,143,106,74
red,151,38,1,133,70,0,44,159,150,108
red,74,23,3,51,100,101,38,159,106,99
red,0,84,159,110,108,48,38,132,51,153
red,59,141,143,51,82,74,38,68,76,89
red,151,26,43,51,14,0,84,2,9,79
blue,114,102,150,8,128,107,13,64,17,82
blue,31,23,150,51,82,18,84,0,69,4
red,135,60,140,51,5,0,84,151,49,82
blue,36,38,68,8,82,31,37,150,51,93
blue,62,97,121,51,5,0,154,83,29,66
blue,107,61,132,49,70,127,38,68,116,153
blue,81,65,43,138,12,36,38,121,120,66
red,110,98,1,51,5,134,37,83,150,74
blue,101,37,33,29,53,19,98,56,116,108
red,74,38,159,17,53,110,130,56,76,66
blue,101,124,159,29,16,36,84,91,51,82
red,101,84,110,8,100,3,124,125,76,128
blue,107,38,124,52,82,34,61,132,17,12
red,127,65,121,17,12,37,61,125,49,74
red,0,142,56,129,5,18,65,121,17,82
blue,34,65,110,148,93,90,28,151,17,53
blue,22,84,62,29,120,34,111,132,17,128
red,0,65,132,76,74,37,38,124,29,12
blue,48,60,89,76,82,0,38,159,29,119
blue,151,38,143,51,74,0,23,131,8,96
blue,110,27,0,17,71,103,38,121,136,12
blue,36,46,105,69,100,110,124,43,17,96
red,134,142,151,76,6,0,13,124,106,82
red,107,61,121,51,5,0,67,101,29,16
red,92,61,122,76,82,110,38,124,29,96
blue,6,155,121,51,93,0,84,11,106,96
red,101,124,33,106,82,0,61,121,52,128
red,18,124,159,136,74,47,111,94,41,96
blue,34,124,110,49,53,47,84,121,69,100
red,112,23,38,49,12,34,141,56,51,82
blue,48,23,38,51,96,112,141,2,8,128
blue,74,142,121,76,96,112,44,151,147,5
blue,18,46,132,76,128,0,38,33,29,53
red,78,38,43,24,4,90,40,64,8,82
red,43,23,150,49,53,36,40,124,17,79
red,102,97,121,17,71,0,61,143,29,53
red,127,98,69,51,154,104,142,33,8,82
red,107,38,143,8,100,0,130,159,29,53
red,74,125,37,51,82,121,38,3,76,128
red,0,124,151,51,82,18,84,159,49,37
red,43,13,56,29,96,0,61,121,120,66
red,31,92,2,29,111,47,94,127,8,53
red,107,27,142,8,96,74,58,6,129,5
blue,34,27,110,50,4,37,84,150,106,99
blue,0,37,150,76,4,137,65,56,116,128
blue,107,54,110,116,5,151,61,121,29,53
blue,107,38,89,17,5,104,61,110,29,6
red,101,60,124,17,66,0,38,19,51,14
blue,112,94,144,29,53,101,102,159,116,74
blue,110,74,122,17,71,88,98,2,76,119
red,43,65,6,51,96,48,142,104,69,126
blue,110,142,144,51,79,57,107,151,85,4
red,54,142,32,136,53,143,141,92,29,96
blue,0,40,121,116,158,47,84,151,76,96
red,129,142,2,116,82,130,65,121,76,14
blue,0,26,43,17,71,102,38,2,52,82
blue,31,88,105,76,4,97,142,2,51,5
blue,97,142,122,76,96,107,84,155,50,130
red,92,74,2,69,66,0,141,1,52,148
red,0,74,121,147,82,151,84,150,51,4
red,0,107,2,147,4,22,86,33,51,5
blue,94,27,112,51,99,19,40,131,49,82
blue,74,87,151,51,79,134,142,104,133,128
blue,90,77,2,76,82,0,23,101,147,96
red,102,58,121,17,79,107,13,11,116,82
blue,37,40,1,52,66,101,65,121,51,82
blue,90,84,3,116,153,151,65,121,51,110
blue,19,65,121,17,70,146,61,151,15,82
red,0,65,68,76,82,31,28,155,29,53
red,0,54,155,17,53,131,38,89,24,82
blue,88,141,19,17,160,34,65,159,116,82
blue,0,65,2,8,45,43,84,142,51,66
blue,134,107,110,51,82,47,124,91,76,53
blue,101,98,159,51,82,137,65,121,8,37
blue,31,124,101,17,53,112,38,121,8,128
blue,51,38,55,103,96,31,65,155,76,12
blue,0,102,144,51,153,39,27,94,106,12
red,105,13,125,52,126,95,61,121,106,99
blue,0,65,121,29,53,112,38,151,109,82
red,34,40,56,17,66,91,124,151,51,5
blue,121,65,3,8,128,59,40,33,76,14
blue,0,40,121,8,74,90,54,94,51,66
blue,74,38,159,51,110,104,65,151,17,53
red,37,86,110,29,16,0,27,64,24,96
red,0,78,35,63,70,22,28,56,17,12
red,74,102,143,76,66,131,111,104,49,99
red,31,142,104,156,126,74,84,121,106,99
blue,59,61,43,17,128,104,58,2,51,82
blue,0,44,122,49,74,34,142,105,51,128
blue,112,74,59,52,100,41,38,143,51,9
blue,127,94,159,76,66,107,142,33,29,4
blue,59,142,121,106,5,0,141,140,9,16
red,110,141,56,17,9,18,38,33,106,82
red,18,84,140,76,110,47,40,121,52,74
blue,92,38,124,76,79,36,74,140,8,53
red,31,38,2,8,16,0,54,125,51,82
blue,101,60,33,51,5,18,98,121,8,70
blue,110,97,94,51,99,107,142,140,17,82
red,107,141,11,51,99,65,124,110,17,128
red,107,13,159,29,53,127,61,125,134,108
red,107,84,122,29,16,74,13,151,76,82
blue,31,40,2,29,100,97,124,151,51,91
red,101,38,124,136,128,112,84,64,51,5
blue,39,142,132,8,128,74,58,33,50,123
red,101,61,104,49,100,37,84,159,76,82
red,110,92,121,29,12,3,84,43,17,93
blue,31,141,11,29,53,48,38,33,52,12
red,31,142,11,51,66,47,38,89,147,82
red,25,38,2,51,128,22,84,23,106,82
blue,101,54,65,136,16,62,23,38,51,5
red,3,84,101,49,82,54,125,143,147,96
blue,101,142,158,29,148,19,124,94,129,99
red,18,38,121,51,82,0,40,159,50,128
blue,102,26,125,29,74,0,86,105,17,123
blue,2,65,151,85,148,19,38,3,52,128
red,39,38,6,52,74,101,26,159,106,4
blue,31,58,11,8,119,0,38,121,52,100
blue,101,111,132,76,30,90,125,124,109,93
red,107,84,110,76,100,0,74,159,156,70
red,137,23,142,76,82,41,65,159,17,53
red,129,84,120,24,158,11,98,140,51,82
blue,91,38,121,8,6,101,65,89,138,82
blue,110,38,122,29,9,101,84,3,52,100
blue,31,94,121,76,70,34,65,159,29,124
blue,151,54,65,69,71,0,98,159,116,153
blue,41,98,2,52,82,0,58,56,136,100
blue,101,84,110,17,82,43,23,150,120,93
red,92,77,143,116,82,102,98,55,85,70
red,18,98,143,137,4,0,61,2,106,82
red,101,84,73,116,70,107,65,159,51,82
blue,105,98,64,17,128,34,84,110,49,12
red,104,65,121,116,153,101,102,64,106,74
red,104,38,159,9,53,37,84,3,29,91
red,150,38,23,17,14,104,65,6,49,158
blue,88,40,124,51,96,59,38,140,147,74
blue,92,124,159,129,82,151,74,125,106,93
blue,0,40,55,24,41,43,38,121,52,82
blue,31,58,121,51,82,107,97,48,49,53
blue,134,58,19,49,9,0,61,56,17,128
blue,102,58,55,129,99,31,65,64,50,128
blue,54,38,7,51,82,101,84,11,50,128
blue,0,107,143,129,153,37,61,151,49,12
red,0,142,121,51,126,112,65,2,76,153
blue,47,38,143,51,41,137,92,125,29,12
blue,47,23,94,52,70,6,107,101,29,53
red,47,124,151,29,53,0,23,150,51,5
blue,69,92,159,51,140,48,40,1,29,153
blue,0,27,1,50,128,47,38,71,29,70
red,88,38,23,29,153,74,87,142,76,37
red,74,94,121,51,5,31,60,69,8,153
red,3,84,143,24,74,6,141,19,29,100
blue,48,107,122,51,82,31,38,143,29,53
blue,0,125,159,29,53,150,40,121,49,74
blue,107,65,143,116,96,112,124,155,29,11
red,0,23,43,29,79,127,54,151,76,99
blue,0,38,132,76,70,151,142,140,29,74
blue,65,97,150,133,14,131,124,110,29,128
red,92,30,56,116,126,78,97,94,29,74
red,78,111,44,106,99,74,58,124,29,153
red,107,124,94,133,153,102,84,72,29,76
blue,150,125,143,29,153,37,84,94,51,53
blue,110,94,143,51,41,102,40,121,29,53
blue,37,38,121,29,91,92,60,1,85,5
blue,46,13,1,51,4,151,65,124,29,112
red,143,75,72,106,5,59,60,155,51,4
blue,33,38,159,29,99,137,88,121,150,70
red,151,84,110,29,109,0,111,155,17,92
red,101,38,56,29,66,102,40,55,133,96
blue,22,61,83,147,82,88,38,33,29,96
blue,143,61,110,116,153,62,84,83,29,82
blue,137,107,11,52,93,62,124,105,106,82
red,154,23,43,29,53,151,77,2,106,100
blue,31,27,59,17,9,0,65,132,29,153
red,36,65,159,116,148,47,94,143,106,66
blue,135,149,121,76,99,57,38,159,29,70
blue,18,84,33,69,148,115,124,155,51,110
blue,57,149,132,29,14,110,54,64,24,127
red,31,61,11,85,96,97,149,140,29,153
blue,101,155,121,29,82,0,27,91,156,70
blue,145,58,158,29,120,0,26,94,51,119
red,0,65,132,116,4,131,84,43,51,5
red,31,141,89,29,93,110,65,2,17,66
blue,0,60,121,129,12,102,61,33,29,96
red,36,65,121,29,12,110,40,1,17,14
blue,90,65,124,51,4,134,58,159,85,74
red,101,27,151,51,82,36,141,56,76,66
red,90,38,125,157,5,18,84,129,29,16
red,0,44,159,52,99,151,38,121,76,82
red,48,107,121,52,4,112,111,159,51,66
blue,25,142,121,29,153,102,111,3,144,108
blue,107,61,159,17,123,18,13,121,24,74
blue,47,38,121,116,70,0,84,143,17,53
red,6,47,155,17,71,74,65,121,51,66
red,6,142,69,106,4,43,38,159,51,82
red,90,149,159,17,71,101,54,131,116,76
blue,59,13,151,52,53,74,94,64,49,153
red,43,142,140,129,99,48,124,125,29,96
blue,101,38,89,51,114,31,88,6,76,153
red,90,27,79,29,53,62,61,64,17,71
red,22,130,121,123,108,47,40,155,50,53
blue,107,61,33,150,120,34,124,142,106,82
red,104,94,122,116,82,34,38,140,24,74
red,137,65,121,17,153,0,67,110,29,53
red,54,65,94,24,93,88,125,121,29,148
blue,31,94,11,51,66,0,38,33,8,128
blue,131,54,0,76,128,43,124,121,29,53
blue,101,111,6,76,5,0,27,1,8,82
blue,58,142,140,8,119,65,84,73,76,82
red,0,84,11,76,66,22,38,143,51,110
blue,0,54,150,17,4,22,61,140,116,82
red,34,38,159,24,128,43,61,89,76,82
red,67,97,155,150,4,0,30,101,52,82
red,107,65,64,76,82,22,38,159,137,93
red,107,38,159,51,93,90,98,3,76,82
blue,0,74,41,51,82,127,65,90,17,16
red,31,84,3,59,108,137,38,1,116,153
blue,151,87,125,29,108,114,13,155,49,153
red,92,141,6,17,93,0,98,33,76,53
red,154,102,132,106,126,134,40,23,51,5
red,43,142,121,156,153,104,84,29,8,128
blue,74,40,122,116,153,102,54,125,24,4
blue,152,65,64,51,4,0,40,56,29,66
red,105,84,155,51,66,0,60,1,106,154
blue,47,91,55,129,93,59,61,43,116,153
blue,74,30,110,76,9,59,142,159,17,4
blue,72,58,143,17,82,137,142,124,52,74
red,3,98,19,52,66,24,141,64,76,96
red,0,54,56,29,66,92,61,143,76,82
red,18,23,110,49,74,62,142,121,17,53
blue,18,38,132,51,9,0,13,56,52,100
red,0,84,64,24,9,35,38,140,116,153
red,95,38,132,17,71,39,61,89,49,9
red,95,27,68,50,18,47,65,64,6,93
red,95,58,121,116,53,92,84,94,85,93
blue,103,54,151,51,5,0,61,105,29,53
blue,103,65,140,51,30,110,44,155,129,99
red,31,40,11,133,14,103,65,151,9,109
blue,97,44,94,148,74,0,40,143,51,99
blue,31,61,70,52,5,38,142,89,51,74
red,90,84,43,85,37,137,141,122,76,100
red,78,155,33,76,5,74,142,2,116,53
red,114,141,143,50,66,101,65,159,76,82
blue,0,40,11,24,128,34,61,121,143,122
red,112,142,121,76,82,105,38,2,8,128
blue,34,44,124,51,5,90,38,2,136,122
blue,90,38,132,49,99,112,61,89,17,128
blue,90,142,64,76,93,74,65,68,17,70
blue,18,38,33,116,82,0,141,122,49,9
red,110,30,136,17,53,0,27,129,8,5
blue,90,155,150,51,53,43,97,89,85,14
blue,101,87,151,17,79,48,37,2,150,99
red,110,38,105,76,70,0,97,121,8,153
blue,151,107,2,85,153,0,27,110,24,5
blue,0,65,155,29,53,101,86,2,49,9
red,37,38,121,17,79,144,54,142,63,100
red,110,87,33,49,9,43,40,121,17,53
red,31,124,132,129,96,101,26,2,51,93
blue,0,124,121,76,5,37,149,56,49,41
blue,30,92,56,8,96,18,58,121,85,74
blue,110,65,56,49,5,37,142,159,17,79
red,74,141,2,51,41,34,37,151,17,128
red,110,38,56,76,5,112,125,159,116,82
red,101,84,110,51,4,31,107,56,116,12
blue,151,84,83,29,16,101,38,56,76,5
blue,67,92,56,106,4,121,142,131,51,93
blue,22,84,151,51,74,110,142,56,29,119
blue,19,141,2,17,82,24,124,151,29,16
red,121,86,3,8,128,59,38,43,49,82
blue,101,38,56,120,74,107,61,155,41,108
red,31,38,121,51,5,0,40,2,49,9
red,43,86,121,29,53,59,23,150,24,82
red,0,54,121,51,93,48,97,105,17,14
red,43,61,105,17,66,0,38,89,41,5
red,48,65,121,76,14,22,84,33,69,153
blue,31,27,143,51,4,47,84,121,52,153
red,0,27,29,85,37,39,98,43,106,99
blue,90,38,68,8,128,34,142,64,129,99
blue,47,61,64,147,128,34,27,155,85,74
blue,34,94,144,76,99,0,61,71,150,74
blue,37,38,33,50,5,90,124,94,8,70
red,110,38,2,51,5,154,130,64,29,82
blue,0,87,159,52,93,18,54,151,29,14
blue,47,142,140,89,119,65,46,64,116,158
red,19,65,43,9,12,151,38,143,51,82
red,47,65,121,17,71,151,154,94,150,5
blue,74,65,64,29,14,101,84,151,51,41
blue,65,134,159,29,53,47,74,151,24,93
blue,36,97,140,51,53,22,54,94,29,74
red,31,61,94,41,53,154,38,2,116,14
blue,0,26,103,76,74,92,84,151,52,5
red,101,38,158,116,53,110,141,11,29,153
red,0,38,150,51,37,36,84,3,108,154
red,101,107,121,76,74,36,142,124,106,158
red,92,40,121,76,4,0,74,89,52,5
blue,134,38,121,116,100,74,84,101,17,128
red,102,38,2,52,126,146,84,155,51,5
blue,37,38,121,116,82,143,142,103,51,66
blue,105,142,1,116,53,92,26,90,29,126
red,92,38,19,8,4,0,65,26,76,126
red,92,84,122,8,4,22,65,140,19,5
red,92,13,143,106,99,90,65,21,51,5
red,39,38,2,17,12,155,141,26,76,66
blue,101,142,33,51,82,115,154,56,129,5
red,19,142,33,29,82,90,38,140,106,99
blue,43,38,124,106,82,37,61,19,51,74
red,101,61,121,52,14,134,27,38,29,100
blue,0,54,131,49,53,59,61,11,29,12
red,59,40,11,51,153,114,38,1,8,128
blue,110,40,143,51,14,115,142,33,17,53
blue,0,87,2,8,9,34,61,143,116,70
blue,34,103,83,150,99,74,40,121,76,9
red,43,26,155,150,4,31,124,94,76,53
blue,67,61,101,29,148,31,84,94,63,70
red,74,61,63,85,96,88,27,151,116,70
blue,112,142,159,106,99,0,145,122,136,82
red,59,142,110,17,5,22,38,33,51,14
red,102,125,140,76,82,47,65,33,106,66
blue,101,40,124,51,82,18,60,33,24,53
red,137,75,33,52,5,6,107,121,51,66
blue,112,38,33,136,96,107,65,55,76,93
red,31,65,11,24,100,154,38,159,50,70
red,103,84,151,51,4,37,102,3,106,82
blue,72,54,3,51,93,47,38,140,85,82
red,19,38,151,17,71,37,65,11,49,53
red,22,124,1,129,4,115,142,2,51,70
blue,134,65,64,51,96,90,38,56,85,153
blue,110,65,159,50,128,47,30,151,76,82
red,22,27,158,29,14,90,38,155,76,82
red,95,13,124,8,5,0,141,2,85,153
red,142,65,26,76,100,154,94,1,51,4
red,0,26,11,8,82,31,38,121,17,74
blue,150,40,159,8,53,129,84,110,116,93
red,22,98,33,138,53,2,38,0,116,82
red,31,60,33,17,79,0,142,159,8,128
red,18,141,120,8,110,90,61,64,156,153
blue,110,111,89,17,66,137,18,138,106,82
blue,104,141,140,51,96,114,40,3,41,108
blue,47,84,2,106,82,74,142,132,8,128
red,74,54,43,76,119,48,23,110,51,82
blue,152,142,33,8,53,0,65,114,116,82
red,18,141,64,8,37,34,125,121,51,66
blue,59,61,143,51,93,151,38,121,8,5
red,22,142,56,136,5,0,38,133,106,99
red,129,65,89,51,74,31,13,33,8,66
blue,110,88,3,8,41,47,65,78,76,70
blue,18,23,121,8,128,34,65,11,136,123
red,146,142,87,136,53,0,38,124,76,13
red,104,13,89,17,100,88,54,1,136,12
blue,18,13,2,52,110,0,142,121,8,100
red,62,38,159,69,128,154,98,121,24,93
red,31,141,159,17,12,65,38,33,51,14
red,90,13,104,51,74,101,84,3,29,12
blue,88,61,33,147,66,115,87,2,51,82
blue,67,84,93,49,14,90,44,122,24,82
blue,97,54,3,49,93,90,84,151,51,82
blue,97,84,93,51,16,72,98,2,24,5
red,19,142,121,50,92,34,40,140,51,5
red,43,44,121,116,11,0,74,124,137,53
blue,0,65,159,52,100,43,37,151,51,5
red,18,61,121,51,5,39,65,2,76,93
blue,112,61,121,17,74,102,40,89,136,5
red,0,65,56,17,79,39,94,124,136,82
blue,103,65,121,76,82,47,30,151,51,74
red,59,107,121,102,108,31,142,159,29,53
red,37,84,150,106,82,101,65,121,137,100
red,0,38,159,106,82,101,26,124,17,74
blue,0,40,121,136,74,151,84,2,129,5
red,0,38,33,109,123,129,142,159,17,80
blue,37,130,151,51,99,134,40,121,150,82
blue,101,61,124,116,4,134,44,121,52,66
blue,47,111,2,120,93,37,98,43,116,104
red,31,86,6,69,99,0,27,155,24,153
blue,22,40,121,52,14,114,141,2,76,5
red,151,67,143,129,126,47,92,124,29,16
blue,101,134,151,136,82,18,40,64,52,74
blue,34,37,89,24,96,31,40,159,106,5
blue,0,142,2,17,82,31,61,33,29,71
red,18,86,159,52,14,0,94,1,76,5
blue,19,94,121,116,93,18,84,33,51,82
blue,34,65,1,136,5,134,38,121,116,74
blue,59,65,150,85,123,0,98,68,51,82
blue,104,40,3,17,93,105,98,143,24,66
blue,121,40,114,52,110,104,124,142,9,128
blue,151,98,2,29,53,107,87,43,76,119
red,22,84,125,133,126,57,61,2,17,70
blue,151,97,140,133,70,101,40,2,17,71
red,115,40,159,52,100,0,77,33,147,53
red,101,54,0,29,153,140,37,150,17,71
blue,115,124,150,49,93,78,98,64,51,74
red,107,65,151,29,93,31,38,11,133,70
blue,18,27,121,147,53,31,124,110,76,5
blue,104,65,124,136,74,110,38,11,150,5
blue,88,38,121,24,99,59,84,101,51,82
blue,107,124,110,116,53,101,38,159,51,93
blue,0,44,43,17,71,110,98,89,136,14
red,112,67,110,8,93,90,84,151,85,99
blue,18,86,71,8,12,0,61,140,157,99
red,34,141,37,17,71,3,38,1,49,128
red,101,84,94,17,82,0,125,1,157,96
red,62,94,114,106,5,129,84,33,17,96
red,155,61,132,129,74,22,38,47,76,123
red,0,38,33,116,153,18,141,56,136,70
blue,69,65,1,8,108,38,84,64,133,128
red,65,84,90,106,82,34,40,11,76,53
red,22,124,151,51,5,31,65,159,76,16
red,90,65,124,63,70,154,38,33,8,128
blue,0,142,94,157,9,101,124,65,116,100
red,0,38,1,29,153,47,44,26,19,82
blue,43,134,54,51,66,0,38,33,29,53
red,43,65,6,17,82,0,142,2,50,128
blue,0,74,55,8,9,43,107,159,106,100
red,0,30,151,51,5,18,38,2,157,4
red,0,134,33,51,74,34,142,2,106,5
blue,144,65,90,8,99,74,84,101,69,93
red,47,124,125,17,5,110,40,94,106,99
red,114,65,56,8,96,91,141,2,51,93
red,0,141,143,106,82,34,142,114,29,53
blue,31,142,121,8,128,101,107,1,51,74
red,31,38,2,51,14,0,27,3,52,82
blue,36,142,56,51,110,150,37,33,156,82
blue,34,142,144,116,128,0,141,159,51,82
red,110,27,101,17,71,47,107,151,76,70
red,129,98,64,136,70,110,65,71,51,14
blue,78,87,101,69,70,105,84,97,51,93
red,107,65,140,8,12,0,61,33,19,74
red,47,84,43,76,4,59,142,3,106,14
red,36,98,37,51,70,154,44,64,8,14
blue,101,65,44,50,70,110,84,0,17,9
red,151,97,56,150,93,34,25,2,76,70
red,101,92,144,51,99,112,40,6,50,74
blue,129,84,151,51,82,104,142,110,29,9
red,18,58,121,29,45,72,35,93,87,116
red,91,84,151,129,70,103,65,64,51,33
blue,88,23,150,51,100,92,107,121,106,5
blue,0,37,65,8,128,134,61,32,51,5
red,37,141,2,50,128,34,65,105,41,9
blue,18,155,2,123,108,0,60,105,136,128
red,92,141,121,106,99,59,40,64,52,37
blue,129,65,11,8,128,72,58,121,29,5
blue,36,23,125,116,74,39,38,19,17,82
red,101,27,121,24,12,34,97,158,116,70
red,0,38,68,51,4,31,155,89,17,82
red,107,58,125,124,5,3,145,140,51,16
red,0,38,19,116,66,92,107,121,51,82
red,97,38,2,50,82,0,27,43,76,110
red,88,54,142,51,82,104,38,124,106,74
blue,18,84,101,52,93,104,38,121,17,71
blue,114,130,144,24,9,107,65,140,76,74
red,19,65,121,51,93,31,58,105,29,153
red,59,141,131,51,82,102,38,121,147,5
blue,90,111,151,8,14,92,38,121,17,128
red,101,149,122,76,5,0,44,151,8,16
blue,90,40,124,136,9,18,37,43,49,74
blue,31,38,159,76,82,18,13,143,51,5
red,101,40,124,24,128,158,61,159,9,110
blue,144,61,2,24,100,59,74,131,17,71
red,105,130,2,116,153,0,142,159,52,82
red,0,54,151,116,16,31,38,121,8,128
blue,135,38,121,120,66,110,74,2,29,45
red,18,38,159,143,100,115,65,140,9,12
blue,18,40,121,110,108,34,38,33,51,4
blue,110,98,33,9,79,90,155,1,51,4
blue,39,84,125,129,153,0,75,2,29,68
blue,37,130,19,17,45,137,107,2,49,14
blue,74,142,121,29,53,18,65,89,52,5
blue,34,27,3,138,82,74,124,151,17,128
blue,103,40,2,148,4,105,38,151,76,82
red,91,67,110,51,5,0,124,33,76,82
red,101,38,2,148,93,0,65,143,17,5
red,22,26,110,41,108,101,38,143,49,158
red,88,67,121,106,82,134,38,2,52,5
red,92,67,3,51,99,134,65,124,17,12
red,107,38,121,51,82,74,61,64,76,16
blue,2,44,151,24,5,18,38,140,29,111
red,0,54,159,51,9,42,44,73,76,16
blue,47,44,121,17,12,114,87,91,51,5
red,31,92,143,76,5,0,23,43,9,53
red,110,38,33,29,100,112,84,11,24,82
blue,34,149,121,17,71,54,38,151,8,9
red,101,40,144,150,4,105,65,38,137,70
blue,31,46,140,51,74,102,84,110,76,70
red,0,155,114,51,4,101,124,132,106,82
blue,0,142,68,29,74,43,65,64,133,53
blue,31,107,159,50,70,6,130,129,29,53
red,0,111,124,8,128,134,102,143,76,70
blue,74,98,140,51,70,18,142,64,8,82
red,43,38,159,76,4,0,58,68,29,5
blue,0,38,2,51,5,78,141,124,106,99
red,59,38,124,51,12,31,58,143,9,70
red,43,38,124,50,123,0,98,2,29,11
blue,103,65,121,116,5,22,38,19,133,70
red,101,61,143,63,82,95,149,89,17,41
red,103,65,1,49,82,110,23,150,8,128
blue,0,84,33,9,70,54,38,142,76,41
blue,0,107,121,116,153,39,38,19,9,160
red,31,23,110,17,128,121,141,1,49,12
blue,92,65,23,8,41,107,84,132,76,70
red,88,84,1,106,99,59,65,159,29,4
blue,18,44,151,24,128,47,38,124,52,5
red,107,142,1,76,82,18,87,151,136,9
red,0,65,121,17,158,31,142,143,133,70
blue,31,142,64,157,93,34,141,121,69,79
red,154,61,143,76,53,101,37,155,29,41
blue,34,84,43,76,93,115,65,138,17,90
red,74,155,121,129,93,83,125,122,51,91
red,101,38,56,51,5,31,142,121,29,93
blue,137,65,89,51,37,74,38,121,76,5
red,74,38,132,51,14,97,142,2,17,71
blue,36,84,3,116,93,22,38,121,129,82
blue,43,124,89,29,93,0,27,38,49,5
blue,59,60,121,29,74,151,142,159,51,82
red,3,94,121,17,111,0,75,59,29,16
red,39,61,94,52,100,97,38,2,51,12
red,33,84,129,51,82,6,142,125,108,5
red,36,61,1,129,74,114,142,151,29,53
blue,101,13,121,29,12,47,84,33,52,100
blue,0,37,150,51,4,31,142,2,9,126
blue,18,61,121,109,70,0,124,101,52,128
red,0,65,121,9,70,103,27,1,8,126
blue,103,74,121,129,82,57,65,1,133,6
red,151,38,110,129,14,0,20,159,116,128
blue,31,38,19,24,128,47,124,129,17,12
blue,0,97,2,69,153,112,94,143,129,93
blue,31,38,64,29,5,131,61,140,116,12
blue,0,65,11,29,4,47,98,2,106,99
blue,34,58,26,106,82,150,38,121,129,74
red,84,141,140,52,99,0,65,124,85,128
red,31,142,11,129,5,34,38,33,51,110
blue,0,84,151,85,5,101,74,159,137,9
red,110,58,6,129,128,59,65,11,133,14
blue,22,38,94,29,148,137,40,121,85,119
blue,127,61,64,51,102,62,154,43,144,93
red,101,84,38,76,5,18,97,6,51,74
red,47,38,121,51,82,0,61,78,136,70
blue,107,38,159,29,109,88,23,43,76,6
blue,101,124,75,17,71,34,84,94,29,14
red,62,92,143,29,5,102,84,56,76,14
red,114,92,121,9,82,0,60,33,51,66
red,18,38,33,9,16,101,27,132,52,82
blue,101,38,124,52,14,18,60,159,51,74
red,0,26,143,156,100,102,97,125,52,14
red,56,65,122,136,9,2,107,151,52,74
red,19,38,37,9,128,101,124,6,106,82
blue,107,155,159,29,96,18,98,6,51,82
blue,47,84,151,52,5,22,141,94,29,12
red,43,84,121,51,14,0,65,2,129,53
red,19,97,155,29,12,22,27,11,51,4
red,0,54,151,52,14,101,38,11,129,93
red,69,74,151,144,12,0,38,143,116,99
blue,110,38,11,76,41,2,77,121,17,70
red,0,40,159,129,99,36,38,121,52,154
red,112,125,121,51,128,18,58,2,85,79
blue,0,141,6,106,5,36,58,122,29,70
blue,151,60,33,116,37,6,40,2,137,70
blue,102,130,11,133,96,0,98,159,51,45
red,36,124,151,51,93,0,38,2,29,82
blue,0,58,41,106,82,36,98,121,52,12
red,31,102,143,51,5,112,84,43,116,16
red,101,124,110,76,153,92,87,142,29,53
blue,0,141,1,85,16,43,84,94,133,74
blue,0,65,121,8,70,110,38,2,17,12
red,31,61,19,76,82,59,65,159,29,14
red,90,46,159,29,53,19,38,132,17,100
red,43,65,2,133,4,107,91,151,157,74
blue,90,65,144,17,71,42,142,124,49,53
blue,58,84,121,76,66,65,54,140,85,82
red,74,58,143,69,82,31,26,151,49,5
blue,31,58,56,51,153,18,84,110,29,119
blue,0,38,121,129,5,31,141,137,109,128
red,34,27,151,156,74,0,65,121,17,96
blue,48,141,159,51,74,0,84,151,24,100
red,43,84,3,24,14,36,40,33,17,53
red,144,65,159,51,4,137,92,121,76,93
blue,151,84,142,136,100,0,23,94,69,53
blue,59,58,0,29,96,31,84,121,51,93
red,90,155,144,17,12,11,84,151,8,110
blue,110,13,56,6,109,88,84,43,116,153
blue,107,38,159,129,82,74,65,64,8,93
red,92,84,159,85,110,0,61,143,51,126
blue,101,75,56,51,33,151,111,121,29,66
red,145,141,121,133,126,102,142,11,69,153
red,31,65,1,29,91,0,84,101,76,160
red,47,84,125,106,99,104,23,35,8,74
blue,74,142,140,29,70,22,26,151,106,66
red,47,142,143,24,4,59,98,159,116,79
blue,97,84,155,17,16,18,38,140,24,82
blue,48,124,121,51,93,0,84,151,17,82
red,59,58,64,51,66,69,54,121,147,14
red,48,37,151,52,139,31,38,64,69,4
red,121,61,2,52,5,0,154,122,85,4
red,107,98,132,17,97,110,84,101,137,93
red,47,65,89,52,128,43,13,121,106,4
red,47,27,150,52,128,39,142,121,24,5
red,101,84,133,129,82,110,65,68,52,100
blue,34,84,121,17,79,0,87,7,76,71
red,121,38,132,136,70,110,142,2,49,53
blue,78,84,110,49,74,91,44,151,85,70
red,101,84,151,76,9,31,155,11,29,100
red,103,141,121,24,100,0,23,43,51,5
blue,105,86,140,51,159,67,65,33,29,153
red,34,65,6,51,82,31,84,68,24,4
red,115,142,124,150,82,31,65,132,120,154
red,74,124,65,136,82,39,141,155,51,53
blue,34,38,121,116,153,107,46,19,129,5
blue,47,23,24,106,66,61,84,143,76,74
red,127,142,143,51,82,144,65,90,8,128
red,34,27,151,51,74,18,98,33,129,14
red,151,13,64,51,5,62,38,90,29,53
red,90,67,151,106,99,101,84,155,51,82
blue,110,38,124,52,5,47,98,140,76,4
blue,112,13,151,29,14,70,61,19,51,93
blue,112,74,143,29,53,97,38,89,51,5
blue,97,142,89,147,53,47,46,56,51,82
red,18,38,33,136,119,131,142,56,116,41
blue,2,40,94,51,82,78,124,65,8,128
red,59,65,142,51,5,0,84,151,129,138
blue,110,40,0,76,82,18,88,143,49,12
blue,101,61,143,116,79,151,38,159,29,4
blue,0,134,26,8,82,22,65,124,52,71
blue,0,107,56,106,82,31,142,11,17,16
blue,0,44,124,76,128,101,65,19,138,93
red,31,141,143,24,82,101,130,124,52,100
red,131,124,125,52,66,112,65,2,156,41
red,88,38,33,136,14,0,141,140,17,71
blue,34,58,11,17,100,70,61,33,49,5
red,0,61,33,51,4,151,65,143,69,53
blue,97,61,33,52,100,0,38,2,29,41
blue,3,111,64,51,14,104,86,89,52,74
blue,152,92,159,9,53,74,44,64,51,82
blue,115,38,33,29,53,102,44,19,17,41
blue,34,87,124,116,82,107,141,33,52,100
red,110,124,121,133,66,34,40,129,106,74
blue,134,65,11,129,66,103,61,124,52,100
blue,22,65,124,29,109,47,84,33,51,93
blue,44,61,2,76,74,47,84,101,29,53
blue,39,142,21,17,71,115,38,11,76,30
blue,88,84,115,52,5,43,58,132,17,71
red,72,84,93,24,100,95,87,94,17,128
blue,37,84,3,116,158,152,87,94,17,53
red,43,87,125,52,93,31,124,94,8,128
red,107,87,3,49,99,0,75,159,137,153
blue,0,124,87,51,82,137,84,131,8,70
blue,112,38,124,129,153,120,142,122,24,74
blue,18,87,124,51,82,115,13,159,17,41
red,101,23,150,24,9,43,84,155,147,70
red,37,65,159,52,14,48,84,101,51,93
red,43,65,121,51,14,18,23,151,29,74
blue,6,124,110,51,126,121,84,18,52,5
blue,18,61,121,24,153,57,60,127,29,158
blue,22,65,121,24,110,150,58,55,136,126
blue,43,61,143,106,93,127,40,121,76,148
blue,0,65,89,29,153,59,38,140,50,128
red,88,38,64,120,53,101,61,55,76,70
red,0,84,125,24,128,101,155,87,15,82
red,47,84,90,49,53,19,26,3,129,4
red,39,38,121,29,74,92,61,140,106,4
red,101,13,159,51,4,121,38,43,85,74
blue,151,23,150,50,93,0,60,155,129,30
blue,112,111,159,76,99,54,65,11,24,93
red,59,141,33,106,74,39,130,140,76,93
blue,123,38,37,52,66,0,74,94,129,93
red,18,65,33,51,93,19,44,151,136,14
red,91,84,1,51,14,104,27,151,136,12
red,22,65,151,15,80,48,61,143,106,82
blue,47,65,158,51,96,36,74,89,106,93
blue,31,38,6,106,4,135,61,19,136,93
red,47,61,124,116,153,39,142,132,85,14
blue,97,67,69,85,14,104,40,132,51,70
blue,59,94,33,51,41,31,84,151,52,93
blue,34,124,155,156,96,0,111,140,51,82
blue,143,111,155,69,96,92,54,151,52,93
blue,0,65,121,50,128,58,84,151,8,45
blue,47,38,143,52,128,34,124,33,8,14
red,34,38,121,52,66,144,65,142,8,70
blue,107,142,2,150,82,74,58,143,24,100
blue,34,27,144,76,99,54,61,142,8,82
red,97,38,124,85,93,39,5,150,137,82
red,0,155,23,106,93,34,84,159,137,99
red,31,27,121,51,66,0,115,2,17,82
blue,101,23,110,17,71,34,38,159,49,53
red,2,38,159,136,12,37,54,125,85,5
red,129,13,121,157,82,18,30,159,24,153
red,90,142,159,51,14,103,107,2,133,82
blue,48,107,23,51,82,0,61,121,106,99
red,18,40,140,116,5,72,65,33,133,153
red,154,84,151,51,93,34,65,121,17,123
red,22,84,121,76,14,101,98,2,51,53
red,0,65,64,51,93,59,124,110,116,5
red,0,61,2,116,158,151,84,114,51,14
red,101,40,124,51,41,34,27,120,29,5
blue,74,142,140,51,158,101,124,151,106,82
blue,88,61,104,51,82,107,65,121,106,4
red,110,84,124,85,82,103,38,140,69,16
blue,88,74,89,51,66,48,84,110,76,82
red,88,44,143,49,148,0,13,33,52,100
red,88,65,121,24,74,0,40,2,29,53
red,105,65,43,29,53,37,38,6,69,80
blue,88,61,124,51,126,102,65,132,137,153
red,151,13,121,147,14,0,142,83,51,82
red,47,13,140,17,53,95,75,33,133,153
red,151,141,2,49,158,75,13,143,50,70
red,22,27,125,29,93,151,61,140,106,5
red,34,54,3,116,53,31,26,94,29,121
red,127,84,150,29,74,115,38,131,19,79
blue,101,124,94,51,5,91,38,19,106,93
blue,110,65,121,29,153,90,92,140,17,53
blue,90,124,151,29,93,74,40,43,136,96
red,94,142,37,29,93,0,65,121,106,74
red,74,40,2,29,53,0,61,132,106,93
blue,36,98,11,106,4,0,65,159,52,5
blue,34,23,142,106,5,144,38,33,51,93
red,144,40,143,136,12,34,54,121,51,82
red,74,98,121,51,100,34,27,110,29,45
blue,150,65,159,156,53,0,84,3,51,93
red,22,84,37,76,5,0,65,134,51,66
red,19,38,89,106,82,43,40,159,110,158
blue,0,97,122,63,99,43,98,89,138,70
red,115,58,56,51,91,0,23,155,29,70
red,43,87,143,137,153,0,88,105,50,70
red,34,61,89,17,41,65,142,11,106,74
red,78,142,124,129,82,74,40,1,49,5
blue,107,124,110,29,153,34,130,2,51,53
red,137,141,73,52,93,0,155,2,76,9
blue,110,141,155,52,74,112,113,143,51,82
red,107,141,1,129,5,18,74,26,52,93
blue,102,141,122,29,12,3,40,19,17,74
blue,0,141,125,120,96,92,142,143,51,93
blue,18,141,2,29,93,0,84,143,51,4
red,92,141,1,106,4,102,27,7,156,153
blue,88,141,2,29,53,0,91,143,24,66
blue,90,13,64,17,9,101,84,159,136,82
red,78,38,140,24,93,110,86,64,106,74
blue,97,111,121,52,100,151,74,11,137,53
red,31,38,124,106,82,65,142,121,24,70
blue,150,154,110,17,71,0,84,92,51,82
red,34,84,134,49,66,78,40,124,24,82
blue,97,38,2,17,79,131,54,3,50,14
red,0,38,124,69,70,34,26,110,76,14
red,110,38,124,41,82,90,61,143,51,128
red,90,26,3,8,70,48,65,2,156,153
red,18,38,78,51,5,0,40,56,50,128
blue,47,58,121,17,158,0,84,151,136,5
blue,107,77,121,150,82,0,92,140,116,110
red,114,142,143,17,79,0,38,122,29,41
blue,143,38,1,50,70,131,40,140,24,100
red,154,61,64,69,14,135,65,143,29,9
red,0,65,64,24,53,134,27,121,129,80
red,102,84,33,24,128,90,27,142,116,100
blue,22,111,33,52,93,0,60,159,76,74
red,47,111,132,116,59,31,44,90,51,154
red,0,94,124,138,82,18,40,121,24,4
red,48,38,140,52,93,74,94,19,24,128
blue,48,141,55,24,128,2,98,121,116,14
red,0,124,93,24,82,65,38,151,20,4
blue,59,65,105,24,9,101,28,2,52,100
blue,69,38,56,85,96,22,142,2,133,70
red,101,38,121,29,12,74,26,69,24,5
red,92,40,159,29,53,5,26,94,156,153
red,131,65,105,29,53,48,26,3,24,5
red,107,40,33,17,96,34,58,121,29,53
red,0,124,3,51,66,18,149,105,133,70
red,114,58,2,51,82,134,38,159,24,14
red,0,61,121,29,41,34,38,124,136,30
red,121,61,64,51,4,90,38,124,147,5
blue,0,141,143,133,70,131,77,2,49,41
red,19,84,151,17,53,54,38,89,50,128
blue,18,38,11,52,5,0,74,2,29,100
red,0,155,159,116,100,18,46,33,51,4
blue,104,40,37,51,82,36,38,6,52,100
blue,101,92,159,49,53,47,65,139,51,74
blue,104,58,2,76,66,110,111,140,156,74
red,112,38,121,106,74,107,142,143,24,4
red,54,58,105,51,74,34,107,121,106,66
blue,0,61,33,8,11,102,38,124,52,4
red,43,104,151,51,5,74,38,132,24,100
red,43,149,143,51,74,0,60,23,52,5
blue,22,46,56,76,5,3,107,144,106,93
blue,88,40,132,116,153,104,142,143,51,82
red,0,92,121,17,12,151,38,140,129,99
red,112,65,144,17,41,137,13,2,51,99
blue,110,58,32,17,93,42,61,144,136,70
blue,110,142,64,137,5,36,38,143,106,4
red,152,155,143,51,110,151,124,121,76,5
blue,18,38,56,63,17,48,65,144,52,128
red,34,107,2,63,93,92,65,1,116,53
blue,62,84,91,8,126,74,38,105,147,96
red,112,61,3,41,119,92,38,140,17,53
red,25,84,129,76,66,36,38,110,41,160
red,91,13,2,41,99,0,141,124,51,93
blue,137,65,8,49,157,18,87,121,41,70
blue,11,84,0,41,9,55,65,47,17,79
blue,18,111,144,85,5,0,61,159,41,16
blue,69,54,101,9,41,105,65,37,29,4
red,47,74,124,51,4,0,61,33,85,93
red,18,124,43,106,5,0,65,89,85,66
blue,0,54,151,29,5,127,26,121,51,16
red,154,38,68,17,100,101,65,1,106,5
red,18,87,142,24,153,70,61,56,17,71
blue,112,38,68,24,5,78,87,124,129,82
red,31,38,64,17,70,144,142,1,49,110
blue,101,155,64,49,53,59,65,151,17,70
blue,47,65,121,52,70,0,142,11,137,4
red,18,84,143,147,70,0,38,159,29,82
blue,48,142,33,41,99,115,38,64,17,70
red,102,38,143,76,5,101,61,11,17,16
red,104,38,140,51,5,0,124,62,8,82
red,103,38,89,17,70,88,84,3,129,82
red,103,65,89,8,110,0,142,143,85,99
red,34,84,26,24,82,144,77,2,29,153
red,47,84,110,133,70,151,23,101,52,128
red,36,102,104,76,99,134,44,0,51,37
blue,101,84,121,17,74,0,38,132,129,153
red,101,27,11,17,53,0,107,43,116,41
red,112,124,69,50,16,104,65,151,9,82
blue,59,27,110,52,16,34,107,101,20,82
red,127,84,43,51,96,105,65,143,76,66
red,43,38,124,29,53,0,54,64,120,18
blue,0,111,121,76,82,65,91,32,51,14
red,31,111,121,51,97,102,40,140,76,5
blue,101,40,64,116,158,137,84,151,8,53
blue,146,61,19,76,128,67,46,121,17,119
blue,151,58,87,24,99,90,142,121,52,128
blue,0,65,87,8,16,22,61,64,29,126
blue,74,65,2,136,128,88,46,64,24,41
red,74,65,64,17,128,134,38,121,29,53
red,110,98,26,51,82,154,13,143,76,66
blue,154,88,140,106,4,101,124,33,51,5
red,22,27,121,17,70,0,40,159,29,153
red,101,84,33,76,93,110,38,26,49,5
blue,0,87,3,147,148,18,40,121,51,82
blue,56,40,11,76,153,0,84,101,24,12
blue,0,124,73,29,5,22,27,3,52,99
red,74,142,159,136,99,110,65,121,106,93
red,114,38,144,52,5,95,13,121,49,148
red,62,84,121,76,12,127,40,101,129,70
blue,47,84,151,106,82,103,27,140,24,74
red,0,44,140,51,82,104,65,19,136,70
blue,43,13,143,69,66,19,40,155,24,5
red,39,13,151,17,119,104,130,3,8,74
blue,101,40,121,106,5,74,46,122,29,53
blue,0,65,2,51,99,104,13,53,8,12
blue,65,38,121,51,82,107,98,2,69,5
red,151,142,71,17,79,78,40,43,49,96
blue,0,74,121,69,16,48,88,11,29,66
blue,47,88,1,24,82,37,84,43,137,53
blue,151,67,121,49,6,31,84,0,76,37
blue,142,54,150,52,82,34,88,56,116,153
blue,0,84,43,17,5,47,65,133,85,119
blue,110,65,121,29,153,134,97,143,51,14
red,101,44,33,51,112,22,124,142,29,153
blue,127,84,121,116,130,88,65,33,136,126
red,110,27,121,17,100,101,84,70,129,99
red,6,65,101,63,70,92,84,43,137,100
blue,48,142,124,17,53,0,84,110,8,70
red,0,84,125,51,82,97,141,2,29,153
red,110,125,2,17,70,0,26,151,156,153
blue,2,38,121,116,82,102,13,1,136,126
blue,103,65,33,69,153,110,74,155,52,157
red,37,38,55,51,93,34,58,33,24,100
red,43,38,143,74,108,0,84,159,85,82
blue,18,98,68,17,12,3,40,155,52,121
blue,107,149,121,76,53,152,84,3,8,74
red,110,111,64,29,53,101,88,143,116,74
blue,0,61,1,17,123,74,86,144,136,53
red,0,26,143,116,99,151,97,103,51,14
blue,0,38,64,51,4,48,141,2,52,5
blue,110,84,143,137,123,0,61,124,50,128
red,94,154,114,129,93,67,38,131,6,14
blue,48,38,159,76,99,121,44,150,51,82
red,47,38,143,17,59,31,124,55,49,74
red,144,61,11,17,70,0,84,159,29,53
blue,22,30,151,129,82,31,54,125,106,66
blue,31,65,89,136,16,19,142,159,106,82
red,0,91,2,8,128,43,27,94,85,70
red,151,23,110,129,82,104,65,87,51,12
red,97,38,134,106,99,110,40,56,147,112
blue,47,40,143,29,121,0,44,142,51,5
red,59,142,132,147,5,105,58,2,52,33
blue,154,30,115,150,74,34,38,159,85,37
red,19,40,104,29,71,0,77,159,17,100
blue,43,142,140,8,128,105,65,159,17,79
blue,48,27,151,136,12,0,65,159,76,5
blue,102,30,122,76,5,18,130,121,24,128
blue,31,124,150,8,128,47,142,144,52,100
blue,2,142,140,8,70,19,46,143,51,66
red,48,124,101,51,14,107,154,150,29,53
red,0,27,3,24,96,18,142,104,76,93
red,101,61,56,85,120,38,65,158,51,74
red,34,125,132,156,70,65,94,105,116,53
red,34,40,68,52,93,101,92,151,29,122
red,18,91,2,29,53,101,154,143,17,70
red,18,38,1,17,71,107,46,143,52,37
red,107,65,2,8,128,90,38,122,106,14
blue,101,74,0,150,107,160,58,89,136,16
blue,151,97,140,29,53,0,102,121,17,119
blue,18,102,121,17,70,62,74,55,29,119
red,69,65,121,17,70,144,107,151,8,41
red,18,61,64,50,126,2,142,121,106,100
blue,90,94,140,52,6,105,142,19,29,53
red,121,130,3,52,96,102,40,159,17,82
blue,31,65,140,136,126,123,61,121,129,108
blue,20,65,140,136,5,154,142,120,17,53
red,0,141,2,8,53,62,38,71,17,79
red,107,98,121,24,96,74,58,143,8,16
blue,88,84,110,8,70,37,44,151,29,111
blue,104,84,110,116,99,102,54,125,49,93
red,110,107,56,76,82,34,38,121,106,33
red,43,67,159,51,96,59,141,37,106,93
blue,90,13,121,69,153,62,84,3,52,5
red,112,75,2,106,99,0,38,11,29,139
red,78,38,1,49,53,0,40,124,109,99
blue,101,13,124,85,153,0,97,1,17,53
blue,134,97,142,17,53,112,124,159,76,82
blue,101,142,151,147,14,112,46,11,51,53
red,135,142,121,116,5,144,74,125,136,82
red,101,74,159,51,93,95,38,140,106,128
red,18,38,122,69,80,101,107,159,50,119
blue,3,65,121,17,12,34,38,19,116,5
blue,107,38,1,76,93,42,130,19,51,82
blue,0,38,37,85,53,48,142,121,51,93
blue,43,84,151,17,128,36,65,159,52,82
red,92,46,11,106,66,101,54,155,52,82
red,142,58,2,49,148,104,40,121,76,53
blue,154,38,132,51,82,151,130,71,52,128
red,18,38,11,52,96,0,40,121,116,53
red,0,38,124,17,45,48,142,11,8,126
blue,107,84,94,116,153,134,38,121,106,74
blue,18,124,151,76,4,0,58,143,116,153
blue,37,84,151,85,99,105,40,94,17,14
red,47,84,138,52,66,54,38,43,76,74
red,34,61,159,8,14,0,141,150,17,53
blue,101,149,144,129,128,34,54,151,85,96
blue,31,98,159,8,100,144,142,94,51,93
red,0,38,104,8,53,152,61,140,51,82
red,34,142,159,157,5,56,61,89,156,16
blue,74,38,55,8,158,34,65,121,29,53
blue,0,60,140,51,82,65,84,2,29,5
red,34,38,114,29,16,0,65,140,8,82
red,34,149,1,106,4,59,40,137,116,93
blue,101,125,56,106,66,37,111,110,85,79
red,0,38,32,29,99,134,84,125,129,110
blue,129,107,155,17,53,18,38,33,106,4
blue,0,142,144,156,153,104,38,121,8,82
blue,103,84,110,8,70,92,142,11,51,82
red,78,94,124,76,82,107,84,101,51,5
red,47,44,159,51,128,0,38,2,17,79
red,58,26,110,17,9,47,125,7,49,119
red,103,84,2,51,82,0,23,151,15,128
blue,0,61,2,106,110,105,38,11,85,99
red,2,27,155,106,82,37,67,94,156,12
blue,48,98,64,17,71,0,26,38,41,53
blue,0,74,38,9,53,105,40,56,76,110
red,114,38,121,51,93,105,98,140,116,53
blue,0,46,19,51,66,160,102,121,106,5
blue,130,61,121,17,71,115,107,43,49,53
red,0,38,2,106,99,18,84,115,137,37
blue,88,38,6,116,71,151,65,10,49,9
red,102,97,89,24,16,22,142,121,29,82
blue,18,142,19,15,53,62,65,6,29,12
blue,47,26,6,51,5,59,84,155,29,66
red,112,44,1,51,5,74,40,6,29,153
blue,54,38,1,116,53,88,44,151,29,153
blue,0,65,1,50,70,47,142,2,29,119
blue,34,54,125,129,82,74,65,121,17,16
red,31,107,6,49,66,131,38,124,8,128
red,131,149,89,156,153,154,84,151,85,114
red,101,84,151,51,12,47,23,150,29,53
red,92,61,19,8,53,39,58,2,29,153
blue,0,141,89,9,64,18,67,110,106,99
red,105,61,140,51,70,69,13,124,136,53
red,43,40,33,157,12,65,67,55,8,100
blue,107,142,2,116,53,47,65,121,52,4
blue,42,84,143,52,16,102,154,158,76,5
blue,47,155,75,19,74,0,84,64,106,82
red,31,65,2,51,74,0,54,151,52,4
red,47,27,6,51,110,115,38,132,136,53
blue,18,38,64,116,92,91,74,158,50,82
red,34,142,143,29,53,59,38,43,51,82
red,31,37,144,102,108,137,13,143,116,153
blue,2,142,143,29,12,0,40,140,17,55
red,144,38,110,106,5,101,44,89,85,93
red,115,40,105,51,74,107,13,140,8,93
red,37,65,2,8,128,59,38,151,69,153
blue,43,94,15,136,128,0,84,151,51,5
red,18,38,132,106,5,0,84,159,51,82
red,18,61,150,85,93,22,142,19,50,128
blue,110,98,33,85,100,18,27,151,106,93
red,69,124,43,29,119,137,13,2,49,122
red,74,38,143,52,93,22,98,64,136,53
blue,2,92,56,29,100,0,38,64,51,5
red,0,84,151,29,41,43,107,33,76,140
red,43,54,144,85,5,0,38,33,17,82
blue,39,40,121,52,5,74,61,10,51,82
blue,0,141,148,17,41,90,61,143,52,100
blue,0,38,56,51,74,88,40,33,147,82
red,47,98,64,147,128,151,149,159,106,82
red,47,124,125,133,4,107,61,2,136,16
red,31,26,43,51,99,47,40,2,52,128
red,22,142,64,133,70,101,27,148,29,74
blue,107,141,56,8,128,88,84,159,136,14
blue,151,40,121,52,70,31,38,159,51,100
blue,102,124,43,136,82,31,54,159,76,100
red,0,142,121,52,100,59,65,140,116,53
red,78,40,35,17,71,107,86,143,69,74
red,131,44,19,50,100,0,38,122,52,5
blue,67,40,110,50,70,101,58,140,52,100
red,74,61,55,116,66,121,27,101,51,82
red,62,27,151,29,53,18,38,55,8,82
blue,18,38,143,50,82,0,84,132,106,4
blue,144,65,54,51,4,0,142,114,49,160
red,48,61,2,8,37,131,30,125,29,4
red,6,40,140,29,14,95,141,121,51,93
red,0,30,151,29,53,2,38,37,76,5
blue,59,60,11,116,121,72,38,33,49,4
blue,18,65,159,51,82,47,38,155,157,93
blue,43,107,140,17,100,0,58,121,76,66
red,22,38,138,106,74,31,40,94,109,93
blue,47,38,56,76,66,35,65,2,9,128
red,74,38,64,49,128,105,84,94,51,4
red,42,141,56,17,128,78,65,33,52,100
red,31,94,104,51,82,37,65,2,129,5
blue,34,58,3,20,96,88,38,90,120,93
red,104,111,3,150,99,31,78,159,24,14
red,0,58,101,17,14,18,37,94,76,128
blue,0,38,121,129,14,152,13,143,76,93
red,115,65,20,17,71,43,124,101,52,82
red,151,84,55,51,93,74,98,2,49,53
blue,0,154,101,17,79,74,61,3,9,160
red,88,65,2,76,96,19,142,11,29,53
red,88,141,121,51,82,107,84,151,136,16
blue,18,124,110,17,71,31,40,105,24,53
blue,34,26,155,52,99,3,142,18,15,37
red,74,58,56,76,119,104,23,131,150,93
blue,134,38,53,51,99,0,84,159,29,93
red,36,40,56,76,96,110,65,144,106,93
blue,103,38,83,8,153,74,65,122,51,100
blue,154,125,121,106,5,31,58,104,29,153
blue,110,124,1,85,153,31,142,143,52,102
blue,3,26,38,52,100,107,92,2,29,53
red,151,84,91,116,12,0,13,132,51,99
red,151,84,143,8,5,22,65,122,51,124
red,0,84,90,51,18,110,61,101,29,16
red,42,54,142,52,5,34,23,150,17,4
red,18,155,2,52,5,0,84,150,17,4
red,0,40,19,85,5,131,23,150,76,66
blue,0,37,150,76,128,18,65,1,29,53
blue,146,46,56,76,93,123,38,143,49,74
blue,39,40,6,116,70,117,61,132,8,128
red,54,38,140,116,30,18,44,6,150,4
red,0,65,143,76,9,22,23,155,49,158
red,0,28,143,150,96,2,40,140,51,93
red,31,38,2,17,71,134,98,92,49,70
red,0,84,159,50,82,134,61,121,51,14
red,72,54,110,51,14,0,124,33,29,121
blue,134,61,101,106,93,0,38,11,29,153
blue,31,94,2,29,74,131,141,143,51,4
red,74,40,37,29,53,39,84,110,85,153
blue,0,40,140,76,110,41,44,101,50,128
blue,59,58,154,51,6,0,38,32,52,100
blue,101,155,105,51,53,3,13,1,9,82
red,19,38,64,29,128,6,65,0,69,93
blue,37,60,33,29,53,101,84,6,49,66
red,18,142,1,76,110,74,38,122,17,82
blue,107,155,11,29,153,134,84,43,76,53
red,144,65,155,51,82,92,38,11,29,153
blue,34,65,64,136,96,48,58,2,17,71
blue,0,38,11,52,93,19,61,2,8,100
red,0,38,159,51,82,92,65,2,29,71
blue,0,54,43,29,12,112,13,2,8,82
red,0,38,2,51,82,47,25,151,9,79
red,37,88,2,120,93,18,54,13,51,4
blue,22,65,121,17,82,0,38,2,116,16
blue,101,38,121,51,153,18,84,2,8,100
blue,34,61,140,76,33,65,97,2,85,107
red,36,60,2,116,82,35,27,155,106,74
blue,101,124,131,24,110,107,86,159,50,128
blue,92,111,121,116,12,107,130,2,76,5
blue,0,142,19,138,128,34,124,151,51,5
red,92,26,3,51,82,101,107,121,116,93
red,11,40,132,51,121,34,38,151,106,5
red,151,40,26,29,12,0,38,44,17,100
blue,59,38,110,51,82,37,61,70,156,96
blue,0,67,150,8,128,74,65,2,85,5
blue,112,84,151,51,71,48,38,124,109,99
red,18,124,94,106,96,0,26,43,52,66
red,57,94,43,51,126,0,84,143,17,9
red,0,38,143,76,93,37,23,150,136,100
blue,54,27,155,51,120,18,84,159,50,128
blue,112,111,33,51,100,0,40,143,52,99
red,0,65,124,29,18,151,61,56,51,93
red,110,54,143,51,16,18,86,33,76,96
red,36,124,143,51,82,0,111,89,17,71
blue,18,61,33,51,82,34,54,3,106,5
blue,34,26,155,49,53,69,142,64,76,9
blue,74,141,121,106,126,3,125,143,76,4
red,137,38,1,110,108,134,65,143,52,5
blue,134,38,89,8,100,131,65,143,156,158
red,150,54,110,9,70,36,65,33,138,160
red,0,61,19,138,128,74,27,91,116,153
blue,101,74,138,136,82,103,107,143,8,12
red,78,38,3,138,70,62,40,121,76,74
blue,48,61,159,51,41,18,84,33,129,99
red,0,65,121,116,16,90,23,43,8,82
red,103,92,87,136,100,90,98,1,85,93
blue,0,27,3,85,93,127,23,150,17,12
blue,48,65,121,52,5,34,44,19,106,100
blue,2,61,105,52,74,92,38,120,51,121
red,0,124,43,17,5,90,26,38,24,66
blue,3,142,121,29,53,43,13,140,17,79
blue,74,84,151,116,12,48,23,64,52,96
blue,154,26,143,49,53,92,38,43,52,33
blue,0,61,89,76,33,2,102,159,8,96
blue,144,38,151,52,128,103,13,125,157,5
red,95,38,143,76,96,103,97,151,52,128
blue,74,38,134,76,9,105,46,140,106,37
blue,107,141,43,116,153,105,38,150,106,4
blue,131,61,121,29,82,107,13,105,17,12
blue,88,75,121,29,41,43,84,105,17,14
blue,105,61,159,17,70,18,54,33,50,93
blue,150,38,68,24,110,105,98,64,51,6
red,150,23,103,8,100,74,84,110,51,93
blue,0,38,89,24,96,105,65,121,29,91
red,137,98,140,156,6,69,84,124,63,70
red,105,74,43,50,130,88,125,2,49,53
blue,105,74,151,133,96,0,38,11,51,82
red,74,38,33,116,53,112,61,6,51,4
blue,158,13,110,17,71,33,60,18,29,53
blue,101,28,89,49,158,36,40,55,9,53
blue,115,44,151,136,4,0,28,121,106,93
red,25,38,143,51,12,18,91,2,116,53
red,34,26,6,106,74,144,27,65,8,53
red,127,23,151,51,82,101,107,150,29,5
blue,31,23,43,150,4,151,60,19,52,96
red,31,141,144,15,80,107,13,19,147,119
blue,0,38,7,116,160,131,13,6,52,4
red,31,61,121,8,100,0,38,144,51,5
blue,0,65,144,106,4,62,98,19,8,82
blue,59,88,124,17,80,22,60,23,106,74
red,127,37,151,85,110,101,23,150,106,5
red,31,84,3,52,128,0,38,124,49,5
blue,88,141,124,49,14,104,38,64,116,82
red,59,155,121,49,14,0,38,122,85,5
blue,131,38,122,49,53,78,75,151,51,93
red,0,54,159,51,82,34,124,101,41,14
red,0,54,151,120,128,31,61,121,52,37
red,54,142,3,17,70,42,65,20,52,100
red,3,142,121,76,82,144,65,155,24,16
blue,6,141,121,51,12,34,87,94,49,153
blue,47,84,94,51,16,34,38,121,24,5
red,62,102,1,150,122,18,98,121,69,74
red,34,61,140,17,79,36,84,105,147,96
red,151,13,140,136,160,104,58,155,29,53
red,152,61,124,51,126,47,65,140,8,14
red,137,88,121,8,70,57,107,132,20,82
blue,0,84,1,50,126,92,61,140,17,4
red,151,38,124,51,99,152,60,68,106,82
blue,90,38,64,8,70,31,23,159,150,74
red,54,38,140,129,128,22,124,155,17,120
red,0,78,2,29,82,135,142,124,106,107
blue,104,40,124,51,153,0,54,110,17,53
red,59,141,151,24,93,107,65,121,51,82
blue,37,75,89,69,153,0,130,140,17,79
red,152,65,54,52,5,69,58,143,51,82
red,24,27,110,51,82,3,94,140,29,66
blue,101,27,125,8,14,0,154,140,51,128
red,107,61,159,51,82,31,87,125,29,45
blue,25,125,11,52,5,47,27,151,17,53
red,152,38,33,17,79,104,142,132,51,99
red,0,65,124,52,128,127,141,125,24,5
red,144,65,132,133,100,121,58,94,51,9
red,59,142,144,24,82,0,65,56,29,66
blue,37,84,110,29,153,0,141,19,69,53
blue,47,38,143,50,128,0,84,122,17,71
blue,19,141,140,116,82,115,13,122,17,79
red,0,84,26,133,153,19,38,64,116,118
red,62,84,11,49,12,0,23,3,8,70
red,62,84,121,51,93,18,107,110,17,41
red,34,74,121,51,96,62,40,64,76,66
red,103,107,2,116,70,31,65,143,51,4
red,103,124,110,51,93,18,38,64,85,5
red,103,124,43,76,5,101,38,11,17,79
blue,0,111,121,51,16,59,13,101,156,70
blue,103,65,159,51,37,92,60,1,120,4
blue,103,75,150,51,37,47,38,104,49,5
red,0,98,159,69,153,34,65,103,76,74
red,103,84,83,29,53,0,60,56,17,158
red,127,75,159,106,99,18,84,129,116,82
blue,101,74,143,29,160,137,141,124,51,5
blue,54,141,38,8,104,151,107,121,51,93
red,54,97,110,51,82,39,38,154,29,12
red,31,130,143,76,82,144,40,26,116,128
blue,48,61,6,157,12,107,65,143,76,5
blue,137,44,121,69,4,37,125,159,52,100
red,131,125,121,129,153,152,65,64,29,18
red,0,65,140,52,82,59,87,125,29,53
blue,0,27,143,52,14,151,141,140,51,82
blue,18,107,140,29,53,115,13,124,116,153
red,152,77,143,52,128,107,74,121,76,53
blue,110,77,121,76,66,131,111,140,24,128
blue,43,40,1,17,112,18,107,122,51,37
blue,115,155,101,116,153,152,65,33,8,70
blue,107,61,143,51,82,110,38,121,116,99
blue,59,141,124,24,4,57,75,143,106,99
red,35,94,11,106,5,74,111,121,51,4
red,110,61,121,51,74,54,107,155,85,33
blue,0,94,33,51,14,18,84,115,116,4
red,47,65,121,147,5,37,38,144,24,110
red,2,141,151,52,100,134,142,89,29,12
red,0,61,33,106,6,2,58,121,137,99
blue,101,84,151,17,128,34,27,125,51,30
blue,101,65,124,9,99,0,26,151,116,41
red,152,44,33,29,126,107,111,151,51,82
blue,92,38,11,17,71,31,44,19,9,108
red,0,44,121,8,128,107,65,1,120,108
red,107,58,33,106,4,134,84,43,85,70
red,151,141,89,52,128,74,84,3,106,82
blue,22,142,143,51,82,110,47,2,116,100
red,37,142,151,51,82,39,40,11,129,153
blue,101,149,159,15,108,78,27,0,156,53
red,151,61,122,106,99,0,65,2,51,53
blue,2,40,155,51,109,3,74,43,52,100
blue,110,38,43,19,99,30,98,159,8,74
red,0,61,2,51,93,31,40,132,137,82
red,88,142,132,126,108,113,38,121,9,5
red,18,0,143,8,128,88,142,33,76,53
blue,90,26,131,17,119,18,98,132,15,82
blue,48,61,159,106,74,34,54,110,76,12
blue,121,13,110,120,108,0,84,33,156,14
red,127,84,110,29,128,152,97,0,8,79
red,3,94,1,51,14,0,40,143,29,93
blue,0,38,83,17,108,101,84,56,29,153
red,0,74,3,17,99,101,124,94,50,128
blue,134,38,132,29,158,31,97,11,24,14
blue,0,65,64,29,119,151,61,68,106,74
red,31,107,121,106,33,43,60,105,51,4
blue,31,61,140,51,6,0,60,121,19,5
red,3,77,89,147,30,0,84,151,51,5
red,101,38,154,51,74,19,65,124,116,96
red,0,142,143,51,99,92,38,121,17,5
blue,18,84,69,150,108,0,149,121,76,12
blue,107,111,121,51,74,0,40,26,50,128
red,0,40,143,51,93,59,23,92,29,12
blue,18,38,33,116,110,42,58,143,76,82
red,0,111,159,85,96,134,88,89,29,109
red,18,142,121,17,41,131,38,143,49,158
blue,0,77,143,51,53,131,38,3,133,158
blue,134,142,154,17,53,0,98,1,52,5
blue,74,38,122,106,66,22,142,121,51,99
blue,37,141,121,69,4,36,65,151,106,82
blue,47,92,64,116,128,37,84,155,29,5
blue,0,142,159,106,5,31,84,110,8,123
red,37,142,105,8,128,0,84,110,29,153
red,25,38,122,8,4,36,84,101,29,53
red,0,84,140,69,70,43,38,121,51,14
red,107,125,32,51,82,0,84,155,29,111
blue,101,40,159,129,70,31,38,11,51,93
red,101,27,43,51,96,31,84,110,24,14
blue,104,102,132,50,82,131,111,121,8,128
blue,43,58,11,136,74,0,86,150,51,16
red,0,84,143,52,128,18,65,124,69,126
blue,110,38,10,24,53,90,65,121,52,82
blue,74,155,138,24,4,110,121,129,17,53
blue,47,84,43,24,82,31,102,2,9,70
red,114,38,90,116,30,115,58,124,76,53
red,102,141,159,52,5,65,60,6,29,93
blue,112,84,11,51,82,2,65,104,116,66
blue,0,98,104,51,82,151,94,121,116,148
red,155,60,56,51,128,18,75,110,116,70
blue,38,84,110,51,30,144,87,104,50,5
red,88,87,143,51,96,92,142,1,106,99
red,134,98,19,51,41,0,38,1,150,99
red,151,142,11,52,14,107,88,56,51,5
blue,112,38,56,51,70,78,61,121,76,16
blue,110,124,62,51,82,31,23,121,150,126
blue,101,155,37,120,5,107,75,151,136,154
blue,36,94,11,8,100,42,61,56,76,74
blue,134,38,33,156,70,0,67,3,76,128
blue,43,40,1,76,9,0,142,68,8,12
red,90,13,64,17,5,74,65,68,8,16
red,22,58,124,76,5,0,44,110,52,99
red,2,149,143,106,5,37,40,150,51,53
red,37,77,1,50,12,22,38,6,106,5
blue,31,142,23,76,66,102,40,121,29,53
red,18,38,132,76,5,101,98,56,29,70
red,34,75,6,52,100,90,84,150,51,5
red,75,44,114,106,5,70,38,121,29,79
red,0,38,89,116,93,78,40,110,76,153
blue,144,65,151,150,66,110,61,33,51,100
red,22,40,2,116,159,0,142,11,51,128
blue,39,86,151,51,153,0,98,121,52,82
blue,0,40,2,51,66,47,61,159,17,82
red,59,86,151,51,96,47,38,23,8,128
red,0,37,155,147,82,36,38,159,76,53
red,0,38,143,69,153,18,142,159,29,53
red,107,38,143,8,82,59,40,151,116,153
red,3,38,11,17,37,0,84,1,106,99
red,150,23,110,85,153,152,67,151,29,119
red,47,5,110,133,93,74,92,143,116,153
blue,150,61,143,136,37,0,38,114,19,66
blue,47,54,121,49,5,36,124,131,76,99
blue,37,142,151,106,5,107,65,64,129,93
red,54,27,3,50,5,103,61,1,51,66
red,110,107,23,49,92,22,61,142,129,66
blue,101,117,121,76,93,34,94,151,51,139
red,47,38,37,29,53,0,61,159,24,70
red,36,38,23,106,99,25,26,43,8,70
blue,3,38,110,17,12,101,84,142,51,14
blue,36,54,3,76,66,131,27,155,63,70
red,92,142,121,52,126,36,111,89,76,82
blue,92,97,2,137,99,18,142,159,52,126
red,74,27,142,51,119,31,155,121,116,148
blue,78,98,110,76,41,101,38,121,17,12
red,18,124,151,76,41,74,38,2,116,70
red,101,23,150,29,12,43,65,159,106,82
red,18,125,121,49,158,0,142,159,17,93
red,6,88,121,106,74,150,98,140,17,71
red,0,54,125,116,5,2,46,155,29,122
red,37,65,121,51,5,0,84,43,17,126
red,112,38,64,76,99,31,40,1,17,100
red,47,84,110,17,53,74,61,105,85,93
red,43,84,140,29,53,0,154,94,17,71
blue,0,13,121,17,53,151,26,2,156,37
red,39,65,122,29,93,110,141,2,85,96
blue,18,38,143,29,53,110,84,121,76,82
red,104,65,37,51,82,34,58,33,147,96
blue,43,98,121,51,74,65,54,129,9,29
red,24,84,3,29,53,112,23,114,76,74
blue,0,13,33,52,14,131,98,73,17,71
red,0,13,33,52,128,47,84,56,49,119
blue,95,61,120,106,5,72,13,33,150,4
blue,114,40,1,52,74,110,84,121,116,100
red,110,84,62,129,79,47,58,109,51,128
red,152,61,140,106,14,0,40,56,17,82
red,112,61,71,106,5,35,84,121,51,126
blue,31,13,121,51,5,92,84,1,106,82
blue,19,124,94,8,5,90,38,121,51,74
blue,58,84,151,136,100,22,75,104,51,82
red,107,60,121,76,153,92,61,104,133,70
red,47,38,2,120,9,34,61,37,17,79
red,19,61,2,106,120,151,142,121,52,5
blue,123,38,104,51,82,134,65,125,8,128
red,2,117,43,51,99,102,84,110,136,70
red,31,107,143,106,100,112,26,34,69,70
blue,22,84,101,116,158,115,40,121,147,128
red,31,61,2,29,4,0,142,55,51,82
blue,31,38,101,106,74,154,77,37,76,158
blue,0,124,151,129,93,36,38,140,54,5
blue,56,38,33,50,70,0,61,23,52,5
red,59,67,3,106,5,101,38,124,49,68
red,92,65,11,136,14,74,84,101,49,53
blue,113,46,159,51,99,59,38,26,76,153
red,131,84,121,129,99,34,107,19,106,126
red,104,38,125,49,148,0,30,3,24,96
red,22,84,143,51,93,141,142,105,52,46
red,43,65,159,51,14,0,27,125,69,153
blue,74,65,85,106,82,31,38,121,76,5
blue,134,65,64,69,37,22,142,32,106,14
red,152,65,89,129,99,3,84,32,106,14
red,43,13,11,51,14,0,74,37,29,66
blue,41,40,140,76,14,115,30,121,69,66
red,97,13,121,51,66,91,84,120,136,119
red,102,44,120,51,66,35,40,11,49,153
blue,114,38,6,116,74,31,102,71,8,14
blue,0,134,159,51,14,59,102,19,17,71
blue,90,38,159,51,66,36,65,121,106,82
red,127,38,121,116,153,2,65,138,50,128
red,42,154,43,106,5,137,38,155,85,119
red,47,65,42,8,41,152,87,121,106,5
blue,52,65,159,29,53,112,107,121,106,128
blue,101,75,55,106,82,52,65,1,69,126
blue,18,61,159,49,104,101,38,121,17,99
blue,43,98,140,69,160,104,142,143,106,4
red,102,155,105,106,100,20,98,125,51,93
red,48,98,121,51,92,35,38,2,76,83
red,55,75,94,29,7,0,141,124,106,4
blue,48,98,132,49,93,0,46,121,106,66
red,48,38,140,51,12,0,65,132,106,100
blue,48,75,159,17,120,113,77,155,15,82
red,0,60,64,49,53,34,84,155,133,96
blue,88,84,125,51,79,18,54,33,76,93
blue,90,65,55,129,70,0,13,151,69,153
red,22,84,94,136,122,34,28,120,29,153
blue,22,27,120,29,41,78,38,3,76,99
blue,18,141,73,116,153,48,154,3,51,82
red,18,13,159,129,82,0,54,155,147,14
blue,36,54,55,136,128,74,13,143,51,93
red,0,84,94,17,53,95,74,151,49,15
blue,34,38,121,17,128,112,141,140,51,14
blue,36,84,68,24,82,134,74,151,157,79
blue,121,38,55,116,15,110,84,11,51,53
blue,112,88,56,133,2,72,142,89,106,99
blue,112,75,15,50,14,65,84,155,51,4
red,0,84,131,29,96,48,142,90,8,70
red,152,27,2,106,110,18,38,121,69,99
red,0,92,2,85,126,152,27,143,76,93
blue,31,65,143,51,76,83,38,132,29,119
blue,47,54,155,76,53,74,38,32,29,93
blue,90,142,110,51,4,101,74,32,29,14
blue,38,141,2,29,53,90,30,150,106,99
red,151,77,7,49,41,102,38,155,106,66
red,31,65,28,156,153,127,61,121,106,5
blue,62,84,150,29,153,22,40,105,106,99
blue,160,84,150,51,108,90,38,11,17,93
blue,0,65,11,8,128,101,84,159,50,53
red,38,26,131,76,126,134,61,2,29,153
red,101,38,121,106,82,151,77,140,49,53
blue,88,61,11,85,153,113,65,94,29,30
red,110,38,1,76,99,37,84,143,52,6
blue,0,125,120,51,82,62,142,11,29,76
blue,36,38,143,29,93,112,61,21,129,126
red,0,61,64,136,108,22,38,41,133,96
blue,103,98,56,51,82,112,111,2,17,128
blue,19,154,110,76,120,62,38,64,41,9
blue,92,38,64,29,153,39,98,150,106,99
blue,59,67,150,51,70,0,37,151,106,154
blue,146,38,121,49,9,31,65,64,116,154
red,145,38,64,116,153,131,23,150,29,37
blue,101,84,159,106,74,112,38,121,49,71
red,74,40,64,17,158,92,111,144,29,53
blue,101,38,140,9,82,31,40,121,49,148
blue,88,38,144,116,53,134,26,131,17,70
blue,59,77,155,116,153,31,38,70,76,119
blue,112,124,151,17,148,92,65,143,8,153
red,0,54,48,106,93,31,124,155,8,128
blue,112,98,64,51,41,74,75,110,116,5
red,151,54,132,51,93,18,65,64,76,121
blue,101,30,1,8,93,120,61,11,17,82
blue,144,141,140,52,128,135,40,56,106,14
red,36,87,124,17,45,101,27,143,51,82
red,74,87,13,106,4,78,61,143,51,93
blue,150,87,6,24,158,131,27,122,106,82
blue,88,65,1,50,70,127,149,143,17,12
blue,18,84,159,129,66,0,87,19,29,53
blue,151,87,121,51,124,101,13,64,52,100
blue,74,38,155,116,53,41,87,143,76,70
blue,143,125,32,137,66,104,87,155,116,153
red,110,87,101,69,80,0,26,6,137,45
blue,18,87,136,24,154,0,141,94,51,153
blue,0,87,56,50,14,43,54,125,51,5
blue,18,87,43,109,160,74,65,159,136,80
red,104,27,3,51,5,151,87,125,17,53
blue,104,142,87,51,99,151,65,64,9,82
red,103,141,133,51,159,31,87,2,29,110
red,127,87,94,29,153,107,65,55,24,93
blue,101,87,155,156,70,31,67,151,106,4
blue,92,84,3,85,14,151,124,143,51,93
red,88,13,143,24,93,73,149,158,120,119
blue,101,84,78,29,46,59,87,125,17,71
blue,0,87,138,24,122,102,98,43,120,53
blue,18,87,2,52,66,31,61,64,51,93
blue,59,87,3,17,45,62,84,150,29,4
red,62,84,125,29,45,78,149,110,51,93
blue,0,65,122,136,111,151,87,121,70,9
blue,3,40,64,51,66,151,87,121,8,128
red,0,149,1,106,100,31,65,144,52,79
blue,144,87,151,52,96,34,125,33,129,9
blue,150,67,43,116,74,3,38,121,76,66
blue,47,142,144,29,66,34,38,143,51,82
blue,101,125,144,49,153,34,84,110,51,66
blue,101,142,143,49,160,36,84,3,50,12
blue,54,61,56,106,82,74,38,143,29,53
blue,0,149,11,106,100,38,154,121,76,15
red,143,124,43,106,66,95,38,2,9,46
blue,18,40,0,15,99,95,111,121,129,6
red,110,38,104,136,16,0,61,1,52,5
blue,101,84,151,24,6,0,40,21,85,53
red,0,61,68,136,5,18,155,89,41,53
blue,43,124,110,29,53,0,40,2,106,12
blue,18,91,124,29,53,39,40,121,51,82
blue,107,61,33,51,112,34,141,6,17,71
red,48,84,101,17,53,0,54,56,29,71
red,0,38,68,76,53,101,27,62,29,148
red,19,60,48,76,128,37,74,0,51,53
blue,112,23,125,24,153,34,142,56,19,4
blue,2,142,151,106,79,0,117,125,51,74
blue,151,74,159,17,12,48,40,64,49,82
blue,121,38,140,106,82,0,124,144,29,4
red,0,124,110,29,53,72,27,155,76,128
red,110,124,121,116,93,48,40,1,50,53
blue,47,75,121,24,53,48,26,155,29,118
red,43,26,142,29,153,69,92,122,129,154
blue,0,97,155,85,93,121,67,151,76,5
blue,0,149,33,85,92,31,74,154,106,82
red,0,75,2,24,154,56,5,65,35,116
red,0,23,110,52,5,18,54,151,51,14
blue,110,74,143,17,93,127,130,121,52,5
red,110,67,33,51,160,107,97,121,76,12
red,18,65,89,51,99,0,40,11,85,74
red,110,91,143,76,128,22,38,121,51,99
blue,92,84,110,15,14,107,124,101,17,71
blue,0,23,33,129,70,74,13,143,17,93
blue,135,38,11,20,74,18,27,142,137,4
blue,150,13,143,147,82,31,74,11,51,4
blue,110,107,143,17,12,0,38,121,41,82
blue,110,38,33,17,6,0,141,140,8,128
blue,101,92,121,129,37,0,155,143,52,74
blue,43,40,121,116,9,41,30,155,29,139
blue,110,40,64,51,93,0,86,121,50,1
blue,0,86,159,50,128,43,124,121,106,93
red,74,142,121,106,5,134,61,159,29,128
blue,78,155,122,116,153,110,65,140,49,111
red,34,40,121,29,153,134,142,32,51,53
red,112,30,121,29,4,31,58,19,52,5
blue,25,142,121,29,53,92,65,33,51,82
blue,110,87,121,129,79,101,61,105,52,82
blue,89,125,104,29,128,126,38,121,51,99
blue,34,54,121,116,119,126,65,143,129,70
red,31,87,121,76,82,90,65,64,51,154
red,47,30,140,51,128,18,107,121,49,126
blue,151,30,110,17,7,107,38,121,9,79
blue,0,23,155,76,79,101,65,121,17,159
red,31,28,11,51,82,110,61,68,147,96
red,34,142,121,63,70,19,40,150,52,14
red,72,107,140,29,41,19,134,56,51,93
red,101,102,121,51,128,18,65,19,147,93
blue,47,65,2,69,82,145,23,121,106,99
red,135,46,64,137,93,74,124,121,51,16
blue,48,26,121,29,59,22,46,2,136,93
blue,36,46,11,106,82,59,61,121,29,93
red,47,58,143,106,5,74,142,1,69,16
blue,112,40,121,29,153,43,38,73,51,82
red,110,88,114,29,79,154,125,121,106,70
red,151,145,158,8,93,18,40,87,106,82
red,151,40,56,51,107,3,27,121,17,14
blue,36,65,121,69,93,0,125,10,51,96
red,0,54,121,76,96,53,142,26,8,160
blue,101,124,11,17,160,35,142,121,8,70
blue,110,65,159,24,71,3,142,121,8,53
blue,70,98,26,63,93,31,67,121,76,128
red,110,27,121,24,128,104,107,1,51,111
blue,2,54,94,51,14,121,84,35,29,118
blue,101,54,121,52,93,0,58,159,29,53
blue,43,98,120,51,91,62,142,121,29,70
red,74,75,121,129,70,34,54,143,29,81
red,60,84,155,24,128,62,26,121,147,14
red,107,61,120,116,53,90,54,140,51,108
red,43,142,140,24,154,144,30,150,51,72
blue,110,60,2,51,14,36,27,121,29,70
red,144,60,6,51,93,114,38,121,116,70
blue,18,40,68,129,91,0,142,140,51,82
blue,0,61,140,51,14,92,84,43,17,71
red,0,27,121,116,153,110,54,140,17,80
red,58,26,155,85,53,72,75,121,116,70
blue,74,46,11,8,119,22,102,121,69,80
blue,74,38,143,29,53,34,60,140,76,111
red,73,141,121,129,14,74,134,155,29,153
blue,48,124,140,76,128,110,54,121,51,93
blue,81,27,121,51,71,57,40,91,29,53
red,18,61,159,29,71,112,65,121,137,79
blue,37,142,155,17,53,101,84,140,76,96
red,158,54,43,8,128,121,142,37,29,53
red,47,98,148,136,104,101,84,11,129,80
blue,22,38,32,136,5,62,13,19,76,4
blue,47,124,151,51,82,0,65,143,76,14
red,36,40,104,52,82,22,142,11,106,66
red,146,149,23,52,100,62,38,56,136,66
blue,18,30,121,150,93,62,107,23,51,128
blue,112,61,1,136,70,127,38,120,17,53
blue,127,40,33,136,71,62,65,104,76,158
red,90,149,143,17,79,0,84,151,50,126
red,101,84,159,24,119,36,46,144,116,9
blue,22,124,110,109,153,42,65,121,24,5
blue,137,26,64,76,74,81,84,33,52,5
red,38,74,32,52,4,154,142,155,51,82
blue,101,84,1,76,14,18,38,11,52,128
blue,2,98,151,136,159,47,38,23,29,119
blue,151,84,155,24,64,31,125,140,52,14
blue,104,40,114,76,14,154,65,122,85,16
blue,59,65,89,17,158,18,91,150,136,41
red,18,124,125,29,139,0,142,122,76,53
red,0,30,121,17,14,34,61,151,76,93
red,0,58,121,136,155,30,26,110,17,12
red,18,134,121,129,130,0,28,143,76,82
red,110,155,159,29,139,31,92,144,52,5
red,110,38,158,51,74,48,142,68,76,14
blue,36,65,143,17,66,74,98,124,49,93
blue,84,65,1,51,66,2,26,125,76,4
red,90,61,11,76,9,110,54,144,24,100
red,131,84,101,49,9,88,13,1,50,41
red,115,61,140,106,128,18,67,121,49,66
blue,31,27,94,29,9,48,107,151,50,82
red,22,37,43,52,66,36,65,2,51,82
blue,2,65,125,24,9,31,92,94,106,82
blue,110,84,133,8,74,39,65,143,129,66
blue,101,61,121,129,14,2,65,140,17,66
red,110,102,144,51,66,105,154,121,136,82
blue,143,60,121,76,9,127,38,23,51,66
red,114,27,110,129,9,112,142,158,51,5
red,92,61,70,17,9,74,111,104,49,41
blue,88,142,32,29,71,47,46,55,76,9
red,0,84,151,76,12,107,149,159,69,9
blue,77,23,151,150,74,18,92,124,76,9
red,74,124,155,17,79,144,65,1,52,9
blue,90,38,148,49,9,36,107,6,147,14
blue,74,142,140,76,9,149,27,2,85,14
blue,149,58,59,17,12,90,61,33,49,9
blue,59,38,132,29,9,48,28,148,49,0
blue,101,75,121,116,139,37,40,143,136,153
red,75,60,159,49,9,0,84,144,51,14
red,59,142,43,76,70,18,125,159,49,9
red,74,40,143,49,9,90,46,2,76,159
blue,0,38,132,17,9,47,84,43,136,14
blue,22,38,158,51,93,78,65,159,147,100
blue,110,125,56,49,119,78,38,136,29,111
red,20,84,155,129,14,74,98,110,49,9
red,41,84,155,106,126,36,67,32,76,9
blue,36,61,56,29,12,131,98,2,24,9
red,154,92,121,76,9,74,107,151,29,153
red,154,142,77,17,9,31,65,1,51,100
red,36,65,19,129,154,127,98,144,49,9
blue,101,27,155,136,128,127,13,37,50,79
red,62,142,56,29,119,65,107,35,51,96
red,120,38,48,29,5,3,58,1,17,128
blue,0,61,121,29,119,47,67,92,51,96
red,18,98,140,106,33,48,67,69,52,82
blue,37,38,1,8,126,145,27,13,49,74
red,107,38,132,17,128,36,149,114,69,110
blue,84,26,125,8,70,62,98,140,24,126
red,104,154,110,49,119,36,102,121,8,158
red,18,146,89,49,14,110,38,140,51,119
red,31,124,150,106,4,0,13,155,50,16
blue,0,38,105,49,14,43,113,1,76,93
red,18,28,121,24,82,22,26,155,133,14
red,107,142,89,29,153,131,28,155,24,108
blue,3,67,155,147,138,101,65,132,76,79
red,90,61,137,15,66,37,125,3,49,9
red,34,38,140,50,74,47,27,89,24,100
red,112,65,6,116,5,90,61,55,29,53
blue,47,38,114,69,96,62,61,140,17,111
red,36,134,11,8,128,0,38,89,51,45
red,115,84,103,120,82,90,125,143,116,109
red,115,154,1,17,45,57,107,18,24,130
blue,19,154,151,51,82,18,38,2,17,45
blue,101,38,144,15,153,59,46,121,150,45
red,31,65,159,51,45,90,92,143,17,9
blue,62,84,139,51,93,151,74,3,76,45
blue,27,142,89,50,93,110,13,56,17,45
red,107,65,56,17,45,112,141,1,63,64
blue,90,65,32,147,82,102,130,159,116,45
red,0,142,1,116,153,90,84,94,136,108
red,113,30,11,52,5,48,40,56,76,45
red,78,40,43,17,71,74,58,10,29,45
blue,74,30,1,85,119,25,38,56,51,70
blue,101,84,69,29,5,104,27,93,116,45
red,47,38,56,54,100,37,141,64,24,82
blue,121,61,101,85,126,0,94,159,51,100
blue,47,27,101,51,155,110,65,132,52,100
red,101,98,143,8,100,0,40,89,76,74
blue,121,44,18,137,70,150,23,37,51,100
red,74,61,83,106,100,48,40,1,50,120
red,92,142,140,17,158,0,84,151,106,100
red,0,74,140,106,5,43,98,56,8,100
red,103,84,110,76,100,18,54,104,50,128
blue,18,77,159,109,9,36,65,15,85,153
blue,0,13,134,51,82,122,38,159,52,14
blue,90,47,43,85,100,121,130,75,76,71
blue,57,84,142,150,100,130,107,64,8,109
blue,101,84,151,24,128,0,142,139,129,100
blue,34,58,121,76,128,107,98,9,51,100
red,55,65,3,17,71,105,142,11,76,53
blue,34,65,121,116,119,37,58,140,136,100
blue,114,38,151,29,82,152,134,64,52,100
blue,110,26,94,51,158,65,27,159,29,9
blue,0,97,134,52,99,13,74,159,29,153
red,112,40,159,29,82,74,75,124,9,99
red,112,142,26,76,82,2,86,43,29,119
blue,0,40,33,29,126,18,88,19,106,100
red,91,65,148,116,9,34,46,143,76,83
blue,110,102,26,51,99,0,84,83,116,66
red,18,13,132,17,9,47,86,89,29,119
red,131,61,3,8,82,52,124,110,51,14
red,102,98,159,52,128,134,154,144,17,12
red,0,124,3,9,53,59,65,159,17,128
red,43,60,1,52,96,110,23,2,9,4
blue,18,58,142,9,70,43,107,159,51,82
red,0,84,151,17,71,74,60,11,106,160
red,144,60,151,29,160,110,38,121,156,153
blue,34,40,154,49,160,151,38,159,17,41
red,31,38,133,29,100,88,61,159,76,93
red,34,65,159,17,30,31,84,3,9,93
blue,34,142,143,129,121,43,84,2,116,5
blue,59,61,143,8,96,74,84,110,51,93
blue,102,65,143,76,12,0,30,151,8,82
blue,31,54,151,49,158,48,60,11,116,126
blue,104,75,125,15,5,101,84,121,24,82
blue,90,38,158,17,96,101,84,68,116,9
blue,151,84,110,137,126,90,65,159,51,5
red,102,65,159,106,82,101,84,151,52,4
red,0,84,110,17,79,39,146,121,49,158
red,36,28,151,17,158,101,38,104,50,70
red,144,142,3,69,70,22,40,150,51,120
blue,0,75,121,136,120,90,142,110,17,5
blue,90,65,1,52,53,112,61,11,51,82
blue,37,111,155,49,99,97,65,144,29,148
blue,131,65,64,29,71,34,125,159,51,96
red,59,38,68,63,70,22,146,121,51,99
blue,115,65,159,51,100,110,61,64,29,53
red,78,61,64,51,126,112,30,151,15,16
blue,43,26,121,50,96,83,38,142,51,20
blue,37,13,143,136,70,0,26,155,106,74
red,112,65,2,136,53,134,84,150,17,71
blue,110,65,33,29,123,47,46,56,150,82
red,150,61,33,51,82,72,40,2,17,53
red,36,65,144,17,5,18,26,151,29,53
red,74,27,94,24,12,72,61,159,51,14
red,75,26,151,29,153,37,97,140,17,119
blue,31,38,159,51,4,0,77,1,52,82
blue,101,102,2,116,158,107,84,94,85,126
red,110,102,159,49,128,144,46,26,116,160
red,104,61,110,147,158,101,60,64,24,128
blue,0,38,159,76,93,107,61,2,17,79
red,144,38,125,106,99,37,98,143,29,4
red,150,84,72,29,93,121,40,159,50,79
red,74,61,155,9,70,103,5,159,51,82
blue,74,65,1,52,96,34,38,140,116,45
red,43,84,159,17,71,151,23,3,85,153
blue,34,46,121,69,82,92,84,144,51,93
blue,112,142,143,17,71,104,44,121,136,9
red,137,65,143,17,79,107,38,33,52,53
red,134,61,143,50,14,34,74,2,17,25
blue,47,67,11,51,82,102,27,110,50,14
blue,47,54,151,106,91,13,84,94,50,121
blue,47,125,3,106,110,0,65,64,51,14
blue,47,98,143,49,14,74,84,150,17,71
blue,18,92,2,51,53,47,26,65,106,74
blue,48,37,121,29,153,36,40,127,17,66
blue,74,23,0,17,153,22,38,110,109,158
blue,37,65,121,8,153,151,98,138,52,99
blue,134,26,101,76,96,151,84,0,29,53
blue,0,61,143,51,82,31,65,121,76,16
blue,62,30,151,29,14,47,61,2,24,100
red,47,65,33,51,99,35,61,64,17,66
blue,47,65,1,129,153,101,84,64,52,82
red,0,23,150,19,153,31,142,143,106,82
red,47,98,140,51,66,18,38,122,17,5
red,92,84,94,136,128,47,67,159,52,14
blue,0,65,1,17,79,19,40,56,29,93
blue,149,97,11,51,139,92,75,121,17,71
blue,48,142,110,29,53,0,84,137,15,158
red,102,28,121,137,9,0,61,104,8,120
red,3,58,124,106,96,20,40,150,29,158
blue,0,38,56,136,66,110,27,121,51,74
blue,36,75,140,52,154,47,38,121,51,70
blue,47,75,104,129,126,18,142,56,52,82
blue,47,77,121,29,53,104,111,155,51,112
blue,90,40,121,106,66,47,84,89,24,74
blue,35,142,56,106,99,47,40,139,85,96
blue,34,87,19,106,66,47,38,121,147,82
red,59,23,0,51,128,47,84,89,29,12
blue,47,23,110,9,74,0,84,101,49,96
red,47,84,101,133,9,58,38,121,76,130
red,43,84,89,106,82,0,37,150,51,99
blue,18,38,89,51,119,0,84,121,52,100
red,34,44,73,17,128,18,97,2,24,5
blue,18,13,19,29,53,59,58,91,136,14
red,59,40,91,20,53,88,65,122,137,100
red,31,84,91,51,4,0,23,150,147,74
blue,107,154,159,24,5,101,61,33,20,53
blue,31,94,124,9,123,151,38,104,136,4
red,0,65,33,29,53,22,61,68,51,5
blue,0,38,159,116,153,3,155,33,122,12
blue,34,61,64,29,93,43,124,155,116,82
red,0,98,122,17,128,18,58,159,76,158
red,43,23,150,24,91,48,102,121,8,12
red,107,65,124,24,66,0,23,142,133,16
red,48,107,2,8,74,0,38,64,51,96
red,101,98,64,52,128,0,65,121,17,71
blue,48,146,2,52,5,144,38,121,29,100
blue,37,65,142,8,153,34,38,2,76,5
blue,31,84,151,69,128,0,61,154,49,148
red,47,124,62,51,71,22,84,155,29,12
red,31,38,148,106,120,0,107,3,76,93
blue,36,154,120,8,9,47,44,140,76,5
red,22,154,143,29,45,101,38,158,76,120
red,67,65,110,51,14,25,23,13,49,12
blue,127,142,121,85,153,47,75,70,49,100
blue,22,38,11,106,5,88,54,13,51,93
red,47,54,151,51,111,112,65,144,129,66
blue,67,46,2,76,119,70,61,33,49,160
red,99,154,151,51,82,43,28,73,116,93
red,57,142,140,106,100,31,23,150,51,5
red,2,58,6,8,82,36,65,151,9,158
red,151,98,129,17,54,75,61,124,147,158
red,18,142,140,51,16,31,65,121,116,74
red,145,84,19,24,82,74,26,75,8,119
red,0,84,55,106,5,152,92,2,76,74
blue,37,65,143,49,12,69,67,55,129,70
blue,103,84,138,24,128,101,38,140,17,100
red,151,54,121,106,99,154,124,101,52,82
blue,0,65,143,52,128,18,74,1,8,82
blue,102,58,2,85,119,0,98,159,29,153
blue,102,54,64,51,128,62,23,155,116,5
red,38,54,94,49,130,151,111,55,51,83
red,0,111,138,51,53,18,75,2,8,70
red,91,23,122,29,82,19,65,43,106,160
red,101,27,155,136,126,90,61,110,24,82
red,31,13,83,24,14,22,84,101,85,160
red,74,84,56,24,93,154,87,151,120,53
red,22,155,11,24,93,31,98,55,17,70
blue,90,65,124,106,119,37,38,143,49,160
blue,2,60,55,51,4,47,38,121,69,14
blue,59,61,140,76,70,36,125,138,24,126
blue,48,26,101,29,153,69,65,64,24,82
red,22,124,110,29,82,0,98,33,24,148
blue,37,102,159,106,74,19,38,140,29,4
blue,31,98,11,116,109,18,111,140,51,82
red,48,38,19,24,5,31,46,124,49,4
blue,95,61,33,136,66,19,92,121,24,74
blue,91,154,144,51,82,53,38,125,17,79
blue,112,46,56,17,71,22,91,55,116,120
blue,110,65,33,24,93,22,84,68,9,66
blue,74,84,64,24,5,22,27,140,29,71
blue,35,37,33,24,128,0,84,2,50,70
blue,115,65,104,76,41,2,38,136,24,66
red,19,65,0,24,96,115,38,121,85,153
blue,62,65,143,137,82,115,154,2,24,128
red,90,26,3,136,12,103,38,33,85,153
blue,101,60,2,50,128,37,40,89,17,12
blue,62,61,6,76,12,47,84,33,17,79
blue,0,65,19,116,53,47,61,29,15,82
red,31,84,140,51,82,0,44,105,106,99
blue,36,38,124,51,160,0,84,3,52,128
blue,0,141,2,85,74,18,27,159,51,100
blue,72,40,143,29,53,69,94,33,51,82
blue,31,58,114,52,70,104,142,150,51,6
red,101,40,121,116,120,0,107,94,51,99
red,151,124,94,51,153,110,84,150,116,9
red,74,61,33,51,93,92,38,11,85,153
blue,18,84,33,51,82,0,23,83,29,100
red,78,84,151,85,5,59,58,43,116,9
blue,0,155,101,157,121,88,47,151,51,100
blue,47,98,105,52,100,0,84,151,106,5
blue,31,125,132,106,53,47,38,23,51,100
blue,31,65,124,106,9,107,84,110,51,100
red,22,124,110,51,82,107,28,151,147,96
red,107,65,131,15,9,36,84,110,51,153
red,101,154,142,51,93,48,74,143,17,159
red,0,60,33,51,153,92,26,94,106,14
red,48,54,151,116,123,92,58,121,51,82
red,0,54,110,85,119,48,65,121,116,53
blue,123,84,155,116,93,95,74,144,51,4
red,41,38,33,147,96,62,13,23,76,124
red,34,65,1,85,99,110,134,23,116,74
red,0,13,124,51,93,34,84,110,116,53
blue,131,38,159,29,66,113,40,121,106,82
blue,104,125,143,51,126,65,124,129,29,71
red,150,92,133,29,153,101,46,159,51,66
blue,39,38,151,29,74,101,84,159,150,4
blue,101,84,104,116,119,121,40,114,106,99
blue,31,75,121,51,91,48,40,114,116,5
red,103,65,64,51,118,112,61,70,24,93
blue,69,84,121,106,5,154,23,150,133,70
red,34,38,159,129,66,154,102,56,106,5
blue,2,98,121,9,82,112,125,143,29,148
red,31,74,6,106,110,48,65,64,51,14
red,37,155,68,51,100,74,84,151,52,93
red,0,61,56,116,126,64,26,143,52,5
blue,143,84,101,85,96,151,107,78,51,93
blue,59,13,121,51,70,0,84,34,52,93
red,18,58,159,29,53,0,38,143,106,66
blue,102,125,140,116,5,34,124,155,17,71
blue,137,65,2,69,74,90,75,121,116,153
red,107,26,142,76,126,121,60,11,29,9
blue,47,84,3,116,82,121,74,155,51,157
red,110,38,121,136,53,134,27,11,51,82
blue,131,142,55,76,82,110,40,56,106,5
blue,104,54,140,51,66,18,84,110,116,14
blue,101,124,151,116,74,37,84,150,76,12
red,112,60,26,15,93,0,84,18,51,5
red,31,60,121,51,100,54,61,94,106,82
blue,121,75,151,17,71,0,84,104,106,5
red,2,61,144,106,5,57,65,159,85,74
blue,59,142,11,51,9,38,54,159,106,5
blue,37,125,121,116,41,47,84,11,106,82
blue,144,77,143,106,66,107,58,121,51,120
blue,0,111,132,109,9,18,84,121,51,71
blue,104,23,155,116,66,47,38,87,133,5
red,88,40,121,116,5,47,107,131,29,53
red,43,58,37,116,123,39,154,140,8,96
blue,104,58,89,51,96,134,98,68,116,53
red,107,13,55,106,5,48,134,56,8,16
blue,134,65,1,17,9,115,61,159,116,119
blue,144,18,101,24,93,31,124,151,29,53
blue,101,38,159,52,5,74,65,56,76,4
red,101,124,64,50,4,104,61,33,136,128
blue,110,38,15,49,66,102,27,124,8,93
red,22,124,159,17,71,0,38,132,29,53
blue,3,26,143,29,12,112,38,64,51,82
red,107,125,144,51,93,34,38,121,116,96
blue,0,58,2,51,74,43,124,151,133,93
blue,34,27,43,8,4,0,124,155,24,14
blue,48,124,110,49,153,0,38,143,17,71
blue,110,124,64,51,5,101,65,68,52,120
red,74,38,121,17,70,101,65,19,8,53
red,107,102,125,8,128,101,124,159,116,82
blue,18,27,142,106,6,31,124,11,24,99
red,0,124,1,76,14,110,38,159,49,148
blue,48,13,105,51,100,107,38,121,17,53
red,78,38,140,50,128,35,75,159,106,41
blue,0,58,138,52,66,47,38,23,51,100
blue,102,67,56,52,14,110,124,125,129,126
red,92,38,101,41,82,37,13,151,116,74
blue,22,74,121,51,93,47,124,104,106,99
red,150,124,3,51,4,72,38,159,120,82
blue,114,38,121,106,74,59,40,125,51,14
blue,58,97,121,8,128,151,40,56,29,99
red,152,84,151,51,96,0,102,121,129,93
blue,62,124,121,129,74,18,65,64,8,66
red,0,38,121,150,14,48,75,1,76,82
blue,110,92,56,17,71,22,124,155,76,82
blue,0,124,94,49,30,103,67,151,51,12
red,18,97,64,17,100,113,38,159,85,4
blue,2,38,6,133,153,151,54,144,52,5
red,103,46,64,29,148,74,40,121,76,4
red,152,107,140,9,70,48,38,121,76,5
red,0,38,6,51,82,31,97,64,49,9
blue,48,124,33,76,82,0,61,6,29,9
blue,74,38,159,137,16,34,54,155,106,97
red,74,38,144,51,100,101,26,142,129,96
blue,0,38,121,50,30,59,27,142,136,100
blue,59,65,132,29,16,103,38,121,19,66
red,131,30,151,50,70,47,38,121,51,160
blue,0,60,144,52,82,37,38,120,129,99
red,159,38,3,29,74,72,65,104,8,153
blue,31,23,151,106,4,110,37,150,29,96
blue,18,124,121,136,30,22,26,110,106,82
blue,123,38,11,106,100,142,124,3,136,74
blue,0,75,121,76,74,131,142,33,52,120
blue,120,38,140,106,93,43,61,144,29,9
blue,123,124,101,49,153,0,38,1,76,5
blue,48,142,159,17,120,74,94,89,129,53
blue,0,54,159,8,93,48,61,26,52,5
blue,34,61,158,49,4,90,124,101,50,82
blue,0,61,144,17,53,110,124,125,69,14
red,36,38,54,17,45,31,155,121,76,5
red,103,61,121,52,70,151,74,1,29,153
blue,0,38,143,19,96,131,124,65,51,93
red,31,142,1,51,120,74,61,143,106,5
red,62,84,101,85,6,33,111,125,136,153
blue,131,38,73,76,96,0,26,155,17,128
red,47,61,132,9,12,22,13,54,49,53
blue,18,23,33,52,5,127,38,11,76,74
red,56,77,139,17,9,121,125,65,29,53
blue,59,27,150,52,82,31,84,15,106,126
red,107,61,121,52,5,145,27,110,24,120
red,145,26,122,17,79,43,65,33,106,66
red,101,58,15,29,37,112,84,140,85,14
red,102,75,121,29,9,59,38,143,52,100
blue,134,124,110,8,4,31,23,121,76,5
red,47,38,124,29,4,31,67,89,52,128
blue,22,104,43,49,122,18,61,151,76,4
blue,43,40,140,8,70,0,65,89,29,102
blue,88,65,11,49,14,110,75,64,116,83
blue,0,38,64,106,82,43,84,155,116,14
red,112,92,143,51,74,22,84,110,24,126
red,37,58,143,76,74,113,18,140,51,66
blue,0,142,2,50,82,78,74,151,52,5
red,81,67,43,76,82,135,30,110,50,15
red,47,58,140,69,120,145,61,121,76,70
red,0,54,69,51,70,48,38,121,17,100
red,102,65,68,51,128,48,84,143,49,109
red,112,125,121,8,128,152,124,11,49,14
blue,48,124,11,49,82,112,38,121,76,96
red,110,65,32,29,53,18,58,68,51,5
blue,154,65,143,24,148,58,142,144,29,74
blue,101,84,151,51,74,127,23,110,76,4
red,112,74,121,76,99,78,142,2,51,4
red,0,98,11,17,100,37,13,65,51,82
blue,18,142,121,51,82,34,65,159,76,79
blue,47,141,121,106,66,104,40,56,51,93
blue,31,84,143,52,99,48,26,110,24,74
red,101,74,121,85,9,151,98,59,24,108
blue,18,142,55,24,79,102,26,101,106,5
red,107,13,124,52,100,90,98,159,76,66
red,31,13,104,76,9,143,38,11,129,100
red,18,38,143,29,64,90,60,132,52,4
blue,34,23,101,116,96,110,124,91,147,74
blue,18,94,11,52,93,0,84,121,51,82
red,104,142,143,106,5,56,155,121,29,153
blue,104,38,159,133,160,48,60,121,29,126
blue,137,79,142,9,158,0,26,101,49,74
blue,150,107,121,29,70,101,67,22,51,14
red,112,84,3,106,5,135,98,143,29,53
blue,88,142,33,29,96,107,13,121,106,99
red,137,154,11,116,100,117,40,33,76,53
blue,72,40,140,49,53,151,23,11,17,5
red,101,84,155,24,74,92,65,64,116,70
red,0,92,37,29,109,22,61,64,51,70
red,144,13,110,29,153,22,27,55,24,5
blue,47,107,11,29,119,6,65,151,50,93
red,11,38,67,24,128,3,107,2,52,5
blue,135,54,150,24,93,90,65,2,51,14
blue,74,40,122,51,93,151,124,1,106,66
blue,62,38,143,8,128,0,65,7,51,4
blue,152,40,144,76,5,31,111,7,51,14
red,134,38,144,52,100,18,30,155,76,5
red,18,23,155,49,45,154,38,144,51,74
red,37,111,3,106,4,6,58,110,15,80
red,0,58,121,51,14,47,60,143,76,82
blue,154,60,32,106,4,39,98,159,8,128
red,74,38,140,17,160,134,61,7,52,5
blue,0,84,121,116,153,144,38,136,129,70
blue,22,65,11,24,100,101,98,7,51,120
red,48,27,144,29,53,88,107,151,133,126
red,43,54,94,106,74,110,61,144,51,12
red,18,155,144,85,53,22,38,64,50,153
blue,101,98,33,51,74,144,54,94,50,66
blue,0,130,121,136,82,31,38,144,51,107
blue,101,142,140,29,53,22,124,144,51,9
red,0,75,7,116,66,22,155,143,76,82
blue,18,146,7,51,128,0,61,33,76,74
red,31,111,159,50,93,74,142,144,52,100
red,101,27,155,51,41,151,54,7,8,128
red,90,58,143,24,5,112,40,144,54,74
red,67,38,144,76,12,0,84,151,51,93
blue,101,26,144,29,15,3,61,64,24,128
red,135,154,144,76,37,62,38,121,116,70
red,107,65,144,17,82,101,84,150,8,70
red,134,13,144,49,30,22,141,159,17,12
red,43,84,144,106,99,158,61,19,49,93
blue,3,38,144,8,128,0,58,104,106,74
blue,31,27,151,29,153,37,141,150,17,53
red,22,65,150,24,153,102,28,155,76,109
blue,104,107,151,150,158,144,124,142,51,96
red,144,38,43,106,99,0,27,65,9,158
blue,0,38,122,76,158,86,65,144,52,5
blue,155,142,122,116,158,144,65,6,29,14
blue,36,27,144,24,110,131,61,143,76,123
red,37,61,33,8,128,110,65,144,29,109
blue,151,84,144,51,99,158,61,33,8,128
blue,81,38,144,29,12,151,115,41,76,5
blue,59,111,94,106,4,0,61,121,41,110
blue,107,40,143,29,82,48,98,121,69,74
red,91,38,144,106,5,31,154,2,76,128
red,22,149,89,116,70,0,61,144,51,82
red,144,65,89,85,153,54,145,56,129,160
red,31,26,144,51,14,101,142,1,49,12
blue,101,124,144,52,114,99,26,19,133,153
blue,110,40,143,116,14,107,142,144,29,74
blue,134,98,11,116,99,65,40,144,51,5
red,134,54,155,52,99,22,38,144,129,153
blue,103,84,144,156,93,74,61,11,51,82
red,0,61,11,29,27,144,38,151,8,158
blue,0,23,155,8,70,31,134,144,51,93
red,146,149,144,51,82,107,61,32,8,120
red,107,38,1,116,160,0,142,144,51,96
red,48,44,59,116,70,0,61,144,76,41
blue,0,27,125,17,74,22,142,144,49,155
blue,0,27,110,15,5,18,84,144,9,70
blue,31,38,144,24,4,0,113,43,8,5
blue,65,40,81,24,126,92,84,144,49,9
red,31,65,144,29,9,151,98,122,51,154
blue,0,125,144,51,70,121,124,155,24,41
blue,103,23,144,8,82,18,84,155,63,153
blue,105,60,121,8,119,151,37,144,24,5
red,144,60,7,24,158,18,40,121,76,14
blue,0,84,144,76,70,101,125,2,49,12
blue,59,111,94,17,70,19,84,151,24,119
blue,74,155,143,29,53,31,26,75,76,70
red,48,23,62,19,9,121,84,31,17,79
red,151,27,142,24,119,78,38,2,29,153
blue,151,154,3,76,70,47,27,94,17,53
red,31,38,110,49,160,112,124,150,51,70
red,31,27,142,116,74,0,26,159,9,5
blue,31,38,140,8,70,0,65,120,116,74
red,31,65,140,49,82,43,54,19,29,148
blue,48,75,121,51,99,31,38,138,24,37
blue,31,65,19,63,70,101,84,155,106,82
red,0,86,26,24,128,31,65,121,52,100
red,31,77,143,51,121,39,141,151,29,12
blue,59,38,37,9,119,0,58,146,24,128
red,90,60,73,106,93,18,65,2,116,74
red,43,13,124,29,5,107,61,56,9,74
blue,72,125,33,51,82,92,54,43,17,71
red,112,84,101,150,14,74,30,110,85,71
red,0,124,145,17,41,121,13,43,51,12
red,62,38,121,51,5,104,75,151,106,74
red,18,58,87,69,80,103,44,86,51,14
red,74,38,140,106,99,107,23,150,51,82
blue,74,13,132,52,99,107,38,89,51,96
red,110,84,155,136,128,107,30,144,51,33
red,34,61,143,29,153,37,65,151,17,15
blue,107,84,143,17,119,110,38,124,8,14
blue,90,98,140,51,82,107,38,143,50,16
blue,18,98,124,29,12,107,38,121,50,99
red,107,61,121,9,12,22,40,91,51,109
red,107,38,121,51,93,36,40,56,116,12
blue,18,40,143,76,79,74,54,155,17,71
red,107,91,120,106,64,31,58,70,147,66
red,43,87,121,51,108,151,38,125,17,120
red,22,38,121,133,100,107,92,143,116,153
red,107,23,110,129,70,25,134,121,8,14
blue,143,130,136,17,79,107,92,150,51,159
red,18,154,55,29,153,2,94,132,116,82
red,107,54,155,17,126,151,104,21,29,82
red,107,142,121,29,153,74,65,151,138,66
red,74,38,124,116,153,18,154,11,17,70
blue,130,61,121,24,14,102,65,56,49,53
blue,43,84,121,106,82,22,154,139,51,66
red,107,27,151,69,153,34,102,37,51,82
red,18,38,143,8,128,2,155,151,106,159
red,91,107,121,106,100,18,84,125,76,82
blue,48,13,83,24,93,43,102,104,95,5
blue,101,84,43,51,82,0,91,2,76,5
blue,0,107,2,24,5,121,98,64,17,118
blue,74,91,73,63,160,107,142,148,102,44
red,34,27,151,51,126,91,84,150,129,5
red,18,65,154,106,82,91,84,2,17,71
red,22,155,154,29,93,18,86,11,76,82
red,107,67,151,76,53,47,61,75,157,100
red,107,154,151,63,126,110,40,75,69,99
red,18,23,101,76,5,37,58,121,29,14
red,18,98,143,76,30,2,74,91,51,5
red,113,40,105,116,153,22,54,155,9,123
red,3,142,11,76,138,107,54,110,51,14
red,107,65,143,52,128,102,84,33,106,66
blue,75,154,68,17,82,18,65,64,76,14
red,43,67,150,49,96,59,58,144,129,71
blue,31,26,1,50,128,107,86,120,29,93
blue,102,84,33,8,82,134,149,121,17,74
red,110,97,151,76,82,102,38,2,137,74
red,0,38,121,50,70,104,27,155,106,99
blue,31,18,59,17,70,34,149,159,8,99
blue,22,124,56,17,71,37,38,33,49,153
blue,86,23,3,49,148,2,65,159,17,12
blue,43,102,10,129,82,31,23,142,106,14
blue,88,38,2,9,91,150,84,121,24,74
blue,31,65,124,51,91,101,38,132,120,41
red,102,145,104,29,66,25,75,121,51,5
blue,90,141,121,85,93,88,38,159,76,99
blue,47,77,143,8,93,110,142,159,51,5
red,104,38,159,51,82,90,65,121,133,79
red,31,149,143,51,128,110,84,151,129,99
red,92,27,121,51,82,0,38,155,29,53
red,59,38,155,29,160,101,40,110,136,82
red,54,111,11,52,100,151,23,142,8,128
red,107,38,110,76,153,103,27,121,24,99
red,152,37,110,116,53,134,40,33,17,74
red,92,30,121,8,70,48,23,155,50,123
red,113,75,33,29,74,34,145,140,24,128
blue,0,98,155,29,93,43,145,54,8,128
blue,18,44,55,52,100,0,65,121,120,128
red,22,38,121,129,99,0,84,101,8,4
blue,42,124,43,116,158,18,38,121,49,53
red,107,142,19,9,158,48,54,94,24,14
blue,22,142,121,51,14,36,38,2,9,126
red,0,65,89,51,5,134,38,121,29,53
blue,0,23,125,51,70,155,38,159,147,93
red,101,87,143,50,82,90,142,121,8,128
red,101,38,143,51,82,0,65,64,76,66
blue,35,124,43,106,99,37,38,143,29,82
blue,0,27,56,8,70,43,38,121,129,5
red,65,107,121,17,126,69,38,33,85,153
blue,0,84,21,17,100,110,38,143,51,53
blue,0,79,143,106,93,134,38,3,51,83
red,0,149,148,85,70,2,40,68,106,45
red,36,40,143,69,66,43,142,121,76,53
red,22,23,151,76,74,11,142,159,17,100
red,134,38,143,51,5,121,65,32,116,124
red,131,23,56,52,16,74,134,140,51,154
red,48,13,26,51,5,72,75,56,29,111
blue,0,38,121,51,4,43,27,125,52,126
blue,102,75,56,51,82,112,84,150,49,4
blue,102,98,56,50,128,0,84,150,49,79
red,22,38,56,29,83,0,98,120,76,79
blue,0,65,56,106,74,92,26,155,51,99
red,48,54,20,106,74,31,84,121,24,79
blue,34,98,1,49,14,104,23,150,29,71
red,112,61,140,24,126,57,23,43,106,5
blue,62,26,67,51,128,146,94,121,52,82
blue,0,58,121,52,5,48,142,1,50,128
red,110,61,121,133,70,131,54,159,76,66
blue,115,142,73,51,41,31,107,150,49,128
red,115,13,56,24,70,22,40,148,106,82
blue,101,84,139,51,66,0,58,73,69,14
red,59,38,33,106,74,0,94,148,51,5
blue,101,124,91,52,121,47,65,56,49,74
red,127,65,121,106,99,37,149,43,129,74
blue,101,149,3,120,37,103,117,143,51,128
red,134,141,104,76,5,74,23,94,51,93
red,72,26,151,51,5,74,65,2,85,70
blue,31,65,122,51,9,22,84,131,17,12
red,140,38,91,17,100,110,61,32,50,128
blue,0,39,151,51,37,22,65,143,76,120
blue,158,75,41,76,79,110,84,91,51,53
blue,101,38,94,51,100,22,54,74,76,5
blue,0,58,73,76,5,18,74,140,8,128
blue,2,5,3,76,14,104,23,125,29,82
blue,151,65,132,51,74,35,84,125,76,121
red,31,84,142,52,5,101,38,133,51,120
blue,131,84,94,76,74,112,23,155,106,82
red,107,38,143,76,74,57,142,2,51,154
red,134,124,35,69,74,92,40,110,76,66
red,57,38,2,76,9,47,142,126,29,119
red,31,61,138,8,126,0,40,1,51,74
red,47,84,125,76,66,110,111,1,106,99
blue,31,38,132,51,4,22,107,121,133,70
red,0,38,143,51,82,2,92,142,76,16
blue,30,113,142,51,153,18,27,150,136,82
blue,0,74,151,147,53,35,84,142,51,66
red,110,54,142,51,66,115,40,121,52,5
blue,107,102,155,52,128,43,124,101,51,66
blue,95,84,29,49,148,0,142,143,51,120
blue,48,46,121,54,93,2,40,159,106,99
blue,112,13,140,49,82,151,26,94,51,64
blue,151,38,144,157,9,74,142,104,29,99
blue,101,40,104,116,53,103,13,51,29,160
red,22,97,54,85,33,131,39,56,156,5
blue,20,18,159,17,71,88,65,140,49,53
red,22,125,159,24,82,0,155,64,8,5
blue,0,142,159,49,53,43,107,124,17,153
blue,74,84,110,76,123,92,77,124,24,14
red,57,154,151,29,120,107,13,143,51,100
red,74,26,125,50,91,153,155,148,106,66
blue,113,65,122,17,53,31,84,2,76,79
red,18,60,140,116,9,31,38,105,50,6
red,18,97,64,51,74,101,38,159,29,53
red,34,26,125,76,74,121,58,1,106,82
red,112,37,132,136,82,90,54,3,106,5
blue,0,98,159,76,53,18,38,121,29,119
blue,0,38,120,69,12,31,65,143,49,153
red,88,40,159,17,82,37,107,151,51,5
red,22,38,110,157,153,127,65,159,76,160
red,74,38,122,116,119,110,92,159,52,14
blue,151,142,159,76,70,0,84,150,29,14
red,115,111,89,69,82,110,142,3,8,128
blue,36,38,140,8,82,34,134,159,129,96
blue,74,61,159,52,9,110,124,33,116,4
blue,36,84,11,133,93,104,65,159,29,109
blue,34,5,150,51,74,59,40,140,116,12
blue,18,107,56,52,82,103,38,159,17,71
blue,137,125,159,76,4,142,61,79,17,71
blue,22,61,124,29,53,90,142,110,157,96
blue,22,46,68,29,41,48,74,2,17,9
blue,47,65,159,51,5,144,121,133,29,66
red,34,65,1,76,158,74,142,159,17,12
red,112,44,43,106,93,34,38,144,76,119
blue,0,84,33,50,82,35,38,140,76,128
blue,35,125,55,51,64,39,65,140,52,128
blue,131,26,150,156,5,151,13,140,85,118
red,43,87,55,63,70,34,134,56,8,14
blue,88,65,11,147,5,59,40,94,76,45
red,23,60,85,51,93,112,44,3,106,16
red,102,13,140,116,93,0,38,124,29,53
blue,74,142,55,29,53,112,30,75,8,16
blue,22,58,6,51,111,112,98,104,29,53
blue,112,98,3,51,14,143,141,1,136,100
red,22,38,83,8,128,90,61,140,9,70
blue,2,65,150,116,119,39,107,3,136,96
red,31,54,150,8,70,47,107,140,76,14
blue,13,65,78,50,128,34,98,73,29,15
red,3,124,92,50,128,22,65,33,51,14
blue,151,26,110,9,109,104,75,140,51,93
blue,90,124,3,52,93,151,84,101,24,100
red,62,38,143,136,9,149,125,122,51,93
red,72,65,11,52,82,69,46,140,51,79
red,39,74,3,51,66,0,107,158,52,37
red,74,60,55,129,159,90,23,56,51,99
red,86,44,140,51,122,0,84,159,52,14
red,88,54,140,129,99,92,37,110,17,79
blue,18,98,83,29,119,0,142,87,147,96
red,107,142,6,106,66,39,40,3,76,82
red,22,54,56,49,53,91,13,33,24,4
blue,22,38,140,51,93,0,124,110,76,118
red,3,87,122,147,53,101,84,19,29,118
blue,74,84,140,51,128,18,37,121,17,14
red,0,84,3,29,53,74,38,121,147,6
blue,62,61,140,52,100,35,38,159,51,82
red,0,61,140,50,74,20,38,143,24,93
red,47,65,121,69,33,18,54,140,76,154
blue,102,23,125,51,130,47,38,140,8,14
red,18,92,140,49,153,3,65,138,120,96
red,114,65,140,9,46,120,111,56,129,128
red,102,30,83,51,14,20,142,138,116,128
red,146,40,140,106,118,102,54,151,51,11
red,102,13,140,29,118,3,65,26,17,53
red,36,65,1,147,158,0,84,83,69,80
blue,34,38,2,51,82,39,30,18,150,74
red,2,58,3,50,109,35,145,122,8,70
red,48,124,140,51,82,101,125,142,52,100
blue,74,130,2,17,79,83,40,37,76,120
blue,81,26,94,52,66,74,84,155,76,93
blue,103,84,51,52,9,43,102,140,76,153
red,74,125,144,29,123,31,84,3,51,82
blue,127,38,33,29,104,110,124,121,76,53
red,48,113,3,29,128,83,58,89,49,53
blue,107,74,60,29,53,62,38,83,137,9
red,43,84,64,76,128,47,65,3,51,159
red,101,38,68,137,70,114,107,3,69,153
red,127,92,143,49,9,105,40,140,116,82
blue,34,38,56,51,70,84,142,11,69,111
red,47,111,140,51,82,101,84,151,8,5
blue,95,107,140,29,9,0,84,43,76,74
red,43,142,140,136,12,0,61,26,106,4
red,41,38,140,116,70,0,98,29,8,15
red,34,84,140,76,82,103,125,143,133,15
red,34,104,140,85,79,134,46,143,50,128
blue,37,134,150,76,82,127,26,3,8,128
red,31,84,151,17,158,127,26,3,51,82
blue,34,40,159,106,4,2,65,151,76,70
red,36,40,144,29,4,59,38,88,51,93
red,92,141,11,51,153,18,38,140,29,9
blue,144,65,155,106,99,36,67,64,136,4
red,36,61,3,136,128,77,125,124,51,82
red,47,65,6,49,128,2,75,104,51,66
blue,143,38,55,85,82,127,65,124,76,128
red,22,124,77,49,53,37,84,155,29,92
blue,88,84,132,133,12,0,38,56,51,92
red,74,26,151,76,82,0,84,56,51,66
red,13,54,121,76,82,74,58,55,29,79
red,18,84,91,51,12,31,98,155,29,108
blue,47,154,43,76,14,13,38,64,51,110
red,74,78,73,24,5,0,97,19,76,153
red,84,154,56,136,79,78,91,143,17,66
blue,131,84,75,51,74,104,13,114,24,5
blue,74,84,114,76,128,112,111,56,136,66
blue,0,84,132,24,93,18,54,151,76,108
blue,37,54,155,29,66,101,97,11,51,128
blue,31,60,143,51,74,22,125,56,17,33
blue,74,124,110,147,108,34,13,154,120,153
blue,0,38,73,147,93,43,142,2,17,79
red,18,65,121,51,96,131,60,114,29,108
blue,121,38,1,116,108,105,40,2,52,82
red,18,26,64,29,108,92,58,37,50,128
blue,107,26,155,17,108,0,30,104,29,82
blue,151,38,33,8,5,0,26,114,24,4
blue,112,84,101,52,5,25,38,155,116,99
blue,0,141,140,85,5,65,124,94,116,128
blue,0,124,151,106,82,31,141,110,76,5
red,104,38,89,24,66,62,61,140,76,5
red,59,38,114,51,5,104,142,2,29,96
blue,144,40,159,29,74,22,84,121,24,5
red,88,84,151,76,79,34,142,159,51,5
blue,120,65,121,129,126,114,125,101,51,5
red,74,84,143,51,5,107,125,121,116,99
blue,0,40,143,29,74,59,65,159,51,99
blue,0,54,110,51,5,31,61,19,137,74
red,107,84,155,137,70,3,154,94,51,74
red,103,27,132,50,74,18,124,37,29,14
blue,134,58,64,108,74,31,67,151,51,5
blue,137,84,125,29,82,69,23,140,123,108
red,134,124,101,29,74,0,142,56,51,118
red,19,23,151,63,108,36,61,2,8,70
blue,103,65,143,17,66,74,38,55,51,5
red,37,124,110,17,9,90,38,143,116,45
red,74,37,150,51,82,88,38,143,76,5
red,134,65,64,52,93,18,38,121,116,5
blue,37,13,150,106,4,47,124,110,17,70
blue,47,142,2,129,70,154,38,121,50,128
blue,43,37,143,76,5,18,65,159,29,126
red,31,46,124,133,96,48,40,143,108,82
red,47,38,124,51,93,54,61,121,76,128
blue,31,65,56,85,5,74,61,0,51,83
red,37,102,34,29,64,88,38,68,133,100
red,47,37,143,51,120,18,65,140,29,153
red,22,154,150,83,100,2,107,125,24,93
blue,101,46,140,8,16,31,67,121,76,53
blue,110,37,15,129,126,101,87,151,8,82
blue,131,67,151,133,5,48,37,3,29,153
red,37,65,56,51,93,59,61,33,29,53
blue,102,125,121,17,74,113,37,155,8,109
red,112,65,121,17,70,2,13,110,136,30
blue,103,37,121,8,82,91,84,110,106,115
blue,0,124,143,116,45,57,84,55,29,53
blue,31,65,121,17,71,107,84,125,109,158
blue,22,65,143,17,14,110,23,19,51,128
blue,101,38,64,51,79,31,97,19,76,153
blue,0,124,75,116,153,99,37,94,51,74
blue,110,134,121,29,53,22,37,3,106,4
red,31,61,33,76,14,37,134,143,52,5
blue,37,98,159,116,96,0,141,121,17,45
blue,18,141,121,150,111,37,65,151,106,96
blue,31,142,32,106,66,43,23,110,156,158
blue,135,37,105,29,53,43,124,1,156,119
blue,74,65,143,8,79,131,84,33,52,128
blue,127,37,125,51,128,131,154,77,106,5
red,37,26,94,17,53,127,65,11,29,153
blue,18,84,124,129,99,0,65,55,76,66
red,0,84,125,8,70,78,65,136,52,93
red,134,65,19,17,79,22,74,64,129,128
blue,101,37,121,51,12,48,124,13,29,153
red,0,65,143,51,14,134,38,159,29,12
blue,48,38,2,29,14,31,154,151,69,53
red,134,65,64,52,153,34,84,94,85,74
red,134,61,64,29,153,121,38,37,17,71
blue,11,107,43,150,128,37,61,19,51,82
red,57,65,37,24,5,146,38,144,51,107
red,42,46,89,69,41,31,134,71,76,5
blue,0,124,89,49,71,31,37,151,50,128
blue,107,38,73,49,148,151,74,56,29,66
blue,13,61,91,51,82,47,37,3,52,5
red,103,84,121,106,66,43,61,68,17,14
blue,104,46,150,85,4,0,124,121,50,108
red,94,124,11,51,14,2,38,150,85,4
blue,151,65,2,106,74,152,38,33,49,118
blue,0,142,124,24,158,31,65,105,120,93
red,37,58,23,24,82,74,65,3,116,6
blue,90,23,150,51,14,74,37,110,29,100
blue,31,65,110,136,120,39,111,64,76,112
red,2,37,110,63,70,22,65,56,106,14
blue,92,27,87,17,66,34,124,110,50,37
blue,34,124,110,8,153,0,58,148,29,118
blue,31,124,110,51,74,22,142,121,147,118
red,0,87,151,51,158,102,65,121,24,93
blue,31,84,1,85,96,43,61,73,51,93
red,0,65,89,8,79,31,58,136,76,14
red,0,65,143,8,128,43,37,159,51,96
red,48,38,144,51,74,59,65,62,106,4
red,59,94,110,106,5,151,88,121,51,100
red,54,107,151,51,66,41,142,1,129,96
blue,90,13,121,129,96,18,38,89,106,74
blue,144,65,110,17,41,22,142,87,129,14
blue,112,154,143,51,14,47,84,69,106,99
red,70,61,2,129,121,110,26,13,76,158
blue,36,142,19,51,96,113,86,89,76,93
red,18,111,33,29,14,36,84,155,85,9
red,59,40,64,51,14,0,84,155,52,5
red,88,13,140,50,9,137,84,151,136,82
blue,62,40,11,50,128,92,26,151,51,119
red,0,124,150,76,82,2,65,142,85,53
red,90,61,121,106,82,18,54,142,76,53
blue,22,30,56,106,4,0,84,125,51,66
red,2,84,43,8,128,18,27,3,29,153
blue,102,84,110,51,9,104,98,155,156,12
blue,34,65,64,51,96,48,84,121,49,53
red,107,26,150,106,99,145,27,155,51,66
red,31,61,143,49,37,18,38,105,51,128
blue,110,142,23,76,74,62,65,56,150,4
red,145,124,101,17,53,36,54,151,136,29
red,102,74,140,49,9,62,54,151,51,5
red,37,38,121,136,5,152,124,125,147,82
blue,31,54,151,133,5,0,40,33,129,96
blue,59,125,151,51,100,121,124,0,85,70
red,0,40,140,9,6,43,61,89,17,70
red,107,38,155,136,14,151,65,122,8,70
red,57,40,154,76,30,36,61,104,51,5
blue,22,74,68,52,14,101,61,140,85,4
red,2,61,140,17,79,69,38,64,49,14
red,2,38,122,17,71,31,86,143,76,53
red,112,61,33,52,5,134,38,158,133,100
blue,65,74,143,49,9,18,111,2,136,100
blue,47,61,6,133,45,90,111,155,17,71
blue,18,91,33,29,153,3,23,150,51,37
red,43,61,143,29,108,2,65,0,51,9
blue,59,13,144,29,114,97,141,159,17,53
red,84,142,124,85,66,154,65,2,17,82
blue,59,40,121,76,66,0,13,114,51,5
blue,101,54,155,51,14,0,30,43,136,53
red,134,67,151,51,14,48,26,110,52,126
blue,57,58,159,116,100,31,141,56,76,9
red,72,61,121,51,82,107,38,33,116,153
red,34,61,121,106,66,31,26,110,8,123
blue,18,13,143,51,99,104,38,144,69,153
red,101,23,94,106,128,62,155,159,24,93
red,47,61,158,17,66,101,149,53,129,14
blue,0,61,122,106,120,38,134,1,85,153
red,103,74,94,157,93,62,40,140,85,153
red,47,84,101,49,82,37,104,110,9,93
blue,101,27,1,50,4,88,141,140,0,108
blue,110,125,121,116,119,112,142,11,9,158
red,22,40,143,17,53,59,141,140,76,74
red,107,13,121,51,100,22,65,64,85,93
red,102,38,10,50,128,47,141,121,76,108
blue,101,40,6,8,16,90,38,121,136,66
red,0,61,64,51,82,59,40,155,69,12
red,59,130,94,29,74,31,141,33,51,79
red,110,40,121,136,74,0,61,23,76,158
red,0,149,32,50,53,134,142,3,133,70
red,59,40,101,52,74,142,23,43,29,71
red,104,98,2,29,100,47,142,121,51,139
red,0,65,33,52,82,22,61,140,136,111
blue,74,13,68,9,70,92,40,143,51,82
red,88,38,159,51,93,145,141,121,69,53
blue,74,27,151,9,53,92,141,33,138,76
blue,107,142,140,76,5,25,27,151,29,53
red,113,141,140,136,46,35,40,150,51,123
red,114,141,140,147,5,18,146,104,17,124
red,102,44,91,157,5,105,40,121,29,53
red,31,125,140,49,108,146,142,120,29,124
red,90,38,140,116,82,103,142,1,69,53
blue,145,98,89,8,158,37,65,140,76,5
red,39,38,110,76,93,103,141,33,120,108
red,104,141,68,17,79,91,124,121,51,14
red,123,65,142,136,82,42,67,151,49,9
blue,47,67,110,147,74,0,13,33,29,160
blue,18,61,121,65,111,22,38,159,76,74
blue,0,38,140,52,96,43,125,32,8,100
red,110,40,140,50,66,115,124,101,9,30
blue,22,141,143,51,14,43,134,124,29,4
red,131,40,121,116,100,95,38,33,51,128
red,38,98,68,116,12,36,0,64,136,82
blue,0,65,125,50,79,38,141,143,17,66
red,22,134,94,51,126,103,61,73,129,4
red,35,149,143,51,126,37,40,122,129,128
blue,86,124,150,51,45,151,40,121,116,70
red,0,13,1,136,4,39,38,120,51,14
blue,22,65,64,76,128,0,141,121,51,82
blue,2,61,1,63,80,54,13,89,50,70
blue,78,155,120,17,70,104,61,140,51,14
red,0,154,120,150,93,137,40,101,29,159
red,0,40,105,106,66,34,74,121,116,154
red,47,65,104,106,74,90,61,6,9,82
blue,35,38,68,8,70,90,65,143,51,14
red,48,58,62,51,6,0,141,2,29,53
red,22,65,6,137,12,134,40,19,76,64
blue,144,40,37,52,100,31,67,94,17,66
blue,36,124,155,50,66,37,61,151,106,5
blue,18,124,155,51,14,41,54,94,76,99
red,47,54,35,50,128,135,38,140,116,70
red,127,94,150,8,128,31,5,151,116,70
blue,78,67,155,52,9,74,54,110,147,70
blue,24,40,155,49,53,48,26,151,50,153
blue,107,44,43,137,70,0,65,143,52,5
blue,114,98,54,106,82,95,74,90,76,70
blue,114,141,64,150,71,67,60,56,106,160
red,114,102,21,52,5,78,61,125,105,153
red,104,38,114,150,14,18,61,143,76,121
blue,110,61,151,49,139,131,23,150,106,82
red,107,46,56,8,74,78,38,143,51,139
blue,112,84,13,106,79,0,149,159,76,70
red,112,142,139,29,53,104,40,143,51,93
blue,77,23,64,51,14,154,38,151,76,5
blue,57,65,151,76,83,38,98,143,29,12
blue,0,37,121,52,5,31,84,132,106,14
blue,74,38,142,116,153,88,107,121,63,119
blue,107,142,89,69,5,74,58,121,76,53
red,42,38,158,51,79,74,40,1,136,70
red,97,61,143,51,14,74,38,64,29,45
blue,110,26,155,69,100,18,84,151,29,74
red,31,124,121,50,16,101,65,151,76,74
blue,41,58,133,8,70,110,38,143,29,53
blue,74,125,89,8,70,112,23,150,51,66
blue,112,38,2,9,128,78,107,150,17,53
red,74,61,3,133,153,76,67,47,83,91
blue,112,84,104,51,74,22,65,143,8,82
blue,110,146,104,116,96,0,134,159,76,53
red,74,65,104,136,153,112,54,35,51,5
blue,74,60,155,76,5,47,98,33,29,12
blue,74,61,23,29,153,39,38,157,51,82
blue,101,84,143,106,66,58,154,151,29,53
blue,74,27,121,106,82,31,40,159,136,126
blue,48,13,32,29,5,131,84,151,51,153
red,18,98,68,29,9,0,77,2,76,53
red,0,61,19,106,74,36,38,143,29,12
blue,31,23,125,51,93,145,84,101,156,153
red,35,65,33,17,12,92,40,125,129,111
red,90,54,125,116,139,92,38,159,17,12
red,88,40,121,136,153,22,61,124,17,53
blue,101,84,92,85,128,110,98,121,29,153
red,92,38,2,51,82,48,67,125,76,99
red,112,13,143,123,108,78,54,75,51,119
red,92,98,104,52,96,121,38,151,51,93
red,90,38,1,49,53,92,26,11,29,12
blue,0,65,23,136,96,18,124,43,76,5
red,34,65,143,106,6,74,58,3,51,99
red,107,46,121,106,99,37,94,89,51,66
red,92,26,101,136,70,31,35,121,106,66
blue,0,13,143,17,66,107,142,159,106,5
red,6,75,124,106,82,48,111,121,17,128
red,88,38,143,106,99,0,142,140,85,93
red,103,58,33,106,12,95,91,11,85,27
blue,37,38,140,17,70,0,97,3,116,82
blue,92,65,151,129,70,131,61,2,106,82
blue,154,61,121,106,128,18,124,159,29,96
blue,31,65,143,8,66,43,141,121,123,108
red,0,84,1,51,119,151,124,121,106,14
red,107,65,2,137,93,18,23,151,106,5
blue,101,26,151,29,142,38,91,11,106,99
blue,22,54,94,51,66,0,125,33,106,82
red,107,60,2,8,82,151,130,132,129,74
blue,110,97,0,51,82,101,61,68,15,4
blue,127,124,151,8,70,74,13,143,29,153
blue,3,107,125,52,79,59,74,151,147,66
red,101,145,39,133,128,47,98,121,156,82
blue,151,38,56,106,16,107,98,33,51,4
blue,36,107,155,51,93,37,38,140,8,128
red,72,13,151,76,74,48,130,121,157,66
red,152,23,155,8,70,78,26,125,76,74
red,134,84,121,76,12,22,75,124,8,158
red,18,65,121,17,41,0,40,89,29,12
red,107,65,121,29,12,36,13,159,129,153
red,101,84,159,106,66,0,58,121,17,93
red,101,58,159,49,30,92,142,139,17,79
red,90,26,34,106,5,104,38,125,76,120
red,0,27,159,29,53,110,77,1,17,12
red,0,38,89,50,128,90,58,11,17,12
red,101,23,150,29,79,31,142,140,17,71
red,88,65,56,106,99,18,40,125,51,126
blue,72,74,151,52,99,95,27,43,51,30
red,90,94,121,52,110,74,58,2,29,153
blue,57,98,11,29,53,0,26,101,51,30
red,90,84,155,29,5,134,38,159,17,126
blue,18,84,140,17,79,107,38,121,49,53
blue,90,58,143,129,5,112,142,121,133,110
blue,0,154,150,29,153,59,65,11,51,110
blue,146,58,23,52,100,0,84,64,29,53
blue,72,27,151,116,4,48,98,132,150,153
red,101,60,1,52,70,18,23,150,29,148
red,101,38,159,29,79,0,65,121,49,9
blue,18,65,97,17,71,152,142,104,29,4
blue,0,84,143,24,82,18,142,33,29,158
blue,0,23,110,51,93,18,84,65,116,130
red,101,84,155,156,148,72,124,110,9,158
red,59,61,43,50,160,0,75,143,76,9
red,102,65,56,147,5,31,23,110,51,74
red,78,65,104,120,45,59,61,33,52,82
blue,18,38,121,116,5,22,27,151,76,82
red,43,84,142,106,5,48,102,143,52,82
blue,75,65,143,8,160,0,142,104,50,70
blue,31,65,121,116,108,18,38,64,8,119
blue,90,84,114,116,93,81,38,2,8,158
blue,0,94,121,50,128,107,38,1,116,70
blue,52,38,150,50,128,146,124,11,85,12
red,0,92,148,106,74,131,134,132,49,5
blue,101,26,151,106,5,34,44,6,51,128
red,144,98,2,29,139,18,38,73,129,82
red,2,38,19,50,70,0,98,144,51,128
red,18,142,144,76,5,78,60,72,17,93
red,152,134,143,116,158,137,23,150,8,4
red,18,26,33,136,158,0,77,150,17,70
blue,104,154,150,9,119,22,38,1,51,14
red,0,38,2,120,53,151,75,37,29,160
red,107,84,101,147,160,18,38,104,19,79
blue,59,61,90,51,160,0,124,91,76,5
red,0,124,125,9,119,145,84,155,29,160
red,0,37,13,51,93,101,84,3,76,91
blue,127,84,150,136,121,143,65,33,106,82
red,0,38,2,51,121,103,98,55,8,82
red,110,65,159,24,5,0,61,56,76,112
blue,104,98,94,129,153,102,124,101,136,79
blue,101,98,64,24,9,107,142,2,51,74
red,0,84,101,116,5,107,61,143,8,153
blue,47,142,104,69,16,36,30,143,51,14
blue,59,65,2,29,128,107,142,37,129,33
blue,36,155,26,106,154,31,84,142,51,4
red,0,30,3,51,74,104,142,125,8,14
blue,47,107,121,51,82,22,38,159,29,16
blue,104,61,62,51,119,31,107,105,29,14
red,34,124,91,51,5,112,54,151,136,74
red,134,13,150,54,82,39,142,151,51,93
red,90,102,150,106,82,110,142,89,147,160
red,48,98,120,51,93,22,38,159,52,14
red,74,38,132,8,128,121,65,1,136,70
red,103,38,121,116,4,0,27,43,51,74
blue,121,38,35,29,41,37,65,155,76,96
blue,102,111,0,76,41,74,38,121,29,66
red,101,5,68,106,120,0,67,155,17,4
red,25,65,159,52,5,22,142,132,106,93
red,34,102,159,63,70,41,61,90,51,128
red,37,142,144,29,16,91,84,143,24,5
blue,74,46,77,29,53,151,38,2,51,82
blue,0,142,2,109,5,101,84,121,51,14
red,83,84,3,29,53,47,124,155,49,79
blue,152,38,143,76,118,0,61,55,17,93
blue,110,60,159,120,5,88,38,143,17,71
blue,89,87,141,17,82,3,84,121,116,70
blue,0,38,11,69,45,59,98,121,106,158
red,151,27,110,24,126,34,124,3,106,82
red,22,38,121,29,128,0,46,11,51,82
red,62,142,143,29,124,101,38,1,136,93
red,74,40,121,24,66,18,84,47,49,148
blue,92,13,143,8,70,112,124,155,51,93
red,101,38,148,51,93,134,94,41,106,100
blue,74,38,151,116,128,18,124,93,51,9
blue,0,84,94,49,93,62,40,140,51,153
blue,151,13,19,51,128,36,54,142,49,153
red,75,27,90,63,70,102,44,55,24,0
red,103,38,104,76,119,0,61,157,17,12
blue,57,65,155,106,82,107,28,151,51,96
blue,90,65,121,51,128,54,60,105,76,74
red,59,38,151,8,74,0,27,125,24,82
blue,112,84,125,138,130,36,67,75,106,128
red,101,84,91,157,128,36,54,110,49,93
blue,115,23,150,129,82,101,38,121,116,154
blue,114,23,140,147,74,134,40,94,76,153
blue,115,46,142,49,5,2,38,95,76,93
red,104,65,32,17,9,78,38,91,76,70
blue,2,124,125,29,70,47,54,150,24,100
blue,149,40,159,137,4,121,84,151,116,70
blue,151,154,1,24,93,101,54,29,17,45
blue,0,84,43,17,119,101,22,121,8,16
blue,43,111,68,106,110,35,124,121,76,70
blue,43,40,64,69,153,35,111,2,76,93
red,104,130,150,9,158,107,142,56,106,82
red,47,124,94,51,14,131,141,68,52,126
red,92,84,143,116,5,59,38,73,29,12
blue,22,60,121,17,70,88,54,101,129,93
red,101,124,2,24,83,0,155,121,106,82
blue,62,130,121,76,45,35,40,143,106,153
blue,3,98,32,123,108,5,130,105,136,158
blue,18,84,1,85,70,31,65,105,29,79
red,37,40,150,29,148,102,23,151,50,4
blue,62,102,2,51,99,74,84,94,137,83
blue,103,40,140,133,5,22,38,121,17,160
blue,74,102,56,52,126,37,40,125,137,16
blue,37,60,55,137,127,120,65,143,51,93
blue,67,65,150,116,53,25,40,140,106,4
red,69,75,125,136,15,72,142,2,76,119
red,74,23,155,29,92,31,26,110,76,148
blue,91,142,136,85,74,90,38,140,106,83
red,37,98,140,76,128,18,23,150,50,100
red,18,124,151,29,82,0,23,150,51,123
red,37,38,56,150,108,47,75,11,133,148
blue,115,44,101,106,18,34,13,2,150,160
red,88,124,104,150,14,72,84,110,51,74
blue,105,141,101,150,37,31,124,121,116,5
red,110,54,91,29,96,22,124,150,24,14
red,0,23,150,9,126,144,125,101,69,5
red,57,27,159,85,153,90,23,150,51,91
red,90,65,150,129,93,151,84,104,51,74
red,137,84,150,133,14,101,125,121,116,153
blue,36,84,2,8,70,107,111,124,150,99
blue,0,134,56,85,126,72,65,150,83,41
blue,59,98,157,109,9,37,58,19,150,104
blue,104,149,151,106,120,22,65,143,29,153
red,31,40,159,51,128,22,142,150,29,79
blue,78,67,150,76,153,95,37,140,51,5
blue,104,142,1,51,112,74,155,150,29,53
blue,101,94,121,51,82,0,84,150,116,153
blue,0,94,37,150,82,34,27,101,51,14
red,0,92,159,51,110,144,74,150,106,112
blue,47,146,151,24,153,101,30,139,76,99
blue,39,107,151,51,93,36,61,56,150,126
red,78,38,6,51,5,0,23,150,69,153
blue,31,65,56,29,70,0,23,150,51,82
red,18,23,150,133,153,41,142,110,29,71
blue,0,40,32,51,82,101,84,150,116,160
red,0,38,114,129,70,146,92,105,29,66
blue,47,124,121,29,53,117,26,155,129,70
red,74,65,121,129,70,78,13,3,136,128
red,131,142,132,129,70,74,38,159,51,119
blue,18,107,3,29,64,97,111,34,129,70
blue,115,124,132,151,14,134,38,125,51,160
red,101,67,150,76,5,74,75,151,51,112
blue,34,38,104,29,5,131,44,121,150,74
blue,145,98,150,63,5,114,46,154,29,82
red,104,38,150,157,119,59,141,151,24,82
red,0,37,150,17,45,41,65,151,29,15
blue,115,124,110,150,93,151,125,114,136,130
red,110,65,68,49,30,18,58,64,29,53
red,0,142,26,157,66,62,27,15,52,4
red,131,26,151,29,41,34,27,23,51,14
red,103,40,11,136,30,65,54,64,52,66
blue,110,97,151,49,30,121,40,140,76,5
red,37,65,121,52,82,90,142,56,49,159
red,104,40,26,50,158,90,38,140,116,119
red,81,58,56,137,71,59,142,132,106,82
blue,48,102,143,116,30,131,61,121,24,14
blue,37,58,151,29,119,112,13,121,51,30
blue,37,61,32,116,4,78,40,150,29,153
blue,0,98,32,17,14,88,92,151,116,71
red,0,97,124,51,53,152,65,143,17,79
blue,0,46,54,8,120,144,61,121,17,79
red,36,27,151,17,30,3,124,6,29,9
blue,0,155,121,29,12,104,38,122,76,82
red,112,142,132,29,4,151,107,122,76,100
red,104,65,122,51,5,152,84,33,29,109
blue,18,65,1,17,5,0,37,122,136,53
blue,110,142,0,24,160,114,61,122,129,99
blue,95,58,122,76,153,101,44,140,150,160
red,48,74,19,116,158,43,54,122,8,128
blue,101,94,122,51,79,0,74,143,106,93
blue,92,155,121,17,4,131,94,122,106,74
blue,18,23,122,129,79,2,107,151,29,4
red,38,102,13,51,74,134,46,6,76,128
blue,36,98,143,76,96,112,54,125,51,74
blue,0,102,1,24,93,22,84,142,8,66
blue,0,145,55,51,112,18,61,121,76,99
blue,0,40,26,24,66,22,111,23,76,160
red,22,124,3,49,4,47,141,159,52,53
red,88,38,55,133,153,101,142,143,17,79
blue,59,27,110,51,66,31,84,155,76,74
red,43,38,73,129,99,84,61,2,49,153
red,89,87,148,76,82,110,38,73,51,126
blue,37,65,73,49,14,18,142,132,8,70
blue,0,28,68,106,82,134,54,133,129,4
blue,2,84,125,52,82,39,61,155,85,12
blue,34,142,64,51,5,38,58,151,120,109
blue,69,54,159,136,4,90,77,56,116,14
blue,48,27,0,51,5,103,58,89,15,74
red,112,65,143,106,74,144,23,129,76,99
blue,47,60,159,129,4,90,142,121,29,96
red,37,75,159,8,96,0,58,64,24,93
red,55,75,155,8,108,101,58,159,137,153
red,158,65,89,116,82,130,26,43,76,96
blue,110,84,121,52,128,104,40,2,136,9
blue,114,125,33,52,108,117,27,137,29,153
red,62,94,11,106,110,88,107,64,51,66
blue,102,60,2,24,66,103,65,122,17,53
blue,0,40,159,116,12,59,61,121,8,70
red,102,84,2,51,79,62,125,143,116,82
red,74,65,6,129,93,57,38,121,29,53
blue,102,107,143,116,153,104,46,121,50,70
blue,90,38,142,129,153,121,98,140,76,14
blue,0,38,143,49,82,102,84,159,50,123
red,52,67,151,49,160,25,65,101,24,4
blue,112,40,56,116,111,0,58,159,24,119
red,74,61,33,76,70,103,77,121,17,128
blue,126,111,143,69,153,113,74,83,51,14
blue,95,38,143,129,128,2,84,155,51,5
red,146,61,64,116,74,0,38,140,51,14
red,0,75,121,76,115,31,40,143,49,160
blue,48,65,11,9,15,36,67,142,106,99
red,114,38,140,116,53,48,65,2,69,153
red,43,40,32,8,128,18,130,143,49,120
blue,110,61,121,15,66,91,84,140,52,37
red,90,27,110,51,5,135,142,105,29,45
blue,104,61,150,17,9,110,84,121,50,53
red,34,46,33,137,5,135,102,151,51,4
blue,37,65,11,51,93,34,38,54,52,66
red,74,46,143,76,5,22,58,83,69,93
red,0,102,56,116,53,88,58,121,52,82
red,88,65,143,52,66,48,23,151,51,82
blue,101,23,29,129,119,88,98,56,76,153
red,18,124,91,116,120,115,98,56,129,148
red,88,84,91,52,4,134,65,104,76,139
blue,0,40,83,19,128,43,65,89,29,53
blue,41,22,91,29,153,43,23,0,116,46
red,75,84,33,51,128,22,134,150,49,82
red,37,60,1,52,5,74,124,43,51,100
blue,145,40,121,136,14,37,142,91,76,111
red,48,102,151,120,82,0,40,26,76,5
red,110,124,120,8,128,101,84,125,136,66
red,95,13,121,76,108,74,58,89,52,5
red,95,111,91,51,4,145,22,150,29,160
red,112,77,159,50,12,36,124,90,51,91
blue,0,54,151,116,70,22,38,121,17,53
red,59,40,121,29,53,22,142,89,76,82
red,112,65,143,147,5,134,94,154,51,14
blue,48,65,104,8,82,37,98,143,147,96
blue,88,38,104,76,74,151,77,121,51,93
blue,137,142,140,29,153,154,40,121,52,5
blue,112,38,104,17,9,59,142,159,49,53
blue,59,38,151,29,153,152,61,2,116,111
blue,90,142,32,76,70,43,44,121,51,96
blue,145,61,143,85,153,38,111,144,129,5
red,95,124,132,9,53,34,37,150,52,100
red,48,74,159,24,100,0,154,121,106,82
red,74,27,48,17,108,22,60,121,106,100
red,52,124,83,136,70,3,40,142,51,96
blue,18,65,140,76,70,102,37,94,8,119
blue,95,54,94,17,70,0,60,140,24,108
blue,0,38,121,106,153,101,40,124,29,53
red,0,26,1,9,109,22,13,132,76,160
blue,101,26,151,52,100,31,124,110,76,109
red,88,65,121,116,70,112,61,2,69,93
blue,20,124,62,49,160,132,30,41,106,99
blue,102,154,142,136,70,145,28,77,29,53
red,112,61,132,76,14,74,86,121,63,70
blue,78,98,1,52,14,39,86,155,63,70
blue,110,61,114,51,153,101,84,1,63,70
blue,18,84,94,76,82,62,38,140,63,70
red,3,84,110,76,99,22,61,159,51,70
blue,59,75,132,129,80,151,84,44,29,70
red,31,38,159,51,70,43,142,19,29,153
red,36,65,159,106,70,151,124,155,116,7
red,90,67,129,49,53,110,58,89,116,74
blue,31,87,3,29,71,151,5,64,136,128
red,146,98,19,52,70,18,75,140,76,128
blue,101,84,19,63,9,34,65,1,147,70
blue,47,124,10,106,82,0,54,143,17,70
blue,104,38,155,136,71,18,84,132,52,4
red,104,124,155,50,5,103,65,64,51,128
red,151,84,68,29,111,74,40,11,51,5
blue,36,65,10,51,9,0,154,64,116,66
red,39,98,159,24,82,0,124,155,52,99
red,90,38,121,8,128,39,61,11,51,99
blue,78,134,143,51,99,92,28,140,24,128
red,0,40,2,51,110,130,58,121,76,128
red,95,61,15,24,99,90,84,3,49,74
blue,3,67,34,51,82,144,27,101,76,66
blue,0,154,89,52,82,18,38,33,51,99
blue,0,84,125,76,16,152,23,90,8,128
red,154,61,143,24,128,36,117,121,51,37
blue,65,40,21,9,128,110,142,143,76,159
red,102,65,140,51,130,31,23,132,8,153
red,31,84,155,136,93,112,40,140,49,160
blue,110,65,122,85,14,135,38,121,51,80
blue,41,40,2,76,126,31,98,122,106,99
blue,0,130,136,69,70,112,124,1,51,99
red,62,37,150,51,4,43,146,121,106,93
red,0,61,121,106,74,102,58,6,120,112
blue,90,40,122,50,93,74,98,144,29,99
blue,103,38,26,76,109,0,92,122,29,53
blue,18,86,120,106,100,31,28,151,157,45
blue,18,67,125,76,158,95,97,151,106,99
blue,107,84,101,51,128,151,38,121,29,158
blue,137,92,121,17,158,0,23,13,136,5
blue,43,142,56,17,158,144,61,151,49,53
red,48,54,3,49,158,101,125,144,50,128
blue,110,61,48,17,128,19,38,101,15,158
blue,92,38,159,29,53,107,65,64,49,158
red,31,46,155,116,158,36,84,55,29,82
blue,101,142,56,137,153,72,97,110,136,158
red,112,58,159,29,53,36,84,43,17,158
blue,22,142,124,17,158,92,61,11,49,53
blue,18,65,144,17,53,20,38,143,129,158
blue,112,107,151,136,158,101,13,68,52,9
red,47,38,159,50,128,110,84,140,51,158
blue,123,142,11,76,158,37,13,110,29,53
blue,110,74,121,116,158,39,38,159,106,82
red,3,61,144,50,128,31,40,64,8,158
red,0,74,151,116,29,59,13,1,49,158
red,102,13,143,49,158,0,107,33,51,82
blue,153,48,3,106,14,131,65,19,116,158
blue,135,65,56,106,99,74,38,159,116,158
red,0,97,89,17,96,18,58,6,76,158
red,31,75,121,8,158,47,84,94,51,82
red,101,30,151,116,158,18,141,2,51,14
red,151,84,121,29,158,0,26,2,147,128
blue,52,38,68,29,153,0,84,125,17,158
blue,43,65,64,9,80,48,38,121,17,158
red,36,54,125,29,158,101,26,151,106,96
red,0,60,32,133,158,105,61,155,76,124
red,65,40,6,29,153,101,27,56,51,158
red,151,46,90,54,14,19,155,125,29,158
red,101,61,32,51,158,0,27,151,76,120
blue,36,65,29,51,158,37,125,0,76,14
blue,5,130,140,49,158,34,61,121,85,153
blue,101,13,64,24,30,48,61,140,76,158
blue,29,65,155,76,30,151,46,104,51,158
red,47,26,56,49,158,131,40,140,29,41
blue,18,84,101,133,158,0,111,150,106,100
red,121,38,151,49,158,47,61,11,120,14
red,102,27,121,136,119,0,125,132,49,158
red,101,27,143,17,158,90,141,2,133,153
red,151,98,1,51,158,57,46,2,116,153
red,110,75,33,51,82,91,54,151,76,158
red,31,27,121,24,120,42,142,140,29,158
blue,42,67,151,85,158,0,23,43,106,99
blue,90,142,68,51,99,48,40,33,17,158
red,65,58,140,116,158,90,13,101,51,128
red,110,94,154,106,4,150,87,1,29,158
red,34,27,155,76,30,101,111,131,9,158
red,37,40,104,116,158,43,26,94,136,70
blue,107,40,121,156,158,135,23,150,17,82
blue,42,94,121,17,158,37,38,32,116,153
red,18,124,101,52,82,152,26,94,29,158
blue,92,67,121,116,96,151,84,42,17,158
red,48,84,129,116,158,0,38,71,51,82
blue,102,107,11,49,158,0,65,2,8,29
blue,75,54,65,49,158,146,44,122,52,74
red,88,61,159,24,128,34,40,121,137,158
blue,37,40,11,51,158,92,27,2,106,120
red,31,134,159,116,158,34,65,143,106,14
blue,0,61,114,49,158,107,142,121,29,53
red,115,38,143,76,158,110,84,125,29,16
blue,52,149,2,17,158,101,84,121,8,12
red,48,65,68,51,158,31,111,151,29,159
blue,18,124,140,51,82,107,98,121,116,158
blue,59,65,121,76,66,43,142,7,156,158
blue,0,125,121,137,6,74,65,7,52,158
blue,158,125,148,29,100,62,98,89,51,53
blue,143,38,114,8,158,37,65,124,69,6
blue,31,84,64,51,158,146,65,140,106,128
blue,146,84,29,106,153,2,65,151,136,16
red,90,155,19,52,82,62,141,1,51,119
blue,69,27,150,19,66,48,38,33,52,79
blue,18,107,159,106,82,59,61,64,52,100
blue,101,75,55,63,96,88,124,64,8,82
blue,59,38,89,24,99,103,98,56,76,96
red,37,102,150,29,120,107,125,26,8,128
red,104,86,13,8,93,18,75,2,29,111
blue,84,86,125,51,74,0,149,87,116,12
blue,54,86,150,24,100,2,154,155,51,9
red,31,54,110,51,93,22,40,68,85,5
red,0,84,122,51,4,104,149,68,106,93
blue,0,38,68,29,126,107,142,124,76,4
red,0,75,1,116,5,59,65,68,51,74
red,102,54,125,76,66,0,142,68,85,45
blue,37,40,83,137,70,0,154,68,17,12
blue,101,38,68,17,79,92,23,56,76,74
red,74,134,56,51,79,110,65,68,29,4
blue,3,61,68,147,100,74,27,150,106,82
red,121,77,68,17,33,149,124,151,106,66
blue,0,65,73,50,96,35,38,68,120,9
red,47,58,2,69,153,37,38,68,50,99
red,112,111,89,116,70,54,142,68,52,4
blue,35,65,11,17,119,145,13,143,51,82
red,31,61,7,24,16,22,13,2,51,14
red,3,65,56,106,74,62,142,121,137,12
blue,113,124,159,51,100,127,65,64,116,74
blue,47,61,119,106,93,48,84,151,51,139
red,90,65,23,24,14,110,38,143,136,45
red,47,38,121,24,110,107,23,151,136,74
blue,92,13,19,29,14,31,98,143,17,12
red,36,142,120,50,128,110,84,143,8,74
red,34,77,19,51,5,90,75,120,8,119
red,90,75,121,24,74,34,65,159,136,82
blue,34,84,114,52,126,36,54,94,51,74
blue,110,38,150,17,71,101,65,159,51,74
red,0,67,43,51,15,31,149,56,52,126
blue,0,37,121,76,53,107,27,56,52,14
blue,47,40,64,9,108,0,84,69,52,74
red,107,13,140,51,74,31,30,125,116,120
red,101,84,140,29,74,47,38,121,51,14
red,0,23,159,52,5,134,141,143,51,74
blue,131,60,143,51,45,11,84,110,106,4
red,127,61,33,17,71,74,13,56,8,70
blue,0,111,32,133,14,43,23,150,52,74
red,34,125,68,51,14,74,23,48,17,71
red,35,40,121,50,53,0,61,64,17,74
blue,22,102,44,24,160,48,107,124,8,128
red,74,28,3,24,119,127,13,143,63,70
blue,110,61,143,52,92,35,30,155,51,12
red,151,30,110,49,148,131,13,159,106,82
red,34,124,110,106,83,113,75,159,85,153
red,59,155,121,116,74,110,26,94,52,82
blue,151,65,140,17,53,0,37,159,69,74
red,22,125,140,50,70,18,5,11,17,71
red,0,124,101,129,109,62,154,121,52,14
red,47,87,143,106,82,37,38,68,51,14
red,31,142,19,49,14,88,54,11,76,74
blue,43,65,121,129,153,0,38,6,76,119
red,47,65,140,136,9,22,75,11,76,74
red,95,60,19,51,74,22,61,143,17,33
red,74,142,140,50,70,36,61,143,8,79
blue,31,124,140,29,153,101,40,120,136,74
red,112,98,140,49,148,3,23,151,76,12
red,102,65,121,9,128,0,84,155,76,148
red,101,92,10,76,74,18,30,143,51,82
blue,92,84,33,85,126,0,38,1,51,82
blue,150,65,121,49,119,24,46,140,116,71
blue,31,58,19,51,74,152,142,32,49,5
red,103,65,154,17,79,0,26,158,136,45
blue,103,65,150,29,70,112,61,33,106,82
blue,22,30,75,49,66,34,84,24,109,45
red,0,98,132,51,110,47,149,151,120,74
red,101,44,6,49,148,47,30,32,8,100
blue,47,130,55,17,71,0,124,144,76,160
blue,78,58,94,51,128,130,40,144,106,74
blue,91,65,159,29,4,36,84,151,49,148
red,57,38,10,51,82,86,67,151,106,74
blue,0,38,11,69,53,77,65,132,29,109
red,131,23,151,51,153,54,130,2,29,74
red,48,84,54,129,74,35,86,121,51,126
red,22,75,2,157,45,154,97,155,29,14
red,37,40,44,136,74,134,146,144,29,153
blue,0,40,124,106,82,131,146,140,51,14
red,0,102,121,106,45,39,146,125,51,99
red,88,142,26,76,158,92,65,143,51,74
blue,101,84,155,51,16,36,38,144,24,74
blue,101,28,55,29,53,131,30,64,51,74
blue,102,13,151,49,160,47,154,140,17,5
blue,90,142,121,9,79,104,60,150,49,148
red,37,60,19,106,82,135,84,143,8,74
blue,104,38,94,51,74,107,142,155,69,46
blue,47,142,33,17,71,37,58,144,116,74
blue,0,107,159,51,74,110,142,121,8,96
red,112,38,11,106,4,110,67,142,8,74
red,145,65,151,85,82,88,78,104,106,5
red,31,40,144,51,74,0,26,151,29,41
blue,31,27,1,129,153,135,84,32,85,0
blue,62,40,33,110,108,135,149,32,29,153
red,78,38,159,137,128,42,124,121,106,74
red,35,75,121,49,14,0,124,1,24,70
red,31,124,13,51,110,0,154,121,69,45
red,48,84,56,106,82,152,125,55,51,71
red,74,111,11,129,5,151,38,121,116,71
blue,47,23,150,8,5,92,61,159,51,74
red,0,84,94,9,14,22,27,83,17,71
blue,57,40,68,85,153,47,67,155,76,148
red,117,65,64,51,74,103,94,140,76,79
red,48,13,121,24,70,103,124,64,8,82
blue,0,65,140,51,128,94,141,143,69,45
red,145,40,148,49,71,113,141,11,76,82
red,101,142,94,85,70,107,40,43,49,148
blue,143,149,140,17,5,48,125,11,49,148
blue,42,40,143,29,118,0,61,121,49,148
red,72,65,90,51,128,143,98,124,76,119
blue,0,61,104,52,128,72,98,159,76,109
blue,34,30,125,76,82,36,38,121,85,14
blue,114,61,2,76,14,34,38,55,136,99
red,107,61,122,52,100,90,38,2,8,14
blue,78,30,151,49,14,0,84,90,8,119
blue,92,75,121,52,5,0,84,33,24,14
red,18,61,33,76,9,0,13,2,52,139
red,65,27,125,85,70,117,142,6,51,14
blue,90,27,125,17,158,34,111,159,29,14
blue,34,23,155,29,14,47,61,33,106,100
blue,112,38,143,51,139,135,27,159,147,96
blue,0,124,151,8,128,53,65,159,136,139
blue,59,58,64,69,14,31,61,121,51,96
red,78,40,142,50,128,107,30,155,17,120
blue,151,124,42,133,70,92,84,121,51,14
blue,151,84,110,76,14,0,38,121,137,5
red,43,84,151,76,71,0,61,121,17,82
red,0,124,150,17,79,22,27,73,116,14
red,107,154,104,116,100,115,84,155,76,14
red,92,124,125,85,82,37,40,19,106,93
blue,43,125,140,51,82,0,38,121,116,153
blue,92,61,2,52,82,41,23,125,106,99
blue,18,67,125,116,70,3,98,121,69,80
red,107,154,125,51,110,47,98,151,29,153
blue,107,23,3,136,12,31,84,125,85,70
blue,31,91,122,17,71,48,86,125,147,82
red,39,125,151,51,70,0,142,23,106,82
blue,92,84,125,85,153,101,142,89,76,4
red,110,37,125,85,96,47,26,115,51,5
blue,101,65,56,106,126,74,27,125,51,153
red,34,84,110,129,4,5,30,125,85,14
blue,110,74,121,29,53,105,65,125,49,9
blue,74,98,114,17,126,83,75,125,52,5
red,110,125,23,17,4,62,38,114,85,5
blue,134,38,94,116,153,62,27,125,51,93
red,54,98,125,157,108,0,92,159,51,45
red,2,54,0,69,102,39,58,125,29,53
blue,0,67,3,17,70,101,27,125,136,53
blue,22,20,120,51,66,107,84,151,76,14
blue,43,77,121,136,53,34,26,125,147,45
red,2,60,125,51,123,22,27,155,8,93
blue,110,111,125,116,128,22,155,2,137,112
red,0,40,144,137,70,22,84,125,51,110
blue,126,125,1,8,99,47,61,54,51,70
red,110,75,125,9,82,145,74,101,29,153
red,59,74,125,147,5,145,75,151,9,70
red,59,27,125,51,71,121,38,92,49,139
blue,117,65,2,51,82,47,27,125,29,66
red,112,142,114,106,82,74,67,125,51,45
blue,48,149,114,17,123,74,84,125,51,71
blue,22,98,140,51,91,37,87,125,52,5
blue,31,38,33,76,109,74,154,125,17,71
red,101,38,121,76,100,36,124,125,51,5
blue,36,65,140,49,158,18,84,125,29,96
blue,101,142,155,52,14,90,40,43,136,128
red,91,37,89,29,53,95,40,125,116,70
blue,77,124,125,52,53,0,60,89,63,70
red,0,142,21,63,14,112,38,114,17,79
blue,91,65,159,51,5,37,60,32,76,74
blue,35,155,121,116,70,24,60,54,51,82
blue,98,27,143,29,53,43,60,121,76,96
blue,114,142,34,106,153,115,60,154,51,128
red,42,60,144,50,128,137,65,155,17,71
blue,0,104,155,76,14,112,60,1,24,80
blue,42,60,87,129,70,112,102,121,49,148
red,74,65,10,29,93,18,60,121,51,53
red,103,60,55,51,14,74,23,151,69,70
blue,41,60,125,69,27,37,65,155,29,53
red,39,60,155,17,53,110,27,19,29,71
blue,34,38,68,85,46,102,60,121,116,53
blue,43,141,155,51,5,0,111,124,76,66
red,74,84,129,49,53,112,58,159,17,71
red,0,38,143,136,128,59,91,110,29,74
blue,18,130,78,52,108,110,61,33,17,53
blue,18,84,124,9,70,86,74,33,116,153
blue,62,98,121,85,82,2,111,142,150,100
blue,0,65,59,51,16,42,142,55,49,53
red,115,26,151,51,70,121,38,101,120,4
blue,37,38,56,116,153,57,84,3,17,71
blue,88,107,83,17,160,90,84,101,147,128
blue,103,142,33,8,53,37,40,159,50,70
red,0,23,150,51,82,92,149,56,106,93
blue,36,104,56,29,74,143,149,110,51,70
red,47,38,2,51,74,18,77,143,29,70
blue,107,40,151,116,53,110,142,121,17,70
red,31,58,140,17,66,48,134,150,29,53
blue,65,26,15,17,93,2,149,150,52,4
red,48,27,121,129,14,152,124,94,8,128
red,127,27,150,106,93,110,107,3,69,120
blue,2,84,151,136,82,47,40,143,29,5
blue,62,27,151,76,128,59,38,55,51,30
red,0,65,1,29,99,101,38,87,150,5
red,59,58,125,29,53,74,154,155,24,128
blue,146,40,150,29,153,101,61,19,106,70
red,104,124,155,69,153,59,38,142,29,4
red,0,38,33,76,126,37,58,150,51,82
blue,48,142,19,52,126,72,60,121,17,53
red,150,40,121,29,53,0,65,1,17,12
blue,137,130,121,51,82,88,97,124,52,14
red,2,149,151,51,66,95,78,94,76,4
red,74,111,151,52,46,131,40,121,9,82
blue,56,65,155,29,5,101,84,132,51,99
red,48,65,1,51,153,131,58,121,17,70
red,144,40,121,51,93,107,58,155,76,128
blue,72,38,54,76,5,0,23,150,52,66
blue,81,38,2,76,4,112,107,151,106,74
red,101,44,64,106,16,18,84,110,76,82
blue,151,61,2,43,82,31,84,110,150,96
red,151,38,121,17,79,59,61,69,85,70
blue,0,13,105,116,30,144,65,151,106,99
red,110,40,121,133,158,74,61,155,17,79
blue,48,84,155,51,82,144,98,89,76,5
red,47,142,89,129,66,48,124,150,52,5
red,112,84,155,17,12,102,141,143,8,79
red,59,65,2,50,4,31,111,33,85,153
blue,25,84,101,8,128,104,61,19,137,93
blue,127,77,56,106,99,0,27,155,76,128
blue,22,23,151,9,93,18,27,142,51,4
blue,0,58,125,116,148,88,141,1,129,70
red,134,61,125,129,82,137,38,104,51,4
red,52,38,148,150,41,36,28,110,51,14
red,19,38,56,116,5,36,58,121,76,93
blue,58,61,33,29,53,74,92,11,51,109
red,57,38,121,49,14,107,23,151,150,82
red,31,67,47,51,93,110,38,121,69,5
blue,22,38,144,24,16,31,149,11,15,12
blue,31,23,48,51,45,59,84,110,29,4
blue,36,38,11,17,45,35,141,56,24,4
blue,62,58,33,116,128,0,40,57,52,5
blue,144,61,159,116,153,34,27,121,49,82
blue,110,40,55,29,53,22,142,26,8,153
red,110,23,121,8,126,103,26,151,52,5
red,107,84,151,29,14,59,61,155,49,122
red,95,155,19,85,119,31,40,1,24,14
blue,37,40,121,106,14,0,84,56,85,82
red,107,87,85,29,4,59,40,51,91,148
blue,31,38,19,29,96,0,65,121,69,148
blue,3,84,32,85,70,110,38,21,29,120
red,31,141,143,8,66,37,98,121,76,14
blue,0,54,110,109,119,151,84,26,76,118
blue,57,61,151,29,160,31,65,33,17,124
red,101,54,110,106,82,102,75,121,51,74
blue,48,23,101,49,118,110,60,19,17,82
blue,0,61,132,17,14,107,65,143,51,128
blue,149,38,64,17,79,37,61,13,8,15
blue,110,38,32,51,5,0,54,149,19,4
red,74,26,75,106,82,101,27,105,136,66
blue,107,84,151,8,128,78,38,159,29,96
red,131,65,159,8,128,31,61,114,116,45
red,31,98,11,17,79,41,149,73,51,5
red,18,125,6,76,74,31,75,159,52,128
blue,59,13,120,133,153,113,84,151,52,5
blue,31,84,151,147,96,47,142,2,69,126
red,31,149,148,137,16,103,44,11,106,82
red,151,61,33,29,53,107,75,140,51,153
blue,110,92,56,85,153,0,154,159,106,82
blue,31,23,150,8,4,55,58,101,116,128
blue,31,130,21,52,91,0,40,104,24,74
red,88,61,33,106,45,22,67,21,137,5
red,31,65,2,24,4,0,86,1,51,14
red,48,74,55,8,128,0,27,101,49,79
blue,31,26,101,52,128,0,23,2,133,82
blue,48,61,33,52,93,101,84,3,133,153
red,0,142,29,49,30,31,38,121,8,20
red,59,142,159,17,71,31,61,121,52,128
red,127,23,101,49,148,0,20,124,17,45
red,102,40,37,51,82,18,94,121,76,160
blue,59,27,150,52,46,36,74,0,129,99
red,144,13,68,51,66,48,27,121,106,82
blue,101,124,110,69,93,89,40,159,76,74
red,112,84,101,133,100,110,124,151,17,41
blue,0,61,33,129,30,31,67,154,24,66
blue,31,141,140,8,96,0,40,11,49,30
red,0,124,151,85,4,90,61,78,24,74
red,0,54,155,29,12,101,61,121,76,14
red,22,54,155,50,126,110,38,55,51,82
blue,103,130,26,29,82,0,102,11,85,153
blue,101,124,151,136,82,131,107,144,116,70
red,110,84,101,50,82,37,27,125,147,4
red,6,54,56,17,158,107,142,124,106,82
blue,47,65,121,76,100,59,27,151,51,82
red,22,37,94,49,139,34,38,140,29,9
blue,110,61,64,76,158,0,102,159,52,74
blue,31,27,20,116,9,59,13,64,29,53
blue,35,26,3,51,82,107,27,125,17,93
red,31,142,159,50,82,22,38,19,116,14
blue,74,58,110,49,12,48,154,2,17,30
blue,22,107,151,150,53,123,38,121,17,9
blue,31,149,140,29,153,103,27,0,52,5
blue,31,154,64,76,93,48,98,159,8,128
blue,59,38,89,52,4,47,61,2,29,12
blue,59,102,47,51,14,43,86,159,8,93
red,95,38,143,136,100,146,61,140,50,70
blue,74,94,120,63,70,122,38,121,49,99
blue,114,65,33,63,82,59,38,2,51,99
blue,101,84,43,51,14,134,141,121,156,80
red,18,134,121,51,14,22,13,1,17,128
red,134,54,34,52,70,102,125,1,8,100
red,74,65,143,41,93,54,61,142,136,16
red,36,65,143,51,41,74,38,1,29,153
red,74,84,101,85,41,34,58,6,51,14
red,103,98,136,41,138,18,92,114,29,71
red,110,40,121,17,160,103,65,2,41,12
blue,134,94,56,51,5,74,58,125,136,41
red,145,98,125,49,41,102,124,121,29,71
blue,72,58,143,133,100,121,98,47,41,66
blue,0,61,151,41,119,74,38,1,76,53
blue,20,155,91,116,122,151,27,150,51,41
red,48,84,142,41,4,104,60,143,106,53
red,31,124,22,51,74,104,113,151,116,41
red,18,38,3,76,120,0,84,101,51,110
blue,72,65,2,129,5,131,74,43,51,33
blue,31,87,56,51,82,0,38,132,106,99
blue,47,155,91,157,159,103,38,143,49,41
blue,101,124,133,29,12,0,155,132,17,41
blue,48,67,151,17,53,103,84,114,29,12
red,0,40,11,116,148,2,58,33,76,14
red,77,44,144,106,99,18,84,54,17,128
red,90,13,19,51,82,47,134,143,116,128
red,0,40,144,116,9,18,84,3,17,41
blue,0,154,121,51,126,101,54,94,85,111
blue,150,84,13,85,119,0,124,151,51,93
red,47,65,143,136,70,0,61,159,120,119
red,101,84,140,69,111,103,54,1,52,128
red,18,38,140,51,126,101,65,143,17,71
red,0,61,32,29,12,151,60,104,8,109
blue,131,27,94,29,12,0,40,125,124,82
blue,0,65,120,76,160,62,67,155,17,9
blue,39,84,94,51,70,18,23,151,76,128
red,131,84,64,8,128,18,111,33,17,160
red,0,38,151,76,160,112,27,143,69,80
red,18,98,148,137,70,102,65,1,85,93
red,18,23,159,51,79,0,155,143,9,100
red,18,23,125,29,53,0,40,33,129,153
blue,151,38,125,51,99,39,54,77,147,128
red,0,54,155,106,99,19,38,142,51,4
red,37,61,110,63,45,90,75,11,52,5
red,101,38,11,17,130,18,149,158,29,138
blue,0,84,143,50,128,43,46,140,76,93
red,18,75,37,49,66,0,54,110,76,128
blue,18,75,151,109,76,22,65,122,85,70
red,0,23,105,76,99,101,84,155,50,128
red,39,61,3,109,108,74,107,94,51,53
blue,90,84,33,76,14,34,38,139,116,9
red,39,44,86,137,66,115,65,121,109,9
blue,2,40,3,29,4,0,67,94,17,119
red,90,124,155,29,160,34,54,33,106,4
blue,18,26,43,147,93,62,124,94,17,160
red,18,124,43,51,82,114,47,158,49,53
blue,0,46,140,85,153,18,61,94,124,82
red,101,38,132,51,74,0,67,135,17,9
blue,39,38,121,29,93,18,141,1,76,53
blue,22,67,90,51,93,0,125,117,116,12
red,0,38,121,69,118,18,30,101,49,41
blue,110,27,121,29,93,154,75,1,129,70
red,18,54,121,8,74,123,13,143,51,93
red,47,26,125,17,79,0,84,104,8,128
red,19,13,94,9,93,0,87,121,51,82
red,0,38,87,51,41,101,65,64,76,4
blue,0,125,121,106,4,18,98,140,116,82
blue,18,125,1,51,16,82,65,6,116,74
red,18,60,6,24,53,0,124,91,49,74
red,0,125,2,51,45,38,124,91,116,74
red,47,67,151,106,82,0,58,2,147,93
red,74,84,32,51,93,18,142,36,85,153
blue,74,84,155,17,25,18,142,2,49,41
blue,18,54,43,76,66,34,26,159,147,119
red,74,23,142,52,93,0,60,121,116,128
red,110,13,121,116,153,67,84,91,51,111
red,110,38,121,51,14,154,30,129,106,128
blue,127,61,155,17,71,18,38,37,29,5
red,0,40,150,76,160,47,38,33,51,121
blue,90,60,121,8,79,101,125,144,52,126
blue,39,38,89,147,96,18,60,1,76,14
red,39,40,56,157,12,18,65,64,52,82
red,0,107,64,85,70,18,58,68,147,102
blue,102,134,33,8,153,18,124,125,51,41
red,144,40,3,51,14,18,60,159,17,76
red,37,61,143,50,70,0,40,11,51,153
blue,0,65,121,116,158,34,54,43,51,4
blue,62,142,32,129,93,0,13,64,8,15
blue,103,141,1,76,118,0,107,121,51,123
blue,18,40,33,52,5,48,38,122,76,82
red,18,142,124,52,74,134,67,155,120,82
red,36,75,132,24,66,22,142,105,76,153
blue,18,84,159,52,5,127,65,143,69,45
red,39,38,159,52,5,0,58,23,29,153
blue,2,40,155,29,53,103,141,104,51,12
red,115,142,11,52,16,36,67,151,8,12
red,37,65,121,76,70,59,38,143,17,71
red,34,124,121,136,53,18,58,55,17,120
red,47,94,124,51,120,102,38,121,106,100
red,102,98,105,147,96,2,38,151,76,74
red,48,141,54,52,126,0,98,64,17,121
red,104,84,155,133,93,48,40,89,19,66
red,47,98,11,8,128,146,65,121,49,96
red,0,37,11,150,4,90,6,149,43,93
red,155,38,13,29,25,0,23,110,8,82
blue,74,92,11,50,70,47,13,55,129,14
blue,0,142,55,29,9,56,92,11,52,160
red,90,38,121,106,5,56,92,42,76,9
blue,131,92,2,106,53,144,65,143,129,74
blue,74,40,121,136,66,2,92,131,51,99
red,34,111,121,51,93,131,65,1,116,14
blue,112,40,11,8,123,43,92,121,116,96
red,47,154,150,51,79,67,92,125,106,99
red,19,65,151,106,74,144,92,11,49,153
blue,36,124,159,17,14,112,27,43,63,79
red,31,61,151,116,126,154,125,140,51,128
red,48,113,155,49,14,59,84,125,51,71
red,121,84,151,129,82,74,65,55,51,5
blue,0,155,73,85,37,35,84,125,51,66
blue,0,40,2,147,148,102,65,104,8,33
blue,104,65,43,24,79,101,146,138,61,158
red,0,40,121,9,66,137,30,104,29,71
blue,0,91,151,76,9,117,61,83,8,128
red,91,84,11,17,71,0,104,155,50,70
blue,101,124,1,69,160,0,84,151,52,5
blue,22,40,143,106,74,151,38,43,29,159
blue,102,27,55,17,5,20,13,121,52,159
red,74,92,37,29,96,90,65,121,52,112
red,104,37,129,106,5,18,65,121,136,128
blue,31,61,121,8,100,43,107,140,17,71
red,48,54,121,50,93,92,117,21,17,9
blue,0,134,124,85,121,48,142,140,51,5
blue,36,37,94,106,5,121,142,0,85,160
red,2,61,121,129,14,19,65,140,51,5
blue,43,13,73,116,123,74,40,140,24,14
red,22,65,55,76,71,42,60,159,156,153
red,110,142,140,8,118,74,26,3,76,82
blue,48,74,143,50,109,62,84,3,17,79
blue,107,142,140,29,93,0,65,54,51,82
red,0,84,94,69,53,59,38,140,76,5
blue,0,92,144,116,153,18,65,33,129,4
red,42,141,140,106,148,92,61,64,51,128
red,113,142,140,8,128,47,23,121,29,79
blue,134,142,2,52,100,59,30,125,29,9
red,34,23,133,136,128,47,30,19,76,82
blue,20,61,43,129,82,47,149,121,29,53
blue,59,107,150,29,153,113,97,110,76,53
blue,37,26,0,133,12,144,61,2,17,9
red,112,38,3,19,82,33,75,151,63,70
red,47,61,64,76,96,101,58,121,106,93
blue,90,40,64,49,79,151,60,73,106,82
red,47,61,121,120,109,37,142,2,85,14
red,74,61,19,76,110,36,104,121,8,66
red,0,38,144,8,128,39,13,64,76,70
red,43,26,151,76,71,0,40,121,29,158
red,31,142,2,50,128,0,40,114,17,70
red,36,40,122,17,128,34,141,1,76,99
blue,88,61,121,29,153,0,107,64,76,53
red,72,107,64,8,96,0,58,143,51,5
blue,152,26,155,106,82,18,30,143,76,16
blue,0,44,121,136,109,112,23,150,147,14
blue,112,107,159,76,126,104,65,1,106,99
red,31,27,151,51,14,83,142,143,49,93
blue,19,61,33,51,82,2,38,35,52,74
red,101,84,3,51,99,151,94,2,8,53
red,34,98,143,76,71,2,65,140,51,82
red,34,38,143,49,99,110,124,101,85,128
red,107,126,121,150,74,131,142,124,129,93
red,34,141,25,76,74,107,142,124,8,153
blue,43,142,140,29,93,0,102,121,147,53
red,90,111,159,76,6,3,40,121,51,96
red,37,38,33,51,9,146,58,144,106,160
red,19,44,43,106,5,101,38,143,51,93
blue,150,23,151,52,126,146,58,159,120,12
red,47,61,124,51,5,20,84,125,29,93
red,88,61,121,8,153,146,27,155,76,82
blue,110,74,43,116,53,88,102,159,51,82
red,151,84,121,76,53,115,54,48,8,70
blue,146,61,32,49,160,72,60,89,51,74
red,146,74,155,51,14,104,98,151,17,66
red,88,40,150,52,5,95,142,159,8,128
blue,88,40,143,76,82,134,111,94,49,93
blue,34,74,124,17,160,88,40,121,15,110
blue,0,75,122,24,14,146,125,132,106,6
red,36,38,1,106,100,102,39,123,29,70
blue,123,74,64,8,128,101,84,159,29,153
blue,123,65,140,129,82,0,26,155,85,153
red,112,38,122,51,82,123,124,150,29,96
blue,48,77,33,76,45,123,38,56,50,128
red,90,107,150,85,153,134,84,91,29,53
blue,123,74,121,17,96,57,142,140,29,53
blue,123,61,124,156,153,18,65,159,51,70
red,123,142,68,51,30,88,65,64,85,96
red,110,40,159,51,93,123,58,23,116,12
red,103,84,121,8,99,123,23,155,76,74
red,123,65,23,17,79,150,124,121,50,93
blue,123,84,151,17,12,78,38,64,106,74
red,90,27,150,69,70,123,61,121,129,96
blue,123,40,143,52,5,74,54,150,9,119
blue,151,58,124,51,74,31,28,43,137,82
red,107,75,151,76,100,88,38,144,17,71
blue,62,98,2,24,93,0,38,140,106,126
blue,104,65,64,17,71,90,26,75,29,159
blue,84,107,110,29,153,0,124,155,51,70
red,18,61,2,85,74,31,38,121,50,128
blue,31,142,159,51,18,114,65,132,76,100
red,47,65,159,76,5,121,142,151,49,158
blue,35,61,143,116,124,94,38,68,29,153
red,113,65,56,52,5,127,107,140,51,12
blue,101,23,114,51,128,31,154,104,116,93
red,137,146,143,76,45,36,38,21,29,93
blue,107,61,122,29,100,104,38,21,17,71
blue,107,142,140,120,109,0,38,121,24,128
blue,59,40,132,50,128,18,38,121,17,12
red,0,92,11,24,53,62,13,143,52,99
red,113,61,110,8,70,18,40,11,51,14
blue,65,61,10,29,12,0,142,11,8,14
blue,110,84,151,51,82,107,40,121,106,120
blue,62,38,104,51,5,102,65,1,76,153
blue,22,38,2,29,16,113,61,159,116,128
red,0,40,121,17,126,152,38,68,49,128
blue,16,130,148,29,96,34,61,121,17,82
blue,103,87,0,106,45,18,84,33,76,66
red,127,65,55,51,37,90,27,110,29,128
blue,72,142,120,51,66,48,30,151,147,71
red,36,54,34,29,96,107,65,121,76,93
red,47,60,143,129,5,145,142,26,156,153
blue,78,46,151,76,70,74,60,159,17,138
blue,95,13,143,17,153,110,141,144,24,93
blue,19,13,140,8,100,34,113,151,52,6
blue,43,38,55,76,123,0,142,32,136,53
red,110,38,143,24,14,101,111,2,136,74
red,88,40,56,85,53,110,65,143,133,153
blue,104,61,132,69,154,3,74,143,76,153
blue,34,26,143,147,80,74,142,55,17,79
red,88,74,43,8,158,101,44,33,24,109
blue,36,74,143,116,158,78,26,94,106,99
blue,88,38,140,116,153,90,40,143,51,14
red,101,65,3,51,126,47,38,72,69,153
blue,36,111,159,85,82,92,58,89,29,74
red,2,94,54,51,93,121,61,110,124,109
red,95,27,155,8,128,31,65,104,17,160
red,112,65,32,69,153,47,124,143,29,130
blue,0,46,54,106,4,112,61,143,17,83
blue,123,38,121,106,66,0,98,159,85,99
blue,37,142,143,24,5,121,98,1,17,128
red,74,38,143,29,70,95,65,19,156,160
blue,112,65,6,51,91,117,61,94,52,5
blue,54,98,75,8,70,114,74,159,76,108
blue,3,98,89,129,5,102,65,68,8,9
red,34,38,89,29,12,151,98,105,51,82
blue,31,23,125,76,128,59,61,159,29,9
red,0,77,121,17,30,72,149,3,9,70
red,31,30,11,29,70,74,13,32,116,12
red,72,92,121,51,5,134,65,2,76,14
blue,0,111,64,116,70,22,38,140,85,12
red,72,40,23,51,107,0,30,11,52,142
red,11,38,101,49,124,19,142,18,120,119
blue,39,61,121,29,53,152,91,143,52,74
red,0,102,143,106,153,18,113,11,49,148
blue,0,40,104,51,93,62,154,121,29,53
red,88,38,2,17,139,36,84,19,9,53
blue,31,98,64,120,93,0,65,143,49,128
blue,62,98,159,106,14,88,142,121,17,79
blue,72,13,131,106,74,39,27,101,51,66
red,78,65,101,49,15,0,124,43,76,33
blue,137,141,1,106,4,74,142,121,85,5
red,18,23,110,8,70,2,38,32,136,109
blue,0,23,2,63,70,103,38,30,51,74
blue,31,75,33,8,53,101,111,121,9,70
red,31,102,121,49,53,112,40,142,76,99
blue,134,61,144,106,99,101,149,121,29,4
blue,101,84,125,49,14,112,94,11,76,93
blue,112,40,11,106,74,101,65,64,76,128
blue,123,117,151,147,96,135,28,110,156,70
blue,110,92,121,76,153,18,38,11,137,70
red,112,23,150,137,118,78,40,121,76,153
red,42,44,94,51,119,22,84,91,147,79
blue,43,54,151,116,153,0,84,120,17,148
blue,25,97,121,63,128,107,38,2,17,5
red,18,84,135,17,53,127,40,11,29,153
red,134,67,151,116,53,81,65,21,29,127
blue,47,58,3,109,74,154,98,140,8,128
blue,78,92,121,49,160,151,84,110,52,74
blue,65,84,101,106,82,59,117,43,51,119
blue,137,117,3,17,12,31,142,1,8,100
blue,59,65,121,29,53,31,38,2,109,74
blue,0,26,151,69,12,110,44,121,116,74
blue,74,37,125,17,53,151,98,121,24,93
red,34,97,64,76,5,42,23,3,51,14
blue,0,84,151,51,93,42,107,121,150,82
blue,43,60,121,29,14,90,13,11,137,128
red,74,75,121,8,100,110,65,150,51,92
red,149,40,121,136,96,103,75,33,51,14
blue,123,87,121,24,80,144,75,151,116,153
blue,48,58,121,17,79,101,84,64,24,14
blue,110,58,11,136,70,31,154,143,24,153
blue,31,26,110,129,153,43,65,121,136,5
red,90,75,11,136,5,101,84,114,69,112
blue,90,125,104,52,5,48,61,64,136,70
blue,43,65,1,51,82,114,58,121,136,119
blue,131,27,121,29,70,18,125,11,24,82
red,22,74,6,17,79,19,107,151,136,45
red,39,84,91,136,14,97,26,94,116,153
red,36,111,150,29,120,0,67,2,51,66
blue,0,142,148,51,82,59,86,64,17,79
red,121,75,0,116,128,109,47,150,51,93
red,112,13,121,17,53,78,38,64,116,158
blue,41,75,101,136,160,125,27,59,9,53
blue,90,75,94,116,148,3,54,91,76,82
red,104,124,157,51,96,47,67,151,24,100
red,41,75,121,147,100,22,13,2,51,82
blue,31,40,2,49,128,104,26,151,85,124
blue,31,84,150,8,53,0,87,43,136,128
blue,31,61,15,133,92,25,38,110,85,128
blue,43,107,1,9,100,36,27,155,29,70
blue,47,65,140,52,119,36,94,132,51,100
red,48,65,56,85,100,47,40,2,51,82
blue,34,61,1,69,100,35,38,68,51,82
red,112,13,155,51,100,144,98,140,29,160
red,62,54,1,29,100,145,98,10,76,74
red,18,98,105,52,5,0,92,121,24,99
red,0,27,110,76,16,18,60,121,8,53
red,47,38,140,51,74,121,65,151,136,119
blue,101,130,56,50,128,18,60,2,8,99
red,0,46,159,29,12,22,13,140,51,9
blue,36,27,3,17,53,22,26,132,29,70
red,31,107,151,51,93,0,154,121,76,160
blue,18,155,143,24,160,0,87,75,29,119
blue,115,65,159,63,66,31,84,121,76,70
blue,92,61,140,136,74,115,27,3,52,93
red,59,61,151,51,93,74,38,78,29,96
red,0,61,159,85,82,113,38,3,106,153
red,113,54,125,52,5,0,44,34,51,100
red,115,84,11,76,14,3,23,151,136,109
red,107,84,142,51,82,0,38,144,50,70
blue,154,65,143,51,93,48,26,2,116,153
blue,72,104,125,51,82,131,65,1,136,6
red,34,124,121,76,74,57,38,151,52,128
red,2,40,155,9,5,0,149,89,29,53
blue,101,84,121,51,74,145,149,2,69,99
blue,74,149,64,24,82,47,84,151,9,154
blue,101,104,125,49,93,102,40,2,106,82
blue,31,130,121,76,16,22,37,143,52,5
red,112,92,151,51,82,72,102,140,116,12
blue,144,97,124,29,153,36,84,35,156,109
red,48,38,159,29,119,0,65,132,49,53
red,0,102,121,76,53,48,40,104,49,153
blue,104,58,158,137,66,101,65,114,51,14
red,88,61,121,85,5,54,38,48,106,82
red,31,61,124,129,74,0,38,64,76,12
red,0,38,2,17,82,31,58,159,133,74
red,78,38,140,106,96,18,40,151,15,74
red,31,38,122,29,112,0,13,19,51,4
blue,31,111,151,17,160,0,142,2,52,99
blue,83,58,11,8,128,39,38,143,29,12
red,39,40,56,51,76,22,84,125,85,53
blue,31,84,121,69,153,101,23,151,52,100
red,127,65,32,49,12,88,58,159,17,53
blue,59,65,33,136,128,110,155,64,17,12
blue,74,65,121,76,93,39,87,151,50,128
blue,31,40,140,24,154,102,61,159,49,99
blue,31,98,159,24,14,154,61,2,51,4
blue,81,38,121,24,9,74,92,143,29,53
blue,74,60,125,51,82,18,37,104,17,12
red,101,27,125,106,79,134,38,33,51,4
blue,90,87,77,8,153,0,38,2,51,76
blue,20,38,77,120,14,18,142,105,17,12
red,33,23,77,29,12,74,38,120,51,154
red,31,26,151,51,93,114,60,77,106,119
blue,30,142,131,116,9,2,38,77,76,14
red,154,84,77,29,53,151,125,33,51,99
red,77,84,59,8,100,36,124,65,51,82
red,0,23,77,52,96,114,40,121,76,5
blue,112,61,77,51,122,34,84,155,76,153
blue,56,46,59,136,70,77,65,1,51,74
red,31,60,159,8,128,37,107,77,106,74
red,18,30,143,50,128,145,124,77,109,12
blue,36,84,77,116,119,47,154,1,51,5
blue,0,75,144,76,14,47,124,77,129,153
blue,36,67,77,76,5,74,38,121,49,123
red,62,54,125,29,77,101,38,64,51,93
red,0,111,159,50,128,19,107,77,51,83
red,22,58,77,8,100,110,60,55,51,74
blue,95,134,151,51,91,101,13,77,49,54
blue,22,84,77,106,74,101,91,33,116,54
blue,62,38,139,116,82,151,27,77,51,93
blue,34,54,77,52,74,101,142,121,51,158
blue,110,74,43,51,160,146,38,77,29,119
red,117,124,77,76,159,92,142,121,17,119
blue,112,142,93,29,153,31,58,77,69,74
blue,144,98,143,136,114,127,65,77,133,96
blue,78,38,77,136,74,90,58,10,116,14
red,88,84,77,147,153,74,134,150,51,93
blue,47,75,121,51,160,92,23,77,29,79
blue,74,23,77,51,100,47,54,150,17,4
blue,131,27,151,116,53,0,13,77,69,9
red,0,27,77,76,93,151,26,11,29,14
red,24,84,105,69,93,151,134,143,76,77
red,22,67,77,116,128,107,61,124,29,160
red,31,23,43,106,128,78,142,77,51,9
red,47,84,77,76,74,151,38,64,51,14
blue,107,111,77,133,79,0,149,2,50,82
red,113,84,77,51,93,19,141,154,76,82
blue,90,134,122,51,158,2,65,77,52,96
red,134,27,101,52,5,151,84,77,51,15
red,22,40,124,29,12,102,65,77,24,100
blue,0,98,77,24,70,107,40,2,51,93
red,95,142,11,51,37,2,154,77,76,93
blue,0,141,64,51,93,37,84,77,29,79
red,123,61,77,76,100,90,74,1,51,128
red,90,98,77,85,83,107,61,64,76,153
blue,0,54,151,15,53,37,154,155,52,119
red,151,107,121,51,14,72,98,140,88,93
red,47,13,122,52,100,2,97,124,136,96
blue,0,65,143,51,82,47,74,55,8,70
blue,112,75,132,29,12,102,111,104,76,66
blue,36,142,89,106,5,101,38,121,51,4
blue,120,98,159,29,100,18,61,143,51,82
blue,43,65,29,52,82,74,58,94,76,99
red,22,38,159,29,5,0,141,121,51,82
red,31,84,3,17,71,131,61,159,8,53
blue,131,124,150,116,9,104,65,143,24,100
red,137,98,56,51,16,112,102,33,69,153
blue,151,38,104,52,100,31,154,132,51,82
blue,65,79,83,29,53,90,84,56,52,41
blue,90,46,89,116,71,121,107,110,17,5
blue,37,142,56,51,110,59,61,105,150,82
blue,48,84,121,29,53,37,54,129,49,82
blue,154,98,121,29,53,18,65,33,51,70
red,90,54,151,69,70,142,67,110,106,93
red,151,27,121,9,5,65,40,2,50,96
red,151,44,124,85,93,150,84,94,49,70
blue,90,13,159,51,74,48,27,151,29,53
red,114,27,6,137,108,37,77,124,17,5
blue,22,84,94,76,93,37,58,155,129,100
blue,6,65,151,8,119,88,84,94,51,14
blue,3,142,1,51,99,104,27,43,76,70
blue,112,65,11,29,120,34,23,110,51,96
red,145,149,64,129,92,31,26,101,52,96
red,34,74,159,29,53,22,124,121,106,82
red,74,142,114,116,153,121,124,101,137,138
blue,110,124,101,51,14,0,30,151,106,82
blue,37,26,3,76,74,47,146,2,51,53
red,110,65,121,133,14,107,26,143,51,93
blue,0,40,54,9,82,31,26,94,156,153
blue,18,65,1,51,14,47,54,3,8,128
red,11,65,64,76,74,101,13,1,51,93
red,34,27,159,29,96,88,65,1,17,5
blue,78,97,89,52,123,144,65,122,8,128
blue,0,124,65,76,112,151,142,26,51,91
red,83,124,0,52,128,103,107,9,51,5
red,110,84,64,9,53,134,65,0,129,14
red,0,98,150,120,4,48,38,33,17,82
blue,145,75,11,51,66,68,84,101,52,14
red,112,84,110,52,5,74,38,143,9,70
red,152,65,64,29,108,18,74,2,9,70
blue,42,40,148,106,154,131,27,151,29,53
red,88,54,91,147,120,74,60,121,51,128
red,104,38,94,17,82,0,54,155,49,139
red,137,40,132,52,5,0,98,124,136,66
red,3,38,121,49,153,34,124,110,17,80
red,35,98,121,51,100,131,84,11,29,126
blue,3,98,56,51,5,22,124,140,52,128
red,0,130,56,29,53,151,84,31,51,82
blue,151,130,140,49,148,131,54,3,29,153
red,110,26,142,17,79,114,111,144,29,53
red,48,130,121,24,139,110,124,33,76,9
red,101,84,132,17,79,19,54,151,69,158
blue,39,61,121,69,130,74,111,138,85,108
red,47,107,33,51,14,101,111,2,49,64
blue,65,61,101,51,124,22,26,110,29,70
red,104,61,101,129,5,25,65,121,76,16
red,2,46,3,76,93,22,13,64,51,53
red,31,38,143,69,93,144,65,122,29,70
blue,151,124,121,51,74,0,38,104,116,5
blue,110,84,121,137,82,37,92,122,106,99
red,43,65,144,29,153,83,142,159,49,93
red,31,130,154,136,53,18,65,159,51,99
blue,0,58,121,8,128,101,84,125,85,153
blue,18,65,56,29,9,144,98,129,156,160
blue,43,77,64,17,53,19,65,6,49,108
red,144,38,6,51,5,110,84,114,129,82
red,110,84,151,76,74,107,65,89,29,53
blue,0,142,110,157,14,18,38,132,116,96
blue,121,98,20,106,66,59,58,151,52,37
blue,131,38,1,136,70,0,65,139,51,82
blue,102,65,1,63,70,31,30,140,17,128
blue,107,13,1,133,70,43,38,19,106,5
blue,34,142,2,76,153,43,46,143,29,70
red,34,87,140,129,5,18,46,1,17,53
blue,22,87,123,29,14,74,27,94,156,70
blue,31,37,143,106,5,47,65,155,51,70
red,103,65,140,116,118,112,38,143,136,70
blue,102,146,121,156,53,22,67,155,116,70
red,75,65,121,136,70,0,38,143,51,93
blue,127,13,89,76,12,107,54,75,133,70
red,56,84,43,29,70,2,125,101,8,5
blue,36,84,143,51,82,127,65,151,29,30
red,137,30,26,8,118,134,84,155,85,53
red,47,30,142,116,70,92,102,151,106,5
blue,154,46,26,51,99,110,30,11,52,37
red,121,30,110,51,120,90,107,56,8,70
blue,101,30,144,106,5,0,130,6,29,70
red,59,30,150,106,82,0,84,68,76,71
red,35,30,131,51,64,18,27,155,106,100
blue,121,84,149,129,96,151,26,48,51,93
red,135,38,2,129,107,101,58,121,51,82
blue,154,61,64,51,14,121,38,155,116,153
blue,22,54,2,116,74,143,38,151,29,159
red,62,65,64,51,14,110,61,124,29,53
red,110,102,56,29,53,18,146,140,51,5
red,22,27,150,76,72,36,84,110,51,70
blue,95,38,64,8,14,74,155,143,76,148
blue,34,38,2,29,41,110,61,64,17,71
blue,22,124,91,122,74,110,61,75,15,80
red,22,38,121,110,108,35,84,1,29,70
red,74,61,110,52,82,18,107,121,51,5
red,72,27,121,24,82,31,124,143,50,12
blue,0,38,32,17,82,48,125,69,19,14
blue,22,84,7,85,109,137,75,23,133,14
red,36,84,114,9,74,112,13,121,51,64
red,115,13,122,9,99,107,65,56,106,93
blue,78,142,121,17,158,74,84,151,51,93
blue,59,130,151,106,100,88,54,94,50,70
blue,0,107,2,129,4,59,13,125,109,74
red,74,142,2,116,82,36,125,143,76,153
red,18,125,73,29,74,0,84,71,106,82
red,48,141,2,106,99,59,61,58,147,100
blue,101,84,151,116,66,131,65,143,51,74
blue,0,155,148,76,128,101,84,104,52,5
blue,61,26,110,129,74,0,84,121,51,14
blue,101,40,150,147,82,152,142,11,106,5
red,37,84,94,17,12,0,61,6,51,70
red,22,61,140,17,53,0,77,120,69,153
red,18,38,140,51,16,103,75,6,76,82
blue,103,54,151,51,128,18,38,6,49,160
red,54,142,143,49,153,144,65,55,69,53
red,101,84,125,15,93,42,27,32,51,82
blue,18,54,13,29,5,101,84,122,51,93
blue,39,38,150,76,110,101,54,125,52,99
red,22,84,125,24,4,134,13,121,52,126
red,0,13,43,24,54,134,65,121,50,70
red,134,38,121,24,74,70,61,91,76,82
blue,31,74,94,29,119,158,107,40,76,5
red,110,23,93,63,70,0,98,2,136,128
red,134,91,73,29,74,0,61,104,106,14
red,59,65,11,24,126,46,98,56,29,14
blue,74,61,2,69,93,47,142,64,76,100
red,74,142,140,8,5,37,38,143,133,70
blue,18,26,105,129,128,134,38,104,116,12
red,0,27,3,69,119,134,38,151,136,128
red,101,26,91,17,158,34,142,55,24,14
red,59,65,142,24,12,107,84,110,76,74
blue,81,153,64,61,70,3,84,155,147,96
red,36,84,6,9,53,43,102,140,76,119
red,34,38,122,69,153,110,65,64,8,128
blue,103,65,1,116,153,92,84,141,50,128
red,92,58,56,17,79,151,23,121,51,14
red,47,13,83,29,79,34,37,150,17,4
blue,74,142,83,51,66,0,54,92,106,99
red,88,87,150,8,119,154,40,121,49,160
red,112,92,19,51,82,104,94,121,106,93
blue,34,54,110,49,53,37,38,33,29,5
blue,78,65,125,106,66,19,13,104,63,70
red,92,38,143,63,70,90,61,32,76,99
blue,31,142,143,69,70,0,38,1,76,128
blue,25,67,143,106,110,74,38,6,137,96
red,151,141,132,17,71,36,60,64,76,74
blue,74,40,1,51,82,34,65,143,24,128
blue,34,23,150,51,158,36,40,155,29,71
blue,18,30,150,51,99,115,54,155,76,93
red,146,77,159,51,66,18,61,121,69,70
blue,92,74,11,50,71,2,98,124,129,70
blue,34,13,143,49,139,151,26,64,17,128
red,92,142,64,49,148,134,26,94,51,99
red,48,92,140,17,12,36,84,91,129,93
red,34,13,159,106,82,38,40,55,17,153
red,36,142,2,29,82,34,84,151,51,79
red,92,142,159,85,70,48,54,2,51,66
red,43,13,143,133,123,34,38,55,116,128
blue,121,65,115,8,128,151,84,74,49,12
red,74,65,32,51,128,81,58,121,69,153
red,43,61,56,15,53,0,124,1,76,5
blue,18,142,121,133,96,0,38,2,52,100
red,107,23,150,76,14,112,142,1,133,109
blue,92,84,1,29,53,34,61,140,106,100
red,59,40,2,133,96,3,30,94,106,74
red,48,58,89,85,74,0,154,94,17,100
red,69,37,11,116,153,34,60,2,85,4
blue,151,61,121,51,74,107,40,143,49,160
blue,0,84,94,147,70,48,125,140,85,153
blue,39,58,1,85,128,57,65,121,129,70
blue,31,65,132,129,153,0,84,155,85,4
blue,57,54,151,29,109,39,38,1,116,53
blue,74,75,121,76,30,47,27,142,24,93
blue,48,38,64,76,70,104,65,94,17,12
blue,114,61,143,8,128,34,98,33,29,41
red,84,61,33,29,53,37,65,121,17,71
red,151,40,133,106,126,101,61,124,8,14
red,158,46,89,51,126,149,155,8,19,93
blue,22,124,121,51,4,90,38,122,17,160
blue,74,54,155,106,93,43,124,151,29,66
blue,0,28,2,51,74,62,61,110,19,128
blue,112,84,3,29,14,36,28,121,116,128
blue,43,91,143,147,9,0,38,121,49,53
blue,78,38,121,49,153,59,155,55,116,119
red,0,65,32,76,82,101,58,143,106,5
blue,74,86,32,51,128,13,38,6,76,119
blue,13,142,121,106,4,74,146,155,129,5
red,0,124,94,8,128,74,84,65,24,66
blue,107,98,121,137,153,127,26,94,51,4
red,131,102,155,8,53,127,65,64,51,82
red,0,97,124,136,14,110,26,121,24,123
red,47,75,2,17,53,35,154,132,24,82
red,0,58,56,51,82,102,142,132,109,160
red,151,65,6,29,53,18,124,131,76,82
blue,137,154,54,29,158,31,40,121,106,82
red,0,58,64,29,53,104,141,159,76,4
blue,104,38,152,29,37,107,98,140,106,93
blue,47,58,132,51,82,83,124,43,136,70
blue,88,86,19,51,74,59,58,104,50,14
red,0,54,110,29,70,48,58,33,106,82
red,48,124,101,49,45,112,74,151,17,82
red,151,65,121,49,160,34,142,6,51,119
red,2,98,0,76,74,31,38,33,51,66
red,0,74,11,76,128,107,61,144,51,110
blue,101,130,109,52,82,107,65,73,29,53
red,22,142,124,17,160,0,38,140,106,66
red,74,38,32,29,12,86,84,33,76,53
red,37,111,89,17,71,135,84,11,106,79
blue,78,61,13,52,5,35,134,143,51,100
blue,91,61,33,116,9,0,60,124,136,119
blue,107,40,104,51,126,0,142,2,116,5
blue,154,65,121,29,120,62,27,20,51,82
blue,19,23,150,29,41,0,84,3,106,4
blue,101,84,140,106,100,112,107,33,17,124
red,35,65,159,51,91,37,26,94,116,70
red,59,65,151,15,99,47,38,159,29,16
red,48,65,143,24,70,101,84,11,76,9
blue,48,84,155,76,93,0,107,124,51,82
blue,123,61,2,52,126,78,84,125,51,74
blue,0,38,143,8,100,88,58,2,29,9
blue,72,84,121,17,53,20,38,19,52,5
red,0,65,33,106,93,48,142,121,29,153
blue,102,75,132,24,91,0,65,23,29,153
blue,117,13,121,8,82,22,58,143,51,99
blue,144,74,3,116,82,159,84,92,51,66
blue,102,65,140,51,66,103,142,54,8,16
red,18,38,121,29,119,0,60,56,51,82
blue,74,75,94,17,100,110,28,159,24,66
red,101,61,151,15,4,92,124,150,51,11
blue,92,84,43,116,89,112,38,11,51,100
blue,18,65,139,51,128,39,23,150,69,126
red,92,65,143,9,12,34,84,33,52,53
red,48,65,132,106,99,115,142,143,29,66
blue,105,27,94,50,96,0,107,121,52,93
blue,72,65,54,29,41,95,142,143,17,71
blue,90,47,155,8,14,2,74,43,17,79
red,113,65,159,29,53,22,38,104,49,128
red,88,38,11,50,82,0,65,64,24,100
red,101,65,140,51,5,88,61,56,106,82
blue,112,23,121,106,82,92,125,150,51,154
red,22,94,142,51,53,48,65,155,19,5
red,115,38,55,29,53,103,40,56,17,82
blue,0,27,121,29,53,103,58,54,76,119
blue,134,23,150,49,99,92,124,151,76,9
red,91,54,159,106,82,34,154,140,51,14
blue,112,87,159,116,153,144,65,64,29,53
red,0,40,89,106,82,18,38,26,8,71
blue,43,27,104,17,128,91,84,3,136,79
blue,52,40,43,51,53,88,74,121,116,153
blue,72,124,155,116,153,59,91,94,51,5
blue,0,60,104,51,66,31,113,125,8,99
blue,0,149,11,24,5,43,61,104,29,37
blue,101,124,125,8,126,131,38,121,17,12
red,3,27,121,51,14,0,67,151,76,128
blue,0,84,132,52,5,107,124,150,29,119
blue,48,142,54,17,12,103,27,110,106,126
blue,0,40,89,106,82,127,154,151,52,100
red,90,84,133,50,126,101,27,138,17,160
blue,107,61,87,157,9,31,111,43,136,70
red,101,61,121,106,93,36,58,33,49,119
blue,101,65,23,51,5,31,26,155,29,153
red,34,77,64,51,5,39,65,155,129,153
red,110,65,2,106,14,0,74,140,51,128
blue,101,84,33,51,74,53,75,110,116,100
blue,0,54,140,51,14,62,38,64,52,74
blue,22,38,143,85,70,62,154,124,106,99
blue,131,94,11,116,30,102,38,121,50,128
red,112,38,151,49,53,43,84,121,8,128
red,53,154,151,24,79,117,58,2,50,14
blue,151,124,121,51,153,112,92,3,157,91
red,158,38,94,116,53,121,142,65,8,66
blue,0,58,159,51,153,36,60,133,116,53
red,0,58,2,52,5,31,54,121,76,16
red,112,40,151,17,41,0,84,121,116,128
blue,47,142,2,14,116,42,102,65,76,66
blue,143,58,150,51,128,3,61,121,106,99
red,104,65,121,17,93,151,5,155,156,120
blue,43,38,1,24,82,48,142,2,19,128
red,22,38,121,116,70,102,75,68,76,5
red,0,65,1,17,71,92,61,132,76,119
blue,59,38,140,116,96,91,40,143,51,110
red,59,13,159,106,5,48,77,83,50,16
red,35,23,49,76,4,59,65,43,29,5
blue,35,13,2,51,82,102,84,3,17,53
blue,0,54,143,85,109,113,61,21,29,53
red,48,142,159,9,6,31,38,89,29,74
red,62,124,93,76,5,0,27,43,51,108
blue,0,142,121,8,4,43,40,11,52,100
red,62,30,11,50,12,0,142,140,51,5
blue,0,75,159,136,16,92,125,73,8,128
blue,31,26,155,17,12,0,74,43,51,5
blue,22,111,2,76,5,135,37,43,29,53
blue,0,65,2,49,82,83,38,54,8,123
red,101,58,140,106,45,0,134,143,51,33
blue,0,84,140,106,74,37,58,55,17,79
blue,74,58,59,8,82,48,27,143,17,12
blue,59,58,43,106,100,47,92,138,51,82
blue,92,61,158,49,53,122,107,43,29,109
red,36,154,43,29,79,0,92,21,8,83
red,43,107,121,116,79,18,23,150,137,14
blue,2,84,59,24,74,0,86,140,69,153
blue,0,75,121,24,66,43,65,114,85,4
blue,112,125,43,8,70,35,38,2,51,66
blue,0,88,43,51,93,37,141,1,50,128
red,0,26,43,52,99,57,155,83,51,14
red,101,84,121,50,96,0,38,32,51,93
red,101,107,19,129,93,47,44,155,69,53
red,112,75,105,8,100,91,54,43,76,70
blue,22,124,140,52,66,101,84,155,51,14
blue,18,61,121,156,153,78,13,43,17,128
red,31,124,43,49,5,0,61,6,50,70
blue,113,75,6,76,82,101,23,43,116,126
blue,78,86,43,24,100,146,60,114,147,37
blue,103,38,1,116,153,15,26,43,69,16
red,145,92,43,147,154,47,38,64,51,82
blue,18,87,150,49,53,145,30,64,51,15
red,137,102,43,49,154,72,54,94,17,71
red,110,84,43,51,14,75,125,33,29,76
blue,145,54,43,8,74,2,65,31,51,82
blue,145,27,2,50,91,88,74,43,29,53
blue,140,30,31,8,128,0,54,43,17,14
red,31,54,151,49,53,102,117,43,76,100
blue,42,117,1,51,5,146,84,43,136,128
blue,36,40,1,24,100,25,75,43,29,99
blue,92,84,69,136,5,48,23,43,76,128
blue,20,79,121,50,70,43,84,150,17,5
red,31,117,26,29,108,0,65,43,50,158
blue,37,23,43,9,70,101,38,2,51,5
blue,72,86,43,49,9,110,26,155,51,160
red,114,61,43,50,70,19,38,11,17,119
red,37,65,11,76,120,87,75,43,122,108
blue,19,60,1,29,160,114,98,43,49,15
red,41,87,150,116,70,22,84,0,24,128
blue,74,26,43,17,100,103,149,143,29,53
red,152,27,3,49,111,101,26,6,116,158
red,2,65,43,17,14,22,94,56,24,128
blue,104,58,43,106,93,127,38,1,51,74
red,115,23,150,17,80,42,58,154,29,121
blue,101,38,43,157,4,36,117,121,24,66
red,37,67,43,51,160,131,142,121,116,112
red,74,54,43,69,153,0,92,56,76,66
red,0,84,43,116,66,18,124,19,137,53
red,74,92,43,69,154,104,58,140,133,153
red,101,61,121,76,159,104,98,43,9,79
red,37,38,125,49,148,31,65,132,50,128
blue,59,65,124,29,12,31,87,43,51,14
red,47,84,110,17,79,43,65,59,8,82
red,59,142,140,8,70,35,67,43,52,74
red,22,54,43,137,14,110,142,64,147,82
red,127,58,64,9,128,121,60,43,49,74
blue,18,40,121,51,14,134,65,64,43,82
red,115,27,43,8,128,34,65,143,51,5
red,22,40,43,29,77,0,61,23,116,111
red,18,27,43,50,70,0,65,64,69,153
red,112,142,140,133,14,90,23,43,49,139
red,154,84,155,137,82,74,142,144,29,53
red,74,65,143,129,153,18,142,151,19,6
red,0,58,54,136,16,37,38,55,24,82
blue,131,13,68,50,100,145,38,2,85,153
red,6,38,121,106,154,2,61,142,116,96
blue,31,98,56,116,79,65,142,159,106,82
blue,74,125,79,76,122,120,102,151,29,153
blue,62,84,125,29,121,88,61,70,137,4
red,59,149,143,51,53,54,38,70,8,5
blue,110,84,121,69,53,47,154,124,51,153
blue,92,38,55,29,16,101,27,3,17,53
blue,144,65,120,69,9,0,84,110,51,99
red,112,26,140,51,14,20,23,151,106,53
blue,135,102,121,106,82,114,65,125,51,96
red,22,46,33,133,41,95,38,159,147,93
blue,47,54,32,116,82,36,84,125,51,91
red,104,38,33,106,82,22,84,64,29,66
blue,3,58,143,51,100,22,38,144,29,53
blue,58,98,140,51,12,59,94,114,9,109
red,90,61,143,116,82,0,142,2,8,79
red,43,30,151,51,66,41,74,120,85,4
red,53,65,124,51,93,112,30,64,129,14
red,34,84,121,51,96,107,141,140,52,128
red,78,84,43,52,70,104,65,143,51,82
red,115,23,150,29,5,34,26,121,106,93
blue,31,65,56,51,14,110,27,155,69,128
blue,88,124,151,85,128,31,74,2,106,82
red,31,84,155,8,12,74,65,151,51,14
blue,31,84,143,29,148,117,98,133,116,82
red,47,84,3,51,82,0,142,64,8,25
blue,0,65,138,106,66,22,13,140,51,82
red,81,40,121,51,79,74,30,151,156,153
blue,101,54,159,137,16,112,13,125,106,82
blue,101,84,1,106,100,74,38,64,51,82
red,117,40,33,133,82,74,38,155,157,153
red,18,84,155,29,46,103,65,43,76,12
blue,0,145,140,8,118,91,65,64,51,14
blue,81,60,56,51,96,22,13,55,29,93
red,146,125,140,51,82,31,23,91,52,5
blue,48,61,148,154,93,0,125,83,69,96
red,115,65,121,50,123,131,84,110,51,5
red,18,54,94,69,119,0,28,140,51,123
red,13,65,121,51,74,18,77,104,29,5
blue,146,23,150,8,5,18,124,11,49,91
red,74,38,121,17,139,0,13,64,76,153
blue,121,65,139,52,5,107,38,1,106,99
blue,112,84,23,17,120,38,65,1,9,139
blue,69,61,143,50,128,0,54,125,133,139
red,0,58,19,51,5,18,23,155,29,139
blue,72,65,159,49,139,31,61,56,51,93
blue,107,38,121,50,16,37,13,87,17,53
blue,0,142,121,24,66,31,58,140,116,12
red,101,65,124,8,128,6,130,121,9,74
red,36,26,35,50,108,34,84,151,8,153
red,22,38,121,29,93,0,61,105,24,128
red,48,27,121,106,4,95,84,132,51,82
red,34,46,121,29,93,31,26,151,52,9
blue,0,38,121,51,110,25,84,92,106,6
red,110,58,121,76,5,48,84,21,8,128
red,134,44,48,116,66,34,46,159,76,14
blue,34,146,121,24,93,152,107,159,8,70
blue,112,38,33,76,79,31,13,121,41,5
red,74,38,68,116,128,39,142,154,50,70
red,74,26,142,17,153,37,13,140,8,70
blue,0,77,89,76,9,22,13,2,29,128
red,101,13,159,51,74,134,130,64,9,153
blue,39,38,121,51,70,145,13,143,116,153
blue,144,134,1,69,5,36,40,158,106,93
red,39,74,151,106,4,90,13,150,51,5
blue,67,155,151,137,74,88,13,11,106,82
red,110,13,139,76,5,92,38,19,9,160
red,13,107,150,50,128,0,124,56,85,153
blue,0,38,1,52,119,18,40,32,51,12
blue,0,38,143,136,96,31,65,11,24,128
blue,47,142,104,17,12,39,124,65,49,9
blue,101,54,43,29,14,47,94,140,116,153
red,110,54,155,51,14,62,23,150,29,53
red,47,40,33,51,70,72,30,150,29,126
blue,88,84,159,116,128,47,142,57,29,9
blue,90,84,151,8,128,101,38,159,76,82
blue,102,65,159,129,4,101,84,43,69,80
red,48,75,140,69,80,39,142,155,52,82
blue,22,38,2,51,93,47,13,121,116,158
red,0,74,159,129,70,34,130,64,52,100
red,18,94,140,51,96,0,67,150,8,74
red,47,111,2,52,100,81,30,151,69,14
red,25,65,151,49,41,0,111,120,51,82
red,37,65,7,51,70,47,111,151,136,100
red,101,54,125,106,99,47,86,32,76,139
blue,2,92,56,147,74,0,98,55,51,41
blue,19,142,38,106,37,48,84,151,51,82
blue,104,98,23,49,45,47,84,143,76,153
blue,131,5,104,24,126,0,65,1,120,82
blue,0,142,143,29,93,48,23,94,106,74
red,37,13,121,17,79,48,61,124,76,66
blue,101,84,11,8,107,22,54,110,29,9
blue,59,142,151,76,82,37,107,155,51,93
red,104,65,64,50,14,0,107,68,69,100
red,0,40,1,9,4,31,84,87,51,14
red,0,26,151,8,100,74,38,11,51,41
red,0,142,7,51,93,101,107,143,24,66
red,134,61,89,76,70,101,84,6,29,153
red,112,124,101,51,93,37,77,1,129,66
red,31,124,119,76,14,0,38,2,29,53
red,43,84,151,29,136,6,92,19,52,128
blue,47,38,140,29,14,0,124,3,8,128
blue,78,61,11,76,82,97,38,125,122,41
red,0,124,64,116,53,152,84,133,29,148
blue,37,38,64,76,53,18,142,133,51,70
red,6,65,124,29,140,48,38,68,8,53
blue,137,92,132,29,9,22,38,124,51,93
red,107,142,124,69,5,92,38,11,76,14
red,18,97,159,29,70,48,61,64,76,100
blue,57,65,104,76,120,152,27,3,49,122
red,81,38,143,8,120,34,65,121,51,82
red,84,46,114,51,93,101,111,151,106,16
blue,101,27,131,76,66,47,23,155,50,158
blue,43,38,143,17,79,144,65,158,24,14
blue,72,38,43,137,79,48,125,104,85,153
red,18,58,159,156,153,0,54,2,29,128
red,18,38,143,9,66,101,125,33,29,53
red,152,111,15,24,82,36,84,151,76,16
blue,22,38,136,76,74,47,141,143,51,93
blue,36,141,144,24,99,0,142,121,29,153
blue,37,26,151,17,153,83,141,144,116,111
blue,18,142,132,76,91,0,67,159,51,66
blue,39,107,125,51,5,31,88,2,50,16
blue,112,61,2,29,66,18,65,32,51,5
blue,39,40,94,52,128,0,84,110,24,14
red,103,84,94,24,112,34,40,121,29,153
blue,0,67,159,69,128,43,58,140,129,93
blue,22,111,140,50,16,112,61,121,116,79
red,0,61,121,9,70,22,142,11,51,96
red,112,124,125,49,41,107,142,56,116,148
red,22,111,159,116,53,0,94,121,85,5
red,43,54,110,52,128,74,155,64,76,126
blue,62,134,132,116,70,39,40,2,51,74
red,101,65,1,76,109,22,142,89,52,128
red,158,61,105,9,128,72,60,143,109,12
red,22,84,125,51,82,48,87,43,85,109
blue,135,38,121,52,5,18,61,143,51,66
blue,91,84,64,85,53,74,65,151,49,148
red,134,98,121,29,74,18,38,143,76,9
blue,18,78,144,106,93,151,74,121,17,53
red,0,38,144,147,96,74,61,115,52,82
blue,0,65,140,8,82,101,84,94,51,79
red,48,27,125,120,5,0,61,140,8,70
blue,39,27,62,51,153,47,142,1,85,110
blue,101,125,64,29,53,77,84,121,24,82
red,36,141,26,129,153,0,84,159,52,128
red,121,84,3,52,128,144,61,159,156,53
blue,37,134,10,8,66,152,124,151,106,82
blue,127,124,3,51,5,37,38,154,76,82
blue,0,40,140,63,153,31,54,3,106,82
blue,101,111,120,133,82,18,38,89,106,14
red,0,84,121,147,82,90,38,64,133,70
red,90,54,94,63,123,86,92,140,51,82
blue,35,92,159,129,153,74,26,155,76,5
red,0,38,143,51,5,101,84,159,76,9
red,90,60,121,52,5,74,38,21,51,93
red,34,84,21,51,14,110,13,64,116,12
red,34,130,21,51,14,152,38,33,85,153
red,23,92,124,51,66,18,38,21,29,153
blue,101,40,121,76,96,110,54,125,51,66
blue,107,40,11,133,128,47,65,64,106,4
blue,31,30,3,76,14,102,84,154,17,70
blue,90,60,159,29,45,43,84,101,76,99
blue,72,155,56,24,82,48,124,110,76,66
blue,22,37,155,76,53,102,58,121,51,128
red,110,124,125,8,14,101,84,142,76,93
blue,22,54,55,76,158,112,40,68,29,153
blue,102,40,54,17,9,31,38,159,49,12
red,36,84,101,17,14,112,142,54,76,160
blue,131,40,56,29,153,0,58,159,51,66
red,131,84,151,85,66,101,27,90,9,70
red,74,61,56,50,82,112,142,11,116,45
blue,102,27,110,17,71,18,146,104,76,70
red,105,141,144,76,93,112,134,37,85,153
blue,36,142,54,49,158,104,38,121,137,53
red,104,84,75,106,82,107,67,130,76,14
red,74,40,143,29,41,154,38,155,51,96
red,37,61,75,147,160,0,54,155,17,119
red,104,60,121,85,41,22,54,151,50,128
blue,104,92,143,51,74,107,88,19,133,70
red,0,27,1,129,82,31,38,158,17,79
red,0,142,158,76,14,104,130,1,133,4
blue,37,134,55,136,9,152,40,21,29,4
blue,37,65,151,29,53,35,142,121,116,119
blue,21,87,84,29,74,31,98,37,51,82
blue,74,40,151,24,82,18,84,155,17,53
blue,18,124,132,51,14,2,84,43,17,128
blue,110,155,2,106,6,151,65,104,76,93
red,101,124,64,51,37,47,65,159,136,14
blue,0,46,11,29,110,82,142,121,41,108
red,104,13,151,129,153,150,38,89,29,53
red,88,65,94,137,70,3,84,38,29,119
blue,18,40,143,76,82,34,74,89,29,53
red,0,61,37,49,5,48,92,121,76,9
red,151,37,159,49,5,135,30,32,29,70
red,0,65,68,17,160,104,38,155,29,153
blue,103,98,121,17,4,47,58,1,106,66
red,101,67,1,50,70,0,75,11,51,126
blue,131,30,11,29,153,37,58,143,133,70
blue,112,58,129,17,70,0,61,37,29,158
blue,110,58,104,17,53,0,142,1,8,119
blue,127,98,33,51,82,104,149,140,137,128
red,131,84,114,51,82,110,38,2,76,119
red,149,38,121,51,93,0,141,143,85,96
red,115,102,68,17,158,74,92,132,29,76
blue,20,125,33,69,30,110,87,124,49,158
blue,90,58,140,9,100,104,65,159,51,128
red,54,146,43,29,108,3,84,19,51,74
red,92,84,159,8,4,88,125,135,49,148
blue,18,65,6,51,33,90,61,140,17,79
red,110,142,120,76,96,48,61,143,24,99
blue,36,40,155,116,53,0,102,19,51,14
red,101,74,94,136,93,18,54,158,29,53
blue,3,97,159,17,128,143,38,132,106,93
red,47,102,140,116,53,0,40,151,17,153
red,72,98,122,49,53,36,61,64,8,121
blue,74,61,6,137,160,59,107,56,8,53
blue,78,38,120,156,53,112,61,89,106,5
red,25,65,143,49,120,18,142,37,41,53
red,92,61,56,29,53,101,124,151,41,160
red,103,107,89,50,5,3,84,155,136,92
red,34,154,121,106,74,112,54,143,8,93
blue,31,124,125,29,119,149,27,91,116,9
blue,34,107,69,51,82,0,65,89,106,93
red,131,58,151,116,158,104,142,155,49,159
blue,18,111,120,136,153,31,75,140,116,123
blue,22,38,140,8,92,101,124,32,49,4
blue,18,124,125,29,5,59,60,0,8,96
blue,43,154,121,51,74,31,130,19,69,153
red,110,107,121,17,70,102,154,56,106,99
red,36,38,121,51,14,114,23,150,116,70
red,0,98,140,52,5,43,23,17,50,16
red,2,84,94,50,70,47,38,125,51,82
blue,0,142,55,116,74,105,65,56,106,107
blue,101,130,155,8,66,112,75,107,116,100
blue,152,65,104,8,79,101,84,140,116,119
red,47,75,19,50,70,101,40,151,51,160
red,90,58,114,17,160,34,40,143,51,5
red,19,142,101,8,70,48,38,26,106,5
blue,62,77,140,116,70,43,97,101,157,5
red,121,26,52,50,70,72,107,43,116,153
red,114,107,121,106,4,0,65,64,137,70
red,78,65,140,24,128,22,27,151,51,14
red,137,74,120,133,153,103,13,132,51,5
red,59,58,104,24,53,31,35,91,51,126
blue,18,40,143,9,66,92,38,104,50,70
red,112,107,143,8,119,92,27,91,17,79
red,90,74,150,51,100,127,111,107,116,160
red,41,125,110,50,158,107,13,120,69,80
red,36,65,56,51,9,18,84,150,50,4
blue,107,61,121,8,128,110,13,104,116,148
blue,48,84,155,157,93,102,98,2,116,148
red,134,38,120,76,5,115,67,69,150,53
blue,0,77,2,49,16,102,111,143,51,99
blue,102,154,11,49,14,131,38,150,29,99
blue,74,65,159,106,82,18,38,121,136,100
blue,107,94,124,106,5,154,65,155,52,99
blue,43,38,54,29,41,0,65,159,116,139
blue,0,142,6,17,79,107,61,121,8,128
blue,22,58,43,76,74,34,38,124,136,93
blue,90,58,2,17,128,22,65,140,76,41
blue,11,61,132,50,128,22,154,140,24,53
blue,22,26,75,51,74,101,38,122,69,4
red,6,46,75,52,5,131,37,151,17,100
red,107,65,56,17,128,143,38,75,8,70
blue,102,84,101,76,5,37,40,142,24,128
red,74,40,64,8,82,154,54,2,63,70
blue,0,84,159,51,128,34,65,33,49,100
blue,62,75,125,156,70,65,84,33,17,128
red,19,54,94,51,100,74,38,56,52,82
blue,134,61,105,147,66,19,111,55,8,128
red,47,134,2,76,12,151,38,105,29,9
blue,107,155,143,29,4,3,84,125,136,14
blue,151,86,120,51,100,47,124,94,106,5
red,110,13,159,51,128,43,124,155,29,23
blue,31,88,143,9,79,34,38,151,120,97
blue,151,65,19,29,93,149,13,1,51,128
blue,34,61,124,51,82,107,13,143,76,93
red,42,40,159,116,153,0,5,122,17,53
blue,92,44,143,137,53,101,38,33,106,153
blue,101,125,2,76,53,37,142,159,106,93
blue,0,84,129,136,82,59,46,125,17,33
red,110,13,121,85,153,72,75,11,49,128
blue,43,61,11,29,14,0,30,143,129,96
red,0,61,33,52,126,88,142,124,24,100
blue,6,84,91,49,126,59,38,131,51,14
blue,62,40,143,29,153,34,104,159,69,74
red,112,27,2,147,128,90,84,94,49,53
blue,0,54,151,76,16,36,58,132,24,160
blue,0,38,159,8,12,110,124,65,76,108
red,31,38,56,49,93,112,75,144,17,70
red,92,74,151,136,100,3,84,142,116,82
red,3,84,33,29,153,74,67,151,24,15
blue,107,65,159,76,5,31,61,143,8,93
blue,92,30,159,51,128,0,54,29,116,74
red,103,84,55,49,66,127,125,32,133,70
blue,72,40,56,17,119,103,94,159,8,70
blue,18,65,56,106,5,62,61,33,29,153
red,0,13,114,76,91,103,27,142,9,41
blue,101,38,124,76,5,62,84,3,106,66
blue,90,61,159,76,99,48,38,1,85,37
red,0,67,125,85,96,47,58,73,8,119
blue,151,65,143,29,14,18,40,19,51,128
blue,74,58,1,24,82,11,61,151,29,159
blue,102,94,105,52,93,18,92,89,17,128
blue,37,38,150,51,93,0,67,43,29,96
red,20,65,151,116,82,18,27,149,51,79
red,154,38,1,85,74,112,75,136,51,12
red,107,46,64,24,100,112,84,71,9,128
blue,54,13,3,51,82,18,61,121,106,4
red,36,65,56,116,9,18,74,143,17,108
red,0,40,11,116,9,78,98,143,106,99
blue,151,142,140,51,93,75,38,90,116,110
blue,25,40,121,106,82,22,46,140,116,120
red,31,142,2,147,82,36,46,121,51,4
red,107,40,89,17,79,78,61,2,52,5
red,59,61,26,76,93,36,40,155,19,14
blue,36,38,26,51,53,13,125,104,49,41
blue,131,65,140,17,12,72,13,121,76,53
red,22,65,144,147,70,59,40,151,106,120
red,18,46,121,51,53,74,65,2,116,153
blue,107,134,34,76,93,104,40,2,17,128
red,83,26,43,29,91,52,40,143,106,93
blue,47,40,124,17,120,110,84,151,52,126
red,47,65,121,136,41,37,38,159,106,4
red,47,61,133,51,100,3,40,11,76,96
blue,102,84,133,24,119,90,98,121,129,93
blue,102,13,68,8,14,135,84,101,76,82
blue,18,38,33,133,82,92,111,3,129,6
blue,33,65,125,19,9,104,13,94,29,74
blue,48,38,33,15,79,88,67,3,8,128
red,33,38,144,17,82,78,142,75,29,53
blue,18,65,104,63,70,112,27,33,51,93
red,110,38,33,51,14,39,142,143,29,66
red,59,38,150,85,12,18,107,33,76,123
red,74,107,151,17,70,146,84,121,116,79
blue,151,142,33,106,82,0,13,1,69,153
blue,37,142,33,116,93,43,38,121,147,96
blue,48,65,121,136,128,36,38,33,24,74
blue,134,149,33,17,79,74,75,11,76,70
red,110,65,143,106,96,0,38,33,120,53
red,107,38,33,49,14,59,84,75,76,159
blue,74,134,21,156,153,90,142,155,19,82
red,47,84,121,29,93,54,98,110,51,74
red,2,40,110,17,119,0,84,33,29,121
blue,34,84,11,52,82,104,142,110,106,74
red,57,84,110,51,14,144,27,137,76,96
red,48,125,120,29,96,31,124,110,116,45
red,59,38,110,120,153,47,61,11,136,158
red,37,65,110,17,160,131,98,140,51,82
red,127,13,110,8,74,41,146,31,123,108
blue,105,130,104,24,120,34,13,110,106,4
red,47,87,110,29,66,59,0,55,76,12
blue,137,65,154,129,74,121,61,110,136,93
blue,2,38,110,29,123,134,46,64,51,99
blue,110,46,33,29,25,101,84,0,51,5
blue,112,84,140,29,119,121,30,110,51,158
red,59,142,110,51,66,104,26,141,24,99
blue,22,84,132,129,5,127,61,121,147,119
red,113,142,110,51,108,107,154,21,63,148
red,67,155,110,106,158,113,38,43,116,45
red,110,141,6,29,70,2,61,155,52,99
blue,0,13,151,41,93,43,117,143,51,70
blue,3,40,94,106,154,47,41,110,8,119
red,145,84,63,129,5,22,65,159,133,93
red,31,117,110,51,82,101,84,151,137,118
red,151,38,110,76,119,130,117,121,69,118
red,22,65,143,24,128,92,54,124,29,14
blue,22,107,121,69,80,37,124,110,51,5
red,145,26,43,17,109,135,61,143,147,14
red,74,46,55,106,37,35,58,159,76,154
red,74,54,110,8,104,34,38,11,29,53
red,22,65,124,24,128,101,84,151,51,108
red,57,92,121,51,5,2,65,110,29,14
blue,34,125,110,136,15,42,23,0,17,128
blue,42,61,109,76,79,131,23,110,29,9
blue,31,142,121,17,79,0,23,110,29,119
red,47,65,120,85,153,134,5,64,52,74
red,38,142,138,52,5,0,74,87,116,153
red,86,61,89,51,82,37,23,125,29,153
red,110,65,159,50,70,0,84,56,106,74
red,151,23,150,116,14,144,92,110,51,82
blue,48,98,159,76,93,62,27,110,49,12
blue,36,79,121,116,153,150,30,110,106,5
red,92,124,110,51,93,48,84,43,116,119
red,90,46,110,24,120,34,38,78,50,16
blue,142,141,26,50,66,134,107,110,51,53
red,90,38,64,106,5,110,98,26,51,74
blue,0,134,33,136,160,35,86,159,116,9
red,72,38,6,63,66,121,67,0,50,159
blue,65,26,151,19,128,36,75,110,51,82
red,62,149,148,9,70,146,142,110,49,74
blue,90,124,110,51,53,36,61,11,49,41
red,19,67,110,136,128,88,61,64,9,112
blue,105,40,1,51,14,110,61,121,29,9
blue,0,84,43,51,118,39,13,124,76,14
red,107,30,150,8,128,0,113,159,69,14
red,101,30,110,51,93,151,84,0,29,74
red,43,38,140,9,66,0,61,143,116,153
red,47,65,140,106,96,74,13,121,51,99
blue,31,67,35,106,82,78,13,142,52,160
red,22,13,143,17,96,0,98,56,24,123
blue,18,107,11,51,37,101,13,121,129,128
red,47,13,64,109,108,59,65,159,51,111
blue,110,60,121,8,74,25,13,109,102,44
blue,42,65,83,49,66,78,13,33,76,5
blue,0,54,151,51,14,34,13,155,136,74
blue,54,61,33,52,120,152,13,121,8,153
red,78,27,142,24,4,2,38,110,133,153
red,18,124,151,17,45,31,65,159,51,14
red,104,38,1,147,4,22,124,121,51,82
blue,34,61,143,51,70,110,84,125,17,53
blue,34,84,2,85,126,104,38,121,51,4
red,25,27,151,85,93,115,26,155,51,74
red,34,124,155,51,82,101,84,23,69,100
blue,110,84,121,29,53,103,54,32,52,126
blue,144,146,142,129,5,31,149,121,51,45
blue,48,124,43,8,96,0,61,11,51,66
red,74,65,124,29,153,103,142,158,147,110
red,103,27,26,51,93,22,102,132,147,79
red,31,40,6,116,93,144,65,89,29,53
red,112,155,105,29,153,127,65,64,9,70
blue,101,98,1,133,126,34,84,151,51,119
blue,0,13,105,63,118,110,75,140,116,153
red,74,61,143,76,46,0,142,104,106,82
blue,112,54,125,51,91,22,58,143,150,37
red,59,40,44,9,70,22,13,144,24,153
red,154,77,11,63,53,107,65,56,50,82
red,121,61,155,17,33,92,67,1,51,5
blue,22,130,121,51,5,88,40,11,8,30
red,72,38,121,17,128,48,65,64,49,153
blue,101,84,2,129,100,36,125,121,156,5
blue,92,60,55,8,100,0,27,1,106,82
red,101,124,151,8,128,18,125,2,51,74
blue,105,111,1,50,82,121,124,155,9,100
red,104,38,33,129,14,43,67,151,29,53
blue,113,74,1,51,93,31,77,33,52,96
red,74,155,121,106,158,34,124,91,52,100
red,101,65,1,29,158,31,84,43,51,120
blue,101,84,158,76,82,74,38,59,116,153
red,101,60,140,8,128,48,84,94,106,82
red,74,142,121,51,14,151,107,2,76,66
red,94,142,11,29,74,151,61,159,106,82
red,101,124,155,106,66,151,38,121,17,153
blue,0,155,59,51,66,72,38,122,52,93
blue,59,65,3,49,128,0,84,143,51,82
red,103,40,140,52,128,121,142,159,76,99
red,0,61,143,17,80,31,65,64,24,126
blue,104,75,1,137,16,121,65,56,29,93
red,34,74,122,76,93,110,142,89,51,30
red,88,124,94,51,93,22,65,140,24,14
blue,37,142,121,17,82,62,38,104,76,14
red,31,54,43,106,82,112,65,0,76,124
blue,62,84,2,50,82,104,65,151,17,5
red,36,54,2,51,5,35,117,55,29,119
red,113,125,33,69,66,101,124,2,129,126
red,101,65,11,17,71,81,149,121,49,153
red,110,13,151,24,100,74,65,2,76,14
red,102,65,121,8,5,134,54,133,51,82
blue,0,26,151,51,82,102,65,133,63,119
blue,74,154,150,51,100,102,92,89,116,5
red,102,107,56,129,5,19,13,2,17,128
blue,0,124,151,51,148,103,84,2,49,9
red,54,26,110,116,74,104,61,121,76,53
blue,81,142,143,76,5,59,58,54,51,82
blue,19,58,64,133,15,18,65,104,29,160
blue,39,58,121,85,153,99,23,75,52,93
blue,92,38,2,120,93,88,124,91,8,79
red,88,124,94,137,70,47,27,159,76,14
red,22,124,35,85,99,88,65,6,50,70
blue,0,38,6,8,128,88,124,132,51,82
red,90,124,151,106,5,74,38,1,51,16
red,92,124,120,116,5,74,27,155,17,6
blue,59,124,151,51,14,115,84,143,24,80
red,47,124,155,51,5,43,84,125,52,79
blue,47,142,151,51,70,0,124,155,49,5
red,18,124,155,85,82,0,149,21,136,9
red,101,124,26,8,128,150,86,143,51,14
red,47,44,68,17,79,101,58,1,129,5
red,0,124,142,51,5,18,134,6,29,82
blue,0,77,23,136,14,42,61,6,49,74
blue,42,46,1,106,124,31,58,23,137,70
blue,74,58,6,137,96,121,65,143,29,71
red,6,77,151,9,14,18,61,142,51,74
red,25,58,140,49,71,134,61,155,157,5
blue,31,40,33,106,5,74,86,120,76,109
blue,151,124,33,49,119,22,134,19,29,153
blue,22,86,55,51,14,74,58,104,116,46
blue,31,46,121,69,66,36,124,104,106,99
red,3,124,94,106,93,107,75,125,51,53
red,36,40,69,124,14,151,98,105,76,82
blue,57,107,1,51,119,43,86,33,136,128
red,74,30,92,51,14,22,58,55,29,119
red,22,98,140,106,5,134,58,6,69,80
blue,112,58,121,17,70,107,111,6,69,74
blue,3,84,150,49,82,74,58,143,8,16
red,74,58,2,49,12,78,125,110,106,82
blue,102,124,2,17,79,43,60,121,116,70
red,88,27,142,106,93,34,61,143,51,5
blue,18,40,143,51,96,0,27,11,29,45
red,20,134,151,52,5,31,146,142,51,126
blue,90,46,64,52,5,78,38,1,49,45
red,18,38,2,17,12,19,60,75,51,82
red,104,40,94,129,99,36,98,1,24,66
blue,22,97,121,17,71,19,38,122,24,82
blue,101,38,159,106,99,145,13,143,51,4
red,92,23,150,17,82,0,84,151,76,16
blue,48,84,94,8,128,47,65,87,129,82
red,101,155,143,85,100,31,77,89,76,126
red,104,38,54,76,96,43,65,143,106,82
red,48,142,148,24,160,31,65,11,8,100
red,48,67,91,156,153,31,13,64,69,66
red,43,61,140,85,53,83,142,68,8,70
red,131,26,43,156,70,34,113,142,51,74
blue,0,124,7,75,35,37,38,143,51,82
blue,43,65,121,52,99,0,30,3,51,74
red,43,84,101,76,82,103,149,127,17,71
blue,151,38,132,133,4,47,113,144,116,82
red,0,130,132,24,53,43,65,94,52,5
red,59,92,132,106,5,31,84,143,76,128
blue,37,154,142,29,53,31,61,132,17,79
blue,74,98,43,52,128,34,40,121,29,41
red,134,84,125,116,16,135,124,132,51,82
blue,0,142,6,29,66,74,27,13,51,82
red,36,142,140,76,73,90,111,64,51,82
red,0,84,33,51,82,107,65,140,106,100
blue,112,98,56,51,96,101,65,1,9,120
red,74,67,43,76,82,151,84,89,106,91
red,144,65,75,76,5,101,60,56,52,66
red,88,84,151,17,66,112,134,43,116,128
red,22,74,159,51,41,145,65,11,150,93
red,22,130,11,51,74,18,40,143,17,160
red,22,38,125,51,5,20,40,159,137,153
blue,43,124,55,69,4,22,67,11,137,14
red,22,84,125,51,126,18,67,6,106,74
blue,34,84,26,8,128,35,65,143,51,82
blue,110,124,143,17,93,22,107,19,8,128
red,35,28,125,8,130,62,102,1,49,93
blue,35,84,132,24,82,18,38,105,76,14
red,58,40,143,147,93,22,13,2,51,82
red,22,97,125,51,5,18,38,2,29,71
red,34,98,121,106,99,154,91,125,29,5
red,0,61,143,76,74,107,84,48,69,153
blue,152,40,37,17,14,34,97,6,29,93
red,39,65,159,51,82,34,23,150,17,53
blue,74,40,1,17,80,88,154,159,29,128
blue,42,125,154,49,153,88,38,55,120,82
red,88,65,55,8,93,34,38,1,50,128
blue,121,124,155,50,53,110,60,19,106,5
red,104,13,150,51,99,78,146,142,106,47
blue,149,84,11,76,108,88,13,143,49,82
red,88,27,43,29,70,110,65,121,69,14
blue,110,38,159,116,4,88,107,151,29,41
blue,36,111,143,76,153,88,38,121,51,154
blue,88,38,35,106,154,18,65,19,76,4
red,88,60,151,29,93,110,65,121,49,159
red,78,65,155,116,160,18,23,142,106,74
blue,31,154,143,9,14,48,65,1,51,5
red,78,38,103,147,96,123,84,155,29,128
red,47,84,64,49,74,35,38,68,29,53
red,78,38,137,29,53,101,40,121,8,45
blue,31,74,68,133,70,88,87,151,76,121
red,2,38,125,69,14,74,98,121,129,93
blue,74,124,114,24,5,2,86,59,133,96
blue,43,23,150,51,121,22,38,138,24,82
red,59,13,142,17,79,121,141,110,156,82
red,0,130,143,17,53,74,13,43,51,82
blue,137,61,68,29,82,31,84,23,106,5
red,78,38,140,24,82,37,61,121,51,100
red,88,84,19,69,4,103,28,140,137,96
red,88,65,54,69,53,22,154,89,8,128
blue,110,27,121,51,119,22,37,150,147,96
blue,74,142,3,51,14,59,61,140,29,53
red,18,65,1,136,93,69,27,151,76,5
blue,152,98,11,116,153,0,107,75,17,128
red,31,124,151,29,53,47,87,114,8,119
red,0,40,159,129,96,150,111,155,76,5
blue,0,65,33,147,82,92,61,75,51,128
blue,152,65,120,116,53,22,30,159,76,82
blue,22,30,18,49,83,47,84,151,17,71
blue,146,84,142,116,5,41,104,159,69,128
red,0,13,124,49,14,92,65,54,17,79
blue,48,60,121,76,53,0,27,1,50,70
red,107,155,121,51,93,22,54,110,24,14
red,104,98,110,147,96,34,111,129,8,128
red,22,65,110,8,5,0,130,143,147,79
blue,110,98,1,29,33,62,26,56,137,128
red,0,65,55,106,66,36,84,151,29,153
red,101,61,104,51,99,37,124,110,116,53
red,31,141,1,120,93,18,84,143,51,33
red,151,142,104,52,5,134,58,2,8,128
red,22,142,143,29,53,47,38,122,106,4
blue,0,142,29,50,128,43,13,121,156,16
red,34,121,56,69,53,31,67,3,136,153
blue,74,84,151,120,91,31,65,159,85,93
blue,34,30,0,49,153,18,61,33,17,53
blue,34,141,1,116,79,3,38,139,8,128
red,101,38,132,147,96,0,28,151,52,100
blue,31,142,68,51,82,101,98,114,19,12
blue,57,40,155,76,5,47,75,104,17,71
blue,0,84,142,49,119,31,38,56,17,53
blue,59,84,35,52,128,31,23,75,8,70
red,34,111,19,156,100,22,124,110,116,82
red,31,142,2,17,71,144,58,11,49,53
red,154,84,34,76,53,37,38,144,8,70
blue,18,107,11,24,14,134,84,155,51,82
red,18,67,151,29,41,134,38,93,116,70
red,126,38,151,41,82,18,58,124,49,53
blue,151,61,140,49,53,34,74,150,51,99
blue,110,75,132,51,82,112,142,121,29,53
blue,0,130,33,106,5,13,74,140,121,108
red,0,130,121,106,93,92,98,23,85,70
blue,112,107,104,76,130,81,97,121,106,99
blue,91,107,2,29,96,18,87,143,51,82
red,59,40,122,76,53,112,13,140,50,121
blue,59,146,90,51,9,103,23,150,76,16
blue,107,40,19,69,82,151,65,143,8,4
red,31,13,121,85,153,110,38,55,51,93
blue,151,65,143,116,118,102,84,64,76,93
red,18,65,121,29,9,0,40,159,51,82
red,22,65,143,76,66,0,38,6,29,5
blue,101,58,114,116,82,22,61,151,8,37
red,0,65,89,76,123,107,141,6,17,66
blue,114,38,148,106,82,0,92,33,29,53
red,18,23,55,51,82,101,27,121,116,128
blue,90,141,143,136,9,0,146,3,29,153
red,0,124,33,63,70,72,38,1,51,53
red,0,30,56,51,66,102,27,155,63,70
blue,18,87,140,24,82,2,65,150,17,79
blue,0,47,121,17,74,48,60,6,109,5
red,48,92,19,51,99,59,60,56,136,123
red,112,84,155,106,96,77,65,143,29,15
red,19,98,125,76,9,47,107,110,129,66
red,151,98,23,116,70,18,154,121,76,128
blue,102,142,37,17,53,31,124,155,136,70
red,56,38,1,51,66,101,84,151,76,14
red,22,84,121,8,14,134,94,136,129,93
blue,55,86,0,24,119,114,61,94,50,70
red,101,84,43,52,128,0,54,155,76,9
red,115,38,89,157,4,74,125,68,156,160
blue,47,58,55,50,74,115,84,131,29,70
red,20,13,151,76,99,101,124,56,51,5
red,43,65,56,8,70,36,117,140,24,15
blue,101,38,1,51,82,131,124,0,69,153
blue,18,84,138,29,108,74,65,6,133,96
blue,101,61,2,136,158,0,84,33,106,100
blue,0,30,89,8,70,101,107,83,50,82
red,48,38,89,50,14,0,65,104,69,5
red,18,61,159,76,154,114,38,143,129,82
red,74,38,64,51,93,114,61,151,69,128
red,20,38,159,51,96,131,54,18,85,93
blue,154,84,43,76,100,35,124,110,24,82
blue,43,65,121,8,128,19,97,56,29,12
blue,0,40,55,24,37,134,65,56,85,70
blue,43,15,49,157,87,0,61,140,51,82
blue,31,154,151,52,66,74,38,104,51,4
blue,104,84,101,29,153,112,40,56,52,128
red,0,98,159,106,4,78,38,87,116,93
red,101,98,6,51,82,104,107,35,50,70
red,115,13,151,29,53,31,84,141,76,5
blue,131,37,64,156,71,17,65,143,129,70
blue,131,4,106,51,66,101,124,94,156,153
blue,121,58,122,106,4,104,141,151,51,70
red,54,141,110,51,99,107,38,120,116,82
red,110,13,56,17,6,74,141,121,106,14
blue,36,142,23,76,66,0,141,121,136,123
blue,18,13,159,51,14,37,141,11,156,153
blue,110,141,120,8,128,54,38,155,106,82
red,18,38,124,69,53,0,141,33,49,5
blue,0,84,110,129,158,135,141,107,49,30
blue,92,141,33,9,5,0,38,143,52,14
blue,0,142,33,106,82,62,141,23,76,4
red,0,26,151,76,82,33,142,1,116,93
red,95,77,11,51,5,22,75,68,147,14
blue,37,111,56,76,119,47,124,144,106,66
red,107,75,121,76,74,25,38,139,52,66
blue,25,142,121,52,128,112,111,143,29,153
red,18,27,73,133,112,0,84,75,52,93
red,152,23,150,51,5,112,38,56,129,121
blue,35,40,56,24,5,102,97,143,49,74
red,65,58,143,50,12,151,54,110,51,158
blue,74,77,159,17,79,34,46,11,8,153
red,115,84,133,106,82,110,27,18,50,93
blue,91,38,159,49,4,92,124,122,76,74
red,101,84,151,51,126,110,142,121,52,128
red,137,38,2,52,126,134,141,151,51,5
blue,104,30,94,116,96,107,65,159,51,93
blue,127,107,143,17,18,2,46,11,76,37
red,112,84,155,156,5,22,142,33,24,128
red,95,107,143,17,100,110,130,1,51,96
red,47,107,140,29,53,18,77,143,17,123
red,43,107,1,51,74,70,142,143,69,66
red,90,77,2,116,153,104,107,110,17,71
red,102,38,1,29,74,2,92,151,17,128
blue,47,58,1,51,122,59,107,2,29,53
red,0,27,142,17,74,31,125,105,106,66
blue,107,23,34,8,100,135,142,55,17,128
red,90,107,121,76,93,69,38,105,9,71
red,101,107,11,51,93,31,38,151,157,158
red,88,107,110,17,139,22,26,69,106,5
red,31,107,64,17,128,0,60,154,69,70
blue,0,38,3,17,30,101,61,159,8,128
red,31,107,132,51,104,102,124,90,29,160
blue,150,84,55,51,79,27,142,124,24,82
red,37,94,33,29,12,121,142,0,76,128
blue,18,107,150,9,4,135,98,104,85,153
red,42,67,150,17,93,43,27,125,52,66
blue,131,75,140,29,53,102,107,33,106,99
blue,19,142,121,106,66,104,61,33,51,92
blue,113,142,121,29,53,47,107,140,106,99
red,134,107,150,17,121,18,27,23,106,4
blue,110,98,33,106,93,31,107,56,51,66
red,37,58,124,17,16,145,142,133,52,100
red,2,27,150,76,128,22,142,64,9,160
red,39,77,150,51,82,31,107,121,116,12
red,92,107,159,116,53,137,74,121,24,82
blue,137,65,140,120,93,0,142,138,52,100
red,36,107,151,156,153,121,111,56,49,120
red,101,40,159,69,5,19,130,56,29,30
blue,30,107,110,49,5,102,124,125,24,82
red,59,142,34,76,82,31,84,151,29,100
red,43,107,143,17,71,110,61,104,29,53
blue,39,107,110,29,53,154,142,143,50,128
red,112,107,26,50,99,90,61,143,8,70
blue,18,97,121,106,93,47,124,151,9,4
blue,0,84,121,51,14,151,107,143,129,70
blue,74,61,124,76,5,102,28,150,17,53
red,134,38,155,29,128,62,84,11,116,96
red,34,38,124,8,93,107,149,121,85,82
blue,0,142,122,17,96,43,13,121,51,93
red,47,92,23,52,148,107,65,158,106,82
blue,101,65,124,49,158,0,84,131,51,93
red,0,38,11,129,6,47,98,143,8,128
red,90,23,110,129,66,18,65,11,52,5
blue,36,61,53,8,5,110,13,1,24,16
red,107,102,114,51,100,34,65,1,106,4
blue,127,98,151,8,82,102,58,143,51,66
blue,18,38,2,8,53,0,61,43,19,128
blue,134,27,1,51,93,107,142,143,129,128
blue,101,40,2,8,12,104,38,159,29,53
blue,25,65,26,85,5,0,40,140,106,99
blue,150,58,6,129,82,115,38,2,15,37
blue,107,87,143,149,109,0,94,1,51,74
blue,90,27,94,76,30,88,84,59,116,53
blue,110,97,140,29,53,144,40,43,51,93
blue,0,5,19,136,160,101,88,90,8,128
blue,67,84,151,17,53,92,61,140,116,41
blue,92,13,143,76,5,31,75,121,136,128
red,112,84,94,116,53,18,54,155,17,79
red,0,74,56,116,53,3,97,121,76,70
red,0,84,124,51,4,18,27,1,116,128
blue,112,142,159,76,128,101,84,132,136,96
blue,90,124,125,116,128,36,65,56,137,14
red,37,61,121,137,5,0,74,159,133,66
red,37,98,154,76,82,6,84,1,85,153
blue,37,13,121,116,53,107,124,151,49,82
blue,104,58,121,51,82,0,107,43,109,91
blue,18,92,73,106,74,155,13,64,51,70
red,0,142,143,29,93,48,27,2,147,41
red,95,92,143,147,128,22,107,1,17,82
blue,107,23,151,106,99,92,65,64,51,74
blue,0,98,64,51,91,39,111,140,24,93
blue,48,142,139,17,79,5,38,121,8,128
blue,149,23,3,76,96,159,58,121,106,74
blue,31,142,2,136,5,107,58,32,116,66
blue,117,23,125,106,82,54,65,155,29,5
red,18,27,64,52,100,90,84,94,106,93
blue,47,142,1,106,128,86,58,11,147,99
blue,31,87,151,52,14,18,84,122,136,128
red,31,61,56,8,128,141,124,11,106,99
red,151,142,56,76,99,101,61,11,106,4
blue,62,23,18,8,100,142,88,56,106,99
blue,101,13,121,51,93,95,142,56,106,82
red,19,40,121,8,82,101,142,11,76,9
blue,31,26,125,136,108,110,65,121,51,109
red,22,142,54,106,74,35,30,125,129,5
red,103,61,124,76,126,0,142,121,136,70
blue,144,142,140,106,82,19,38,68,17,12
blue,54,61,155,120,93,103,84,151,85,119
red,31,30,101,9,119,145,97,121,17,128
blue,101,61,121,29,53,47,98,11,106,124
red,97,65,11,106,5,102,27,121,51,126
blue,112,97,55,8,82,34,65,143,49,12
red,58,75,159,51,5,0,65,151,116,100
blue,31,142,143,24,14,59,5,43,76,82
blue,107,13,121,29,74,115,88,64,76,5
red,58,13,140,51,82,101,28,159,52,5
red,107,38,2,106,128,31,111,70,136,79
red,141,142,70,106,4,151,130,143,8,120
blue,22,40,70,116,93,31,149,2,17,82
blue,70,38,144,133,100,43,142,11,52,14
blue,121,61,0,136,148,70,26,110,17,71
red,0,58,68,129,93,70,60,11,51,82
blue,22,67,104,129,74,59,84,0,76,154
red,88,154,32,17,128,31,38,56,76,126
blue,112,61,51,52,154,0,84,125,29,153
blue,37,142,151,51,14,81,65,121,85,154
red,0,58,87,85,9,151,65,143,116,128
red,159,94,140,29,16,112,75,1,51,30
blue,104,23,24,29,153,90,38,56,106,93
blue,0,61,19,157,9,18,146,33,76,99
red,92,65,56,29,70,52,26,11,51,5
blue,43,23,35,51,12,83,65,140,52,100
red,47,54,69,15,5,22,38,37,116,12
blue,42,124,94,24,82,0,65,11,29,12
blue,59,38,155,156,4,110,28,150,49,12
blue,112,40,143,76,128,131,38,158,148,12
blue,101,54,32,85,12,58,40,64,76,153
blue,47,54,0,29,4,110,38,140,116,12
red,113,38,159,29,12,48,65,143,106,99
blue,65,23,121,17,12,113,130,56,51,96
red,131,40,56,52,128,22,65,64,51,12
red,113,60,33,69,153,88,40,159,136,12
red,0,54,150,51,93,47,124,91,8,12
blue,31,38,121,8,91,112,65,73,50,12
blue,101,87,151,17,74,78,65,159,29,12
blue,131,154,11,29,12,74,27,3,8,153
blue,146,61,44,133,12,112,84,129,49,74
red,6,65,64,29,108,22,142,68,136,12
blue,134,40,3,51,12,47,38,33,9,158
red,0,27,51,129,153,22,38,26,136,119
red,0,142,83,50,70,102,65,143,63,4
blue,0,13,134,52,79,48,54,75,51,5
blue,37,107,94,51,70,47,13,121,29,82
red,0,142,144,51,74,2,86,110,17,71
red,145,38,121,51,93,0,46,132,17,45
blue,134,74,94,69,5,0,154,121,24,93
blue,18,84,110,51,93,34,154,2,106,14
blue,0,67,158,63,70,18,86,11,50,82
blue,52,46,2,136,80,127,92,94,69,153
red,137,65,121,51,14,0,23,151,50,93
blue,0,61,140,17,79,43,13,132,49,148
red,65,38,105,49,71,0,107,159,17,70
blue,0,54,155,50,96,53,61,140,8,70
red,0,61,124,129,74,78,38,159,133,100
blue,110,74,1,29,82,78,38,151,136,128
blue,48,124,56,49,41,0,28,142,17,153
red,0,65,11,8,100,110,84,121,17,70
red,90,38,121,8,128,74,28,143,63,70
red,91,107,121,51,16,101,74,110,19,82
red,47,142,121,69,96,103,65,54,29,53
blue,159,46,33,52,14,37,38,151,51,71
red,39,97,101,51,14,0,27,132,85,126
red,47,124,150,85,126,31,30,140,51,110
red,0,54,121,51,96,18,44,43,29,93
red,31,142,64,29,5,149,125,121,51,99
blue,78,60,11,148,65,95,27,37,51,14
blue,112,54,3,17,158,152,84,143,51,5
blue,43,65,64,24,100,0,84,121,51,53
blue,0,141,140,29,153,47,111,104,51,93
blue,31,142,6,137,14,151,107,121,51,119
blue,0,38,121,51,93,152,5,35,137,14
red,121,13,125,133,93,62,61,1,51,96
red,90,38,64,51,120,110,155,94,129,100
blue,0,111,64,51,5,112,61,1,17,126
blue,92,84,151,8,128,112,98,11,51,126
blue,145,67,125,51,138,78,13,56,109,108
blue,112,60,121,51,4,43,46,143,8,92
red,0,84,151,50,82,36,40,55,54,153
blue,107,26,6,51,53,0,84,121,133,5
red,104,40,6,129,5,31,84,125,51,83
blue,90,26,129,51,82,74,27,151,136,139
blue,152,84,148,69,93,72,23,150,51,82
blue,104,40,121,24,80,31,28,143,51,82
red,89,61,1,51,82,115,54,151,85,53
red,74,84,110,51,153,39,98,121,17,93
blue,36,30,6,116,126,0,84,75,51,14
red,22,65,143,52,128,0,54,142,69,153
red,47,84,101,51,14,78,124,150,106,5
red,102,44,143,69,99,110,75,64,49,74
red,0,40,124,137,12,36,30,148,8,16
blue,0,142,21,9,5,92,134,121,51,14
red,18,84,144,51,82,35,38,121,116,111
red,36,38,144,51,41,59,65,33,133,128
red,41,65,155,50,14,2,146,125,51,82
blue,36,141,121,51,14,0,58,159,106,4
blue,150,61,151,8,5,35,84,159,51,37
red,112,23,94,17,111,31,142,143,137,41
blue,101,107,143,51,128,43,67,64,50,70
red,35,98,143,51,12,101,23,150,129,93
blue,48,154,93,51,160,102,44,104,17,128
red,83,130,2,51,53,107,23,150,29,153
red,56,142,143,51,71,74,75,2,136,14
red,18,75,104,76,96,47,38,159,51,82
blue,145,84,48,116,5,112,46,64,29,96
red,88,98,121,52,100,34,84,155,51,120
blue,134,142,68,69,5,22,74,140,24,100
red,88,104,121,147,96,59,40,155,129,82
blue,47,84,1,52,66,74,88,148,116,96
blue,18,23,150,29,53,0,60,143,52,100
red,110,40,155,69,100,91,26,151,49,15
blue,0,65,150,49,96,43,92,121,50,100
blue,0,23,150,116,153,31,13,132,29,100
red,42,38,2,69,96,0,23,44,29,4
red,90,146,54,17,100,42,141,143,133,109
blue,146,38,143,29,96,131,30,110,51,14
red,107,142,121,51,66,150,13,140,8,100
red,107,58,2,24,100,114,98,150,9,110
blue,151,38,121,8,100,112,97,150,76,5
red,123,13,140,8,53,75,84,43,52,100
blue,34,124,43,49,128,117,38,83,29,154
red,62,30,33,29,53,78,54,155,0,108
blue,0,130,26,29,96,74,40,2,17,158
red,37,111,2,116,96,25,94,11,24,82
red,48,23,112,51,158,131,37,75,29,96
red,34,124,150,8,82,115,141,121,76,128
red,122,13,3,147,100,90,38,2,29,53
red,0,104,151,51,5,115,142,2,136,96
blue,0,107,121,147,96,70,84,151,76,110
blue,99,142,26,133,96,134,38,151,8,82
blue,18,23,151,76,5,81,84,73,17,53
red,107,37,3,52,100,0,142,11,8,96
blue,31,74,1,51,14,0,40,124,116,123
blue,154,124,94,51,93,110,40,11,106,5
blue,36,67,150,51,154,110,124,155,15,93
red,19,38,1,51,82,104,61,11,156,158
blue,31,30,56,106,82,74,54,92,51,119
blue,107,40,143,136,79,62,38,68,76,15
blue,101,97,89,8,128,107,60,140,136,70
blue,31,91,154,51,153,0,30,32,49,9
red,18,79,21,106,82,101,65,138,24,70
blue,102,74,64,51,66,42,30,155,129,70
red,18,65,159,69,93,110,30,1,29,53
blue,18,124,2,24,5,102,67,159,76,14
red,18,97,150,51,96,102,26,155,17,12
red,102,38,143,51,82,0,54,110,106,74
blue,102,124,55,51,93,110,98,68,50,74
red,91,117,121,24,16,102,149,2,85,153
blue,114,54,155,76,80,102,65,159,29,119
blue,102,5,19,29,79,88,125,121,8,158
red,0,125,143,51,93,18,65,64,76,41
blue,154,23,151,133,96,102,26,159,76,82
blue,102,65,159,124,101,74,27,155,50,70
blue,37,65,60,8,123,86,26,155,116,153
blue,62,13,11,17,160,2,38,110,116,100
blue,77,67,124,17,82,74,134,125,76,79
blue,72,134,1,29,9,0,54,150,17,15
red,0,54,151,129,96,22,142,10,17,74
red,0,61,1,116,9,112,54,10,51,74
blue,43,61,121,76,9,39,65,6,51,74
red,0,38,121,17,9,18,91,138,49,53
blue,0,84,124,51,93,92,107,64,106,74
blue,74,107,0,51,12,31,84,151,24,4
blue,145,142,2,52,5,92,107,155,106,126
blue,101,61,85,29,119,22,107,151,147,126
blue,86,65,122,29,12,58,107,48,76,41
red,47,154,151,116,41,43,142,11,51,96
red,74,134,150,137,37,36,107,140,51,82
blue,47,154,68,51,12,44,38,121,8,128
blue,25,58,55,129,153,127,107,1,51,74
red,155,38,104,76,14,37,107,151,24,12
blue,37,107,140,29,160,31,142,121,24,66
red,18,107,124,51,154,31,61,121,137,153
red,0,107,11,51,120,19,58,155,50,53
blue,22,107,44,52,74,131,58,19,51,128
red,123,107,44,137,118,78,40,56,116,74
blue,0,107,33,29,74,78,58,121,85,5
red,92,111,132,76,9,19,13,75,17,62
red,99,38,64,24,128,22,13,54,76,70
blue,145,142,159,120,128,74,58,2,51,14
red,110,13,33,24,128,134,149,140,51,93
blue,59,142,13,51,100,36,27,2,137,12
blue,0,65,68,49,100,31,13,64,29,45
red,48,98,159,29,128,31,13,143,24,126
blue,74,46,121,85,142,113,13,159,51,93
red,101,27,151,106,14,104,13,43,29,9
red,22,13,11,17,41,144,134,136,85,139
red,31,13,33,109,66,56,75,43,76,14
red,112,142,56,29,153,92,13,11,116,12
red,104,40,91,17,93,103,13,121,137,74
blue,59,26,43,29,41,121,13,159,50,128
blue,131,142,121,106,100,103,84,159,29,13
red,47,13,105,29,148,134,146,68,137,70
blue,90,38,143,116,5,145,13,26,29,74
blue,92,58,6,8,128,18,13,140,51,66
red,74,13,140,51,82,0,38,3,136,6
blue,0,40,140,76,96,110,13,121,49,66
red,22,86,159,29,53,134,13,3,137,153
blue,101,124,125,49,53,0,13,143,29,160
blue,107,13,121,17,158,36,54,151,49,160
blue,101,30,151,120,153,74,13,1,76,158
red,59,13,56,129,120,62,102,2,52,74
blue,34,38,55,106,74,59,13,64,51,14
red,34,98,1,76,16,31,13,33,52,5
red,0,130,143,49,160,117,13,2,106,66
blue,2,13,121,29,79,0,77,1,17,71
blue,36,94,64,8,128,72,13,104,29,5
blue,92,13,151,147,148,146,142,68,9,158
red,110,13,143,8,154,90,58,121,85,96
red,112,13,110,133,123,74,40,56,51,79
blue,48,38,33,157,96,112,13,64,17,71
blue,25,30,121,8,5,0,61,148,17,79
red,37,40,120,106,99,102,124,151,49,139
red,22,84,3,106,5,102,142,124,85,153
red,107,111,143,116,9,131,46,83,76,160
red,90,154,142,17,71,48,58,121,137,74
blue,131,38,121,116,96,72,27,94,136,128
blue,151,30,75,116,53,34,37,155,29,14
blue,0,124,2,24,128,31,107,151,76,82
red,101,84,159,17,93,19,65,64,51,14
blue,22,40,75,29,79,68,38,103,51,128
blue,31,84,151,24,126,0,124,3,51,74
blue,151,124,3,49,12,115,149,148,76,74
blue,104,142,121,76,5,74,65,56,51,53
blue,102,84,151,51,130,35,65,159,52,82
blue,91,23,34,52,126,102,37,150,76,130
red,18,65,121,17,71,74,61,33,76,153
red,48,65,159,51,82,102,5,155,9,93
blue,137,84,140,52,128,22,124,151,106,5
red,19,61,64,51,74,78,84,151,8,128
blue,13,40,89,51,5,0,79,159,85,74
red,31,98,143,51,74,0,124,151,17,53
red,0,40,89,52,74,22,65,143,116,148
blue,18,111,11,8,128,31,38,1,106,82
red,22,26,138,51,74,131,65,159,76,158
blue,127,97,150,49,96,13,27,143,51,93
blue,151,92,154,120,5,74,102,143,51,82
red,127,23,150,17,74,104,142,143,8,66
red,22,142,140,51,74,35,65,55,76,82
red,0,84,151,24,100,114,58,2,49,74
blue,37,40,155,116,79,72,142,105,17,128
blue,151,54,155,29,74,131,58,144,120,5
red,22,38,143,49,96,137,40,11,51,74
red,11,111,62,29,74,22,98,55,8,120
red,144,98,121,76,5,48,124,159,106,74
blue,48,38,104,9,93,0,75,19,52,74
red,90,65,21,17,5,92,38,55,69,71
blue,110,124,151,8,128,22,84,154,51,74
blue,22,58,120,51,14,74,38,19,8,128
red,59,124,125,29,93,22,65,11,51,128
red,48,65,89,106,74,34,107,143,8,70
blue,75,40,112,76,53,43,87,138,129,74
blue,48,27,43,17,79,134,67,75,29,9
blue,62,37,43,76,12,102,84,6,106,74
blue,131,61,151,50,128,72,142,140,76,99
blue,78,40,121,51,128,151,130,114,50,74
blue,37,61,56,85,93,78,98,121,147,96
blue,43,40,33,29,108,0,84,159,69,14
red,59,40,114,17,79,112,111,121,52,74
red,57,38,89,52,5,151,61,33,8,128
blue,18,52,159,142,82,0,40,121,51,123
red,70,88,159,24,41,65,98,140,51,82
blue,48,38,125,15,12,31,142,33,52,5
blue,31,38,2,17,70,112,86,11,50,96
blue,31,102,33,50,99,72,124,91,51,14
red,31,67,155,50,5,112,40,72,29,93
red,31,84,2,50,128,154,54,43,51,5
blue,110,84,55,51,82,31,40,2,50,128
red,18,84,151,17,9,0,65,122,76,109
red,35,84,110,116,9,0,28,1,106,99
blue,92,84,6,51,5,0,142,64,76,45
blue,18,92,83,29,153,37,84,94,51,120
blue,101,27,43,24,14,78,84,110,17,128
red,135,84,159,116,12,112,23,71,17,66
blue,135,142,140,49,112,39,38,159,8,128
red,0,125,159,17,120,104,142,151,9,70
blue,2,142,114,51,66,0,38,138,85,93
blue,36,54,105,133,128,0,38,121,51,83
red,101,84,110,15,80,31,40,2,17,53
red,74,125,89,8,53,101,84,132,51,160
red,0,84,151,9,76,101,13,11,49,148
red,144,65,151,69,80,101,40,32,8,70
blue,0,65,90,51,82,36,98,68,50,12
blue,90,40,55,17,53,110,13,11,8,128
blue,134,142,151,106,144,112,27,150,69,93
red,88,154,43,8,100,112,98,121,49,109
red,72,111,11,50,153,107,84,55,8,4
blue,101,40,159,17,41,18,13,155,51,53
red,101,84,151,24,45,22,38,33,150,120
red,22,54,110,106,5,114,124,43,24,12
red,110,30,1,50,99,149,40,155,24,123
red,25,142,89,24,109,18,87,90,41,99
red,47,65,68,150,4,135,38,136,24,66
red,107,60,2,24,74,13,40,121,76,128
red,3,142,56,24,128,134,98,64,52,77
red,18,38,121,24,153,47,134,120,29,154
red,57,38,1,147,128,137,141,140,24,82
red,0,98,151,109,79,65,84,148,69,128
blue,131,23,104,51,128,151,125,33,69,14
red,126,13,56,76,128,18,67,75,17,5
red,150,111,121,63,128,145,84,65,29,70
blue,18,74,142,129,82,115,65,1,51,128
blue,48,111,43,106,5,22,23,151,51,99
red,13,65,121,50,153,0,67,101,17,41
red,13,46,159,8,53,0,65,6,52,14
red,0,54,122,106,128,18,40,120,17,41
red,2,75,35,51,41,22,13,121,52,5
blue,22,65,1,106,128,131,84,35,49,41
red,31,149,140,8,70,22,77,132,106,5
blue,103,38,1,51,82,74,58,56,147,96
blue,31,124,146,52,4,74,142,56,51,5
red,18,97,121,116,4,104,155,55,51,66
blue,31,111,124,15,108,0,60,122,69,119
red,31,75,140,49,66,22,65,110,19,139
red,18,74,140,51,93,110,84,3,106,82
blue,134,84,131,29,12,31,23,151,156,153
blue,31,38,105,17,79,112,58,1,136,128
red,31,13,132,49,82,0,38,64,116,53
blue,48,124,19,85,82,31,27,150,63,70
red,31,134,121,24,128,18,65,37,136,70
red,31,38,11,51,82,59,125,54,85,100
blue,101,26,151,17,120,0,141,143,49,53
red,0,74,19,51,93,103,13,143,52,5
blue,22,23,150,51,12,31,107,89,106,5
red,0,92,1,29,82,101,84,159,76,93
red,115,84,1,17,71,36,67,110,29,109
red,22,142,15,49,53,3,65,101,8,82
red,88,40,56,51,120,2,65,143,76,5
red,115,98,1,106,74,43,84,62,29,45
red,101,58,89,76,9,152,154,11,51,108
red,59,61,121,116,53,0,38,1,69,119
blue,151,65,19,29,53,101,102,89,9,83
red,47,98,37,69,79,134,65,1,51,93
red,145,86,1,8,70,57,149,68,49,160
blue,101,146,121,49,158,0,27,143,137,160
red,22,141,89,29,66,74,134,2,51,4
red,74,145,1,51,9,2,40,121,76,154
blue,43,65,33,76,79,36,37,1,106,66
red,151,84,121,51,82,101,111,6,29,53
red,73,125,104,51,4,31,38,55,52,5
blue,131,40,2,69,153,90,98,139,52,5
red,101,98,56,9,93,0,107,121,52,5
blue,104,54,142,51,96,134,84,125,52,66
blue,52,58,121,49,5,144,74,3,51,14
blue,101,124,125,63,82,104,13,151,17,79
blue,0,65,1,52,30,150,26,13,29,53
red,101,98,121,52,109,99,13,140,76,92
red,74,124,150,52,128,43,38,15,106,93
blue,0,97,121,52,5,134,84,125,24,93
red,104,65,133,52,74,92,60,159,76,160
red,149,13,89,52,128,59,30,37,120,99
blue,0,27,43,51,128,59,38,33,52,70
blue,90,58,121,116,70,0,40,110,156,153
red,104,61,33,116,126,34,124,21,29,128
blue,34,84,121,106,82,31,142,138,52,74
red,152,61,33,49,9,92,40,105,29,148
red,62,98,154,49,5,2,58,33,8,70
red,0,38,159,129,74,92,61,11,24,79
blue,152,27,91,106,66,0,37,150,85,79
blue,121,38,31,76,82,114,27,110,24,5
blue,150,38,122,51,82,107,61,140,116,153
red,31,40,2,136,12,43,27,121,116,153
red,54,38,2,29,53,131,65,55,8,70
red,54,111,151,116,12,3,84,155,157,74
red,0,92,137,51,66,18,107,33,8,93
blue,22,88,1,8,128,43,46,159,85,5
blue,3,61,121,106,99,90,46,11,136,160
blue,152,98,121,51,82,101,65,11,76,100
red,113,111,121,15,153,110,142,105,85,120
blue,151,113,150,17,109,37,40,121,136,14
blue,78,124,142,137,53,31,155,159,8,12
red,151,54,150,147,14,120,75,65,129,4
blue,74,102,71,49,53,127,26,110,29,108
blue,22,61,124,120,119,48,84,110,29,93
blue,101,27,2,49,108,151,84,11,51,93
blue,22,61,11,136,5,48,40,121,8,30
red,110,54,1,9,100,134,125,33,29,30
blue,115,84,3,49,66,36,94,121,29,30
red,0,65,32,29,30,37,38,155,76,41
red,0,54,43,49,153,59,38,125,29,53
red,74,61,104,29,96,121,58,155,136,100
blue,18,54,121,52,100,37,107,151,51,5
blue,3,26,124,49,9,38,65,105,129,100
red,3,60,124,156,14,18,142,159,29,53
red,115,84,43,136,70,114,38,155,147,9
blue,0,84,125,106,82,18,27,143,29,93
blue,18,23,55,51,13,36,84,101,52,5
blue,104,58,19,51,5,127,142,121,29,9
blue,74,61,64,24,128,113,46,104,49,41
blue,22,102,37,29,53,88,65,89,49,160
blue,36,142,140,76,139,34,46,104,17,9
blue,88,27,142,49,82,67,61,114,51,12
blue,43,98,121,106,14,151,44,56,69,119
red,146,38,56,147,74,0,58,125,51,82
red,0,98,56,129,100,83,38,143,49,79
red,83,54,3,17,45,0,87,56,136,12
blue,20,94,56,50,128,150,65,6,76,71
red,110,125,56,106,5,42,102,33,51,126
red,36,46,56,136,74,0,142,154,76,153
blue,0,58,122,51,82,13,107,56,106,100
red,0,54,56,133,153,74,61,1,29,12
blue,38,102,159,76,70,37,125,56,106,93
blue,59,38,125,9,108,127,84,56,29,119
red,127,61,56,129,153,3,27,94,24,82
red,74,40,56,51,66,134,58,94,9,4
blue,34,142,2,50,99,134,74,56,51,5
blue,39,60,56,24,128,88,38,104,106,4
red,110,65,143,8,71,22,46,56,116,153
blue,65,60,104,51,128,57,142,56,106,74
blue,47,75,56,8,82,48,58,89,129,53
red,112,75,56,24,120,95,65,121,129,53
blue,34,28,33,76,12,134,75,56,133,41
red,114,75,56,49,14,101,134,136,76,66
red,43,38,143,106,66,134,40,56,116,93
red,104,38,155,50,123,102,26,56,51,99
blue,154,125,89,8,70,36,13,56,49,128
red,88,98,121,106,154,62,142,56,51,119
red,74,155,56,129,4,150,38,124,76,128
blue,121,38,56,52,74,82,142,29,19,4
blue,90,97,68,25,153,137,38,56,51,82
red,36,23,125,147,74,0,124,56,51,128
blue,146,142,56,85,99,151,124,94,17,4
blue,2,87,158,49,82,0,67,56,51,66
red,22,67,56,51,4,34,65,1,116,79
blue,91,61,56,85,14,31,84,121,51,128
red,145,54,155,85,14,151,84,3,24,82
blue,131,13,33,69,153,38,84,94,19,82
red,43,5,2,8,128,3,84,121,51,93
red,134,13,159,137,14,107,26,148,8,79
blue,72,142,89,76,82,34,84,73,51,69
blue,36,38,2,8,128,112,84,13,17,79
red,78,61,155,49,5,18,84,73,24,93
blue,0,30,121,136,79,36,84,140,116,5
blue,35,40,121,51,128,131,84,54,129,5
blue,36,92,110,120,128,57,146,154,9,79
blue,101,142,89,50,153,34,84,151,29,53
red,74,84,159,29,69,107,149,121,51,93
red,33,38,125,85,16,138,60,133,52,66
red,103,84,33,76,120,74,61,159,24,5
blue,115,58,121,76,41,22,84,43,147,119
red,101,84,13,29,153,2,38,121,51,93
red,101,27,48,17,53,74,84,121,76,66
blue,101,107,73,129,96,115,124,140,52,82
red,146,142,32,51,91,134,84,19,85,153
blue,92,84,73,49,33,22,142,151,17,148
red,34,54,43,49,70,113,84,101,83,5
blue,74,154,73,116,120,31,125,32,8,70
red,146,98,56,51,93,62,84,43,29,111
red,18,61,121,76,74,0,65,56,8,93
blue,25,65,159,49,118,110,155,138,136,80
red,18,26,37,8,128,43,58,121,133,70
red,37,38,20,76,93,74,65,1,29,71
red,74,75,68,69,93,107,65,19,15,5
blue,103,107,1,51,93,0,60,138,116,82
red,72,155,11,116,5,103,91,105,51,4
red,113,84,46,29,93,145,125,143,8,119
blue,59,60,9,24,128,34,58,143,29,16
red,123,58,2,29,53,20,38,64,106,5
red,37,58,64,17,128,121,74,43,51,108
blue,144,38,159,85,153,48,58,33,51,70
red,18,84,110,52,5,135,155,148,24,158
red,62,23,1,137,96,31,142,89,29,93
blue,34,46,143,51,82,67,26,1,106,93
red,0,142,56,8,123,36,38,19,50,14
blue,34,98,143,52,5,90,124,89,51,93
red,115,26,103,29,9,73,46,101,51,93
blue,74,124,3,24,5,104,155,1,17,93
blue,117,75,19,116,5,144,38,104,50,93
red,48,155,6,106,120,62,38,2,9,70
blue,122,58,104,50,128,59,142,56,51,5
red,43,134,140,51,82,90,61,21,136,70
blue,57,38,11,76,70,90,142,2,129,128
red,107,40,159,116,142,47,38,56,49,53
red,57,107,55,51,126,39,60,151,76,109
red,37,107,151,106,82,0,67,2,17,53
blue,151,77,2,51,82,107,84,121,116,53
blue,112,38,121,85,153,151,84,2,69,14
blue,113,38,8,15,53,2,65,110,106,100
blue,31,38,159,129,4,69,107,2,50,14
blue,152,84,151,51,37,0,65,33,133,82
blue,3,23,151,8,128,102,38,121,24,5
red,107,102,33,8,99,135,142,114,116,153
blue,72,40,143,129,70,3,75,159,29,74
red,0,38,121,49,5,152,124,43,51,82
red,72,38,143,116,53,43,124,94,106,82
red,38,97,56,51,82,103,141,121,106,4
red,31,92,11,51,9,2,38,143,29,87
red,112,75,11,106,74,62,102,143,17,53
red,37,61,1,29,108,107,38,121,24,82
blue,1,38,57,147,96,154,40,121,24,66
blue,34,40,143,106,99,31,124,94,51,70
red,81,27,19,69,82,37,65,150,52,93
blue,95,13,143,8,29,72,38,121,17,128
blue,18,38,2,51,112,121,13,110,137,5
blue,36,38,23,150,66,34,149,143,51,14
blue,150,65,155,137,66,92,142,158,116,100
red,0,38,121,51,128,48,46,143,52,82
blue,31,124,3,49,153,48,111,143,24,91
blue,112,65,64,51,82,31,124,121,69,99
blue,18,40,64,147,100,110,35,43,24,128
red,18,40,33,24,53,74,61,159,76,100
blue,18,124,151,50,5,43,40,23,51,79
red,107,40,143,24,82,74,37,101,116,158
blue,134,74,121,50,70,54,65,56,106,4
red,104,27,151,76,66,137,38,121,85,93
blue,77,84,64,52,5,107,61,159,29,153
red,18,65,2,9,14,103,67,151,85,153
blue,39,65,3,136,120,84,75,2,17,148
blue,35,65,132,17,79,110,98,122,116,128
blue,33,65,104,29,128,22,38,159,136,14
red,95,27,22,76,93,43,84,142,63,119
red,104,38,19,51,74,31,141,2,106,93
blue,92,40,21,51,66,0,38,143,136,53
red,88,40,37,29,53,0,84,155,69,96
red,0,30,115,51,5,65,38,43,49,70
red,22,65,54,106,93,101,130,143,85,30
blue,97,142,1,76,82,104,86,2,49,9
red,101,92,1,76,4,0,134,91,51,93
red,102,84,55,106,4,74,154,138,17,79
blue,0,54,132,9,4,35,141,2,51,82
red,47,74,2,69,4,25,61,26,29,93
blue,22,40,83,76,153,145,134,11,51,4
red,102,84,87,51,4,31,65,1,29,9
red,120,61,148,106,4,90,149,64,29,53
blue,146,40,89,29,119,22,141,1,76,4
blue,18,38,32,156,153,110,37,26,24,4
blue,25,65,2,17,160,134,98,143,76,4
blue,134,54,94,29,128,67,58,41,76,4
blue,90,65,89,106,4,47,54,151,76,100
blue,19,102,151,156,153,104,84,6,129,4
red,36,154,131,51,4,111,22,143,29,54
red,43,40,132,8,4,144,107,143,137,119
red,127,98,143,106,4,145,75,64,8,128
blue,18,54,125,76,96,2,40,155,51,4
blue,39,40,33,147,4,134,5,55,17,66
red,115,38,37,51,4,154,84,0,8,128
blue,142,40,89,63,4,74,61,101,76,158
red,43,38,1,29,4,110,142,37,116,5
red,36,44,148,17,4,110,13,11,29,14
blue,104,134,150,17,4,110,84,34,120,71
blue,144,65,33,51,82,134,117,151,76,4
blue,22,54,3,63,70,107,65,143,50,4
red,104,65,11,106,128,0,117,155,8,4
red,151,84,1,24,15,101,40,68,50,4
blue,36,125,140,24,4,22,38,2,51,16
blue,74,65,132,150,108,131,84,1,29,4
red,134,38,1,29,148,37,65,125,69,4
blue,0,27,78,76,14,59,154,150,52,4
red,72,40,122,51,14,135,47,64,85,4
red,62,98,2,133,4,74,37,151,116,66
blue,0,40,2,9,70,18,142,151,41,4
red,144,13,155,76,4,151,74,94,24,14
blue,22,38,140,49,104,31,75,87,9,4
red,0,46,105,9,4,33,26,151,17,80
blue,37,65,148,129,70,74,84,140,52,4
blue,36,149,6,8,4,0,125,54,52,37
blue,0,65,64,51,160,101,84,121,29,119
red,22,5,143,76,128,47,142,68,17,123
blue,151,13,1,157,82,0,75,18,29,138
blue,90,102,19,69,5,22,84,121,76,74
blue,115,67,31,24,79,22,38,2,49,82
blue,47,75,1,51,14,92,74,140,85,4
blue,151,74,120,51,93,0,65,56,76,53
red,3,98,121,29,53,38,26,51,106,14
red,39,38,43,49,148,115,13,132,116,153
red,115,84,151,106,112,134,38,159,51,66
blue,37,61,125,29,53,34,30,142,52,99
red,102,84,91,76,93,101,65,142,63,70
red,22,54,142,69,70,2,61,56,136,4
blue,34,142,143,129,14,101,124,2,8,99
blue,22,38,2,106,100,74,91,142,147,64
blue,90,124,140,24,74,117,111,19,69,109
red,154,61,2,49,124,18,74,155,69,153
red,0,124,143,8,70,112,38,6,29,53
red,0,142,6,51,4,101,27,143,106,5
blue,59,40,155,76,91,101,84,33,29,12
blue,151,38,159,17,79,47,58,104,50,53
red,13,74,134,116,96,54,107,151,49,93
blue,13,74,150,17,12,110,91,23,29,128
red,35,142,23,17,96,48,37,151,51,93
blue,0,38,33,51,93,78,87,142,76,96
red,137,38,121,17,71,115,141,132,106,14
red,36,67,151,8,71,103,98,56,156,126
red,110,74,140,106,99,2,40,33,17,71
blue,78,111,159,51,53,103,107,140,85,126
blue,36,13,121,51,82,59,38,55,129,4
red,103,40,121,29,130,110,30,150,76,66
red,3,65,121,17,71,35,142,11,29,160
blue,90,27,150,17,9,103,5,33,76,14
red,99,38,104,17,71,115,13,89,63,70
red,103,124,89,29,119,74,155,11,76,5
blue,0,75,64,24,71,47,84,1,116,5
blue,146,61,121,24,70,103,124,148,106,91
red,0,84,94,17,71,105,38,87,52,99
blue,103,155,124,106,120,107,142,6,51,82
blue,103,38,32,51,153,22,84,3,76,154
blue,112,75,6,76,19,103,124,151,51,70
blue,103,84,140,52,74,38,75,1,69,119
red,151,142,2,116,5,90,44,140,106,99
blue,59,86,75,52,74,103,37,150,29,100
red,88,30,103,76,96,59,65,155,136,148
blue,90,65,1,69,12,67,61,143,29,5
blue,101,142,56,49,82,90,58,140,17,160
blue,117,40,143,76,53,2,58,3,51,66
red,59,65,151,17,71,48,54,150,52,74
blue,36,65,140,76,12,92,84,150,49,71
blue,34,27,151,51,130,91,84,1,29,71
red,103,98,1,61,9,74,58,121,69,14
blue,36,38,143,49,99,103,54,104,50,82
red,47,141,33,136,160,102,84,75,49,71
blue,0,149,121,106,128,131,102,68,50,71
red,122,142,3,76,128,159,38,2,116,66
blue,110,54,125,17,71,62,23,150,116,70
blue,103,134,64,51,91,131,146,56,76,71
blue,36,27,142,51,14,88,84,140,52,100
blue,78,60,11,51,82,101,84,43,17,128
blue,78,26,125,29,5,19,84,110,51,37
red,123,54,140,116,53,78,154,125,49,124
red,59,27,3,51,110,36,74,143,50,66
red,78,54,110,52,112,101,30,121,8,128
red,78,38,1,136,12,143,124,125,49,119
red,78,38,159,51,82,22,65,89,52,5
blue,78,65,11,76,110,103,27,75,116,74
red,114,65,155,17,158,78,134,121,49,14
red,78,38,121,52,96,25,65,33,51,74
blue,0,149,121,17,79,78,61,159,29,93
blue,121,61,101,17,41,150,92,78,106,82
red,0,27,43,51,153,101,84,3,29,100
red,22,38,132,24,119,47,40,143,63,70
red,101,61,143,69,153,0,65,140,76,15
blue,84,111,11,69,45,74,40,143,50,15
red,101,61,132,116,96,99,38,104,51,64
red,34,134,140,29,160,31,84,151,49,12
blue,103,84,101,8,119,0,107,68,49,158
blue,101,38,143,9,66,81,13,140,106,5
red,114,65,133,116,4,0,38,68,106,5
red,101,44,55,51,119,0,84,125,76,118
blue,99,40,68,24,119,0,38,124,136,82
blue,127,38,150,52,100,74,97,75,8,82
red,102,23,33,9,119,131,87,121,29,53
red,19,65,125,147,119,0,23,101,51,128
red,18,38,10,51,82,74,65,120,50,100
red,131,142,64,147,119,65,40,37,29,71
red,31,124,151,49,109,22,65,2,17,53
red,74,65,159,29,41,34,84,151,136,53
blue,0,84,19,29,108,78,61,33,49,53
red,92,84,33,133,70,112,65,150,17,53
red,146,97,11,51,128,13,142,143,106,14
blue,151,38,89,51,37,47,124,3,106,99
blue,37,74,125,8,14,43,84,11,29,100
red,39,38,105,136,82,18,142,159,17,66
blue,31,65,15,8,80,0,13,121,17,82
blue,0,61,6,51,82,31,74,159,17,71
blue,67,61,143,51,93,0,84,89,136,128
blue,36,124,155,51,93,0,97,121,29,119
blue,47,92,33,9,5,37,61,43,17,124
blue,22,40,11,51,82,101,23,150,17,100
red,48,54,110,52,128,37,65,114,116,70
blue,31,142,89,76,9,0,54,110,29,14
red,48,65,19,8,82,36,142,23,106,126
blue,0,155,64,147,96,110,142,26,51,93
blue,22,28,104,51,82,0,107,2,106,66
blue,107,54,125,49,160,0,61,1,150,99
red,48,27,33,150,46,37,98,0,116,14
blue,74,98,110,51,153,48,27,75,8,14
blue,0,27,110,17,158,151,111,140,136,96
blue,34,65,64,29,53,81,38,90,49,148
blue,43,98,121,136,14,47,92,26,24,4
red,0,124,56,106,99,43,38,151,120,91
blue,110,38,64,29,12,31,84,140,76,70
blue,22,102,121,52,99,59,84,3,106,70
red,34,27,64,51,128,59,38,151,29,16
red,144,65,33,106,99,105,92,159,76,93
blue,37,124,65,51,14,88,84,1,8,5
red,37,58,121,8,128,2,117,151,76,5
red,0,38,159,8,119,22,67,143,116,70
red,101,84,151,147,128,121,40,143,9,5
blue,85,46,143,17,71,107,58,121,63,70
red,31,60,140,17,158,18,92,121,29,6
red,95,60,2,116,68,0,134,11,49,6
blue,146,60,89,17,6,47,92,110,29,14
red,0,61,37,85,128,3,23,155,106,5
blue,48,46,121,136,93,74,111,2,116,41
blue,0,65,114,17,93,31,58,3,41,128
red,152,38,33,106,99,0,125,140,24,4
blue,134,65,124,24,5,104,38,89,63,70
blue,101,38,140,49,4,78,13,6,52,14
red,110,154,121,51,33,74,65,142,52,82
blue,0,84,140,51,128,59,28,142,106,4
red,101,27,3,116,12,112,98,114,129,53
red,90,75,124,29,53,57,54,110,76,70
red,19,65,94,52,128,47,23,2,51,100
red,143,58,110,52,128,122,27,3,49,64
blue,31,77,159,29,53,102,94,122,52,100
blue,22,61,151,52,5,0,124,142,51,74
blue,151,38,33,8,16,0,84,3,17,79
red,62,38,121,147,5,36,124,94,106,74
red,0,65,140,17,70,144,61,1,76,126
blue,104,98,75,17,16,101,38,89,15,53
blue,0,38,143,106,126,101,5,11,51,99
blue,31,107,143,129,126,34,23,155,29,53
red,0,40,35,106,96,43,84,110,52,93
blue,18,23,150,136,96,0,13,143,129,74
blue,131,27,121,51,93,88,65,64,29,128
red,36,26,125,52,100,0,84,90,106,14
blue,131,38,159,24,41,112,65,140,129,93
blue,137,38,55,29,139,112,142,151,157,82
red,104,61,88,136,119,22,23,143,76,93
red,22,23,151,24,93,104,38,154,29,53
blue,34,84,31,50,128,101,149,56,17,76
red,0,23,137,51,4,43,38,33,29,80
red,159,61,6,17,53,74,38,1,85,93
red,53,88,75,24,128,74,149,143,17,79
red,123,65,148,24,71,3,46,140,29,74
blue,113,149,11,85,15,74,58,159,147,96
blue,90,77,159,29,118,59,13,35,51,93
blue,101,77,124,49,33,102,92,137,8,70
blue,65,54,7,8,12,37,149,125,17,30
red,31,61,1,51,82,0,84,151,50,128
red,152,65,121,116,79,0,98,2,51,82
red,31,65,132,29,74,0,130,121,76,82
blue,92,142,121,116,128,0,37,150,157,9
blue,0,40,55,69,100,74,27,13,116,70
blue,110,54,23,133,126,74,98,33,76,91
red,74,98,55,9,100,75,67,142,17,82
blue,74,13,54,9,153,88,84,110,29,93
blue,74,61,121,76,14,48,134,6,51,128
red,123,61,125,52,74,0,54,2,51,100
red,74,38,124,51,82,110,84,11,76,79
red,0,65,104,76,70,74,61,124,116,79
blue,74,142,124,52,96,102,13,121,116,153
red,150,23,78,106,5,57,61,110,85,9
red,110,23,150,106,82,104,38,132,129,119
red,59,61,151,52,100,0,13,159,136,82
blue,2,40,3,63,66,74,142,159,52,5
blue,37,38,150,8,96,31,61,121,85,112
blue,152,61,143,19,14,101,74,155,157,18
blue,34,84,94,51,5,134,54,155,76,112
blue,31,37,101,76,119,42,61,56,49,120
blue,112,13,73,52,5,36,84,11,116,153
red,36,13,37,52,93,112,98,110,29,160
red,34,67,94,106,100,62,141,140,51,66
blue,92,124,94,8,128,88,38,143,51,82
blue,101,84,83,8,128,92,23,150,17,12
blue,57,30,94,51,14,18,58,33,106,66
blue,0,84,110,49,153,31,87,1,51,93
blue,112,75,55,29,93,101,65,32,17,79
red,151,40,140,129,5,18,65,1,157,96
red,22,142,143,17,12,90,124,129,106,6
red,0,134,121,17,53,101,54,6,76,5
blue,95,142,121,8,128,11,27,101,106,82
red,107,26,155,29,128,131,46,159,49,158
red,58,84,151,106,4,47,124,90,129,14
blue,104,46,2,29,93,74,130,64,106,5
blue,34,65,158,17,53,74,38,143,29,96
red,135,84,140,17,93,91,124,159,29,53
blue,101,65,143,51,93,2,38,110,76,74
blue,37,38,32,51,16,101,30,33,129,14
red,152,124,151,52,5,127,142,159,17,79
red,91,38,158,17,160,59,141,65,51,128
blue,0,30,144,106,53,102,154,3,17,120
blue,37,5,151,116,153,117,38,2,156,53
blue,101,28,151,17,128,31,38,121,51,82
red,31,84,110,17,109,47,61,33,29,53
red,31,54,37,17,29,131,38,158,51,9
blue,101,84,3,150,37,0,38,2,29,139
red,22,84,110,51,74,101,65,56,49,64
blue,36,84,143,52,93,113,74,64,17,109
red,151,27,155,54,9,0,23,101,17,70
red,127,142,64,17,53,37,38,2,116,153
red,0,111,159,51,93,101,61,70,8,108
blue,18,75,121,49,53,0,60,122,76,16
blue,18,61,23,51,66,92,40,140,29,123
blue,134,65,121,49,4,127,38,150,17,96
red,101,65,73,76,4,142,84,17,106,82
red,92,61,2,17,74,110,38,143,63,153
blue,90,40,140,76,5,3,65,159,120,71
blue,92,13,121,49,153,59,38,140,8,53
blue,33,38,159,29,16,47,65,121,17,93
red,62,13,144,76,66,101,65,132,29,139
red,74,146,121,17,79,113,154,150,50,66
blue,102,146,140,137,5,0,23,150,51,14
blue,0,65,121,17,79,145,13,140,50,120
red,18,65,89,76,80,35,27,31,8,120
red,0,38,33,85,41,36,141,121,51,14
blue,134,94,6,24,5,47,142,83,76,41
red,18,60,33,19,93,0,98,104,41,74
red,110,134,159,69,153,62,38,26,49,41
red,74,60,3,29,41,107,134,133,85,148
blue,121,142,131,49,41,74,60,155,120,9
blue,19,40,121,50,41,107,142,59,17,153
red,144,97,110,24,41,151,142,39,106,82
red,90,98,140,29,41,74,107,143,51,79
red,48,124,121,49,41,59,22,11,149,0
blue,112,54,94,116,128,143,65,74,17,79
blue,86,54,68,69,153,47,61,56,116,93
red,22,23,155,49,53,127,54,94,17,79
red,36,54,121,8,14,18,26,142,17,53
red,43,54,151,51,14,34,23,110,136,70
red,59,98,121,136,16,110,54,140,51,82
blue,18,54,159,8,82,127,61,121,50,128
red,48,27,124,76,74,127,54,132,29,53
red,152,54,143,76,82,144,154,48,51,100
red,113,54,23,76,14,2,58,43,8,70
blue,92,54,125,150,96,3,84,19,151,153
blue,107,40,138,52,100,102,54,110,69,5
blue,69,75,18,106,74,0,54,132,51,91
blue,90,46,54,85,153,0,84,143,51,45
blue,107,54,110,85,93,102,67,150,109,126
red,110,54,121,76,12,0,84,2,51,128
blue,131,65,23,29,4,99,54,151,76,74
blue,151,61,23,120,93,101,54,75,116,100
red,18,54,137,106,14,75,65,33,69,12
red,110,54,143,129,5,43,65,159,133,111
blue,43,142,89,136,128,48,54,121,106,14
blue,0,54,132,51,139,31,84,26,8,108
red,135,54,43,76,12,90,23,151,136,109
red,0,54,151,106,14,101,67,140,76,99
blue,37,65,110,51,14,20,54,91,76,128
red,48,54,155,49,5,72,65,64,76,82
red,104,54,155,69,70,62,84,6,51,66
red,22,54,32,51,99,34,84,129,63,45
red,0,54,94,17,128,2,58,151,116,37
blue,113,54,91,137,82,36,40,33,51,154
red,31,54,155,24,14,0,84,159,76,5
blue,31,54,6,137,70,84,58,159,49,12
red,92,54,83,106,128,146,65,64,17,53
blue,114,65,26,49,160,135,54,110,51,14
blue,123,154,33,24,74,31,54,110,76,5
blue,0,124,1,76,160,151,54,91,24,5
blue,36,54,125,116,153,0,111,124,51,74
red,47,75,151,17,118,24,54,138,29,153
red,104,98,143,29,118,0,54,151,49,128
red,43,54,103,51,93,151,40,121,116,53
red,56,54,43,51,111,143,65,134,29,53
red,62,54,110,76,158,74,40,2,116,108
blue,31,28,159,51,15,74,54,155,29,12
red,107,142,64,52,71,104,54,155,137,153
blue,39,40,117,116,153,36,54,43,157,14
blue,42,54,121,24,70,0,124,33,116,82
blue,48,26,72,51,14,154,54,125,29,16
red,92,124,110,133,9,22,54,125,49,139
blue,114,98,64,8,128,31,54,155,52,82
blue,34,54,155,49,74,146,65,26,29,119
blue,0,84,26,29,14,18,54,159,137,80
red,150,26,101,51,74,137,54,0,156,53
red,48,40,140,116,160,110,54,33,51,5
red,92,54,11,69,128,101,130,121,29,91
blue,0,84,144,29,9,101,54,143,24,91
blue,151,54,1,29,74,158,98,155,49,108
blue,37,97,105,51,14,31,54,151,85,128
red,0,54,3,85,96,2,26,114,156,153
red,94,54,1,116,123,110,77,2,51,5
red,43,54,94,49,160,0,155,122,76,5
blue,121,142,114,51,9,112,54,94,76,126
blue,94,54,114,49,119,74,58,125,29,9
blue,31,154,29,19,110,78,54,94,76,99
blue,151,98,143,106,4,74,54,121,156,153
blue,144,27,43,9,74,0,54,143,8,93
blue,127,65,56,8,41,43,54,55,49,96
red,104,58,43,29,41,18,54,56,76,74
red,101,84,143,51,82,74,65,121,150,93
red,43,54,151,29,12,134,58,143,51,9
red,41,98,159,24,82,25,54,155,29,96
red,62,54,159,136,14,74,84,91,9,41
blue,151,54,132,29,14,62,111,43,136,96
red,31,61,33,17,160,0,38,159,136,70
blue,102,27,110,29,148,134,38,1,49,160
red,74,65,159,24,100,3,38,19,49,160
blue,114,97,142,147,14,31,38,68,29,160
blue,22,94,140,51,82,112,65,64,120,160
blue,48,142,83,136,66,115,38,121,49,160
blue,0,142,140,51,4,22,65,125,15,153
red,18,13,140,156,12,0,54,1,15,80
blue,31,13,121,76,153,92,54,56,51,6
blue,59,65,94,76,99,112,13,121,52,82
red,34,84,110,29,82,43,75,121,76,139
blue,37,77,159,51,5,101,13,11,106,45
red,107,84,155,51,100,134,13,11,52,126
blue,121,65,159,51,12,151,13,143,50,158
red,34,27,43,129,110,131,13,143,133,128
blue,144,40,143,106,4,110,13,159,137,37
red,62,65,140,49,79,110,13,132,17,128
blue,135,84,55,49,82,74,65,159,76,153
red,151,74,121,17,5,0,84,43,29,14
red,34,13,155,51,70,114,124,142,52,5
red,34,13,155,51,153,101,65,2,19,9
red,18,13,143,8,70,0,61,122,52,5
blue,0,38,1,9,5,150,23,125,8,93
blue,0,107,121,29,5,101,13,2,49,53
blue,37,13,151,9,74,112,124,155,106,66
blue,74,124,3,8,119,18,13,144,17,82
blue,112,111,56,76,5,107,13,155,51,93
blue,59,155,151,51,66,31,13,43,133,96
blue,104,58,150,51,93,39,13,151,52,74
red,101,98,159,17,71,88,13,140,85,100
red,48,13,159,106,64,74,40,94,24,160
blue,77,142,155,136,64,74,13,32,76,96
blue,37,141,151,133,93,112,13,2,52,91
red,101,13,148,8,70,75,142,122,51,82
red,74,60,144,85,70,22,13,143,29,119
blue,90,13,143,106,74,31,84,105,51,96
blue,31,13,121,49,66,154,74,104,17,108
red,154,13,104,29,119,18,84,114,85,153
red,134,13,2,116,53,38,54,114,50,128
blue,84,75,63,8,74,57,13,151,29,53
blue,0,65,21,137,148,72,13,8,116,74
blue,101,124,136,24,70,104,13,159,29,14
blue,110,65,64,52,5,92,13,2,8,91
red,36,40,107,17,158,0,13,140,106,5
blue,121,107,43,116,70,112,13,2,51,14
blue,37,13,19,29,153,48,91,143,120,4
red,110,13,122,106,74,11,58,43,29,120
blue,35,13,159,51,4,0,65,68,106,15
blue,59,65,132,76,66,113,13,159,106,82
blue,90,13,125,137,160,107,134,159,69,4
blue,22,13,1,8,100,92,102,121,52,5
red,3,13,121,51,119,104,142,143,29,93
red,103,54,151,106,82,101,86,143,85,74
blue,101,124,155,116,82,103,13,68,29,153
blue,103,154,150,133,96,0,44,56,51,14
red,3,111,114,51,93,155,124,151,52,128
blue,18,146,144,137,126,81,65,121,106,82
red,0,54,125,37,108,36,44,124,133,93
blue,48,142,23,51,37,34,84,159,76,5
red,0,65,105,52,4,34,74,125,29,153
blue,0,84,43,24,5,25,75,85,69,153
blue,34,61,54,106,93,0,38,121,8,128
red,47,149,143,29,96,59,124,151,106,4
blue,77,65,64,9,14,74,61,37,51,128
red,101,142,121,51,4,37,61,110,76,99
blue,18,155,11,51,14,74,125,121,49,99
blue,48,40,11,76,128,0,38,143,29,53
blue,154,92,142,51,93,144,38,151,29,74
blue,48,38,121,49,53,72,46,143,17,71
blue,55,84,34,17,128,144,28,101,50,70
blue,48,75,122,17,110,0,155,26,129,153
red,48,30,1,24,53,31,84,75,51,82
red,18,23,150,116,153,92,84,101,8,79
red,18,38,89,76,96,74,142,144,136,14
blue,144,91,3,49,148,31,75,1,76,96
red,81,28,142,69,79,59,141,155,24,153
blue,22,26,151,116,153,59,61,115,51,128
blue,62,40,143,24,118,0,124,150,136,160
blue,72,154,132,50,70,0,142,55,147,153
blue,144,142,121,116,14,77,65,159,129,66
red,59,142,151,106,82,74,84,138,29,16
blue,18,26,155,51,14,122,38,121,76,99
red,0,26,121,17,70,22,38,143,63,153
red,101,87,150,17,14,95,37,19,51,93
red,101,84,26,76,82,48,23,151,17,53
red,144,84,110,106,74,18,37,121,17,5
red,48,38,121,56,80,22,124,151,29,53
red,0,107,56,49,5,150,111,6,116,110
red,0,98,6,29,45,131,84,64,137,70
blue,84,98,34,51,128,144,65,11,129,53
blue,102,38,56,76,66,0,124,94,51,70
red,107,38,1,51,4,0,65,32,76,70
blue,0,65,159,133,53,59,86,64,76,153
red,137,92,159,17,12,18,40,94,76,104
blue,42,84,6,52,5,151,38,32,24,12
blue,31,111,143,29,76,59,61,122,51,93
blue,2,65,94,106,108,43,86,101,29,14
blue,47,65,121,51,82,101,84,11,52,5
red,22,84,101,29,126,95,61,140,17,82
red,0,60,121,52,14,65,86,143,51,128
blue,0,107,32,9,112,92,38,11,51,82
red,145,65,121,116,5,0,23,150,8,93
blue,47,38,143,29,53,0,84,101,85,70
red,110,84,114,8,100,0,154,121,24,96
blue,72,141,143,51,5,113,87,121,29,96
blue,88,38,121,137,70,18,26,101,76,53
blue,18,84,101,24,80,149,142,121,116,153
blue,48,65,6,52,128,95,124,121,51,74
blue,0,84,11,51,14,48,65,140,76,99
red,107,30,101,17,100,47,58,1,76,108
blue,74,65,64,29,93,34,124,101,51,100
blue,0,67,72,51,79,48,30,101,29,93
blue,152,124,110,52,5,47,67,151,109,74
red,101,84,143,129,66,0,75,89,136,100
red,101,54,121,133,70,130,27,150,29,66
red,47,54,155,51,99,112,154,101,116,130
red,35,124,101,137,70,115,60,155,136,119
red,78,94,101,8,12,135,141,62,24,70
red,0,124,94,137,53,48,155,121,29,41
red,19,58,155,106,82,104,124,94,147,74
red,131,61,37,29,64,47,65,140,76,5
red,151,54,101,76,110,145,134,3,116,82
blue,84,67,101,51,74,114,40,43,29,108
blue,84,65,37,8,74,19,13,155,52,5
blue,35,107,64,17,71,0,155,121,51,82
red,22,26,121,51,37,9,74,143,150,100
red,0,65,21,52,5,112,40,141,50,6
red,18,98,143,17,79,42,38,121,136,82
red,101,149,13,116,93,36,84,121,133,16
blue,0,87,124,51,82,101,58,121,29,153
red,41,61,32,17,160,18,40,121,116,153
blue,0,23,54,129,6,115,75,155,29,5
red,42,124,121,24,82,151,65,140,29,9
red,24,54,121,51,14,92,30,101,106,74
red,107,38,121,9,70,101,84,23,8,5
blue,110,65,23,9,112,91,134,143,106,82
blue,22,38,159,50,128,101,65,64,17,53
red,74,146,1,76,41,114,84,132,17,70
blue,72,142,124,51,74,134,65,59,29,53
blue,0,84,140,17,109,102,60,11,133,153
blue,54,37,155,51,82,150,5,56,76,148
blue,34,27,2,29,80,88,92,155,51,14
red,0,84,93,108,128,74,65,107,29,5
red,90,60,33,106,66,34,40,155,29,9
red,101,27,114,29,5,39,38,125,136,74
red,31,149,41,29,6,34,65,122,76,14
red,0,38,33,29,4,73,84,150,106,82
blue,74,65,11,29,14,2,38,151,15,80
blue,92,142,104,120,9,0,13,143,76,14
blue,150,23,142,147,70,2,58,135,51,153
red,31,58,26,49,93,74,38,159,17,160
blue,59,40,56,51,74,3,58,144,8,82
red,101,84,110,29,71,0,67,151,51,74
red,145,18,121,129,9,39,38,132,49,158
blue,90,74,32,63,70,2,97,150,29,153
blue,18,30,121,51,9,135,92,155,76,128
red,86,38,144,29,153,91,58,2,116,9
red,34,38,89,116,9,112,54,3,29,82
blue,0,84,151,116,14,2,60,159,29,9
red,62,38,33,29,96,2,40,64,136,9
red,25,111,143,17,109,74,54,150,49,9
red,151,58,26,76,53,18,84,0,17,6
blue,43,84,101,29,53,0,98,1,24,82
blue,18,27,159,24,82,90,38,68,29,100
blue,104,58,121,9,82,18,61,140,15,128
blue,47,23,155,49,100,88,38,121,51,160
red,112,38,140,116,100,59,84,142,29,153
red,37,67,35,116,96,22,84,121,29,14
blue,37,61,20,129,74,92,27,151,51,14
red,22,124,47,29,53,135,84,151,150,123
red,131,61,37,51,119,3,142,121,136,74
red,101,84,142,17,71,90,125,143,50,79
blue,92,125,64,50,160,78,84,75,69,153
blue,74,65,2,17,160,145,61,121,51,66
red,1,94,121,51,100,22,84,159,17,74
blue,57,84,34,15,91,0,61,140,51,66
blue,151,61,1,69,66,0,84,133,29,74
blue,36,84,104,29,14,59,38,33,51,66
blue,39,58,150,17,74,31,61,121,136,128
blue,34,84,1,50,82,47,65,121,29,128
blue,0,84,94,69,53,31,65,159,76,82
red,43,84,144,52,30,48,27,150,15,107
blue,107,38,159,106,4,74,61,143,29,53
blue,154,38,143,51,71,31,65,121,50,93
red,0,27,121,76,70,18,67,136,129,99
red,74,27,114,63,70,90,38,140,50,158
blue,48,86,10,51,5,135,27,159,17,79
red,48,27,55,51,153,151,154,121,69,93
red,135,27,155,29,153,31,38,32,24,53
blue,62,60,11,129,66,110,27,150,51,82
red,42,98,114,24,110,112,38,56,69,153
blue,113,27,110,8,9,151,74,89,17,119
blue,92,65,6,29,109,18,27,151,51,99
blue,92,84,89,51,93,48,27,125,136,96
blue,37,27,155,156,158,47,61,26,85,128
red,92,27,143,116,82,101,87,89,85,41
red,0,87,19,49,119,114,13,56,136,148
blue,74,98,15,51,154,18,23,110,50,128
blue,0,84,110,63,71,43,27,64,136,128
blue,20,38,2,50,74,78,54,151,29,5
red,31,27,151,29,119,34,40,132,49,153
red,48,98,23,24,45,107,40,121,76,111
blue,110,61,23,76,5,112,44,121,29,153
blue,0,98,89,116,126,43,46,143,76,74
red,92,27,6,51,14,152,46,157,76,128
red,151,149,121,76,128,0,84,150,29,53
blue,31,87,140,51,5,0,27,159,49,96
red,112,26,131,133,82,151,125,143,116,96
red,88,38,26,51,153,2,46,56,29,126
blue,146,65,32,49,71,74,141,79,17,14
blue,78,98,56,51,93,115,27,125,76,111
red,43,27,159,29,100,18,58,144,116,12
blue,42,54,35,52,14,78,142,150,77,108
blue,92,61,148,116,4,34,38,121,51,14
blue,18,38,6,24,93,47,27,150,129,70
red,42,27,121,116,74,62,54,114,85,82
blue,62,84,2,51,4,22,27,121,69,16
red,104,37,150,17,93,43,38,6,50,14
red,3,98,6,17,128,36,142,43,29,53
blue,144,142,140,49,30,34,27,125,29,53
blue,36,27,150,51,121,0,54,155,129,82
red,74,61,144,52,128,88,86,140,69,93
blue,35,65,64,8,70,110,40,159,29,53
red,0,54,114,52,100,127,38,122,76,96
red,134,27,104,52,70,2,38,155,76,5
red,131,38,23,29,96,18,27,3,51,93
blue,144,84,110,24,82,104,38,2,129,79
blue,151,124,121,29,12,47,142,2,76,119
red,110,27,125,17,119,144,98,132,49,74
blue,115,75,64,133,153,43,141,121,17,128
red,18,102,104,17,71,123,61,121,76,128
blue,18,111,143,129,33,47,134,124,51,82
red,102,75,104,136,128,131,111,41,49,82
blue,2,27,3,76,100,107,37,150,17,41
blue,101,65,121,76,100,0,61,1,17,119
red,0,67,22,29,53,151,23,13,51,128
blue,110,30,90,136,118,22,61,56,17,128
blue,47,65,139,17,96,78,61,140,51,93
blue,151,54,74,136,53,103,125,154,69,153
red,112,40,121,17,5,37,98,93,106,126
blue,22,13,73,116,12,131,38,143,133,126
red,37,54,110,133,119,134,125,121,69,5
red,150,154,121,133,126,95,26,13,106,5
red,0,27,151,116,93,22,142,55,17,70
blue,151,84,132,76,4,78,61,150,49,148
red,36,98,33,17,139,37,38,151,24,13
red,0,26,110,106,33,151,54,155,136,139
blue,78,54,155,69,14,2,58,142,116,139
red,72,27,0,49,139,74,142,124,17,9
blue,102,38,132,69,14,0,13,121,29,139
red,152,54,155,136,30,127,65,159,106,128
blue,91,27,155,50,100,0,142,121,76,82
red,117,30,32,85,126,60,61,125,137,82
red,117,146,3,29,53,121,98,148,51,128
red,47,84,154,106,99,117,13,121,24,82
blue,117,40,121,109,14,2,75,110,51,5
red,117,13,121,129,110,134,65,75,52,128
blue,90,146,149,136,14,134,61,19,29,53
red,19,98,143,133,123,0,27,151,129,37
blue,110,30,114,50,128,0,61,1,133,154
red,117,54,3,17,79,0,26,94,133,154
blue,104,107,43,76,14,55,38,47,133,153
red,114,84,110,51,12,75,38,1,29,119
blue,131,27,2,49,14,91,30,64,52,80
blue,74,146,155,116,115,86,124,6,29,119
red,0,38,140,29,160,90,84,132,17,82
blue,110,84,151,24,5,18,91,124,29,158
red,43,141,154,29,159,134,124,151,49,82
red,90,142,2,51,93,112,38,121,76,82
red,154,61,1,136,53,74,124,56,49,71
red,20,65,121,129,93,115,61,1,76,14
blue,114,102,132,24,120,101,38,143,29,119
red,18,38,144,15,153,0,92,125,116,80
blue,48,124,159,69,153,137,38,56,17,96
red,57,142,1,52,126,0,58,143,49,153
red,103,94,19,52,96,121,38,151,29,30
red,92,67,125,136,74,102,40,2,49,148
red,43,61,121,49,71,48,149,32,17,70
red,102,87,34,106,93,107,38,2,8,96
blue,97,130,1,63,139,90,142,11,52,153
red,36,107,150,116,139,134,38,19,76,5
red,92,38,159,24,41,110,58,33,51,70
blue,99,40,32,17,53,62,27,132,76,128
red,19,23,43,15,108,102,54,155,52,82
red,151,58,125,17,53,48,38,56,24,128
blue,110,58,6,76,93,18,27,150,129,5
blue,74,58,64,17,53,152,40,2,63,70
red,107,58,56,51,5,137,46,159,29,153
blue,107,40,56,136,100,43,58,159,29,53
red,90,58,64,24,71,84,125,21,116,153
blue,34,124,151,50,14,0,58,37,8,82
blue,37,23,150,51,96,0,58,11,29,153
blue,24,38,56,136,53,0,58,159,17,71
blue,91,58,143,106,128,110,38,121,51,4
blue,69,154,122,29,53,34,60,23,17,4
red,48,58,105,49,64,0,142,104,106,82
blue,154,134,121,29,109,31,74,155,17,80
blue,134,154,94,17,124,110,74,140,137,14
red,151,74,56,8,82,150,98,1,24,128
blue,151,98,26,29,128,43,74,121,51,82
red,18,74,64,85,82,151,107,150,69,153
red,127,141,143,24,120,52,60,148,29,41
red,62,125,159,8,119,101,54,94,106,66
red,74,38,140,51,66,137,84,44,49,41
red,3,54,94,106,5,22,84,83,147,82
red,123,74,110,8,153,34,23,73,106,100
blue,127,130,56,29,14,22,26,0,76,82
blue,129,74,19,106,66,135,92,64,51,14
blue,101,92,143,29,71,152,65,121,50,153
blue,104,40,158,136,70,117,125,138,9,110
blue,34,84,23,133,109,47,38,33,76,6
blue,0,67,151,106,128,143,65,125,136,66
red,0,60,132,106,82,18,38,64,29,140
red,112,84,101,8,128,0,87,142,29,9
red,145,54,73,50,4,74,38,2,24,100
red,18,54,151,17,74,90,98,143,8,14
red,42,155,140,136,45,0,98,2,8,153
red,37,77,154,147,96,127,142,155,51,128
red,134,124,55,76,93,115,87,1,51,99
blue,146,65,132,69,128,74,46,10,51,14
red,34,87,2,136,66,152,155,26,17,71
red,0,130,114,24,82,13,40,64,29,153
blue,35,65,2,17,153,34,92,64,49,71
blue,146,65,57,19,110,43,87,148,52,160
red,90,54,125,51,82,74,124,3,156,70
red,101,27,3,51,5,74,125,121,76,82
red,110,65,33,157,66,74,84,125,29,153
blue,18,84,146,51,14,110,23,150,49,74
red,53,84,43,76,5,35,38,154,19,158
red,22,65,151,17,107,0,84,89,29,153
red,154,27,3,106,128,48,37,73,51,93
red,75,60,1,147,153,31,87,19,106,93
red,2,38,143,136,5,107,92,64,8,37
red,0,30,114,137,70,73,124,110,29,12
red,41,130,29,24,82,6,40,123,52,128
blue,123,124,125,29,153,31,155,140,17,79
blue,13,40,19,50,45,154,38,143,8,99
red,90,61,1,50,74,41,38,83,17,16
red,110,84,151,51,96,154,61,140,17,108
blue,47,141,124,52,82,43,142,1,29,93
red,81,67,155,108,123,154,84,101,17,5
red,154,142,151,76,119,81,65,121,50,53
red,39,107,154,51,74,90,60,110,50,128
red,22,40,1,51,82,0,54,6,29,119
red,90,61,2,8,12,110,154,150,136,53
blue,90,30,101,76,148,18,61,121,17,79
blue,95,74,150,7,99,154,65,159,29,96
blue,154,65,104,150,4,131,107,121,106,82
red,0,65,54,76,66,102,38,143,116,126
red,22,65,56,52,5,48,54,69,51,96
red,18,154,56,17,14,0,84,94,29,82
blue,72,5,151,76,53,31,65,64,29,153
blue,101,58,19,29,53,131,26,125,51,128
blue,131,84,143,106,4,114,87,0,8,82
blue,0,155,121,137,16,36,84,93,106,74
red,104,98,121,129,70,0,75,143,24,14
red,102,65,159,116,66,101,23,121,106,82
red,121,111,159,51,74,90,23,150,29,53
blue,131,65,159,51,80,22,38,143,133,126
red,114,65,43,8,14,22,154,150,29,66
blue,103,5,144,76,79,0,37,151,9,33
blue,0,65,139,106,93,43,26,151,69,128
red,31,23,26,69,80,104,98,133,19,153
red,0,142,11,116,128,151,65,121,49,108
blue,127,98,155,76,33,115,38,2,51,5
red,110,111,121,29,53,43,142,140,8,109
blue,34,65,159,106,91,112,84,151,51,93
red,88,61,134,49,153,0,142,121,85,108
red,74,65,143,52,111,62,142,121,24,153
red,62,65,104,136,71,0,84,143,17,9
blue,112,141,73,51,74,101,65,121,17,79
red,47,65,64,136,110,101,124,94,29,9
blue,151,30,68,8,96,0,84,75,17,128
blue,102,38,110,51,14,0,26,155,147,5
blue,25,61,143,50,16,3,84,121,51,82
red,152,74,19,85,93,59,65,1,51,14
blue,41,65,32,69,97,74,84,43,52,123
blue,104,77,32,106,66,41,65,125,136,82
blue,47,40,2,106,41,39,58,151,51,14
blue,101,65,124,29,53,103,23,151,17,96
red,121,13,103,29,14,37,40,142,51,70
blue,110,65,122,24,158,0,38,124,76,128
blue,22,65,121,116,96,74,38,2,51,45
red,112,65,143,116,96,101,84,2,29,93
red,0,84,91,106,70,22,65,64,24,96
blue,110,38,132,69,111,34,61,33,51,99
blue,47,91,143,17,5,121,142,65,147,14
red,104,13,37,8,99,110,23,150,76,5
red,90,28,110,24,5,114,125,151,120,53
red,152,142,64,51,93,31,38,121,106,99
red,151,84,159,8,128,47,65,124,51,99
blue,158,40,6,51,5,20,79,32,50,128
blue,0,84,105,106,99,31,38,64,29,53
red,31,54,69,106,5,18,58,121,51,99
blue,59,87,150,106,82,0,124,110,17,5
blue,104,65,2,76,5,154,38,143,85,93
red,92,111,90,136,128,104,40,19,51,99
red,112,65,159,52,99,101,30,151,106,82
blue,102,65,0,8,70,35,26,43,106,99
red,0,84,94,51,5,92,61,33,76,93
blue,0,94,151,50,99,107,75,55,51,5
blue,101,124,93,51,99,112,58,151,19,119
red,0,98,143,8,12,22,65,104,17,99
blue,115,13,68,106,5,54,61,43,29,53
blue,112,13,33,8,91,145,142,64,29,5
red,135,61,105,9,111,48,54,155,17,14
red,37,58,132,17,74,47,26,125,29,5
red,104,58,159,76,119,18,38,11,17,70
blue,90,124,110,29,119,24,38,101,120,70
red,31,38,140,106,99,0,61,121,51,74
red,18,102,121,49,119,101,65,2,17,79
blue,150,67,155,137,70,101,84,121,49,53
blue,0,124,142,133,153,88,54,92,116,107
red,151,61,124,116,66,115,142,2,76,53
blue,59,65,64,137,14,0,40,2,116,66
red,36,38,125,29,71,110,98,32,51,70
blue,90,61,56,129,93,0,65,148,136,100
red,107,84,94,106,99,18,65,56,116,5
blue,102,13,29,87,9,2,37,150,51,82
blue,101,111,1,29,119,0,65,140,129,112
red,102,67,1,116,153,152,84,94,129,70
red,103,124,131,106,126,2,38,155,76,108
red,104,154,142,85,153,102,65,33,17,96
blue,112,60,33,85,153,90,38,89,17,71
red,36,54,125,51,14,90,67,150,29,153
red,0,67,155,51,14,90,40,150,49,66
blue,37,38,150,85,153,101,98,105,147,128
blue,95,134,90,136,120,31,61,104,76,14
red,0,54,151,85,153,22,107,155,52,14
blue,151,22,68,9,153,90,65,1,76,128
red,22,65,143,29,153,59,142,110,116,14
blue,74,38,55,147,14,107,65,151,85,153
red,101,28,64,50,14,88,65,68,85,153
red,110,84,143,17,9,43,13,2,106,74
blue,110,91,143,49,160,0,74,83,51,53
blue,102,44,155,136,14,112,65,159,76,5
blue,145,38,1,29,66,134,40,32,106,5
blue,0,142,56,116,153,59,13,151,17,53
blue,18,65,33,8,70,112,87,94,116,148
red,18,61,143,120,128,0,27,6,24,66
blue,31,58,159,120,93,18,61,33,29,64
blue,0,65,110,41,108,59,38,56,49,96
blue,112,37,3,106,99,36,61,121,29,33
red,22,61,64,17,37,154,84,56,106,128
red,0,124,91,17,128,18,75,143,106,119
blue,101,13,2,51,82,154,102,143,8,120
red,78,84,151,8,14,101,23,125,136,128
blue,104,13,143,51,82,48,142,159,106,100
red,19,38,64,52,128,127,61,114,51,14
red,0,65,1,85,30,31,111,56,51,82
red,101,125,121,51,120,37,149,159,76,82
red,34,61,121,106,74,62,141,55,8,5
red,104,102,44,76,108,43,27,103,17,153
red,104,38,124,52,5,18,58,1,29,99
blue,74,124,155,52,93,48,58,6,76,7
red,152,65,132,63,119,37,38,140,8,128
red,90,54,43,17,71,101,125,143,49,148
red,110,40,159,63,70,104,61,122,50,74
blue,0,84,1,51,5,18,37,11,29,53
blue,53,38,55,136,29,48,134,64,63,46
blue,3,84,151,116,30,0,74,101,129,5
red,37,98,2,51,96,107,58,52,85,93
red,62,92,104,52,5,18,65,19,51,93
blue,62,65,56,129,4,104,40,121,51,70
red,0,77,140,106,126,101,58,19,51,4
red,43,65,121,116,82,48,124,2,51,14
red,152,61,1,17,79,104,13,159,49,14
red,88,124,110,24,82,151,38,140,17,158
blue,0,98,159,29,93,43,142,23,76,66
blue,3,75,23,51,93,47,142,32,85,114
red,47,23,43,147,5,48,155,1,51,93
blue,3,124,89,69,93,0,27,159,49,158
red,104,125,91,29,140,47,27,90,51,107
blue,43,65,159,51,4,31,27,121,8,99
red,0,38,143,9,100,114,65,54,52,74
red,3,65,121,133,45,59,38,155,106,5
red,0,61,143,51,82,3,65,140,116,92
blue,74,26,110,8,53,59,142,3,29,119
blue,104,125,11,51,14,95,65,121,106,82
blue,36,58,11,29,53,22,142,2,106,93
blue,34,107,121,137,53,36,87,151,76,82
red,120,61,1,85,111,131,65,124,29,9
blue,110,125,144,17,96,135,124,121,51,5
red,74,142,110,51,93,135,84,140,8,128
blue,31,125,122,49,110,135,38,11,29,153
red,34,86,43,129,82,120,142,121,156,153
red,48,27,91,24,120,90,111,6,29,93
blue,154,84,151,17,118,135,107,6,76,82
blue,135,54,94,156,158,110,84,142,106,154
red,135,102,26,129,126,151,74,114,17,128
red,120,141,121,8,128,25,65,89,50,9
red,120,86,1,50,148,117,154,6,69,153
red,134,86,33,76,74,120,98,7,49,41
red,22,27,94,50,70,21,40,1,51,12
red,15,13,140,116,153,135,134,68,17,128
blue,110,58,121,50,14,22,75,33,109,120
blue,120,87,150,136,5,74,98,143,17,119
blue,36,65,121,8,12,104,142,19,51,120
red,22,46,56,24,120,149,125,33,52,154
red,74,60,140,29,120,134,98,114,106,4
red,18,98,121,52,128,78,117,150,69,120
blue,145,65,121,17,80,135,54,33,50,128
red,127,61,104,129,120,62,30,56,49,108
blue,104,40,155,51,82,120,142,64,76,45
blue,67,46,5,75,130,25,40,155,29,16
blue,18,98,121,29,119,0,65,120,116,14
red,107,60,2,49,153,135,104,151,106,91
blue,62,141,143,29,120,154,92,56,17,53
red,146,61,1,29,120,35,84,151,51,71
blue,18,65,124,8,14,135,58,54,51,123
red,0,61,56,63,126,135,154,104,8,70
blue,135,23,151,17,79,31,84,91,51,82
red,59,94,43,51,153,22,67,124,69,118
red,120,94,143,49,93,34,30,64,106,5
blue,135,134,150,106,128,48,107,104,51,82
red,36,61,19,106,4,22,40,138,51,5
red,3,142,132,116,120,42,77,159,76,96
red,47,98,26,76,120,159,65,151,17,71
blue,25,30,110,29,79,92,40,121,49,120
red,120,23,150,24,93,34,61,139,116,53
blue,101,38,43,51,4,135,26,94,49,139
red,143,65,72,51,100,135,38,52,9,70
blue,22,27,7,29,120,110,54,43,136,14
red,39,60,121,17,15,135,65,2,51,4
red,107,38,132,29,5,120,142,26,51,16
red,90,84,151,17,9,135,30,68,69,100
blue,43,154,121,29,89,110,92,140,51,93
red,135,154,143,52,5,35,84,121,17,74
red,135,13,56,51,120,31,28,159,116,45
blue,134,61,2,49,14,36,58,105,156,153
blue,90,38,121,29,128,31,26,151,129,153
red,57,38,26,51,82,22,65,121,17,66
blue,121,27,62,51,82,2,38,120,76,5
red,120,65,83,106,82,37,60,155,49,74
blue,48,84,101,136,66,22,65,143,129,153
blue,0,26,155,29,153,48,23,140,24,93
red,74,84,43,129,70,120,65,150,85,82
blue,59,65,155,54,108,31,61,56,49,153
red,0,130,159,50,9,107,141,121,109,108
red,95,141,73,17,79,0,65,132,129,153
red,74,141,124,51,82,110,23,155,19,5
red,74,141,56,17,53,92,58,143,51,128
red,90,65,89,24,82,88,111,10,51,66
blue,90,65,104,106,5,39,98,110,8,128
red,34,141,33,106,139,81,125,73,69,14
red,36,141,122,85,70,0,65,143,24,100
red,43,54,151,85,9,62,154,89,116,100
red,37,38,155,106,123,31,141,68,51,4
blue,0,141,89,52,93,31,124,1,51,82
red,144,141,64,51,9,103,124,55,116,70
red,47,75,53,17,126,62,54,110,49,93
red,0,75,140,51,66,62,74,23,52,110
blue,62,124,104,133,96,129,74,91,147,9
red,135,58,105,50,128,97,74,41,106,82
red,135,74,43,17,70,101,84,1,133,96
blue,65,38,159,76,71,62,54,3,17,12
blue,0,40,144,8,70,18,146,140,76,158
blue,0,65,1,24,128,74,98,125,51,82
blue,59,38,155,76,148,121,65,64,51,14
red,112,61,139,51,5,34,146,121,9,120
red,62,65,64,24,5,47,54,43,51,14
blue,134,91,121,85,158,114,65,33,51,5
blue,121,150,30,29,158,18,38,139,51,128
red,92,58,1,29,158,31,40,139,76,41
blue,101,26,2,41,93,89,84,155,76,111
red,102,124,3,129,14,25,30,151,85,158
red,39,65,43,52,5,34,84,151,116,14
red,43,54,2,51,74,0,27,151,29,111
red,110,38,64,8,158,47,65,19,29,121
red,74,38,64,8,158,62,98,73,50,128
red,48,54,3,106,158,0,124,143,29,123
blue,107,58,6,137,160,25,40,154,29,158
red,101,75,89,29,158,31,84,140,76,82
blue,31,38,114,49,53,35,134,148,116,158
red,95,65,43,29,148,91,130,2,76,70
red,18,54,33,29,53,110,111,124,8,128
red,43,65,121,116,53,0,84,120,8,41
red,146,26,155,50,82,0,65,121,76,4
blue,43,30,55,52,14,107,98,64,51,66
red,52,98,159,8,100,0,61,144,51,111
blue,151,40,121,76,12,0,26,159,17,41
red,0,58,89,106,82,107,61,151,51,111
red,102,54,64,8,128,41,26,56,137,9
red,134,124,94,116,100,31,13,32,29,93
red,25,61,124,51,93,74,125,159,76,82
blue,47,84,124,52,5,0,98,143,50,70
blue,22,124,150,17,66,104,38,142,76,14
blue,57,40,121,49,53,67,38,68,106,41
red,152,124,140,106,5,2,61,6,8,128
red,57,60,0,29,66,90,84,151,8,82
red,36,107,43,76,109,37,130,89,29,53
red,18,107,101,133,96,90,134,68,29,153
red,110,84,19,17,71,43,40,89,24,82
red,112,130,155,51,41,18,74,107,29,53
blue,72,38,104,69,112,121,67,101,51,74
red,48,92,2,51,82,0,65,143,116,93
red,112,65,73,24,128,151,38,2,106,93
blue,92,26,72,76,5,144,142,0,51,108
blue,92,84,56,17,82,144,38,0,24,70
red,104,27,151,29,9,92,26,94,106,82
red,2,111,155,69,153,0,65,144,29,138
red,62,61,104,51,128,145,142,151,76,93
red,18,142,159,106,99,31,40,121,51,93
blue,112,40,121,106,14,0,84,159,52,93
blue,37,61,1,76,96,0,38,143,51,93
red,3,38,23,52,14,72,58,68,116,153
blue,43,124,121,76,14,0,154,104,29,93
red,97,124,151,49,74,48,30,131,144,9
red,0,40,114,136,74,104,142,140,51,53
blue,151,84,110,17,74,102,27,3,52,93
blue,0,124,125,29,71,90,65,1,106,93
red,31,54,131,51,93,22,27,143,106,5
red,74,107,151,85,70,103,26,0,106,93
red,34,141,1,49,74,48,84,140,29,53
blue,25,141,121,29,4,137,130,3,52,93
blue,2,58,3,76,96,151,54,68,51,93
blue,0,84,142,51,93,57,65,94,106,96
red,47,61,139,49,5,43,67,124,51,93
blue,18,65,140,8,53,22,38,121,52,120
blue,103,117,150,106,15,74,141,143,9,93
red,110,58,159,29,53,48,38,56,106,82
red,31,154,23,85,93,95,87,13,52,99
red,18,38,107,51,93,101,124,64,76,82
red,74,27,151,85,93,39,84,150,76,53
red,95,97,159,9,139,31,65,33,133,53
blue,18,0,121,83,82,78,58,151,76,53
blue,104,40,43,76,53,74,38,55,106,82
red,144,142,121,116,53,151,27,155,49,4
blue,2,65,150,29,53,144,61,6,52,82
red,74,155,140,29,53,25,58,64,76,82
red,59,29,151,85,70,31,38,140,63,45
blue,101,38,11,106,66,88,67,43,76,82
red,112,84,142,76,153,22,107,6,85,70
red,3,149,56,106,99,62,65,64,116,109
blue,152,84,2,29,96,22,40,56,106,99
blue,57,46,121,129,70,0,65,140,76,99
blue,41,86,43,106,118,48,154,89,51,74
red,91,38,104,51,82,0,60,124,29,18
red,74,75,104,29,5,39,107,150,106,82
red,65,58,33,76,18,2,125,121,49,45
blue,38,107,121,106,82,152,84,2,24,120
red,92,65,1,116,76,37,74,151,24,100
blue,92,146,89,29,12,48,74,151,51,93
red,47,84,142,29,53,151,65,143,116,100
blue,0,13,159,29,5,150,125,71,133,153
blue,0,65,121,52,126,101,27,159,51,82
blue,18,26,110,52,5,48,77,121,116,119
blue,0,65,19,52,82,31,13,23,106,153
red,36,65,140,52,66,121,155,144,49,82
red,154,61,124,52,66,103,38,11,15,74
red,131,141,56,52,100,127,65,144,133,70
blue,101,65,122,52,128,112,142,120,29,71
blue,0,40,140,51,4,42,58,143,116,153
red,72,75,149,51,93,0,65,143,106,99
red,31,84,159,50,30,0,27,150,51,82
blue,47,134,140,24,82,0,40,121,52,5
blue,48,65,159,17,119,36,27,139,50,5
red,101,84,132,51,37,90,46,124,106,5
blue,19,98,2,29,53,144,149,155,116,108
blue,152,37,110,17,80,134,38,0,51,14
blue,131,88,124,29,100,137,107,121,17,70
blue,78,40,110,29,153,112,155,121,52,5
blue,31,23,101,116,70,110,38,121,51,12
red,13,38,104,51,5,0,142,64,136,53
blue,127,60,23,17,53,110,107,155,116,153
red,90,60,140,8,41,102,84,110,50,128
red,110,30,64,49,53,0,61,139,17,70
blue,134,142,0,136,160,44,102,129,157,108
red,39,38,110,17,71,65,84,150,106,82
blue,101,44,143,51,82,0,84,110,52,5
red,110,65,33,9,119,39,61,90,69,70
red,131,26,110,52,128,0,65,159,85,153
blue,25,84,3,129,96,78,155,110,76,14
blue,110,125,1,49,153,48,75,64,29,53
blue,31,65,121,24,93,0,61,124,17,70
red,18,60,121,51,93,145,124,43,29,96
red,137,40,159,29,53,31,87,23,51,14
red,0,134,2,116,16,103,84,151,150,96
blue,112,61,140,51,64,110,5,83,147,96
blue,0,5,33,76,53,22,38,104,129,12
red,18,27,94,29,110,47,5,91,19,82
blue,37,155,2,8,120,103,5,140,106,100
blue,18,5,143,17,71,25,65,90,122,74
blue,18,125,121,137,128,0,27,105,102,44
red,0,65,104,8,27,59,38,151,51,82
blue,101,124,125,17,91,151,5,6,52,93
blue,127,65,144,17,153,19,5,3,129,70
blue,0,141,136,76,126,131,65,144,106,82
blue,0,65,11,156,119,22,5,43,116,153
blue,0,142,33,8,128,37,5,150,49,109
red,105,27,0,51,82,18,5,1,136,70
red,3,5,124,8,128,22,65,140,52,82
red,88,44,143,76,79,113,5,11,69,53
blue,47,5,68,24,128,74,38,1,8,153
blue,145,30,139,156,153,154,5,10,17,93
red,31,94,121,136,41,91,38,6,29,5
blue,35,5,143,51,82,101,142,159,29,99
red,18,5,21,17,109,0,38,15,76,119
blue,117,61,155,8,96,115,77,150,63,82
red,92,5,68,52,66,18,23,91,49,4
red,0,38,26,136,70,78,5,150,51,82
red,0,38,143,29,99,22,98,132,116,14
blue,0,84,143,106,82,22,27,150,129,99
blue,36,111,19,51,119,43,155,144,29,93
blue,112,60,151,76,70,110,13,140,17,9
red,35,60,151,49,53,92,104,158,76,153
blue,0,54,150,49,160,110,58,151,157,74
red,101,61,121,52,96,35,65,55,76,153
red,103,61,89,29,128,35,124,140,116,37
blue,142,65,159,29,53,0,38,89,50,128
red,0,98,104,106,99,31,146,56,69,30
red,110,75,1,106,82,62,107,64,29,99
blue,145,97,124,136,16,110,75,68,51,82
red,34,75,64,24,82,74,13,32,29,96
blue,112,13,94,9,41,144,75,64,51,5
blue,112,75,70,69,158,36,58,55,133,126
blue,134,124,125,116,9,18,75,159,52,96
blue,145,26,155,17,79,92,38,75,63,70
blue,37,75,133,17,9,72,65,2,49,128
red,0,23,150,51,99,134,75,101,29,111
blue,115,141,68,133,96,127,38,64,49,153
red,39,58,35,106,74,90,84,155,137,71
red,0,27,3,76,5,74,142,87,17,79
blue,0,38,140,49,53,18,142,121,76,5
blue,48,134,37,85,16,0,65,121,76,128
red,131,84,64,52,128,36,38,33,24,100
blue,48,67,110,17,71,59,54,155,76,128
blue,59,88,54,106,74,36,87,155,51,128
blue,62,27,136,29,4,158,87,155,52,74
red,110,54,26,50,74,73,65,2,51,82
red,59,27,150,8,4,2,154,155,51,74
red,90,38,11,51,128,0,79,151,52,74
red,59,61,1,29,12,110,65,142,51,14
red,104,61,121,51,14,127,65,3,8,74
blue,134,84,142,29,70,18,5,2,51,82
red,43,38,56,51,82,0,54,155,85,91
red,35,26,125,51,14,107,65,159,136,119
blue,88,124,90,51,128,54,125,62,109,102
red,144,38,155,19,66,74,111,125,29,14
blue,114,5,125,85,14,74,84,43,29,66
blue,19,60,124,63,82,134,142,125,116,153
red,67,65,114,8,71,59,61,159,106,128
red,0,13,104,76,99,47,54,121,116,70
red,101,142,159,8,30,0,23,150,51,110
blue,67,40,0,106,126,151,26,31,51,66
red,131,107,121,9,70,101,37,150,136,66
blue,131,87,143,9,41,104,30,56,106,74
red,127,46,11,17,71,107,61,159,8,100
blue,101,61,56,54,53,107,102,32,76,9
red,25,58,11,9,14,0,38,121,8,128
red,112,142,68,49,14,101,38,159,76,128
red,154,58,2,51,74,78,102,151,137,70
blue,104,111,19,51,79,152,65,150,29,9
blue,110,84,11,63,70,146,111,143,51,14
blue,0,111,11,50,53,101,38,1,17,79
blue,101,111,1,147,120,22,141,72,136,71
red,31,27,94,50,128,62,37,142,17,66
red,110,26,150,51,5,36,54,155,29,74
red,47,142,143,17,93,46,60,144,49,108
red,90,67,48,50,70,0,13,1,116,153
blue,47,141,87,129,9,110,142,2,17,153
blue,88,46,11,50,128,135,30,120,137,119
red,110,124,120,29,93,114,111,68,17,74
blue,0,142,6,8,74,59,111,56,120,128
blue,104,84,3,133,9,110,38,122,17,53
red,97,65,114,51,93,95,142,1,106,96
red,0,142,56,76,14,31,38,148,116,9
red,90,142,2,85,37,0,65,121,52,100
blue,104,23,151,8,4,112,61,2,76,66
blue,31,38,64,136,82,22,142,94,138,93
blue,39,61,121,8,153,18,38,140,52,93
red,131,26,124,110,108,18,97,140,17,100
red,115,58,114,51,119,0,141,120,136,79
blue,0,146,143,51,93,18,13,140,17,122
red,20,58,140,8,70,95,111,150,29,53
blue,102,98,121,51,82,104,155,140,17,79
blue,43,58,148,52,74,0,38,132,29,93
red,127,61,33,29,74,22,98,121,51,82
red,99,98,121,24,93,92,86,104,17,74
blue,47,60,140,76,5,131,38,55,52,82
blue,62,142,56,85,153,0,60,140,17,71
red,0,142,2,8,128,131,149,140,106,5
red,43,54,110,150,126,72,13,101,24,100
red,0,125,2,150,14,31,5,56,106,99
red,110,65,23,106,74,39,37,155,116,153
blue,0,65,104,9,14,22,98,23,29,71
blue,77,65,143,29,96,0,61,121,76,93
red,62,40,19,76,80,22,58,54,51,96
blue,0,61,121,147,128,114,111,54,29,37
red,65,111,2,76,112,0,84,54,29,4
red,145,13,143,17,53,0,58,54,24,82
red,31,65,143,51,37,74,61,1,106,82
blue,34,125,54,51,0,112,107,2,69,123
blue,59,13,121,51,14,22,26,54,17,79
red,47,142,64,17,70,31,75,143,76,153
blue,54,27,3,29,82,113,65,64,52,128
blue,107,60,121,116,70,31,40,54,85,153
red,0,111,144,51,99,101,142,54,29,12
red,47,65,54,133,79,43,149,132,106,82
red,31,38,54,29,110,47,142,121,51,82
blue,134,111,64,106,74,101,65,54,52,14
blue,0,38,54,106,74,103,84,110,85,70
blue,0,27,3,116,53,74,117,140,106,82
blue,62,117,55,76,74,101,142,54,24,100
red,48,13,54,52,82,104,142,154,136,96
blue,102,142,140,52,5,130,38,54,120,74
red,0,111,11,51,5,101,142,54,29,14
blue,112,5,143,106,4,88,40,2,85,153
red,113,60,151,148,66,54,65,43,51,82
blue,101,26,54,51,66,131,58,11,76,153
blue,101,84,54,51,12,0,26,3,17,93
blue,102,84,11,17,128,62,65,54,51,82
red,112,61,54,133,53,92,65,143,9,160
blue,52,46,54,29,53,18,13,89,106,126
blue,102,65,1,51,4,47,38,54,106,5
red,54,77,143,136,70,74,13,132,69,82
red,107,37,33,129,5,121,142,68,156,153
red,0,54,2,106,82,112,38,56,17,91
red,34,107,43,85,5,36,125,158,52,128
blue,78,40,22,148,9,90,124,43,85,153
red,18,97,159,85,128,104,61,1,17,53
blue,104,40,121,49,99,101,84,48,106,5
red,47,13,39,133,82,88,38,124,69,80
blue,0,142,89,50,99,22,75,2,76,70
red,0,38,150,85,82,48,77,64,51,4
red,48,77,121,85,153,114,27,101,69,100
blue,78,77,68,29,153,0,37,142,85,5
blue,90,75,114,69,82,121,58,56,24,71
blue,107,38,158,24,14,90,65,159,17,128
red,143,27,103,17,12,107,40,121,85,5
blue,102,84,125,76,5,62,58,11,85,74
blue,152,58,125,123,108,22,60,2,24,82
red,0,40,56,8,53,155,84,11,85,153
red,104,65,143,85,30,35,27,110,106,99
blue,103,125,89,76,82,58,38,65,51,99
blue,48,142,122,106,99,0,60,2,116,4
red,34,65,56,51,93,104,124,91,106,160
red,74,141,150,17,148,47,102,121,76,66
blue,36,65,121,51,74,102,141,19,17,79
red,59,61,20,106,99,91,134,89,51,112
blue,19,65,121,51,100,92,98,124,76,5
blue,0,91,33,49,11,39,87,155,17,79
red,0,87,143,17,5,37,65,2,9,71
blue,90,154,143,76,16,43,87,3,8,124
red,0,26,87,24,120,113,38,151,133,93
blue,134,142,19,116,80,48,26,151,17,70
blue,18,79,38,29,102,39,142,19,106,74
blue,22,65,132,116,74,48,61,159,129,5
red,90,61,158,129,82,72,84,140,29,118
red,36,84,143,137,5,34,54,110,133,93
red,150,94,11,52,100,101,125,121,51,99
blue,90,54,131,24,66,62,65,56,29,53
red,25,124,155,76,14,39,58,0,52,66
red,114,65,150,8,128,74,23,155,51,93
red,112,26,155,24,66,31,84,120,136,82
red,90,98,32,8,12,0,141,6,52,100
blue,62,40,11,49,108,35,146,144,136,14
red,59,38,140,116,9,134,142,124,51,74
blue,110,40,159,116,160,0,142,122,129,93
red,48,26,125,76,5,0,74,19,17,53
blue,110,27,32,51,5,0,65,55,147,82
red,78,134,94,133,153,74,65,159,136,123
blue,34,84,150,69,5,43,37,56,51,82
red,74,38,104,51,82,34,23,93,24,70
blue,121,27,3,29,53,36,84,150,106,82
blue,115,23,155,51,82,22,38,2,76,79
red,92,23,35,106,82,134,67,155,51,74
red,104,94,159,129,153,25,61,33,29,53
blue,36,74,56,49,126,104,86,94,51,82
blue,69,74,150,106,4,110,107,121,51,82
red,0,40,140,69,153,47,124,149,51,5
red,47,125,64,116,70,0,91,104,76,5
blue,107,111,122,51,128,43,23,1,29,79
red,101,74,19,29,153,0,84,159,63,70
blue,103,27,3,29,153,110,65,56,49,70
red,112,28,101,69,99,34,23,155,52,126
blue,112,141,68,29,16,90,84,125,49,153
blue,6,27,151,109,53,137,23,94,49,128
blue,34,40,140,51,158,37,61,155,76,79
blue,134,98,75,29,96,110,111,2,129,5
red,154,87,151,51,5,39,65,159,129,16
blue,77,74,11,29,53,137,125,2,133,9
red,22,84,159,106,82,48,54,151,51,70
red,86,40,2,52,128,127,46,155,76,111
red,0,38,140,133,153,43,124,3,17,70
red,101,61,89,50,70,18,84,121,52,5
red,47,38,124,9,70,90,40,143,52,74
red,121,87,3,51,93,47,61,126,69,5
blue,103,124,110,51,93,0,84,43,49,128
blue,90,58,89,29,119,0,61,33,136,70
red,37,77,144,76,128,53,61,132,63,70
red,145,84,155,24,70,0,58,143,17,14
red,74,84,101,8,70,90,27,155,129,153
red,110,54,94,147,93,3,98,83,51,66
blue,18,65,2,76,93,19,38,155,17,53
red,131,61,2,76,82,152,65,121,106,5
blue,103,98,140,76,14,37,124,0,8,128
red,39,125,11,76,14,112,98,56,52,128
red,112,23,150,29,66,36,38,19,85,53
blue,112,23,11,147,45,74,65,140,29,53
red,95,84,19,8,128,81,141,1,17,82
blue,0,142,21,69,153,110,65,121,51,108
red,81,98,56,106,82,151,107,11,136,14
red,62,27,151,17,71,34,75,144,49,14
red,20,65,140,51,53,112,154,143,129,153
red,104,84,155,136,1,151,92,143,51,80
red,110,84,132,51,5,104,92,151,49,148
blue,69,111,121,129,71,60,37,87,17,70
red,69,142,140,51,82,75,38,143,50,128
blue,112,98,143,52,91,107,142,121,9,100
blue,0,142,143,51,74,22,134,140,29,53
blue,47,84,151,85,119,92,38,56,52,128
blue,134,84,151,29,5,74,91,125,106,128
blue,134,154,13,51,96,0,65,143,116,70
blue,22,142,11,106,93,25,54,125,51,91
blue,0,38,140,8,100,22,142,83,50,128
red,0,40,132,51,14,103,28,125,29,53
blue,0,84,55,106,120,104,54,92,17,108
blue,104,38,151,49,120,22,102,143,17,148
blue,127,13,143,69,153,48,65,101,51,99
blue,110,38,89,52,148,42,54,90,17,109
red,92,65,6,17,41,145,124,155,136,53
blue,110,125,159,29,53,37,65,151,69,153
blue,59,134,151,29,14,31,98,121,17,159
red,47,117,56,17,93,110,13,121,29,14
red,47,65,33,69,53,151,38,2,106,82
red,145,61,121,106,82,0,75,132,76,128
red,110,38,2,106,82,154,65,83,69,79
red,97,60,2,17,5,34,102,26,76,79
red,114,47,121,106,5,0,98,56,51,110
blue,36,26,159,50,128,34,28,117,106,14
red,34,102,55,51,74,47,124,143,29,111
blue,22,27,2,29,53,48,40,43,150,153
red,36,40,138,29,119,110,65,71,116,153
red,115,58,121,106,99,122,84,94,76,5
red,92,75,94,17,79,43,38,83,106,5
red,34,60,121,17,12,62,65,136,51,66
blue,31,107,121,85,108,37,125,2,29,53
red,0,107,2,106,82,31,142,21,76,5
blue,154,40,37,51,5,101,124,89,17,160
red,0,98,133,29,96,47,30,2,50,14
red,107,61,101,24,138,31,124,43,76,128
red,72,98,140,52,128,48,37,159,129,9
red,34,130,121,76,93,53,23,151,51,14
red,0,98,1,106,99,36,91,143,116,100
red,34,23,110,19,99,74,124,151,29,153
blue,0,65,159,24,126,120,124,155,29,53
blue,112,28,90,17,53,18,40,19,52,128
red,112,58,140,29,153,18,111,121,116,118
blue,25,40,32,51,93,112,98,2,29,14
red,36,30,64,51,82,155,26,125,29,12
blue,144,38,104,8,107,34,67,151,17,79
red,112,107,140,29,119,56,40,121,24,94
red,95,84,155,137,66,81,61,122,52,4
red,47,61,134,29,71,158,154,131,17,41
red,19,91,121,29,153,131,27,151,24,5
red,62,117,33,116,153,0,61,26,52,74
red,0,77,56,9,108,134,40,121,17,71
blue,110,65,90,52,5,151,130,143,136,9
red,92,65,120,24,100,101,142,33,147,96
blue,131,23,65,106,82,101,142,155,51,12
red,19,154,68,52,93,90,40,104,9,82
red,131,146,121,8,128,110,141,143,51,96
red,110,65,143,50,128,18,38,3,76,74
red,48,40,56,106,4,22,38,68,157,97
red,0,98,121,50,128,31,40,6,69,153
blue,154,102,148,17,5,36,38,140,76,66
red,0,27,30,17,128,19,125,64,76,14
blue,154,142,1,136,128,0,28,150,52,5
blue,31,54,155,8,128,102,97,75,49,153
red,0,27,94,106,30,22,38,114,17,91
blue,0,40,124,29,153,62,61,64,8,9
blue,0,124,121,133,153,47,84,143,8,128
blue,37,38,2,8,128,0,149,1,106,82
red,92,154,94,8,53,74,67,3,129,5
red,107,38,140,116,93,154,98,143,106,96
blue,107,88,140,136,99,134,124,110,51,64
red,101,98,159,85,119,149,65,121,76,93
blue,48,38,56,147,70,149,23,150,136,93
blue,90,98,150,76,66,0,75,11,136,100
blue,37,40,133,76,93,152,142,159,24,70
blue,36,77,133,116,16,149,27,159,76,9
red,121,40,87,24,93,152,38,114,52,14
blue,152,98,121,9,74,110,61,114,49,53
blue,18,86,121,106,74,152,58,104,51,100
blue,0,65,150,8,14,152,84,18,129,5
blue,0,84,121,17,16,152,65,1,69,80
red,110,74,2,17,108,92,97,121,116,41
red,34,38,150,124,82,48,27,13,29,14
red,34,75,11,106,82,36,98,143,51,93
blue,144,26,34,51,66,3,75,121,76,5
red,48,38,159,85,126,34,61,151,51,4
blue,88,125,121,51,14,34,141,56,52,82
red,31,65,101,137,14,34,107,56,116,16
blue,74,30,104,69,82,34,61,90,51,4
red,34,65,2,51,4,81,84,101,17,128
blue,34,141,140,76,53,110,26,151,24,82
red,34,77,64,76,79,101,58,56,69,5
blue,57,92,1,29,53,62,28,120,17,153
red,104,61,1,49,126,0,65,140,17,148
red,74,40,143,17,53,145,84,140,29,93
blue,58,23,3,116,96,101,67,155,51,4
red,57,65,68,136,128,152,134,151,69,93
blue,151,65,56,29,70,114,61,33,50,82
red,18,92,159,51,14,135,65,122,50,160
blue,47,13,2,17,128,151,111,124,8,119
blue,18,26,155,51,93,0,98,19,106,74
blue,59,38,56,52,100,22,124,155,24,70
blue,110,67,33,156,153,31,38,114,51,100
blue,151,23,125,69,153,0,84,150,52,5
blue,0,23,110,76,74,62,84,159,52,128
red,110,23,148,52,128,104,58,121,106,100
red,36,38,1,51,96,78,61,37,24,120
blue,131,38,104,17,128,31,30,151,51,14
red,0,107,56,51,100,36,84,64,129,74
blue,103,84,138,29,4,104,65,1,76,79
red,104,38,121,52,126,19,28,101,106,5
red,92,65,33,29,53,101,40,0,49,84
blue,101,40,2,51,121,34,98,56,116,153
blue,18,27,159,29,153,107,38,150,51,93
blue,39,61,140,52,100,74,23,150,15,70
red,47,38,73,116,153,104,40,34,29,9
blue,62,84,73,52,4,36,65,1,76,70
red,47,84,155,49,148,112,38,140,106,41
blue,22,58,138,51,66,47,38,159,9,14
blue,110,142,121,17,158,74,38,159,9,14
red,74,38,2,129,158,78,61,151,51,66
blue,131,61,73,51,160,0,84,94,17,66
red,59,38,94,116,12,151,26,19,51,53
blue,101,142,56,49,160,47,84,90,150,108
red,78,38,151,76,66,130,60,140,150,5
blue,25,98,151,51,37,34,61,89,29,33
red,34,38,140,63,70,112,65,64,133,108
red,134,111,64,63,119,69,27,94,24,70
red,99,38,121,106,126,90,149,93,51,9
red,18,97,3,17,159,88,38,89,51,93
red,158,84,151,116,82,131,23,2,51,92
blue,101,40,26,51,99,31,141,121,137,93
blue,19,46,133,52,93,0,87,43,106,100
red,154,97,159,69,128,88,54,155,52,99
red,34,92,79,51,5,48,154,1,8,53
red,0,38,2,116,4,62,27,151,17,16
red,36,65,159,24,16,19,58,3,156,74
red,31,155,124,136,9,0,58,159,51,93
blue,86,40,144,51,104,62,67,151,52,5
red,34,65,143,52,128,135,84,2,8,70
red,86,38,159,106,82,0,65,121,49,71
blue,101,84,132,52,128,47,65,2,76,160
blue,74,65,159,76,128,104,111,125,129,70
blue,57,65,158,17,53,62,38,159,29,5
red,3,84,110,8,100,62,38,158,76,66
blue,107,38,159,51,74,127,65,150,52,5
red,47,65,2,129,99,22,23,121,29,153
blue,31,84,110,51,126,0,67,151,52,5
red,144,141,1,69,153,145,28,151,51,5
red,145,98,124,51,14,92,38,121,52,4
red,6,102,89,8,120,135,84,133,51,82
blue,127,38,132,85,93,107,155,133,106,96
blue,110,65,33,9,100,74,84,125,51,45
red,47,67,151,51,111,110,26,125,116,123
blue,113,38,64,51,14,0,65,2,63,70
red,62,142,19,51,66,22,84,121,29,37
blue,101,113,2,51,74,83,142,125,76,93
blue,62,141,1,29,126,37,67,133,106,74
red,31,94,121,17,5,43,40,64,49,119
red,127,65,155,51,82,112,77,143,50,100
blue,0,142,33,116,119,152,60,150,136,128
red,22,38,21,106,99,62,84,83,51,74
red,62,54,125,85,154,113,38,121,106,128
blue,110,87,159,147,82,151,154,150,120,53
blue,102,38,121,116,66,43,84,140,29,5
red,141,65,148,24,82,62,61,121,76,45
blue,77,23,142,50,153,143,40,148,51,70
red,54,46,94,51,5,101,124,148,116,153
red,2,60,140,51,4,22,84,138,106,5
red,131,61,121,49,82,31,124,151,17,53
blue,102,61,159,50,66,31,142,132,51,5
red,74,38,144,24,128,102,142,64,17,53
red,0,27,121,49,71,137,61,43,52,128
blue,88,61,148,8,9,74,87,56,17,70
blue,83,97,94,106,82,75,65,122,50,128
red,22,125,143,9,128,107,84,121,136,93
red,134,77,143,136,138,35,46,2,50,109
blue,112,98,56,136,53,34,58,11,17,71
red,101,27,2,136,99,0,65,89,8,108
red,18,58,138,51,82,74,65,140,136,14
red,47,67,155,29,53,62,40,1,51,82
blue,151,84,55,50,128,150,40,124,17,64
blue,102,65,23,76,14,90,38,93,106,74
red,90,74,83,116,70,110,54,93,24,66
blue,47,61,68,52,93,102,124,3,129,126
blue,24,40,11,17,4,101,124,150,29,160
red,0,142,132,69,14,47,124,151,63,70
blue,47,58,2,76,99,31,65,143,29,15
red,31,13,11,76,66,36,60,143,137,82
blue,0,44,89,116,16,2,38,11,76,14
red,43,58,104,29,153,114,38,124,49,14
red,47,84,2,116,14,18,65,68,51,99
red,95,65,140,49,70,18,84,89,17,118
red,56,77,121,29,9,13,60,2,106,4
blue,22,84,155,106,82,13,40,43,76,153
red,113,38,32,76,66,13,65,23,17,79
blue,18,84,125,8,70,13,141,121,17,79
red,18,26,151,49,14,62,145,121,17,45
blue,104,40,151,51,14,13,74,124,116,154
red,3,124,110,49,53,13,84,1,17,70
red,13,87,121,51,14,54,65,143,50,128
red,88,40,89,51,96,13,91,120,8,70
blue,31,38,159,51,14,13,142,64,76,37
red,110,38,1,52,5,13,40,121,63,70
red,13,141,33,9,123,39,86,150,51,82
red,13,74,140,52,128,47,125,143,85,153
blue,48,134,159,29,5,13,74,6,129,66
blue,35,74,121,51,79,13,27,91,52,96
red,13,65,143,52,66,35,84,64,106,5
blue,35,65,105,29,12,13,38,23,52,128
blue,0,98,41,136,6,74,65,124,51,104
blue,74,142,41,9,112,22,27,143,50,14
red,101,142,41,29,53,30,65,110,116,128
blue,62,30,41,29,74,144,44,125,156,5
blue,101,142,56,51,128,31,65,104,52,82
red,0,54,94,24,74,22,79,121,76,82
red,0,84,94,116,96,34,23,150,52,37
blue,31,124,110,106,99,74,38,121,9,5
blue,101,65,55,85,59,6,61,121,76,66
blue,22,37,142,76,82,104,65,2,17,66
red,0,58,104,49,14,101,142,6,9,111
red,0,27,151,29,93,53,142,10,76,119
red,0,27,159,51,82,155,26,94,129,9
blue,22,91,121,51,93,18,65,64,136,99
blue,65,58,124,116,45,22,23,94,52,120
red,112,98,6,116,153,78,58,151,51,14
blue,39,58,125,52,96,0,30,23,8,70
blue,0,61,121,52,5,74,67,151,50,14
red,74,124,151,52,9,34,107,89,116,158
blue,0,124,11,136,82,36,61,144,8,93
blue,25,40,121,17,71,0,61,159,49,79
blue,43,67,143,76,93,36,125,132,29,53
red,20,40,64,76,82,0,65,159,8,128
red,114,40,155,50,128,20,61,125,8,70
blue,0,124,3,17,41,37,75,87,8,53
blue,74,84,125,51,93,37,141,150,8,128
red,34,26,154,8,5,144,145,125,116,14
blue,101,84,143,76,82,115,38,140,106,120
red,97,58,140,51,120,154,102,143,106,66
blue,22,102,87,136,82,0,84,121,51,128
red,134,60,155,136,6,34,28,159,51,100
blue,114,142,144,24,14,37,38,143,29,53
red,154,26,101,8,128,131,124,151,51,5
red,154,141,140,76,128,127,40,55,8,9
red,154,60,1,69,128,114,84,115,51,74
red,151,40,140,106,154,37,38,125,85,99
blue,4,40,32,29,15,144,61,19,52,154
red,47,65,143,106,154,0,84,125,17,71
red,107,124,94,106,160,112,61,1,76,96
blue,112,23,155,49,53,131,141,94,51,153
red,77,84,140,51,41,110,94,1,43,118
red,0,58,159,76,5,137,54,94,69,70
blue,134,65,132,85,5,94,54,121,51,37
blue,104,84,94,150,97,83,98,159,51,110
blue,84,38,2,49,5,90,40,94,24,14
blue,0,65,2,29,41,74,13,140,51,82
blue,0,38,136,116,153,67,77,125,29,112
red,42,38,56,29,14,107,61,138,136,119
blue,78,86,15,17,153,42,98,121,49,148
blue,95,40,121,29,53,22,38,64,77,108
blue,0,141,132,29,9,99,142,121,51,70
red,18,107,143,8,70,34,38,132,69,111
red,0,84,43,76,14,59,38,33,116,53
blue,131,61,125,144,12,31,38,140,17,100
red,36,74,120,17,71,18,40,105,24,5
blue,101,38,143,8,128,18,98,89,106,5
red,59,38,56,51,74,19,141,33,17,53
blue,47,27,121,24,128,134,38,140,17,12
red,92,30,94,29,9,35,107,151,17,12
red,34,61,140,49,53,112,40,89,116,158
blue,0,65,121,133,70,22,27,150,17,53
red,104,40,0,51,4,110,65,11,106,82
red,104,97,0,116,153,22,65,121,51,120
red,36,84,65,24,130,74,40,155,106,14
red,135,58,104,51,5,151,54,94,137,153
red,13,58,2,106,5,18,38,1,50,123
blue,0,142,140,17,120,72,61,151,136,14
blue,3,117,94,69,128,34,84,114,24,82
red,90,38,143,116,14,62,92,1,52,82
red,39,142,155,76,92,103,40,26,52,93
blue,115,155,11,8,153,48,84,125,76,93
blue,137,65,68,69,5,74,142,151,76,70
red,112,27,142,52,53,48,23,150,51,82
red,0,113,19,51,14,150,60,11,69,31
blue,151,74,143,85,126,0,65,19,29,153
blue,154,28,94,76,153,0,40,89,116,158
blue,18,94,120,29,153,22,40,55,17,71
blue,115,38,143,29,158,19,92,140,106,82
blue,131,84,121,106,99,110,142,120,85,4
red,101,98,43,29,153,112,125,19,136,54
blue,36,23,2,137,153,59,61,19,29,53
blue,0,40,64,136,53,104,61,110,116,153
red,107,142,2,69,70,83,38,155,29,109
blue,47,38,121,51,82,115,40,150,129,79
blue,0,102,68,69,119,2,77,143,51,99
blue,0,54,1,29,119,19,58,143,116,153
blue,0,61,64,106,99,48,142,143,52,96
red,92,124,110,116,153,0,13,121,156,64
blue,74,146,105,76,66,0,84,94,133,112
blue,0,26,115,52,74,38,98,2,29,12
blue,31,61,33,49,148,0,98,124,76,82
blue,43,65,140,49,53,0,84,124,17,99
blue,31,65,124,106,9,0,141,143,76,99
red,59,38,121,116,153,48,65,2,8,109
blue,102,74,131,17,9,134,58,41,76,5
red,47,141,121,116,93,18,38,154,51,82
blue,18,23,150,29,119,0,74,73,52,93
blue,31,98,19,9,100,54,65,11,24,5
blue,22,84,91,52,126,18,40,32,17,79
red,84,124,122,147,128,0,38,26,8,79
blue,52,84,140,51,5,0,124,151,49,46
blue,90,141,1,106,14,107,134,110,29,93
blue,48,98,154,51,5,110,65,144,116,41
red,36,61,140,29,9,74,26,151,51,5
red,34,54,125,49,14,144,40,135,51,82
red,155,74,121,106,83,102,134,75,51,66
blue,137,134,121,51,93,107,65,64,76,96
red,22,30,140,29,14,43,94,122,51,82
blue,90,102,2,116,70,113,134,33,52,128
red,43,134,155,52,82,47,107,142,51,110
red,112,40,11,17,53,0,65,104,50,96
red,112,40,136,109,4,115,98,2,106,74
blue,92,58,54,51,93,107,40,120,136,70
blue,90,134,155,147,128,18,141,131,19,153
blue,25,65,143,76,123,135,40,158,52,128
blue,0,134,43,147,79,135,111,120,106,82
blue,104,30,2,76,66,37,40,143,147,96
red,0,40,64,51,4,82,65,143,106,74
red,36,134,1,147,70,115,98,143,116,153
blue,0,142,1,51,14,18,40,140,136,126
blue,102,58,148,76,128,0,40,124,24,160
blue,22,46,64,69,93,0,134,151,147,120
blue,31,65,2,116,153,0,134,150,76,30
blue,31,67,151,76,82,0,134,143,24,126
blue,0,111,124,129,12,135,84,43,17,128
blue,31,65,143,76,93,36,40,1,51,120
red,48,65,2,29,153,88,134,140,17,71
blue,0,13,2,29,153,31,40,33,51,128
red,37,134,35,8,70,59,154,142,51,128
blue,0,75,159,17,4,78,40,2,9,37
blue,110,107,64,69,14,72,40,33,29,120
blue,0,38,143,17,160,19,40,159,8,153
red,105,40,89,51,128,34,141,143,133,153
blue,90,75,37,51,93,113,23,150,29,70
blue,102,23,13,129,93,36,75,2,51,96
red,31,38,68,49,104,22,13,64,75,35
blue,107,142,159,52,5,36,54,140,51,74
blue,104,54,38,8,124,34,61,121,156,148
blue,34,65,64,76,82,22,67,125,85,153
blue,101,75,104,85,119,88,40,32,29,153
blue,152,75,140,17,70,31,61,121,136,93
red,110,142,140,52,93,18,58,158,49,96
blue,145,75,104,52,100,154,142,122,8,53
blue,65,38,122,29,96,112,75,37,129,99
red,90,84,150,17,53,101,65,19,29,14
blue,0,38,133,136,128,36,75,140,17,160
blue,103,13,159,24,100,74,75,132,106,66
red,143,84,151,51,66,90,67,43,29,16
blue,2,84,155,8,4,0,26,43,116,93
red,22,113,151,52,82,31,130,143,106,66
blue,0,58,140,8,74,151,75,104,51,16
red,0,40,120,106,66,110,38,29,138,126
red,31,65,121,52,79,47,84,125,51,74
blue,151,84,95,49,5,0,142,55,147,159
red,121,65,104,29,53,36,75,136,116,139
blue,59,142,121,156,53,18,46,89,76,96
red,90,142,19,51,5,48,38,159,137,70
blue,81,98,19,129,70,90,84,125,49,160
red,90,61,124,109,126,107,38,2,49,53
blue,43,40,11,8,128,0,60,143,116,119
blue,18,40,121,17,128,154,38,20,24,100
blue,35,23,150,76,119,37,91,75,29,80
red,110,84,143,51,14,104,58,1,8,128
blue,75,92,1,9,100,134,27,150,85,70
blue,145,125,11,76,91,22,13,121,116,111
blue,59,28,150,116,4,69,58,124,109,126
blue,135,142,2,120,53,69,75,56,85,5
red,57,60,150,76,159,56,28,151,51,66
blue,62,142,33,51,93,36,40,32,52,99
blue,112,38,2,51,99,22,124,150,133,100
blue,47,84,151,29,14,18,39,94,17,53
blue,22,65,144,29,12,88,5,150,17,128
blue,101,38,143,76,82,3,23,150,17,71
red,90,38,55,29,53,110,124,150,49,82
red,31,60,2,106,82,91,124,150,147,14
red,110,104,151,106,5,22,113,143,15,93
blue,0,38,89,136,120,90,65,143,49,9
blue,74,58,64,129,82,31,65,83,17,120
red,0,58,110,51,100,154,13,90,147,153
blue,22,154,32,76,82,127,23,151,17,71
red,59,65,143,17,74,31,30,26,106,100
red,103,97,6,136,70,90,67,151,52,128
red,112,54,151,50,109,0,58,62,8,70
blue,22,84,132,52,123,48,67,155,106,100
red,59,58,56,52,128,120,61,155,19,4
blue,36,40,103,150,4,110,30,2,8,128
blue,43,38,159,85,126,18,58,3,19,82
red,101,27,94,51,120,0,58,159,29,111
blue,18,84,110,51,93,134,58,11,76,82
red,145,74,94,15,9,149,84,2,106,99
red,131,58,133,137,12,104,40,140,85,74
blue,22,61,140,24,100,34,40,159,29,12
blue,101,58,33,8,53,134,54,121,76,70
red,95,40,11,51,70,144,97,155,29,93
red,74,58,155,156,53,78,75,110,51,82
red,36,142,1,51,93,72,61,11,49,97
blue,35,38,148,24,74,145,141,41,17,14
red,35,65,121,106,5,110,61,68,156,70
blue,62,65,133,106,27,0,61,121,50,14
blue,112,38,11,29,53,0,77,121,9,41
blue,0,61,15,29,96,145,58,1,51,74
blue,37,38,121,51,5,74,13,68,29,9
blue,18,142,33,106,74,158,97,139,129,153
blue,112,61,2,116,128,0,13,1,76,74
red,134,38,143,106,4,110,61,140,116,100
red,36,61,159,51,74,101,65,143,8,128
blue,74,38,55,137,82,112,54,64,85,99
blue,38,65,140,52,74,18,61,56,51,5
blue,0,38,2,8,82,47,65,121,29,53
blue,34,38,64,29,53,104,77,3,51,128
blue,31,38,11,49,100,110,23,150,136,70
red,59,38,19,116,53,31,65,68,51,100
red,74,30,151,29,53,62,77,140,49,153
blue,112,65,33,29,100,36,27,3,136,41
blue,92,40,121,116,45,3,23,125,49,74
blue,104,38,2,76,4,31,154,6,51,14
red,110,23,91,129,70,134,65,121,17,82
blue,102,84,125,136,14,95,27,143,133,128
red,13,54,47,50,74,59,65,110,133,70
red,22,38,121,54,93,43,107,140,17,128
blue,59,38,125,29,53,0,40,19,133,12
blue,37,23,155,133,70,34,40,19,76,53
red,57,38,19,76,14,34,46,11,17,71
blue,0,84,150,17,13,34,23,101,29,71
red,90,61,150,52,37,131,142,19,85,70
red,3,94,33,19,82,43,142,143,51,5
blue,115,61,1,136,82,48,98,151,19,93
red,0,65,19,76,70,59,142,56,29,66
blue,18,74,121,29,16,88,97,11,52,82
blue,101,67,155,51,82,0,40,19,76,107
red,18,60,121,51,93,37,61,75,29,100
red,74,94,55,49,82,34,65,11,17,53
red,31,23,143,69,80,0,124,37,51,99
blue,59,98,11,76,82,0,124,151,106,5
red,101,124,159,51,99,102,40,151,52,4
red,152,13,104,17,128,103,74,19,51,66
blue,115,142,1,17,66,130,46,89,29,82
blue,0,142,132,24,100,145,65,140,29,119
red,0,102,33,85,153,18,107,151,6,82
red,36,54,121,156,70,104,94,143,8,126
red,0,142,56,9,160,90,26,125,129,4
blue,18,44,121,106,99,0,84,143,147,4
blue,22,60,1,136,128,154,54,155,85,70
blue,88,84,155,133,80,37,65,89,129,14
blue,18,84,104,50,70,127,60,11,136,82
red,47,40,114,49,109,34,107,1,17,41
blue,0,61,1,106,99,103,27,104,24,6
red,48,61,1,116,153,0,27,90,51,119
blue,0,142,1,76,66,92,84,155,8,100
red,0,44,1,106,126,47,27,150,49,148
red,92,125,1,69,119,0,40,56,52,99
red,48,30,1,8,128,74,125,64,29,100
red,107,84,142,129,82,47,77,1,17,0
blue,0,38,140,106,82,22,23,142,116,9
red,102,65,11,76,9,110,61,160,52,14
blue,31,107,151,116,153,74,40,83,49,12
blue,31,27,143,52,93,43,38,148,69,153
red,101,13,140,49,41,89,58,150,51,82
red,110,84,33,51,82,134,27,2,29,74
blue,43,38,104,106,128,41,154,159,29,99
blue,74,84,159,51,153,95,154,43,17,66
red,34,27,159,116,53,37,40,33,29,153
red,3,27,110,24,53,146,125,143,29,9
red,18,86,26,147,153,0,65,1,52,108
blue,0,111,11,106,14,31,142,71,76,99
blue,62,23,83,51,5,90,38,64,76,160
red,48,27,110,29,79,62,102,124,51,66
blue,127,13,35,87,124,112,60,2,51,14
blue,134,84,101,29,66,37,74,110,76,45
blue,19,61,56,29,53,0,74,121,51,100
blue,74,94,104,29,53,151,60,11,137,128
blue,43,58,105,8,100,19,149,154,29,53
blue,0,38,124,52,74,48,142,56,106,5
blue,121,61,19,8,70,36,125,1,76,9
blue,72,65,121,8,16,22,60,2,76,82
blue,78,84,94,52,100,0,107,121,106,14
blue,104,111,101,51,82,0,84,155,17,5
blue,59,38,64,29,82,95,98,121,76,119
blue,47,84,155,69,128,154,65,56,29,153
blue,39,84,68,106,93,90,124,155,63,99
red,117,141,1,69,111,43,130,64,106,100
blue,103,65,143,29,99,149,38,2,51,4
red,36,27,151,51,82,47,26,73,49,108
red,0,60,115,76,45,47,91,104,106,66
blue,104,142,155,106,82,154,65,150,51,93
red,3,124,155,116,120,102,54,43,51,82
blue,0,46,21,8,82,134,84,151,106,99
blue,22,124,101,69,128,47,27,155,106,82
red,18,38,151,51,16,74,84,155,24,82
red,19,65,121,51,4,11,142,41,29,14
blue,41,142,151,106,5,18,23,33,24,99
blue,110,26,1,106,82,104,142,121,69,16
red,22,26,142,29,83,36,84,125,133,153
red,0,84,110,52,82,74,38,89,106,5
red,107,58,155,17,71,74,38,37,51,82
blue,59,38,121,49,53,31,65,143,76,96
blue,18,87,33,147,74,127,61,155,51,82
red,31,40,148,29,99,110,84,91,106,14
blue,113,54,155,136,111,18,84,43,106,82
blue,36,74,43,76,82,101,130,140,8,70
red,19,40,132,52,4,103,102,143,106,120
red,114,145,151,157,153,107,92,104,116,91
red,18,38,104,106,99,149,124,121,51,128
red,146,102,68,116,82,131,94,158,133,109
red,102,125,2,129,141,151,94,121,49,12
red,18,65,121,52,9,0,58,55,76,70
red,0,142,136,129,128,110,23,143,76,79
blue,74,91,143,17,18,31,65,1,76,82
blue,81,98,2,50,14,18,38,140,106,5
red,22,111,144,69,153,18,40,140,76,53
blue,39,142,30,76,99,22,58,159,29,128
blue,112,60,114,76,66,88,107,155,8,53
blue,102,58,64,29,158,151,142,59,76,5
red,95,97,151,76,120,143,134,34,17,71
red,34,46,68,76,53,18,107,104,69,120
blue,90,65,122,49,79,35,40,140,17,70
red,74,23,125,76,99,101,84,6,106,82
blue,158,46,142,51,14,18,84,151,106,128
blue,110,28,104,9,90,35,84,151,147,158
red,0,141,140,85,41,110,38,158,51,14
red,2,84,155,137,119,0,74,158,129,123
red,112,38,83,17,5,146,61,91,106,120
blue,2,154,3,49,160,74,61,121,69,96
blue,154,149,33,49,80,18,84,110,17,139
red,0,23,110,76,74,154,37,150,51,93
red,0,13,33,8,5,110,61,143,29,53
red,112,65,121,51,82,134,124,101,8,5
red,104,38,143,8,14,110,98,2,116,160
blue,0,61,89,51,93,3,26,11,8,128
blue,19,98,124,8,53,2,65,140,52,4
blue,74,134,1,8,118,107,13,32,156,5
blue,47,27,151,69,99,22,38,159,52,82
red,33,38,72,8,128,2,30,137,156,70
red,121,40,155,29,124,34,23,150,51,93
blue,31,155,121,106,66,47,30,0,51,6
blue,58,26,110,17,82,0,13,33,85,96
red,151,154,159,51,12,19,74,155,29,153
red,145,61,19,24,93,0,38,124,106,82
red,47,84,43,50,128,37,61,75,29,123
blue,3,146,143,49,148,0,141,56,17,53
blue,104,107,150,106,82,74,84,155,17,71
blue,48,40,64,50,70,43,142,1,8,158
red,22,58,32,17,4,110,87,125,76,82
red,36,154,143,29,119,112,142,140,116,70
blue,52,13,140,17,99,107,67,125,50,70
red,52,98,3,157,91,62,61,64,17,70
red,158,13,140,147,70,11,60,64,24,93
blue,19,124,150,51,37,47,27,129,76,139
blue,54,38,2,17,12,22,124,155,29,128
blue,54,84,94,106,99,115,23,150,24,53
blue,99,65,125,51,70,90,84,155,24,100
blue,31,38,121,29,15,56,58,43,51,82
blue,56,44,151,106,100,131,65,148,17,12
blue,112,124,151,8,70,143,13,155,24,93
blue,97,23,1,24,14,62,58,144,51,100
red,110,124,155,24,93,0,38,19,17,80
blue,154,130,140,76,91,92,40,56,29,53
blue,11,149,154,116,82,95,38,143,52,5
blue,36,40,56,106,93,0,27,143,50,128
blue,101,84,3,76,5,0,65,64,17,111
red,2,125,159,17,70,53,38,43,29,153
red,31,130,6,76,66,92,134,143,50,70
blue,104,79,94,29,12,101,124,11,116,5
red,22,111,2,29,12,144,44,159,17,119
red,0,111,2,17,79,48,65,19,8,128
blue,101,40,155,122,128,18,54,125,29,41
red,74,58,120,106,96,59,38,143,29,53
blue,144,142,124,106,99,74,134,19,8,4
blue,36,40,56,8,66,146,65,140,136,5
red,34,46,143,50,70,74,111,151,52,128
blue,78,142,150,8,12,90,141,110,76,121
red,90,107,121,9,16,74,86,151,51,82
blue,74,13,140,17,66,90,46,143,129,91
red,0,134,124,76,82,36,54,159,106,14
red,102,23,151,116,122,47,58,148,51,74
blue,90,26,151,29,119,101,124,94,76,93
blue,34,84,121,51,93,47,97,1,17,79
blue,72,65,89,85,70,36,84,155,76,15
red,59,30,143,29,16,0,84,151,8,82
blue,0,84,94,52,70,59,60,140,29,160
blue,59,65,3,116,45,22,61,64,106,82
red,43,104,101,147,4,90,23,2,106,99
blue,22,26,64,49,153,74,65,94,76,9
red,0,58,11,129,99,48,26,151,51,128
blue,0,142,19,51,14,104,124,125,24,82
red,74,58,33,133,126,90,142,143,51,99
blue,112,142,159,51,82,74,117,104,129,99
blue,104,75,121,29,96,110,84,155,51,160
blue,2,124,93,106,99,31,77,121,17,96
red,0,125,143,76,82,48,84,65,29,16
red,18,84,23,106,82,34,102,56,29,66
red,47,142,2,49,74,134,155,125,116,153
blue,18,40,121,76,99,145,61,56,29,45
blue,101,40,104,106,99,0,26,142,133,153
blue,107,75,122,17,16,126,65,140,133,82
blue,104,38,121,51,82,0,74,33,136,128
red,6,38,132,49,153,0,65,2,29,53
red,101,74,125,76,70,0,54,155,17,100
blue,22,84,151,51,99,59,38,43,8,79
blue,112,142,20,29,66,54,28,110,51,82
blue,31,142,110,136,120,48,38,143,52,100
red,0,61,121,29,53,22,38,140,8,100
blue,101,65,121,51,100,31,94,55,8,96
red,31,61,19,51,4,112,102,148,106,100
blue,159,58,32,24,82,110,61,11,29,53
red,102,65,1,51,99,0,124,159,129,153
blue,0,77,121,76,9,31,65,53,116,100
blue,78,91,121,52,14,0,38,140,51,99
red,47,98,121,116,93,48,84,143,49,96
red,39,111,65,8,82,102,98,159,69,16
blue,0,65,89,29,53,102,54,121,24,80
red,18,26,155,51,79,47,142,122,136,74
red,59,88,94,51,128,47,40,159,63,4
blue,131,23,155,24,128,0,84,150,116,112
red,36,125,2,17,128,101,142,122,51,96
red,34,107,121,17,128,104,58,6,76,74
red,102,94,148,17,53,131,38,121,133,100
red,31,98,11,17,119,74,58,19,136,128
red,0,98,2,8,128,42,75,11,52,82
red,102,40,89,29,70,110,26,122,116,53
red,134,26,150,17,158,110,65,121,51,70
red,59,107,155,8,82,22,65,121,51,16
blue,34,44,11,133,96,104,38,43,51,14
blue,131,134,121,49,128,92,61,140,52,14
blue,19,87,3,52,5,31,84,125,76,82
red,110,86,121,52,82,43,23,150,29,14
red,19,98,33,17,12,0,142,140,129,110
blue,47,65,1,76,70,101,40,11,29,119
blue,101,60,151,51,5,110,61,114,50,4
blue,0,38,56,120,4,59,149,151,106,93
blue,0,74,124,106,5,57,98,121,76,119
red,134,111,143,69,118,110,65,159,76,93
blue,42,134,41,52,93,0,98,132,24,74
blue,110,38,121,17,70,62,154,3,51,66
blue,34,38,138,76,14,48,154,124,51,93
blue,47,65,2,116,108,114,107,43,29,45
blue,59,77,125,8,123,102,124,129,51,74
red,39,38,2,8,53,22,30,150,102,126
blue,18,40,124,8,16,74,94,33,116,71
red,34,75,1,29,9,110,84,151,8,53
blue,92,13,143,129,153,18,107,124,8,9
blue,134,74,94,51,66,107,65,124,85,82
red,0,38,159,49,158,19,61,151,51,74
red,24,141,140,136,5,0,13,1,76,14
blue,31,86,138,29,93,0,84,94,136,14
red,0,38,121,76,79,22,142,155,136,82
blue,47,40,19,51,66,18,87,140,29,93
blue,145,61,124,106,82,47,40,122,85,53
blue,18,84,68,76,119,2,38,159,116,66
red,47,30,1,51,128,144,27,155,8,70
red,91,30,1,147,96,90,61,140,106,82
red,101,84,2,129,126,90,61,19,76,14
red,151,130,144,51,74,101,124,59,106,96
blue,101,38,33,29,14,18,155,159,8,79
red,41,65,151,29,15,74,84,21,8,100
blue,18,65,68,76,82,34,23,150,85,66
red,22,23,33,106,99,47,28,140,69,45
blue,0,27,3,129,153,104,38,144,51,74
blue,101,26,132,17,53,152,84,125,49,12
blue,31,65,144,85,12,150,23,151,24,5
red,131,149,140,17,12,107,65,132,106,4
red,110,23,151,76,119,47,124,125,51,112
blue,34,142,33,29,53,112,84,125,24,18
red,34,92,11,24,16,151,84,159,136,93
red,151,58,159,51,79,74,130,101,29,104
red,131,65,121,51,139,107,38,19,29,41
red,31,98,140,69,153,57,84,64,76,160
blue,31,111,159,9,104,0,84,151,116,108
blue,0,61,143,51,71,43,38,11,106,5
blue,47,142,6,116,153,104,125,133,85,14
red,77,27,110,52,128,115,54,43,51,5
red,0,13,159,136,79,34,125,105,24,14
red,35,58,1,129,70,110,84,151,29,108
blue,0,124,125,76,82,31,111,121,29,53
red,0,84,151,29,53,31,125,114,8,128
red,57,27,135,29,74,104,84,125,51,91
red,0,124,142,51,99,88,113,151,8,128
red,91,38,2,136,123,0,40,73,51,93
blue,0,84,151,51,93,92,65,2,69,74
blue,78,38,94,63,154,43,40,142,76,70
blue,0,124,110,63,70,18,75,90,136,16
blue,18,46,124,8,128,31,13,10,69,80
blue,43,98,3,63,70,151,124,110,106,5
blue,151,23,33,76,66,144,130,104,63,79
red,0,84,3,63,70,16,58,90,29,97
blue,3,108,159,92,12,34,84,142,63,100
red,22,38,121,129,96,0,84,125,85,93
red,37,141,11,85,4,131,23,151,24,82
blue,36,38,121,29,100,54,23,150,24,4
red,110,38,73,29,53,112,54,143,51,99
blue,150,38,26,9,130,74,46,83,52,100
red,92,65,2,85,70,115,113,121,106,93
red,22,92,132,76,93,59,26,110,85,70
red,101,84,11,156,100,3,134,89,17,14
blue,0,65,30,69,66,37,141,101,106,74
red,150,40,32,17,12,0,38,121,85,153
red,34,61,105,71,82,104,65,53,29,109
blue,36,84,110,29,53,34,40,155,148,124
blue,101,84,3,106,124,0,67,155,50,109
red,149,65,55,76,96,143,130,56,50,70
red,31,23,94,76,82,22,38,121,106,14
red,62,155,2,116,153,3,141,6,129,70
red,74,84,68,129,100,115,38,2,51,93
blue,103,13,136,8,53,90,38,143,29,70
red,34,54,94,136,82,36,111,120,51,91
red,113,142,110,129,70,34,97,121,29,109
blue,34,38,143,29,119,92,28,148,129,70
blue,37,97,140,76,148,0,98,121,129,70
blue,104,38,36,51,82,92,27,37,129,70
blue,31,27,125,69,66,0,40,121,129,70
red,0,124,151,29,70,150,98,33,17,79
blue,57,38,2,29,82,149,124,1,8,70
blue,0,86,143,116,159,110,65,64,129,70
blue,151,46,132,136,15,74,38,89,129,70
blue,110,60,159,106,128,107,65,121,51,93
red,91,65,121,76,9,78,38,89,116,109
red,78,142,3,17,93,39,125,159,51,18
red,144,13,33,29,97,18,38,57,51,74
red,101,13,132,85,160,90,104,143,52,5
red,31,61,54,147,53,24,98,56,51,82
red,103,61,55,51,30,22,45,89,17,78
blue,57,84,11,76,100,74,38,70,24,14
blue,103,111,124,136,70,135,23,133,51,53
red,83,98,124,136,53,18,61,33,52,9
red,101,27,110,156,96,0,65,55,106,66
red,88,74,151,157,14,0,97,53,106,99
red,107,65,6,52,126,112,38,29,116,12
red,57,61,121,116,70,31,141,11,17,53
blue,88,13,64,52,93,2,98,159,17,74
blue,79,75,94,85,100,104,65,90,147,5
red,92,142,121,76,79,103,98,64,116,14
blue,110,61,26,49,74,90,27,129,51,96
blue,22,61,148,147,66,0,124,43,106,82
blue,53,27,94,106,82,31,91,1,52,100
red,92,141,124,24,160,18,98,155,8,148
red,36,98,159,8,82,58,111,2,51,79
red,92,40,124,116,111,31,38,159,49,153
blue,0,134,159,8,148,104,40,43,49,5
red,131,125,140,76,53,113,58,159,8,128
blue,101,142,121,24,128,22,65,159,85,93
blue,101,84,151,8,53,38,60,125,116,119
red,18,38,148,51,93,92,65,143,116,79
blue,107,38,121,129,100,34,65,104,76,82
blue,92,65,6,116,53,113,130,56,76,80
blue,74,38,122,76,41,104,61,159,8,153
red,110,27,121,85,14,99,84,159,24,128
red,0,98,2,76,5,74,102,11,51,82
red,75,46,159,106,82,74,124,151,8,70
red,34,30,94,85,82,74,102,68,116,9
red,0,98,140,8,128,36,102,121,49,45
red,90,84,110,76,99,151,124,1,49,96
blue,123,84,2,106,126,78,61,11,76,128
red,131,61,48,120,5,92,107,121,116,41
red,105,102,13,51,5,114,38,120,116,64
red,107,84,125,8,9,57,77,26,17,79
blue,19,154,69,76,160,0,84,150,8,70
blue,62,54,2,76,74,25,84,101,116,15
blue,0,77,68,76,9,47,84,11,63,70
red,56,111,139,8,70,2,65,71,49,4
red,0,84,143,8,119,131,54,155,85,93
red,18,145,104,8,82,74,26,94,17,119
blue,47,38,148,85,5,104,13,11,76,100
red,34,65,89,116,153,69,84,125,147,70
blue,43,146,122,85,128,95,75,89,76,70
red,89,87,139,116,5,95,84,43,8,96
blue,41,142,56,29,148,144,125,49,157,53
blue,0,98,121,106,12,18,77,64,24,5
red,0,37,157,51,14,77,107,64,69,82
red,102,27,110,8,14,18,141,159,9,53
red,151,58,159,106,7,103,142,152,76,14
blue,134,40,151,17,110,74,38,89,136,119
red,22,65,140,9,82,48,102,151,17,128
blue,36,154,56,17,41,0,54,13,69,80
red,145,27,56,69,153,127,92,151,129,14
red,31,84,142,51,14,131,98,151,17,53
blue,3,74,56,116,99,36,38,140,29,108
red,131,38,151,116,90,102,67,93,51,128
red,22,37,150,29,53,131,84,64,76,158
red,31,38,159,29,53,0,65,155,51,74
red,112,124,38,52,53,62,54,155,69,5
blue,31,155,11,85,74,72,141,124,29,53
blue,0,124,64,50,128,103,92,159,29,53
blue,31,84,151,52,70,18,61,104,76,96
red,48,134,64,76,53,0,104,159,106,14
red,22,44,121,116,4,18,27,151,129,70
red,35,58,159,136,70,101,44,64,17,53
red,47,65,121,129,70,34,75,56,51,126
red,18,84,143,129,53,114,154,65,76,70
blue,37,149,56,8,41,18,40,2,129,53
red,43,84,121,129,70,48,87,33,69,66
blue,88,65,1,8,123,113,38,11,129,70
red,0,134,87,51,14,2,65,124,129,70
blue,155,65,64,76,5,90,38,159,29,53
red,146,38,2,76,119,22,26,155,29,53
red,0,98,2,29,53,110,61,121,76,99
blue,127,58,2,29,158,72,40,64,50,70
blue,95,38,1,129,53,31,65,143,51,5
red,67,142,140,24,100,101,65,121,129,70
blue,151,141,143,147,5,37,38,1,50,128
blue,2,58,155,51,5,48,46,68,50,128
blue,0,65,136,106,100,18,38,143,29,53
blue,102,40,140,50,128,112,84,151,129,119
red,107,13,2,52,100,151,58,11,106,112
blue,0,40,68,24,100,151,142,121,8,112
red,101,84,0,147,112,69,111,11,51,53
red,0,61,122,8,112,31,87,121,50,74
blue,39,141,159,69,4,158,58,33,76,112
red,47,107,78,76,112,4,65,143,116,153
red,22,38,142,156,153,134,40,121,76,112
red,0,111,37,29,119,101,58,121,106,112
red,90,40,2,51,112,101,38,63,17,93
red,31,124,150,76,112,74,23,33,85,82
red,0,74,121,129,82,101,38,143,51,112
blue,121,61,56,24,153,22,13,110,76,112
blue,0,61,2,147,70,18,84,125,109,9
red,107,124,159,51,82,152,74,142,106,66
red,22,149,143,29,153,112,38,159,51,96
blue,43,65,104,85,99,0,142,140,129,128
blue,34,60,124,29,82,144,38,159,49,53
red,151,130,159,69,153,90,54,110,17,6
blue,0,27,3,116,153,152,58,101,29,53
red,110,38,33,29,53,54,61,26,8,91
blue,0,84,11,76,100,65,38,121,29,53
red,154,61,2,51,93,47,38,121,17,128
red,59,61,151,29,66,90,84,121,49,14
blue,154,98,43,52,126,90,61,150,136,100
red,143,65,140,51,66,74,23,150,29,153
blue,83,65,47,17,160,59,37,43,8,70
blue,130,27,94,29,74,22,65,56,76,82
red,31,84,3,51,82,81,142,33,17,30
blue,35,38,121,29,66,149,84,140,51,93
blue,34,61,104,8,70,90,40,10,106,74
blue,103,74,3,17,96,110,65,120,51,82
red,131,40,43,136,91,72,13,64,52,82
blue,131,98,121,29,53,151,61,19,76,160
blue,101,125,43,76,128,52,65,33,51,79
blue,74,84,155,76,4,2,65,159,29,66
red,2,98,56,116,9,90,75,6,133,71
blue,42,155,143,51,14,35,84,110,106,53
red,35,65,73,133,128,69,38,143,129,80
red,37,38,142,51,120,101,58,19,50,128
red,101,84,151,76,14,18,65,159,51,5
blue,146,23,125,50,70,137,65,1,51,5
blue,151,84,19,51,158,25,124,43,50,93
red,113,142,155,49,54,151,97,121,50,123
blue,0,58,121,51,128,43,142,2,49,71
blue,84,107,34,76,70,59,65,142,50,153
blue,22,65,1,52,120,31,84,132,106,99
blue,102,84,43,29,70,101,92,143,17,99
blue,90,61,154,51,5,22,65,159,17,70
blue,3,142,11,136,126,101,65,56,51,82
blue,62,84,94,106,153,22,54,125,29,53
blue,34,124,140,76,128,154,61,33,106,126
blue,19,61,122,49,79,18,107,43,76,41
red,67,38,26,106,82,115,125,1,51,37
red,0,40,140,51,53,47,58,155,9,70
blue,36,26,136,49,120,131,38,143,29,153
blue,101,38,143,49,53,154,65,43,120,148
red,115,61,87,49,128,135,102,138,50,93
blue,102,77,1,85,5,0,26,121,29,119
red,143,142,0,29,120,127,38,33,24,70
red,134,40,121,51,4,101,60,64,52,14
blue,18,149,56,116,154,101,23,110,49,53
blue,101,98,121,29,79,43,141,2,147,96
red,74,142,68,50,128,82,58,140,17,53
red,35,27,94,51,14,31,23,121,106,82
red,47,54,151,52,12,19,38,1,106,74
red,18,84,34,24,120,3,98,1,51,41
red,59,38,142,137,93,18,58,90,136,54
blue,34,84,143,29,14,0,40,55,63,70
blue,113,61,68,51,82,37,5,151,137,53
red,101,27,159,136,5,134,142,11,69,16
red,134,38,138,76,14,107,65,159,116,79
blue,112,13,68,129,119,22,65,159,17,9
blue,0,65,139,106,5,62,84,159,52,4
blue,31,84,132,51,14,18,61,159,52,154
red,151,74,159,51,70,113,40,56,76,5
red,115,54,155,69,16,59,77,150,51,128
blue,22,60,0,116,70,2,102,121,24,53
red,0,38,121,106,93,88,30,55,51,119
red,103,84,11,17,100,104,86,159,49,108
red,101,84,143,17,12,0,125,1,29,53
red,31,130,121,17,16,115,125,23,116,14
blue,78,13,10,52,96,59,38,33,76,74
red,47,38,33,17,12,110,98,71,24,138
red,151,27,64,106,154,74,60,33,29,159
red,18,134,1,116,128,59,142,33,137,12
blue,2,142,124,116,130,18,38,33,137,5
red,101,38,143,147,74,18,124,33,52,5
red,0,40,155,136,130,101,87,33,129,100
blue,2,60,151,29,153,0,38,33,17,158
red,48,26,1,76,14,103,38,121,50,128
red,92,28,121,136,82,144,98,1,50,70
blue,65,142,33,51,4,104,27,151,136,82
blue,48,142,11,52,5,0,86,121,76,14
blue,101,27,6,76,96,74,58,33,129,93
red,0,38,1,29,45,103,84,143,116,93
blue,121,38,11,133,53,78,40,33,116,123
blue,3,84,72,51,123,18,26,33,76,5
red,88,84,33,49,158,0,142,121,106,5
red,137,125,143,51,96,151,38,1,52,82
blue,36,54,94,69,153,74,27,33,52,100
blue,47,107,94,76,5,41,38,33,51,14
red,24,27,33,17,79,41,125,132,51,82
red,35,124,93,29,158,103,75,33,51,14
blue,72,124,46,51,5,98,65,33,76,66
red,104,98,33,137,70,88,40,159,116,74
red,74,77,68,76,153,101,38,64,9,79
blue,18,38,56,8,74,43,40,33,129,82
red,88,75,138,29,53,110,40,68,52,126
red,78,13,43,76,74,18,84,33,50,70
blue,131,27,94,51,53,75,65,33,29,80
red,65,38,33,76,158,18,86,19,9,53
red,35,154,33,52,74,107,84,151,133,100
red,103,46,1,76,9,69,98,132,116,110
blue,72,54,110,29,96,62,61,19,116,100
blue,90,5,157,116,76,22,38,11,49,158
blue,40,84,110,106,74,114,155,0,116,70
blue,102,40,159,51,14,104,61,140,17,12
red,34,142,159,51,99,31,92,26,29,5
red,59,44,110,52,70,31,54,129,76,100
red,36,40,21,52,126,104,111,143,116,153
blue,101,124,120,116,70,104,125,32,106,74
red,112,84,151,17,70,101,124,129,49,126
blue,2,87,21,147,14,110,124,131,52,82
red,90,40,121,69,153,78,130,122,29,70
red,34,26,62,49,5,0,58,89,51,100
red,110,61,33,49,82,0,26,121,17,45
blue,137,74,159,69,14,121,26,151,85,53
red,31,26,55,133,126,74,77,144,51,128
blue,78,65,43,85,4,74,141,64,51,5
red,115,26,150,136,119,18,27,92,17,74
blue,101,61,122,17,153,0,26,3,51,82
blue,74,38,121,17,71,88,26,110,76,119
blue,18,26,148,17,119,0,65,159,49,70
red,110,130,159,49,53,104,38,2,29,119
blue,43,38,32,109,108,0,130,143,49,158
blue,113,61,151,76,66,134,142,11,8,159
blue,110,26,94,29,12,135,65,121,51,153
blue,142,26,110,129,66,57,30,94,76,82
red,101,26,56,51,99,74,124,151,17,79
red,62,26,94,69,12,90,87,151,29,9
blue,72,40,1,49,93,41,130,56,8,70
red,57,142,33,85,53,34,141,89,51,79
red,18,26,151,51,14,110,38,2,106,139
blue,18,26,155,85,153,75,87,157,17,108
blue,0,67,55,76,96,38,26,68,24,47
blue,0,38,121,8,14,131,26,125,52,128
blue,112,38,125,52,160,0,124,56,50,70
blue,103,30,1,136,5,0,38,121,116,9
red,92,142,56,76,153,31,107,120,49,53
red,74,38,75,106,66,59,141,121,76,128
blue,92,141,37,50,53,0,61,64,133,70
blue,110,61,136,106,82,47,141,121,52,128
blue,62,65,64,51,82,104,13,155,52,14
blue,101,142,143,116,70,62,65,121,106,82
blue,88,141,64,129,45,0,98,143,106,5
blue,35,58,10,51,82,0,141,2,106,99
red,47,141,2,136,93,18,38,56,106,5
red,101,61,64,106,74,18,130,132,63,119
blue,0,23,155,29,79,59,130,110,150,4
blue,48,107,143,106,14,0,26,151,63,70
blue,43,98,1,29,53,37,74,15,50,70
blue,101,142,6,106,4,0,124,121,137,99
red,2,38,121,51,128,131,98,87,52,14
blue,35,94,140,17,70,112,142,2,49,54
blue,74,98,121,76,45,65,40,150,51,66
blue,78,61,151,63,70,88,98,157,150,108
red,78,38,121,76,64,74,102,68,51,112
red,19,130,48,116,153,74,124,114,106,5
red,0,65,155,17,71,36,26,131,29,153
blue,90,75,151,29,153,43,26,110,8,70
blue,48,125,62,51,70,115,142,140,50,128
blue,0,26,101,51,14,24,141,143,85,160
blue,24,134,148,116,122,101,26,1,76,14
red,120,142,155,85,14,113,102,144,8,66
blue,114,65,64,51,14,35,134,2,106,5
blue,145,84,3,106,66,37,65,26,51,79
blue,90,27,3,106,4,0,84,2,51,70
blue,2,98,151,116,119,37,40,148,51,66
blue,47,98,33,85,99,18,142,124,51,128
blue,152,98,121,147,128,37,23,150,49,41
blue,18,102,3,129,99,0,38,121,85,127
blue,103,26,155,29,119,62,38,105,51,82
red,131,23,0,8,100,31,84,140,51,93
blue,0,94,140,8,70,151,84,37,76,109
red,112,38,3,17,71,48,67,121,49,119
blue,154,125,11,51,153,19,98,56,76,96
blue,90,65,1,106,160,127,38,151,116,74
red,18,61,110,54,71,101,40,136,17,148
blue,0,77,140,136,93,88,84,121,49,14
blue,74,84,151,51,99,114,111,6,106,128
red,19,98,143,116,100,2,38,3,49,5
blue,18,61,140,76,82,112,40,134,9,5
blue,18,98,143,24,93,47,54,151,76,12
red,22,74,151,76,122,134,65,11,133,110
blue,104,142,68,156,119,95,98,15,17,79
blue,101,54,155,8,70,78,65,110,9,96
blue,74,65,1,106,5,110,58,122,85,153
blue,151,107,124,49,14,34,74,140,85,82
blue,107,61,33,116,100,0,67,110,106,74
red,92,84,155,24,153,112,124,125,156,9
red,0,61,11,106,126,48,84,150,29,120
blue,0,30,150,85,79,134,67,151,106,14
blue,0,23,43,76,108,21,142,2,8,14
red,110,84,3,76,5,31,61,124,29,53
red,59,84,110,76,128,134,142,150,19,14
blue,112,91,2,51,74,41,13,154,50,70
red,35,61,94,29,93,74,84,151,85,96
blue,88,38,23,29,99,47,61,90,50,37
red,43,124,151,29,53,110,37,142,49,45
blue,52,75,121,50,128,102,87,145,51,93
blue,101,38,68,76,15,47,87,64,9,119
blue,91,65,11,69,153,18,54,157,29,53
blue,131,117,143,8,128,25,54,89,51,93
blue,22,117,151,51,53,47,54,125,49,160
red,31,28,35,129,53,134,65,90,85,82
red,75,65,64,129,53,134,37,159,17,128
red,101,67,93,51,74,18,38,150,54,14
red,0,98,19,54,14,107,86,150,76,139
blue,42,67,94,150,70,3,54,74,51,16
red,102,54,138,51,82,0,154,19,147,99
blue,0,54,151,29,100,110,40,124,8,153
red,134,54,101,50,128,146,154,104,49,99
red,31,98,101,106,124,110,94,151,54,14
red,36,54,151,49,41,150,65,140,116,53
blue,74,98,121,51,4,115,37,151,52,5
red,48,124,94,24,128,134,84,19,69,153
red,151,107,121,51,14,48,77,159,29,53
red,48,84,140,51,93,3,60,132,116,128
blue,18,84,122,9,148,48,38,140,17,71
blue,48,142,121,51,82,0,40,89,106,99
red,78,107,115,156,108,74,58,2,50,109
blue,48,61,121,76,128,59,84,150,51,74
red,90,58,140,85,121,48,107,134,76,158
blue,88,65,26,17,79,48,124,155,9,14
red,22,94,33,136,71,48,134,64,76,92
blue,0,38,105,17,79,48,141,104,8,9
blue,39,27,43,52,4,101,65,143,106,74
red,47,92,159,156,74,0,98,148,51,82
blue,18,154,142,157,128,22,58,125,17,6
red,47,18,124,52,5,110,60,143,49,120
blue,0,23,151,49,128,47,84,110,17,93
red,43,61,159,52,82,0,38,121,51,128
blue,104,149,11,51,93,34,84,110,136,123
red,88,84,94,17,93,0,65,64,51,82
blue,18,84,143,50,37,0,65,124,51,99
red,59,46,159,8,128,34,23,94,29,53
red,0,54,125,116,70,22,154,19,106,99
blue,114,125,158,51,14,0,27,2,52,82
red,0,84,64,69,109,47,46,2,50,110
red,22,23,142,52,128,0,97,140,116,70
blue,34,134,143,137,9,37,75,159,49,108
red,104,38,22,85,153,34,27,2,106,66
blue,2,65,62,29,93,107,38,33,51,82
red,54,75,140,51,82,48,65,10,52,74
blue,74,30,143,29,53,90,13,89,129,14
blue,31,124,101,49,9,0,23,150,76,158
blue,151,54,85,29,12,110,98,101,51,82
red,39,38,2,9,100,107,61,154,76,14
red,146,58,55,8,82,0,98,143,49,139
blue,31,23,150,69,80,92,125,1,17,16
blue,90,94,37,8,128,92,54,43,49,82
blue,146,38,23,52,70,103,61,151,49,82
blue,110,84,55,76,128,92,124,143,17,71
blue,3,38,159,29,109,34,65,15,49,53
red,113,142,55,24,93,22,65,73,120,96
red,18,30,140,106,100,0,84,91,156,153
red,110,38,114,116,93,101,84,6,76,4
blue,48,38,105,51,74,101,84,73,24,100
blue,104,124,101,51,128,74,84,151,52,100
blue,134,37,43,17,53,104,98,143,76,100
red,78,65,144,24,119,37,26,125,51,80
blue,3,142,159,116,53,48,38,64,29,30
blue,31,65,104,51,16,113,60,121,49,93
blue,74,26,132,137,82,48,84,2,76,5
red,48,38,68,50,82,37,65,140,49,93
blue,112,74,63,29,70,0,40,159,129,100
blue,151,40,150,51,66,113,38,121,76,128
blue,131,58,104,137,126,0,40,121,116,9
red,107,23,150,85,96,34,142,140,17,4
blue,62,61,2,8,66,107,111,64,52,126
red,34,26,62,106,4,35,40,144,51,5
red,0,65,159,51,14,114,142,143,17,82
red,113,38,159,116,120,112,46,11,51,4
red,36,74,104,52,128,107,142,124,8,41
blue,0,142,2,29,119,62,26,151,17,153
red,113,65,23,133,4,74,111,10,29,153
red,113,84,8,76,4,115,38,1,52,5
red,62,60,121,136,153,101,84,54,76,138
red,18,60,143,8,12,144,61,121,76,130
blue,110,65,33,116,53,107,102,26,106,120
red,62,124,159,17,82,112,38,120,50,70
blue,36,107,121,9,66,0,54,13,49,160
blue,107,102,121,51,82,0,142,21,29,53
red,62,102,159,24,79,22,145,143,136,74
blue,18,60,11,29,119,131,46,55,76,99
red,107,142,143,137,53,0,65,120,29,128
blue,113,38,125,85,53,78,98,121,106,74
blue,31,134,73,29,153,0,54,151,76,82
red,0,142,54,106,5,113,40,110,120,79
blue,107,91,121,52,9,68,40,151,76,96
blue,113,27,155,51,74,107,98,121,147,128
red,22,130,70,17,71,74,28,155,8,66
red,37,61,6,29,53,48,40,121,17,70
red,90,65,71,106,4,101,38,73,51,100
blue,31,27,110,29,82,36,40,20,51,66
blue,0,142,20,51,93,18,61,121,76,96
red,22,65,33,29,82,48,111,137,76,41
blue,112,54,150,29,93,34,124,143,50,41
blue,103,84,121,17,79,59,40,124,133,82
red,110,84,159,116,53,74,54,142,69,16
red,112,111,159,29,79,110,67,143,17,5
blue,57,58,1,29,66,102,13,132,17,37
red,107,13,121,29,33,34,54,142,49,74
blue,35,65,104,29,53,34,84,78,8,70
red,151,65,104,76,158,0,38,121,51,128
red,92,65,74,9,12,18,141,143,52,128
red,48,98,1,116,5,107,142,132,17,12
red,37,38,132,8,128,43,60,56,147,96
red,117,40,21,24,128,115,142,56,8,70
red,107,142,56,51,70,43,65,2,29,71
blue,101,77,43,29,14,31,38,87,147,119
red,107,23,150,51,82,74,44,86,52,66
blue,48,124,43,76,93,0,98,121,136,12
blue,0,142,23,109,66,36,145,121,76,93
blue,18,98,121,116,111,31,142,23,9,74
blue,131,67,37,51,14,115,38,87,129,153
blue,88,38,121,49,14,22,61,143,29,53
blue,134,61,64,76,5,114,65,87,136,74
red,144,141,1,106,99,31,13,64,8,79
red,95,23,150,51,154,22,98,140,29,53
blue,88,98,121,76,12,0,102,105,69,71
blue,0,142,121,136,118,41,65,124,29,12
red,37,142,68,49,82,35,65,104,17,128
blue,77,30,121,17,128,103,142,139,9,108
red,0,98,68,137,66,149,142,151,76,4
blue,18,98,33,17,9,90,142,68,50,100
blue,31,142,121,24,12,110,124,125,76,70
red,104,142,56,51,12,74,111,155,129,93
red,36,142,2,51,99,110,65,159,76,128
red,31,23,155,116,80,18,46,140,150,111
blue,137,54,151,29,53,31,142,64,17,153
blue,150,30,3,17,79,83,98,64,51,82
blue,74,124,155,156,79,18,87,110,76,126
blue,137,142,104,85,119,0,124,121,106,93
blue,115,98,6,51,119,78,75,155,76,74
blue,43,61,64,69,153,0,98,140,8,53
blue,18,113,124,29,96,115,142,157,139,82
red,47,107,151,69,153,67,38,19,76,128
blue,113,98,132,29,71,39,142,150,76,126
red,0,54,151,106,74,39,38,121,116,128
red,0,65,89,17,79,48,38,11,51,9
red,26,38,43,129,93,48,23,151,76,14
blue,59,125,64,106,110,0,38,122,29,4
blue,37,154,151,17,5,115,38,89,51,100
red,107,27,143,76,46,31,149,159,69,14
blue,43,40,144,116,160,19,61,151,85,4
blue,103,38,159,69,53,101,58,55,76,82
blue,47,27,3,147,14,48,84,143,29,91
blue,34,142,1,29,5,38,40,68,17,119
blue,101,40,124,129,100,18,74,55,69,128
red,101,142,122,69,93,41,65,125,106,66
blue,69,87,125,147,82,42,67,83,85,154
blue,151,65,121,76,111,90,58,55,129,82
blue,18,54,3,17,74,152,38,1,52,128
red,110,28,121,106,82,0,65,159,51,4
red,18,40,11,29,53,3,38,32,106,82
red,47,107,121,17,93,78,142,140,51,37
blue,0,107,143,136,5,18,58,120,116,79
blue,134,13,10,24,79,59,46,125,8,14
blue,92,98,121,17,130,65,27,1,129,153
red,18,84,33,50,130,88,98,89,49,70
red,0,87,101,76,99,77,38,33,8,70
blue,18,155,55,157,12,31,54,125,51,99
red,31,107,6,49,160,152,97,104,29,53
blue,65,84,6,69,93,74,61,55,51,70
blue,101,26,56,51,82,146,27,150,29,53
red,0,65,121,51,66,47,40,144,17,70
red,59,142,32,29,9,48,65,1,51,96
blue,59,142,89,129,14,34,65,37,52,110
red,18,37,125,49,5,74,38,155,120,93
blue,103,98,121,9,16,48,142,155,51,82
red,131,58,1,29,119,31,30,56,8,128
blue,110,124,2,49,53,59,61,6,24,4
red,18,94,121,9,70,74,40,89,8,128
blue,0,26,121,52,4,48,38,1,51,93
red,101,84,19,50,123,115,75,33,51,82
blue,102,40,121,106,82,101,75,89,29,153
blue,18,54,132,17,91,101,58,33,49,128
blue,110,75,155,116,153,18,28,121,76,5
blue,47,142,26,51,74,39,40,155,85,119
red,13,65,142,116,45,0,54,151,51,93
blue,59,84,125,29,93,31,124,142,51,12
blue,110,38,159,116,9,39,65,155,29,70
red,104,107,142,106,5,48,98,120,76,139
red,151,65,144,52,45,101,38,6,8,93
red,59,38,1,137,96,0,65,19,106,99
blue,144,61,110,51,53,74,38,121,49,82
red,37,61,33,51,54,110,28,159,76,160
red,101,84,90,24,14,39,77,125,133,122
red,88,98,64,76,66,65,125,89,116,14
red,112,40,140,51,82,74,84,151,147,41
red,0,40,33,50,128,101,142,54,133,70
blue,101,86,143,136,12,110,38,121,49,91
blue,72,65,155,50,12,48,87,159,129,119
red,31,61,33,133,126,0,77,68,52,5
blue,62,38,144,17,128,151,30,103,76,45
blue,104,65,43,17,118,62,26,125,29,153
red,62,38,13,51,5,22,65,104,52,100
red,62,107,140,85,119,0,38,155,63,70
red,62,58,121,116,74,34,26,3,51,79
blue,0,38,110,106,99,145,28,155,51,62
blue,47,13,2,24,66,62,74,32,29,53
red,59,65,151,106,82,105,141,68,129,153
red,43,38,159,51,82,62,27,143,8,16
red,144,141,62,17,12,22,23,150,49,96
blue,62,61,55,24,100,47,26,142,17,128
red,62,38,37,76,100,34,88,21,17,148
blue,2,65,33,51,5,62,38,6,24,66
red,154,84,94,29,53,62,87,121,106,74
red,62,38,33,24,66,36,27,21,51,96
blue,31,65,75,17,53,62,142,124,133,119
blue,62,98,68,17,128,74,65,11,150,66
blue,62,84,91,29,53,18,23,150,147,96
red,62,38,143,51,5,141,142,155,120,153
blue,21,141,150,69,80,154,142,11,106,74
red,67,98,140,9,108,101,84,90,76,148
red,135,155,140,29,53,88,27,150,76,153
blue,149,65,26,136,14,18,46,89,76,159
red,74,38,19,8,70,54,86,125,17,153
blue,47,38,122,29,83,59,60,3,76,159
blue,107,142,143,52,93,151,60,121,51,12
red,18,38,121,8,119,88,142,32,126,153
red,18,61,104,29,80,110,23,43,24,74
blue,92,142,104,106,82,22,58,68,8,45
red,91,84,125,76,108,0,98,159,51,100
blue,110,38,150,136,9,22,84,19,52,128
red,19,46,140,29,128,0,54,105,106,82
red,90,86,121,17,128,110,142,33,51,53
red,3,102,159,24,128,151,142,1,85,74
red,41,27,125,49,128,42,84,140,76,71
red,101,84,121,9,128,42,91,143,116,66
blue,47,111,68,17,6,37,125,138,49,128
red,25,65,1,129,128,104,46,121,29,70
blue,110,61,44,49,71,74,125,140,76,53
red,59,149,91,51,128,36,38,140,69,70
red,74,65,2,136,70,24,149,132,51,128
red,127,61,2,52,128,18,38,150,157,70
blue,0,23,150,147,128,36,111,121,51,82
red,0,102,26,51,153,151,27,43,76,128
blue,36,30,148,50,71,31,94,32,9,160
blue,135,54,3,76,82,11,38,15,50,128
red,0,38,33,129,99,101,84,94,50,128
blue,67,65,121,8,53,41,23,151,50,128
blue,103,27,132,50,128,145,87,150,116,153
blue,101,61,64,51,53,115,84,155,8,128
blue,90,65,2,17,72,74,142,143,49,71
red,22,65,1,29,128,92,124,121,51,46
blue,74,84,140,69,14,18,23,150,50,128
red,19,98,11,50,128,37,92,140,29,53
red,62,27,43,50,128,88,127,73,35,100
blue,78,38,72,51,128,74,46,155,29,153
blue,104,142,43,49,74,151,5,121,17,71
red,22,54,101,17,71,31,58,121,8,128
blue,144,54,151,9,37,36,142,6,52,74
red,112,58,143,69,74,107,142,75,29,64
blue,112,98,2,51,64,47,111,155,24,74
blue,37,46,89,24,5,47,154,151,50,27
red,0,65,125,106,120,95,84,124,116,53
red,110,27,125,17,96,104,142,121,24,109
red,48,124,125,69,16,104,58,101,109,5
blue,0,97,23,133,153,47,30,150,8,70
red,37,40,110,52,100,78,38,23,76,14
blue,74,98,121,8,128,88,142,159,24,100
red,158,27,69,8,74,31,142,89,116,126
blue,36,38,33,52,5,112,142,158,51,66
red,144,38,64,51,14,134,61,155,52,5
blue,92,65,64,17,53,0,58,121,106,99
blue,101,65,121,19,93,110,84,43,29,126
blue,34,38,140,8,66,112,54,19,51,82
red,121,75,19,150,100,151,54,155,106,66
red,91,58,19,116,109,112,38,1,137,120
blue,151,107,1,8,82,74,58,125,51,53
red,22,84,89,52,82,121,142,64,136,76
red,0,107,33,9,53,42,58,64,147,153
red,110,60,143,76,121,131,74,64,116,70
blue,0,98,19,106,96,91,38,154,17,120
blue,43,27,155,29,12,19,38,2,51,66
red,95,23,11,52,5,47,84,91,17,14
blue,42,141,64,106,93,115,155,121,29,74
red,90,30,151,51,91,102,44,104,129,82
red,110,84,140,85,153,47,27,64,8,128
blue,47,27,87,29,148,103,61,83,19,66
red,121,98,133,106,108,72,65,150,19,14
blue,34,130,155,29,70,120,40,64,17,128
red,48,142,64,29,160,74,38,159,76,5
red,101,142,64,129,5,104,111,94,24,4
red,43,58,64,17,79,86,142,83,29,99
blue,107,98,151,17,53,112,142,64,106,82
red,47,102,143,29,41,0,111,32,52,128
blue,34,84,110,29,82,18,65,122,19,128
red,37,38,159,29,153,47,75,64,129,82
blue,31,149,1,8,71,59,130,151,51,9
blue,146,13,64,116,158,37,58,144,133,12
red,22,58,64,29,5,92,38,55,24,128
blue,142,37,2,136,4,74,61,121,52,123
blue,114,23,72,150,153,0,84,101,76,14
blue,0,65,140,51,128,18,75,121,116,14
red,0,149,124,49,70,47,23,150,106,96
red,0,94,73,29,14,134,141,159,51,5
blue,36,98,121,29,53,101,58,105,136,119
blue,135,84,35,51,82,31,65,159,29,9
red,22,142,121,116,70,0,13,124,51,16
blue,74,38,55,51,82,95,40,143,76,12
red,31,13,143,49,4,74,142,55,116,16
red,48,130,151,51,128,88,40,64,49,74
red,18,84,110,156,93,36,38,140,50,74
blue,74,23,103,24,5,115,75,124,106,82
red,112,154,2,76,4,47,65,32,8,70
red,34,65,105,51,14,154,124,121,29,128
red,47,65,148,29,119,112,98,1,17,12
red,112,38,140,51,66,0,40,121,17,79
red,110,124,121,17,66,90,65,143,106,107
red,34,124,56,156,121,0,84,64,51,5
red,112,94,11,52,100,101,54,155,29,9
blue,110,146,54,17,99,62,65,56,76,109
red,25,38,121,51,82,31,98,32,17,128
red,152,98,89,76,66,3,38,68,51,14
red,22,23,150,76,82,33,75,92,29,111
red,22,40,132,49,45,0,46,33,76,148
red,92,98,6,51,14,0,38,114,137,93
red,74,60,121,76,14,110,40,6,9,123
red,37,107,43,106,4,101,155,91,136,70
red,34,98,33,50,128,19,23,151,8,118
blue,18,84,135,50,93,0,98,33,24,66
red,39,98,125,29,53,31,26,151,24,33
blue,151,142,104,49,74,0,98,33,51,91
red,34,13,143,29,111,18,98,33,106,66
blue,134,27,89,69,80,113,75,104,29,12
blue,3,58,124,29,153,22,87,121,129,5
red,18,39,155,76,153,62,111,33,129,66
red,22,142,73,85,153,2,46,33,24,4
red,43,38,1,87,110,22,98,121,29,153
red,104,125,110,109,153,47,84,94,17,5
blue,102,13,89,17,53,110,23,48,29,153
blue,110,23,159,85,70,2,77,133,8,128
red,0,23,133,29,153,31,38,121,52,96
red,31,58,143,133,153,104,142,138,29,139
blue,0,38,19,51,4,18,74,56,116,153
red,34,65,140,136,70,54,142,110,24,64
blue,150,142,37,156,153,101,98,11,53,108
blue,73,61,151,137,153,34,38,143,51,5
red,34,13,32,133,153,92,98,55,49,160
blue,22,125,37,24,30,110,58,1,85,153
red,114,65,159,147,4,101,40,140,51,74
blue,114,74,151,29,153,0,40,64,49,71
red,114,84,142,51,99,115,38,2,136,96
blue,123,40,114,51,93,103,65,133,29,96
red,123,67,110,116,30,23,84,155,29,12
red,88,40,143,76,5,146,13,121,50,16
red,101,124,110,116,4,58,27,10,129,100
red,99,134,121,85,5,152,65,56,51,82
blue,110,13,150,51,128,18,38,143,116,16
red,151,124,114,76,66,0,84,121,52,82
blue,74,98,19,8,53,145,38,143,52,100
blue,101,26,3,85,91,47,40,104,56,126
blue,88,38,11,15,153,0,54,3,24,70
red,152,13,56,116,74,102,84,3,8,82
blue,34,97,33,116,100,102,37,150,17,71
blue,37,38,56,116,74,0,102,159,8,109
blue,31,27,150,24,30,0,28,142,52,4
blue,102,84,121,24,14,0,65,159,69,153
red,135,84,110,76,12,6,30,7,106,82
blue,65,61,143,29,104,18,38,159,76,74
red,34,65,143,147,74,39,84,151,52,82
blue,43,40,11,17,6,59,98,121,24,5
blue,95,141,124,17,30,143,98,103,133,53
red,150,124,110,29,96,34,142,140,51,66
blue,105,38,11,17,71,43,61,140,50,126
blue,0,141,132,76,121,22,84,13,109,108
red,18,38,140,17,70,0,61,124,76,12
red,37,54,137,17,70,18,75,134,50,14
blue,0,84,121,76,74,2,97,140,52,82
red,47,142,2,51,82,131,125,159,17,74
red,107,38,143,116,126,0,23,150,50,70
blue,37,60,71,106,5,47,111,104,49,158
red,0,60,121,116,53,151,84,101,24,82
red,151,38,2,29,53,22,111,143,116,100
red,101,54,151,51,53,36,38,11,17,112
red,92,98,159,17,70,0,124,75,116,96
red,31,154,23,49,64,151,84,3,76,96
red,18,84,69,147,96,0,60,55,116,45
red,74,60,23,85,5,112,27,155,52,100
blue,31,142,55,156,93,74,38,143,17,53
red,37,124,155,116,82,121,58,101,69,70
blue,74,23,94,106,4,34,124,155,29,66
red,112,124,155,51,64,90,38,37,116,153
blue,114,54,155,51,138,22,124,48,106,82
red,47,46,155,51,70,92,54,151,129,100
blue,0,65,37,17,123,110,30,1,76,119
blue,62,87,155,69,91,90,84,43,133,93
red,3,124,155,51,5,107,142,26,76,120
blue,31,155,43,136,96,22,46,105,29,74
red,43,142,1,136,96,0,27,151,49,120
red,101,61,55,51,121,34,65,2,29,153
red,39,107,94,51,96,74,38,64,106,93
blue,102,40,151,116,148,0,84,110,51,53
blue,47,154,125,76,93,105,61,2,51,5
red,47,30,73,147,119,0,40,121,51,93
red,47,65,122,49,14,0,125,140,133,93
red,88,74,143,106,14,47,124,121,85,153
red,47,102,1,116,130,0,124,93,51,4
blue,61,154,158,116,82,47,84,125,49,93
blue,47,65,11,49,148,2,134,43,17,79
red,47,67,43,69,12,110,142,105,29,96
blue,117,104,151,106,128,56,134,146,51,14
red,43,149,1,17,74,0,40,121,49,12
red,78,40,140,17,82,112,142,10,8,45
red,31,65,159,17,79,0,38,122,116,153
blue,74,84,6,17,71,43,117,148,29,53
blue,0,38,59,17,71,2,98,159,49,79
blue,74,38,105,49,9,43,84,94,17,79
red,74,134,121,29,70,22,84,143,51,82
red,22,13,159,29,153,78,65,43,129,70
red,36,30,148,17,9,0,65,151,136,158
red,36,27,121,52,74,123,61,143,51,110
red,22,38,43,29,118,78,84,143,106,74
red,22,38,89,137,160,43,65,125,51,128
red,92,28,121,17,110,37,142,89,116,53
red,36,74,11,17,14,58,125,121,29,110
blue,47,38,105,76,148,72,65,121,17,79
red,0,13,121,29,70,53,75,6,116,108
red,104,124,151,24,119,74,38,33,51,14
blue,31,111,159,51,82,59,86,75,24,119
red,47,107,144,8,14,67,65,125,76,70
blue,39,38,151,106,5,74,141,2,50,70
red,74,38,104,136,70,22,13,148,50,128
red,151,92,124,116,70,0,61,121,29,119
blue,35,65,2,76,53,0,38,140,136,128
red,0,149,2,76,153,59,65,68,147,14
blue,43,84,94,51,5,101,67,142,9,14
blue,90,46,89,106,99,0,26,93,51,5
red,22,28,91,76,70,59,142,75,129,93
blue,110,60,1,116,153,74,26,75,17,66
red,0,84,142,17,119,101,46,89,106,74
blue,18,98,155,24,119,19,142,105,76,93
red,0,54,155,17,12,88,28,3,29,53
red,88,97,104,51,14,78,38,144,24,70
red,62,67,125,51,14,151,74,23,50,4
red,90,27,125,51,66,134,65,33,52,74
blue,151,125,159,52,4,101,154,140,106,82
blue,131,142,33,76,93,0,154,150,8,82
blue,154,13,43,29,4,37,84,3,116,153
red,104,65,151,76,15,0,38,33,29,53
red,35,87,121,24,93,0,124,105,50,128
blue,110,155,121,156,153,74,38,2,52,66
blue,102,142,159,51,14,145,65,143,17,71
blue,152,65,3,29,6,54,38,43,76,82
blue,0,124,142,106,100,101,61,140,50,128
blue,36,38,159,51,66,135,141,121,29,96
red,117,26,94,76,93,19,38,151,109,96
red,36,61,121,17,53,0,38,87,106,4
red,158,38,1,129,93,43,60,2,133,14
blue,39,38,3,106,4,72,124,150,51,45
blue,151,38,19,17,128,150,84,155,29,96
red,88,26,133,76,74,0,61,89,49,93
red,75,54,11,116,93,149,15,127,123,87
red,36,142,11,8,53,25,23,143,76,14
red,13,84,125,133,100,43,87,155,76,53
red,37,84,13,116,14,115,124,121,49,96
blue,151,97,68,116,53,48,142,64,29,153
blue,36,65,3,17,53,107,40,151,49,153
red,0,97,72,150,15,149,124,155,51,82
red,18,117,140,106,82,0,67,151,49,71
red,104,92,155,17,71,48,38,58,49,12
red,131,102,121,49,4,110,88,159,137,148
blue,48,142,132,50,128,69,154,11,51,99
red,131,37,0,51,82,59,40,101,49,53
blue,62,30,68,106,100,0,27,150,51,160
blue,22,23,150,116,153,101,58,32,129,128
blue,101,27,89,17,79,54,111,125,51,14
blue,36,134,121,50,128,107,40,143,17,53
red,0,40,121,50,99,18,111,11,8,123
blue,2,23,101,85,14,150,44,74,51,126
blue,3,155,33,24,5,74,149,140,29,53
red,62,65,159,8,74,151,84,140,116,96
red,0,30,1,17,128,101,142,32,8,158
blue,104,38,121,51,14,74,61,140,9,70
blue,22,38,2,51,110,0,102,26,76,148
red,0,142,55,17,70,113,146,151,76,159
blue,18,23,150,106,74,90,67,3,76,12
blue,90,91,83,116,70,18,134,143,76,108
red,90,98,19,136,16,88,102,6,116,9
red,101,54,140,50,128,123,61,121,29,53
blue,74,38,120,136,93,107,154,56,76,16
blue,62,117,122,69,153,47,113,3,76,82
blue,0,38,1,29,128,22,65,41,9,53
blue,0,84,1,52,9,22,125,2,116,16
blue,62,60,148,129,93,13,84,125,76,96
blue,107,61,121,129,82,34,60,2,116,100
blue,92,58,140,129,4,74,60,159,116,153
blue,31,124,150,9,93,152,84,151,51,128
blue,92,84,68,76,80,0,27,3,116,70
blue,47,38,121,116,14,0,26,155,51,9
red,0,38,23,106,66,43,27,155,76,82
blue,134,74,159,17,119,88,40,124,136,53
red,31,61,56,50,79,18,65,104,29,74
red,36,97,37,50,5,0,67,151,129,12
blue,18,77,19,116,5,110,30,90,106,99
blue,0,107,56,17,70,31,27,11,29,74
red,101,98,2,106,66,74,149,151,51,93
blue,0,142,104,137,153,90,65,105,69,66
red,59,84,62,29,4,0,107,114,136,128
blue,36,142,104,51,14,122,134,124,24,5
blue,56,142,69,106,5,0,74,55,76,82
blue,59,65,143,24,74,151,38,159,136,158
red,74,98,143,17,79,18,58,1,76,9
blue,151,58,10,29,111,47,142,37,106,91
blue,0,13,140,85,96,101,142,120,106,91
blue,101,124,3,52,110,0,102,44,9,16
blue,104,142,159,51,30,0,84,3,157,5
red,34,142,56,24,5,112,38,121,29,153
blue,18,65,159,8,53,34,38,56,17,153
blue,57,61,114,106,82,104,94,26,17,70
red,0,84,151,17,157,101,97,143,51,120
blue,0,60,159,17,119,47,84,101,106,5
red,145,84,121,129,70,36,40,143,8,53
blue,131,28,151,8,41,74,58,3,17,153
red,74,98,159,17,70,18,38,140,129,121
red,134,44,73,51,93,78,38,94,106,82
red,92,142,55,17,41,134,61,143,156,70
red,37,84,151,51,93,47,38,104,106,96
blue,74,40,159,133,153,47,54,151,17,119
red,88,92,132,51,14,22,75,56,29,71
blue,69,75,26,116,153,22,38,132,29,80
blue,152,141,154,69,16,43,13,64,76,120
blue,31,98,2,116,158,0,30,11,51,82
blue,22,107,121,69,80,47,13,56,51,14
blue,0,154,43,51,74,151,54,2,85,66
red,82,38,64,76,126,13,61,1,51,128
blue,78,125,19,106,37,110,124,155,17,45
red,34,84,87,52,128,90,98,19,29,53
blue,0,28,94,116,153,62,54,155,49,12
blue,22,125,19,76,14,91,124,94,85,33
red,103,54,94,51,5,112,38,138,17,16
red,31,65,32,51,18,92,27,43,76,99
blue,0,92,121,69,153,112,84,1,24,4
red,112,84,155,8,153,31,27,125,133,70
red,0,74,64,136,66,112,38,143,49,160
red,18,107,64,49,9,112,142,2,131,108
blue,37,155,33,116,153,112,58,64,49,9
blue,112,124,151,106,82,0,141,2,116,153
blue,90,65,133,106,93,112,84,150,76,14
red,112,58,56,106,74,104,149,33,76,158
blue,112,61,2,109,53,34,107,159,76,5
blue,112,91,151,29,14,107,155,104,51,96
red,152,65,64,51,4,90,58,104,29,5
red,0,26,3,116,64,112,107,155,76,15
red,22,13,159,51,82,74,98,2,29,153
red,114,98,155,29,41,22,87,140,106,5
blue,95,26,75,69,16,22,84,140,106,82
red,22,77,89,51,82,117,61,121,106,14
red,22,23,150,52,93,31,40,159,106,4
blue,0,145,121,29,153,22,86,154,9,53
red,114,27,151,52,91,130,23,90,51,74
blue,22,38,140,157,123,112,154,134,106,93
blue,43,40,11,76,82,22,65,121,50,41
blue,22,94,87,35,110,137,38,2,76,99
red,131,94,1,129,9,22,54,133,29,12
blue,31,74,19,8,153,0,102,1,106,66
red,22,54,151,106,82,74,38,2,17,53
blue,110,98,120,76,70,102,38,159,106,82
red,110,23,33,51,91,152,154,68,29,159
blue,31,27,121,29,12,22,54,155,9,53
red,22,37,155,17,148,84,27,6,116,119
red,2,38,1,116,82,22,61,140,137,5
blue,134,40,64,17,128,90,38,26,50,14
red,115,28,121,8,5,56,142,3,52,100
blue,88,60,2,136,70,38,26,140,76,33
red,123,13,1,51,128,75,125,89,24,108
blue,131,61,56,29,53,37,84,3,24,148
blue,48,61,33,76,14,34,84,159,51,128
blue,34,67,121,106,123,144,61,151,51,33
red,81,58,159,106,99,107,38,83,116,79
red,0,113,150,29,5,48,111,140,51,53
red,31,84,143,17,53,127,22,68,29,4
red,115,98,7,51,5,18,65,56,17,79
blue,112,60,143,17,71,31,84,1,8,53
red,104,124,121,51,82,131,5,125,52,70
blue,101,54,43,17,71,103,38,2,49,130
red,112,142,150,49,9,134,149,104,8,100
blue,13,98,104,51,66,39,87,125,136,96
red,102,146,133,24,74,104,61,121,29,53
blue,112,111,143,50,128,88,58,2,136,37
red,114,58,143,51,112,2,65,121,52,126
red,81,94,105,29,5,113,58,26,8,128
red,112,84,43,85,119,35,75,104,49,139
red,0,38,2,8,14,114,87,104,49,118
red,34,23,150,29,53,115,54,151,51,128
blue,110,107,133,17,45,18,84,151,106,99
blue,37,61,159,8,128,34,65,89,76,12
blue,88,87,110,129,120,95,75,121,137,5
red,101,54,151,51,82,134,40,143,52,123
blue,37,38,68,51,16,112,84,121,147,82
red,104,84,151,136,70,110,94,143,76,128
red,47,142,1,85,153,18,84,110,29,53
blue,0,26,151,8,128,101,111,121,116,109
blue,110,65,121,116,79,30,75,11,8,14
red,115,125,144,50,128,151,149,55,106,79
red,101,65,11,17,16,37,5,94,29,126
red,74,38,140,9,53,18,84,143,52,100
blue,34,61,143,29,30,107,77,11,17,93
blue,72,40,143,147,127,37,38,55,85,14
red,0,38,121,76,148,69,107,6,8,70
red,107,37,150,17,71,3,84,94,51,82
blue,144,47,125,49,70,74,98,56,29,119
blue,43,142,7,51,74,42,40,121,76,70
blue,25,38,159,50,93,18,84,151,116,74
blue,102,58,56,17,12,34,61,140,49,41
red,154,84,131,24,37,58,115,159,76,93
red,104,38,3,51,82,43,84,125,15,110
red,34,142,140,29,93,22,30,151,49,82
red,18,84,43,116,4,107,142,33,106,74
red,92,13,64,85,4,101,54,34,106,99
red,131,142,132,69,79,74,38,140,51,128
blue,43,30,151,29,153,131,61,2,51,99
blue,88,67,125,69,93,131,65,104,76,99
red,131,30,3,138,99,31,141,32,76,79
blue,131,30,0,76,74,43,86,11,51,66
red,92,98,56,29,53,131,65,87,136,108
blue,110,92,121,51,82,131,98,104,49,160
red,0,46,73,8,79,131,28,159,17,5
blue,131,37,110,50,14,20,65,151,136,82
red,131,23,125,50,128,101,84,121,51,82
blue,131,84,55,76,96,36,13,33,51,93
red,74,38,159,24,14,131,84,151,8,66
blue,131,86,64,17,79,74,65,150,109,9
red,131,84,143,29,74,19,65,33,9,5
red,131,65,155,49,66,47,38,144,69,37
blue,131,38,124,76,5,97,54,94,52,16
blue,110,87,62,8,70,131,102,1,69,128
red,131,87,2,50,128,149,84,120,76,126
blue,131,107,150,51,91,47,142,121,17,74
red,131,65,33,106,5,0,84,114,29,66
red,104,27,150,51,126,131,142,3,9,4
blue,131,38,143,29,111,0,54,140,76,70
blue,47,38,122,29,53,131,86,121,76,9
red,0,142,26,51,4,131,23,150,49,37
blue,131,65,134,51,82,74,149,2,8,128
blue,18,142,121,29,120,131,84,140,51,12
blue,131,141,15,51,82,114,65,64,17,14
red,131,13,143,51,4,134,38,0,156,53
red,102,44,150,17,53,131,13,0,63,70
blue,131,44,150,29,53,37,111,33,76,70
red,31,40,89,52,128,0,102,1,51,82
red,48,26,155,85,76,22,13,136,51,5
red,48,65,143,51,74,36,38,2,106,15
blue,43,61,134,9,70,103,84,150,17,71
blue,103,38,121,49,53,101,23,155,29,96
red,0,27,3,8,82,88,54,103,116,14
red,91,124,103,109,4,101,26,43,69,5
blue,43,84,121,150,16,0,26,125,129,96
red,48,107,121,76,12,22,27,104,136,16
red,59,65,43,8,123,135,54,56,49,119
blue,37,61,2,8,14,43,54,101,116,70
blue,99,40,11,29,53,0,124,33,51,93
red,0,124,122,136,82,131,30,3,17,71
blue,152,38,105,8,14,22,107,151,54,82
blue,31,107,155,17,93,22,38,1,51,4
blue,78,74,131,51,9,47,107,140,63,70
blue,78,125,155,49,153,22,54,43,51,5
red,78,61,37,51,14,72,40,121,106,82
blue,0,98,33,51,93,22,107,11,29,111
blue,37,102,159,24,128,144,23,150,17,110
red,127,65,64,50,128,74,84,140,51,82
red,88,27,23,51,93,110,125,143,17,82
blue,31,23,155,116,71,18,84,121,17,79
blue,112,154,125,157,9,110,23,2,49,160
blue,0,30,6,29,14,110,26,125,17,16
blue,43,154,125,76,128,135,27,139,24,93
blue,59,13,125,8,128,0,38,142,20,80
blue,18,54,125,133,45,74,40,140,51,5
blue,0,134,121,69,53,31,84,125,76,119
blue,0,155,121,49,160,78,38,125,109,93
blue,44,61,125,9,41,43,65,104,136,70
red,47,61,159,147,4,78,60,125,51,14
blue,88,23,125,51,128,19,98,33,50,70
blue,101,58,151,52,110,90,84,125,50,70
red,37,142,125,51,5,88,40,89,29,82
blue,37,98,125,51,82,158,23,155,150,153
blue,0,40,11,17,91,18,26,125,29,153
red,48,124,125,24,66,2,102,56,51,128
blue,60,124,125,51,93,0,38,138,116,5
red,137,84,125,8,14,22,65,33,29,12
red,154,124,125,116,46,78,94,155,129,14
blue,92,142,121,29,82,134,54,86,129,100
red,92,142,148,51,93,22,65,2,52,100
blue,0,125,64,136,126,92,84,29,51,53
red,74,98,56,29,128,34,30,122,106,138
blue,78,37,150,17,138,107,124,101,133,53
red,92,124,155,52,5,104,65,121,17,79
red,36,65,143,116,128,112,38,11,24,66
blue,102,84,151,63,70,0,107,140,106,82
red,22,67,110,17,66,127,38,55,50,128
red,110,77,101,15,80,149,38,11,24,96
red,48,84,43,51,128,0,61,33,29,99
red,54,40,91,17,9,43,142,64,106,120
red,54,142,68,106,74,104,46,155,29,53
blue,112,65,140,49,148,101,87,121,133,126
red,54,30,43,76,9,34,84,122,129,70
blue,54,65,11,116,70,134,38,159,29,53
red,54,84,6,137,53,127,107,134,136,5
red,92,65,2,29,53,134,84,104,116,45
red,18,98,144,133,126,112,40,1,51,53
red,107,38,1,50,158,146,65,159,76,70
red,107,75,159,76,108,112,65,104,51,66
red,152,37,150,106,5,0,23,142,156,9
red,112,27,54,52,82,59,111,33,50,70
blue,110,27,43,150,9,146,38,77,15,45
red,41,54,142,50,128,48,75,11,29,153
red,154,40,55,51,4,90,27,151,116,93
blue,127,38,33,29,126,115,65,124,17,5
red,31,38,159,24,5,0,142,64,63,76
blue,47,87,55,116,5,83,94,132,133,66
red,78,149,132,106,100,0,38,33,76,128
red,78,61,132,106,99,39,98,33,17,74
blue,37,61,1,51,5,59,142,124,106,99
red,143,38,132,69,70,113,65,33,76,93
blue,31,46,19,76,93,48,61,132,129,128
red,67,13,132,8,70,34,27,74,133,153
blue,74,26,151,51,121,36,142,132,133,70
blue,47,142,132,17,139,104,65,110,49,5
blue,104,65,143,24,74,19,38,132,51,82
red,35,27,155,136,14,137,26,43,76,74
red,74,47,132,17,139,0,142,43,24,80
blue,0,84,132,129,91,18,86,56,8,5
blue,34,154,33,17,96,31,65,122,51,128
blue,95,67,110,133,126,34,38,120,106,66
blue,33,98,19,50,82,34,84,13,51,4
blue,37,61,68,29,66,74,98,75,51,82
red,74,98,150,51,82,110,84,83,29,53
red,43,38,19,50,53,78,60,150,136,100
blue,31,58,26,52,99,137,27,55,29,30
red,31,124,3,29,126,18,65,143,51,82
blue,144,98,110,129,128,31,94,33,63,70
red,74,94,43,8,119,0,134,143,97,153
blue,3,94,2,116,153,137,38,26,69,80
red,88,65,140,29,66,59,61,94,17,82
red,145,98,2,49,12,90,94,11,29,5
red,48,61,121,51,74,95,134,150,49,112
red,72,65,43,129,5,95,84,6,17,159
blue,48,58,1,51,5,74,142,140,8,138
red,48,84,6,8,4,74,30,91,17,79
blue,107,61,132,76,153,77,27,64,29,15
red,101,84,144,9,29,59,124,150,17,93
red,48,94,143,52,66,43,23,103,50,153
blue,152,142,121,29,66,72,98,122,106,74
blue,48,65,64,51,82,34,84,114,106,66
blue,22,154,11,17,53,107,142,56,85,5
red,40,28,155,150,93,121,141,87,51,37
blue,40,46,26,51,127,0,54,125,147,121
blue,101,38,132,24,14,0,65,140,51,66
blue,134,77,6,52,5,18,84,110,150,82
blue,134,38,143,106,74,39,27,151,24,82
blue,114,61,142,24,5,47,65,140,17,71
blue,0,40,143,17,96,18,75,151,136,120
red,74,40,26,51,66,3,38,56,150,93
blue,43,38,121,106,4,0,84,150,137,99
blue,0,84,33,52,93,101,124,155,29,41
red,144,38,132,17,12,103,84,151,8,138
blue,131,37,150,29,53,34,124,121,24,139
blue,22,107,73,17,128,110,40,6,136,14
red,113,146,133,24,120,22,58,159,50,53
blue,0,142,121,29,74,48,38,143,51,93
red,37,84,151,8,82,47,38,94,51,74
red,127,61,2,129,74,115,104,110,29,153
red,101,13,23,129,74,0,61,64,49,97
blue,101,141,124,106,5,114,54,43,116,12
red,31,27,43,147,14,0,124,101,116,53
blue,104,26,155,106,99,0,54,151,76,5
red,144,111,143,106,74,145,124,101,85,18
blue,3,111,132,156,153,90,40,64,29,53
blue,90,38,159,8,82,74,124,151,76,4
blue,31,124,110,120,91,36,84,151,51,74
blue,74,61,90,106,5,34,124,151,51,82
red,104,91,121,24,70,0,54,3,29,53
blue,74,149,1,147,96,127,65,151,51,66
blue,127,92,33,9,158,74,46,139,136,100
blue,31,142,132,133,74,115,40,122,51,14
red,144,65,90,49,160,2,38,92,29,9
blue,34,46,144,136,100,74,65,2,49,158
blue,62,77,18,76,53,0,74,159,29,5
blue,31,38,121,17,79,65,134,143,133,74
red,0,27,121,106,5,144,61,1,17,130
red,104,38,1,129,126,31,111,2,156,9
red,59,141,94,8,118,121,142,87,116,70
blue,154,38,33,136,45,31,124,142,49,53
red,31,61,1,106,82,59,98,110,49,53
blue,92,27,3,49,9,31,65,143,17,71
blue,101,98,121,51,128,31,13,89,29,5
red,48,84,101,51,93,69,65,121,29,153
blue,0,77,68,24,66,101,84,143,69,74
red,90,38,122,51,93,101,124,0,120,74
blue,72,111,159,29,53,31,86,121,109,128
red,151,27,140,50,4,0,38,37,63,66
red,31,61,139,69,33,74,38,121,17,80
red,101,84,56,63,14,36,154,120,17,16
red,115,27,103,51,5,0,84,1,76,91
red,18,54,143,51,93,102,44,2,29,5
blue,0,124,110,29,4,101,84,22,51,15
blue,38,28,151,8,14,18,67,132,76,53
red,39,40,19,49,158,0,134,122,17,112
red,101,124,150,49,12,131,84,155,8,128
red,18,44,121,29,12,99,38,64,52,5
red,78,67,48,76,14,101,65,136,8,128
blue,104,58,35,51,74,18,65,55,76,100
blue,22,65,89,106,99,102,92,157,76,12
blue,0,38,2,49,139,43,60,121,29,53
blue,114,146,121,52,128,110,65,26,8,79
red,43,84,138,133,119,101,38,144,29,53
blue,0,84,110,29,120,48,38,121,51,66
red,3,58,62,17,108,31,91,22,120,126
blue,92,149,121,51,93,0,61,143,76,9
red,22,124,101,63,70,130,54,120,51,14
red,18,38,55,51,14,107,61,121,52,139
red,114,38,159,24,128,48,134,1,51,4
blue,131,124,121,136,82,31,145,2,69,100
blue,110,111,83,49,5,92,65,68,51,138
red,0,67,144,17,4,101,84,89,116,14
red,145,65,140,52,66,31,58,122,69,128
blue,2,58,33,29,4,0,61,121,136,93
red,18,23,155,52,96,152,134,150,50,70
red,121,23,155,69,108,0,104,94,85,5
blue,48,58,121,9,45,31,28,150,136,109
red,18,98,132,51,82,101,23,150,116,128
blue,39,38,143,49,53,0,40,132,29,41
blue,101,154,140,9,5,0,84,19,51,100
red,101,124,110,106,74,0,154,121,76,128
blue,110,142,64,29,128,48,38,159,51,5
red,74,98,155,29,160,31,27,159,106,5
blue,22,142,155,136,4,3,84,94,51,82
red,102,65,1,63,70,123,38,64,29,41
red,144,65,10,106,5,101,124,68,8,4
red,110,102,11,147,123,107,155,19,76,45
blue,74,142,2,50,154,37,87,1,129,41
blue,74,13,143,52,70,134,107,56,49,96
red,110,38,2,129,82,41,46,104,51,9
blue,47,54,142,17,79,103,124,155,136,128
red,34,65,121,49,5,43,107,143,29,41
red,3,65,104,52,93,74,13,121,69,153
red,107,44,142,8,119,90,40,121,116,153
red,78,30,151,51,128,36,38,1,17,153
red,11,98,151,8,14,48,84,43,116,128
red,47,142,83,133,153,22,107,121,106,96
blue,74,124,75,50,79,0,65,121,129,5
blue,104,107,150,29,153,101,84,159,51,5
blue,95,38,1,106,5,101,40,121,29,119
red,104,124,91,29,16,86,38,144,147,82
red,59,37,150,52,14,144,65,1,76,128
blue,131,38,2,51,53,22,98,114,106,93
red,74,130,143,51,14,48,38,155,147,5
blue,62,5,55,76,96,0,145,121,51,82
red,34,13,159,51,82,47,84,121,106,14
red,22,91,143,51,82,90,84,110,106,120
red,18,40,143,49,53,48,142,83,116,15
blue,22,92,144,106,4,59,40,68,137,82
blue,101,65,2,69,80,0,104,125,116,153
blue,6,111,140,85,74,19,142,64,106,99
blue,31,38,140,29,96,59,65,33,24,128
blue,69,74,32,51,66,48,142,37,157,82
blue,88,38,121,51,82,59,142,140,29,16
red,31,124,142,51,82,22,38,151,54,153
blue,18,124,140,24,82,101,98,73,52,30
blue,137,65,23,52,14,31,111,121,8,119
red,22,13,151,157,119,34,124,101,76,99
blue,22,61,124,137,126,34,67,151,51,33
red,31,142,121,24,99,151,98,33,136,37
red,31,84,151,51,99,103,38,121,8,74
red,72,155,68,51,91,0,77,122,106,4
red,121,75,151,51,37,78,111,33,116,12
red,112,84,151,17,9,90,65,2,76,128
red,0,65,159,17,128,43,38,64,133,153
red,101,124,125,74,108,88,113,159,51,66
red,137,113,68,51,82,101,40,143,17,53
red,101,38,159,29,53,18,65,64,49,153
blue,112,84,101,17,82,34,98,159,15,120
blue,34,77,143,129,5,43,38,2,76,4
red,101,65,56,76,154,110,84,1,116,102
blue,37,38,56,50,128,69,54,132,106,99
red,154,23,150,29,4,101,38,6,116,128
red,112,75,104,106,93,151,125,121,29,12
blue,43,58,89,51,82,0,91,2,49,53
red,62,61,56,85,93,78,37,3,136,109
red,18,142,105,49,153,36,65,11,17,53
red,47,40,2,9,82,20,13,121,24,4
red,112,40,143,136,93,130,61,104,24,119
blue,33,54,18,51,93,27,124,75,106,99
blue,22,40,104,52,100,0,61,105,9,16
blue,74,44,56,106,96,149,94,104,9,16
blue,54,30,144,52,99,58,13,104,120,82
blue,22,58,33,51,128,0,149,21,8,12
red,90,38,121,116,93,0,54,43,29,74
blue,0,61,121,136,82,134,74,110,8,53
red,34,38,11,8,5,48,146,1,51,12
blue,102,142,159,106,153,0,38,56,76,74
red,88,38,132,49,158,22,54,125,17,12
red,0,38,89,29,53,42,87,142,116,153
red,0,142,143,51,93,19,38,101,69,119
red,22,38,104,8,128,0,149,159,116,109
red,34,23,101,29,53,59,40,150,8,158
red,144,61,121,17,53,59,142,159,29,153
blue,22,98,121,24,14,59,60,94,129,20
red,47,58,121,15,12,22,98,33,49,14
blue,134,60,121,8,126,22,98,140,69,5
red,22,94,121,52,66,152,65,144,51,4
blue,31,74,68,116,111,0,141,1,51,37
blue,145,142,11,50,53,54,38,151,157,4
red,31,92,121,8,128,22,94,56,106,93
red,48,141,2,129,160,0,38,11,49,93
red,112,38,3,51,93,2,40,121,29,4
red,115,124,105,76,119,0,142,68,29,4
red,18,38,70,51,82,84,124,34,106,128
red,158,130,121,116,53,19,92,151,49,9
red,91,84,132,17,82,114,65,143,51,108
blue,0,61,11,17,128,103,84,159,51,82
blue,47,107,1,17,154,0,84,3,49,123
blue,31,27,2,51,82,102,40,143,76,128
red,101,27,43,76,16,107,142,91,17,120
red,39,111,150,50,159,43,97,121,51,80
blue,36,142,140,116,53,0,98,159,51,70
red,74,65,55,69,124,104,84,150,52,128
red,57,65,159,50,66,74,46,121,116,153
red,0,65,89,17,66,22,84,55,51,99
red,37,27,43,51,153,134,125,73,29,4
red,34,27,43,29,111,120,58,121,69,5
blue,47,107,32,106,14,110,27,139,116,74
red,74,125,32,52,128,131,84,139,85,4
blue,62,84,121,51,9,0,28,1,136,153
blue,102,65,89,129,70,43,30,155,51,99
blue,102,44,155,106,128,0,84,159,8,16
red,74,27,143,17,76,22,65,159,136,119
blue,43,88,32,49,153,0,27,33,29,53
blue,134,65,125,116,148,20,84,64,9,153
red,112,142,121,24,5,0,98,2,29,128
red,18,38,104,52,74,110,142,55,17,128
red,151,142,124,120,5,37,38,33,29,53
blue,59,13,3,29,53,43,65,33,69,153
red,107,27,150,106,82,39,154,155,147,53
red,127,38,122,17,5,0,74,11,29,70
blue,0,37,151,129,4,101,13,124,51,66
red,0,65,55,129,5,121,92,143,51,66
red,0,65,33,17,79,3,111,105,129,82
blue,67,87,35,116,143,0,124,90,29,53
red,110,13,73,29,93,107,44,43,17,53
red,31,61,2,51,99,35,111,69,153,87
blue,0,40,121,17,124,88,142,93,136,100
blue,47,98,26,50,5,18,84,151,29,53
blue,43,60,2,15,82,0,37,125,76,128
red,137,125,159,76,126,101,38,132,51,9
blue,113,13,121,106,5,18,23,150,51,107
red,31,27,110,52,14,75,107,121,76,128
red,121,124,151,116,12,74,65,6,9,108
blue,151,58,2,50,82,101,107,150,51,121
blue,107,65,121,129,153,59,38,151,29,45
red,102,61,159,76,93,18,23,150,49,41
blue,101,65,140,29,100,0,84,33,150,82
red,0,142,132,52,82,59,65,33,129,100
blue,104,92,151,29,16,22,75,110,129,120
blue,31,74,159,76,5,19,111,2,156,128
red,57,124,151,76,79,112,58,143,29,53
red,39,155,114,50,128,62,154,11,51,96
red,36,27,20,76,153,62,125,143,120,70
red,121,142,110,29,30,144,155,11,106,96
red,36,38,159,52,14,0,23,151,76,74
blue,81,61,91,17,71,2,40,132,49,160
red,34,98,33,52,128,88,107,129,106,79
blue,112,23,110,106,5,34,61,121,17,70
red,95,46,143,17,14,104,61,121,49,53
blue,0,91,2,51,82,101,92,140,8,126
blue,2,130,110,63,70,43,124,74,51,5
blue,0,92,114,17,53,104,98,129,76,74
blue,0,46,1,85,74,3,65,56,29,30
red,0,84,155,41,93,35,38,37,157,99
blue,74,61,68,52,120,0,98,64,136,96
blue,59,142,2,133,93,39,94,144,106,66
blue,78,77,64,106,66,74,40,124,9,93
blue,107,58,151,52,160,47,92,124,106,99
blue,113,102,140,120,100,90,65,159,51,4
red,6,61,19,116,126,107,65,121,51,4
red,74,84,43,51,33,57,38,159,106,5
red,101,84,155,8,14,18,38,105,51,97
blue,22,38,56,29,121,88,40,136,49,74
blue,154,23,150,24,74,110,60,18,29,6
blue,0,84,151,129,100,36,38,159,52,128
red,107,134,121,51,30,62,26,142,17,126
red,65,54,142,52,126,74,40,121,76,154
red,110,84,121,133,96,2,61,23,17,70
red,90,61,55,29,82,47,142,144,76,16
red,115,58,151,116,70,83,111,159,106,66
blue,121,142,104,51,82,74,26,105,29,16
blue,110,13,56,156,153,101,84,2,69,80
blue,90,13,133,129,153,0,65,64,17,82
blue,151,26,51,50,153,0,38,140,17,108
blue,22,54,90,29,153,0,142,143,51,82
blue,0,61,56,9,123,78,28,101,133,126
red,39,65,56,29,82,18,38,33,136,5
blue,22,27,125,52,66,3,74,105,76,108
blue,37,40,43,51,82,34,54,56,9,16
red,104,61,64,51,93,131,98,56,49,53
red,102,142,56,147,9,145,54,64,106,4
red,0,54,140,106,82,22,98,89,29,53
red,74,38,159,51,53,112,111,64,17,16
blue,37,23,150,51,123,47,84,140,137,4
red,3,38,140,51,93,36,65,121,106,82
red,53,38,121,52,128,101,84,122,69,15
red,77,84,159,8,128,0,65,2,49,53
red,110,38,26,76,119,74,84,155,8,128
red,149,67,151,17,66,103,86,6,51,4
red,0,23,155,29,16,31,65,83,52,82
red,21,149,68,106,4,74,65,64,69,128
red,18,30,54,17,119,48,154,143,29,53
blue,74,61,64,106,99,47,27,121,50,128
blue,22,61,142,17,53,43,92,55,49,138
red,0,124,155,76,153,74,125,64,29,4
red,0,54,155,76,16,2,86,9,19,82
blue,2,60,94,8,12,34,67,23,17,128
blue,38,84,151,24,93,0,125,104,106,128
red,19,61,159,49,41,0,30,151,106,82
blue,112,30,21,50,128,18,65,33,17,120
blue,134,23,159,51,82,112,111,140,9,90
red,144,46,110,49,148,20,65,2,17,12
blue,88,27,68,136,128,92,84,155,29,53
blue,131,54,43,50,53,74,60,32,116,82
blue,123,142,19,9,14,22,84,151,17,71
red,36,142,140,51,5,43,65,122,52,128
red,114,154,101,106,82,74,60,2,116,16
blue,92,26,150,147,153,36,142,23,17,54
red,135,60,155,17,120,90,130,26,29,53
blue,90,38,124,49,93,78,60,89,76,5
red,62,40,104,76,122,92,60,43,51,70
blue,0,27,33,63,119,137,60,143,15,126
red,110,38,120,51,82,104,84,151,29,153
blue,37,75,3,51,6,0,38,11,8,160
red,0,38,159,52,128,110,141,26,133,5
red,0,92,124,137,96,48,60,33,106,126
red,0,75,110,29,12,112,92,34,52,128
red,36,38,56,156,93,0,98,143,51,5
red,34,124,150,116,82,54,74,151,51,14
blue,0,27,68,52,99,36,84,110,17,12
red,0,84,124,51,93,31,61,143,133,12
red,152,27,125,50,158,34,65,143,8,70
blue,62,84,151,17,12,104,92,43,29,74
red,140,142,0,17,71,19,141,55,116,99
blue,59,77,143,8,120,48,65,154,24,5
blue,90,75,69,76,108,101,94,110,29,41
blue,127,27,151,137,70,0,54,43,29,126
red,22,113,121,76,5,0,125,89,29,93
blue,0,104,26,106,82,22,124,32,8,128
red,22,142,121,106,5,62,38,148,8,82
blue,22,87,114,29,53,107,13,158,133,155
red,22,111,140,51,82,15,155,90,49,148
red,22,111,159,63,70,48,102,1,106,110
red,22,84,33,51,82,74,154,143,76,153
blue,31,65,56,51,37,22,141,140,29,4
blue,18,26,33,29,93,22,146,64,106,5
blue,22,13,43,109,4,34,40,41,17,79
red,137,61,144,29,128,22,65,158,50,82
blue,22,84,159,29,160,74,38,43,51,82
red,22,61,121,51,66,90,65,143,50,53
blue,134,38,37,17,71,22,61,89,51,66
red,22,125,55,63,93,0,26,148,9,74
red,43,84,151,52,82,17,125,11,49,16
red,102,142,33,51,99,112,38,121,116,109
blue,90,111,89,129,6,0,13,2,52,100
red,74,60,64,50,45,144,38,33,106,66
red,35,27,3,17,99,95,84,65,63,70
red,31,155,159,52,70,137,13,64,129,153
blue,43,23,150,156,153,0,27,148,52,126
blue,20,67,142,29,119,81,84,155,137,14
red,127,77,56,51,5,18,61,148,106,100
red,154,65,159,106,99,117,40,138,51,100
red,0,84,155,24,82,48,13,121,51,100
red,107,67,36,8,70,88,84,151,51,82
red,36,84,56,17,53,102,104,125,76,153
blue,0,77,124,49,160,43,102,6,17,80
red,0,38,121,29,12,78,65,64,17,71
red,127,134,122,8,70,31,84,13,156,153
blue,107,38,159,29,53,47,84,62,50,118
red,18,97,11,49,53,107,75,64,76,74
red,48,61,89,76,6,101,107,55,52,30
blue,39,13,155,24,128,18,107,89,51,93
red,107,18,121,29,160,39,125,155,24,109
blue,92,65,68,52,126,22,86,11,116,160
blue,59,65,103,51,66,127,92,3,106,5
red,144,40,1,17,80,121,146,158,51,5
blue,37,94,2,29,70,47,146,158,51,45
red,62,146,144,8,119,0,38,89,76,93
red,31,146,114,9,53,18,40,1,29,71
blue,0,146,121,29,148,112,142,26,17,14
blue,91,84,155,19,5,0,146,121,76,82
blue,0,75,33,52,4,2,146,68,85,100
blue,74,38,122,17,160,134,5,1,116,69
red,34,27,155,137,99,101,84,125,17,5
blue,124,61,10,137,82,41,38,110,116,74
red,110,61,121,29,53,36,67,143,9,70
red,0,40,33,29,158,131,84,143,52,82
red,107,13,143,51,93,22,60,55,76,30
blue,31,79,150,51,128,92,38,121,29,153
blue,0,65,56,29,157,103,124,159,51,5
red,130,98,159,85,14,102,38,121,147,53
blue,0,124,1,76,70,31,58,121,8,53
blue,90,84,110,51,153,101,98,140,156,9
blue,18,23,155,51,53,92,30,140,52,5
blue,48,141,7,17,153,0,38,121,49,9
blue,43,65,1,136,53,0,61,56,156,153
blue,48,124,155,129,5,22,61,143,51,119
blue,112,38,148,136,82,102,142,1,29,53
blue,126,40,56,24,9,36,74,140,116,71
red,0,65,105,29,153,18,61,104,51,111
blue,18,74,120,85,70,22,65,1,106,5
blue,127,46,89,76,80,72,124,151,49,160
red,72,124,94,116,153,48,37,121,129,14
red,22,124,155,147,93,0,86,26,51,66
red,22,38,143,69,93,115,40,81,85,53
red,154,65,151,17,41,34,107,2,51,5
red,112,98,110,116,107,55,13,78,51,93
blue,90,111,64,85,153,78,65,151,54,66
blue,78,65,129,106,153,74,111,110,136,109
red,151,107,75,24,70,62,61,33,76,66
blue,0,142,1,49,79,151,65,159,76,66
red,34,142,104,51,126,13,38,124,116,14
red,127,46,109,49,12,88,67,151,76,41
blue,78,60,155,8,128,95,38,124,51,93
blue,22,124,121,136,53,36,142,56,76,126
red,101,124,155,24,66,36,38,104,51,14
red,36,23,101,106,5,114,54,151,76,70
red,22,65,105,76,41,101,98,154,116,53
red,57,27,150,17,128,101,23,19,85,5
red,34,146,89,49,53,101,38,105,51,5
blue,22,74,7,24,6,0,142,114,29,100
red,102,13,83,76,108,115,23,125,29,53
red,0,141,148,49,9,38,124,90,51,14
red,43,38,121,76,70,18,84,35,106,82
blue,36,124,150,106,4,115,84,94,24,82
blue,110,84,151,29,12,72,38,159,17,82
red,36,30,124,76,128,150,84,140,17,12
red,25,117,55,76,30,18,65,1,157,96
blue,38,65,33,106,100,131,23,93,51,99
blue,34,84,159,133,82,101,111,104,129,99
blue,110,38,114,51,5,43,84,101,106,4
blue,2,74,3,69,93,121,65,11,49,99
blue,84,142,121,17,153,101,98,104,76,74
red,103,124,155,52,5,107,38,121,9,82
blue,36,38,11,106,74,19,98,121,29,79
red,43,74,121,8,128,69,84,143,29,53
blue,101,38,6,9,5,0,142,121,49,16
red,11,124,110,8,45,0,65,143,29,5
red,0,60,33,106,5,90,61,121,17,71
red,74,60,121,106,82,92,111,37,76,9
red,107,155,121,24,71,127,142,11,51,128
red,90,65,159,8,128,19,154,3,24,16
blue,31,141,143,133,71,0,84,35,24,82
blue,74,38,155,8,128,151,84,2,17,71
red,22,44,11,129,71,0,40,144,116,74
red,47,40,56,49,153,152,13,121,17,71
blue,99,84,155,17,12,48,142,19,29,93
red,101,65,132,116,70,48,130,143,49,71
blue,81,58,155,29,53,74,134,75,9,71
red,0,38,121,116,41,144,142,104,52,5
blue,34,67,11,49,79,43,38,33,76,5
blue,62,23,151,17,108,48,98,121,52,5
blue,36,98,33,29,153,78,54,151,150,68
red,0,23,150,8,128,37,65,151,76,70
red,36,142,140,29,110,121,38,151,116,153
red,102,23,150,69,80,131,61,121,29,93
red,134,37,150,51,154,101,141,159,136,74
blue,59,154,150,51,70,22,125,68,29,45
red,103,61,26,29,93,48,84,151,51,12
blue,48,38,20,24,87,0,60,144,29,153
blue,115,38,140,29,9,102,27,125,51,14
blue,101,65,121,24,128,78,38,43,17,159
red,134,38,33,106,99,35,65,140,51,96
red,115,54,151,69,37,22,38,2,50,82
blue,22,58,64,17,45,74,142,121,29,158
blue,31,145,1,106,128,59,61,56,76,158
blue,102,65,55,52,91,48,154,56,51,128
red,101,61,1,51,53,2,38,151,129,93
blue,0,154,150,51,5,2,46,121,50,70
blue,43,27,155,29,119,145,61,121,17,12
blue,151,91,159,106,14,110,65,64,17,82
red,102,58,143,50,53,36,54,89,49,5
red,35,84,2,50,128,36,65,114,116,93
blue,102,149,1,51,100,34,75,120,8,41
red,110,58,121,49,160,22,84,143,9,5
blue,0,65,140,136,53,145,84,151,29,128
blue,0,54,121,29,53,31,107,142,51,128
red,101,142,159,116,4,151,98,89,76,5
red,92,13,120,51,82,145,84,3,136,100
red,35,84,143,29,53,6,54,94,24,128
red,35,61,159,116,9,0,38,121,76,153
red,35,107,151,9,74,47,124,10,85,82
blue,18,67,151,51,126,57,97,121,8,82
red,18,58,139,50,128,2,40,43,29,153
blue,84,40,11,76,118,2,98,90,8,53
red,0,74,151,17,128,31,40,56,8,30
blue,59,58,121,51,14,107,142,159,69,70
red,0,92,11,29,153,102,86,143,24,93
red,43,84,121,29,153,36,65,19,136,148
blue,36,94,121,76,16,101,111,37,106,5
red,110,142,104,76,82,62,44,19,51,5
red,72,38,122,106,14,62,27,151,49,53
blue,0,98,121,9,119,31,142,94,157,99
red,34,23,150,17,9,131,84,110,156,5
blue,22,40,23,51,130,48,26,121,156,128
blue,103,84,121,8,93,104,145,2,106,82
blue,121,27,110,52,82,36,38,56,109,66
blue,151,61,19,51,53,47,27,125,8,66
red,48,107,104,51,12,88,125,43,116,5
blue,151,38,121,76,99,0,65,2,52,128
red,90,77,143,147,128,22,38,89,29,47
red,121,98,151,8,41,152,77,89,29,128
blue,22,58,143,50,128,37,149,121,8,53
blue,62,124,1,29,128,90,54,13,51,5
red,62,61,90,8,82,0,124,122,51,120
blue,34,38,121,147,6,57,13,122,106,5
blue,121,145,159,76,5,137,98,122,51,120
blue,137,134,55,69,153,42,28,122,24,14
red,110,61,121,150,74,0,54,122,29,153
blue,72,38,89,76,122,110,124,101,51,14
blue,0,142,68,9,108,57,65,43,49,122
blue,3,75,124,29,30,107,65,148,52,5
red,90,124,101,129,93,74,61,15,17,100
red,107,13,143,150,126,0,54,101,38,99
blue,0,60,159,17,96,107,38,124,129,93
blue,127,65,90,69,158,107,142,124,76,9
blue,0,38,143,51,14,47,65,124,52,160
red,0,149,124,51,82,2,75,125,76,66
red,31,98,68,106,93,57,65,151,51,4
blue,59,77,11,52,74,134,65,124,129,66
blue,31,38,124,51,128,0,58,104,147,14
blue,40,125,143,49,12,0,111,121,85,93
red,74,65,104,76,119,143,111,11,116,70
red,3,40,2,51,14,69,104,121,50,159
red,74,23,43,63,70,142,60,121,51,5
red,134,124,133,8,128,114,58,11,51,14
red,74,61,19,51,16,102,84,101,137,66
red,81,65,64,8,82,135,27,159,29,128
blue,65,38,121,137,93,18,23,150,106,5
red,47,58,33,69,70,110,102,19,51,74
blue,152,142,19,51,126,112,40,11,116,82
red,151,84,125,69,93,92,40,71,50,128
red,44,65,143,69,14,92,46,55,49,74
blue,101,65,26,24,70,59,111,150,17,96
blue,146,107,56,51,93,74,98,104,29,79
blue,74,60,121,51,82,0,102,70,76,16
blue,25,145,68,51,70,101,84,150,106,99
blue,36,23,58,106,5,18,26,94,29,4
red,151,61,1,69,66,0,65,121,24,82
blue,31,61,68,29,53,102,65,13,8,45
blue,3,75,121,8,82,37,155,159,51,14
blue,36,124,155,76,79,31,84,0,51,14
red,84,38,33,106,5,52,125,143,76,66
red,107,124,94,17,108,112,54,110,49,153
red,59,92,3,51,74,0,65,2,147,96
blue,62,38,121,76,128,81,61,114,29,9
blue,74,155,158,51,66,36,65,124,157,14
blue,104,98,121,51,128,48,130,2,76,30
blue,0,61,1,51,70,47,84,68,129,82
blue,18,40,33,24,82,3,74,151,29,6
blue,47,0,55,51,110,2,38,121,17,91
red,143,98,150,52,5,55,77,101,51,82
blue,0,13,1,150,45,35,61,158,51,70
blue,90,146,159,76,9,107,13,1,85,14
red,112,26,43,106,14,127,97,155,19,82
blue,110,124,0,29,119,22,40,143,116,153
red,112,86,121,51,93,152,149,73,49,41
red,48,124,155,106,82,22,125,143,129,14
red,22,58,138,8,119,117,28,43,85,82
red,22,13,150,19,14,135,107,55,29,53
blue,2,125,143,76,126,22,61,159,51,128
red,110,92,120,133,153,22,40,23,147,96
blue,107,38,26,69,5,22,111,121,106,66
red,22,98,143,8,66,31,61,110,51,119
red,92,40,121,29,79,22,142,73,8,96
red,0,40,132,24,100,151,142,143,17,80
red,24,84,148,49,64,22,142,140,51,5
red,22,60,121,51,64,110,134,1,9,5
red,22,26,29,17,70,134,38,155,49,53
blue,22,149,121,63,70,2,40,155,17,64
red,22,27,110,106,82,47,142,120,29,16
blue,36,60,143,147,96,112,84,140,50,128
blue,0,61,143,136,100,36,142,64,76,70
red,65,27,3,51,66,107,134,89,17,12
blue,127,107,43,9,159,112,142,132,76,14
blue,123,65,64,17,108,102,30,140,29,4
red,104,98,31,9,5,135,65,121,52,93
blue,0,23,150,51,93,18,142,155,54,99
red,143,38,0,133,153,19,65,121,150,46
blue,34,54,121,76,93,110,26,120,24,80
blue,115,65,140,17,70,34,38,56,51,4
blue,34,54,120,17,5,35,98,56,24,74
blue,43,65,1,51,70,34,124,33,106,4
red,92,111,10,49,5,151,40,150,51,128
red,146,84,110,49,148,34,58,33,76,100
red,34,124,33,24,93,104,58,143,76,14
blue,18,27,13,20,79,145,38,2,129,153
red,0,54,94,51,66,59,46,120,8,82
blue,134,61,56,85,13,0,38,6,24,14
red,131,27,159,156,153,31,111,55,85,6
blue,36,38,6,29,153,22,61,11,76,120
red,151,84,2,51,14,0,87,120,8,128
red,110,40,120,17,79,42,87,121,51,53
red,36,142,159,24,53,35,87,26,29,12
red,74,87,151,8,12,121,142,115,29,160
blue,74,26,87,136,128,90,61,143,17,14
red,48,75,32,51,70,144,87,93,129,82
blue,113,87,142,137,70,74,130,56,136,45
blue,18,87,3,49,9,0,65,2,29,119
red,34,87,143,17,79,152,84,104,76,96
blue,0,124,94,8,158,18,87,143,24,128
red,31,65,83,63,70,47,87,151,76,54
red,102,61,37,76,82,74,87,110,116,70
blue,43,23,92,51,158,0,87,83,29,12
blue,74,38,124,51,82,0,87,143,76,100
blue,57,9,73,24,14,144,87,89,76,96
red,78,102,44,136,93,2,87,0,29,70
red,31,87,132,69,128,97,142,104,29,15
red,2,60,89,49,53,101,87,68,29,41
blue,117,38,55,29,53,81,87,1,136,128
red,0,87,120,9,119,144,124,110,8,70
red,101,87,159,106,82,62,97,0,69,153
red,107,65,64,116,79,31,87,121,29,9
blue,137,87,20,129,158,22,142,148,17,14
red,126,87,94,41,111,97,61,140,69,153
red,13,98,143,106,82,0,87,64,51,96
red,145,87,26,51,82,101,84,125,17,93
red,0,87,144,136,15,101,84,121,116,53
blue,47,87,101,138,92,158,97,151,8,128
red,0,87,121,106,82,90,60,124,76,66
red,90,61,121,116,153,74,87,56,8,5
red,31,87,139,51,4,0,27,124,17,93
blue,0,87,150,51,82,31,111,121,29,53
blue,31,87,55,17,79,0,38,6,52,100
blue,104,38,6,29,70,123,87,41,51,14
blue,0,87,148,29,153,31,91,143,51,12
red,114,87,151,52,5,115,77,68,85,33
red,121,65,7,51,96,74,87,155,50,16
blue,74,98,56,147,41,39,87,101,150,14
blue,101,87,140,50,74,0,142,1,76,9
red,74,124,151,76,5,37,87,43,51,93
red,0,98,89,157,5,92,87,143,29,12
red,0,87,139,106,93,121,61,110,17,71
blue,37,94,68,116,9,2,87,155,51,153
blue,39,130,24,76,70,134,87,125,29,12
red,0,141,94,120,153,78,87,155,147,70
red,144,87,150,106,66,31,98,139,116,37
red,72,111,143,29,33,31,87,1,51,14
blue,48,13,54,76,109,31,87,122,8,93
red,88,87,148,116,66,37,98,158,147,82
red,101,87,43,50,45,31,23,110,69,70
blue,127,87,101,8,70,113,40,124,51,5
blue,104,154,150,49,128,101,87,110,69,153
blue,115,87,159,106,66,34,38,89,110,52
blue,101,38,132,17,12,31,87,104,51,5
red,104,111,23,17,9,31,87,132,29,93
red,34,87,105,29,12,74,40,3,49,41
red,18,87,64,52,14,22,155,159,129,4
red,36,27,2,106,79,31,87,155,116,82
blue,151,87,140,116,111,31,26,94,51,5
red,22,104,110,85,53,151,87,89,76,14
blue,90,61,11,69,153,151,87,125,50,108
blue,127,87,43,9,5,101,60,31,17,93
red,37,87,43,29,53,22,61,132,51,66
red,112,87,56,76,66,31,61,54,106,4
blue,47,87,64,116,66,13,54,110,69,5
red,47,107,43,29,153,0,87,143,51,128
red,74,111,64,9,119,65,84,1,116,5
red,103,65,121,9,83,0,87,89,106,66
blue,127,38,1,133,9,37,46,57,136,82
blue,101,142,2,51,5,31,65,124,17,74
red,48,98,64,76,100,31,92,143,106,82
blue,48,98,121,52,82,0,124,159,116,70
blue,152,113,124,17,126,59,27,142,52,14
red,112,98,140,17,82,34,37,150,29,53
red,121,38,112,106,4,104,46,110,148,5
red,18,65,1,85,5,31,130,121,76,122
blue,22,65,68,52,93,137,38,143,29,119
red,107,61,143,29,160,0,38,121,17,158
red,131,84,34,147,96,62,65,64,69,153
red,18,38,140,51,66,0,154,121,29,120
blue,88,61,140,85,93,103,84,151,136,70
blue,3,124,155,85,100,2,61,1,49,71
red,0,74,43,106,82,90,102,151,76,46
red,107,98,2,51,93,47,92,11,17,66
blue,48,58,143,85,96,0,84,155,129,93
blue,104,38,64,136,12,135,142,1,17,53
blue,110,65,1,17,100,11,38,151,69,153
red,151,142,124,17,18,0,155,33,85,70
red,47,91,124,50,70,103,84,117,17,14
red,78,134,159,147,9,3,84,110,76,96
red,18,40,121,69,153,112,124,155,116,71
blue,131,65,144,129,33,0,130,121,52,128
red,74,13,121,136,160,90,86,143,76,53
red,37,54,150,51,53,18,23,155,49,91
blue,0,111,121,52,100,39,27,151,9,126
red,114,155,11,17,14,31,61,23,85,41
blue,0,60,151,51,66,74,84,2,147,92
blue,92,111,56,69,9,18,65,121,24,96
red,74,142,3,120,9,65,84,159,51,96
blue,0,124,151,116,53,92,142,121,137,66
red,48,27,155,69,96,104,142,1,106,93
blue,86,26,125,52,14,0,154,15,147,82
blue,31,145,121,51,114,110,65,143,137,70
red,18,23,151,76,66,62,58,2,106,114
blue,112,38,33,116,53,0,111,124,8,14
red,114,61,33,63,45,112,65,2,17,119
red,43,38,122,29,120,101,124,1,17,69
blue,112,142,143,137,5,37,44,125,51,4
blue,57,65,121,76,93,47,75,151,109,74
red,104,38,11,85,100,134,125,133,24,99
red,107,142,33,133,70,22,61,121,129,82
red,74,102,143,9,53,22,13,56,76,66
red,112,38,121,106,74,34,58,19,49,23
red,112,86,159,106,5,36,87,94,118,45
red,112,107,3,52,128,113,124,94,129,82
red,92,65,132,52,96,112,142,143,116,12
red,112,74,3,17,153,110,141,56,29,148
red,112,38,11,106,5,121,61,155,76,153
red,88,142,33,8,53,74,149,2,52,100
blue,47,58,1,136,14,35,30,121,51,82
blue,35,54,158,76,82,52,38,143,20,80
red,0,84,140,106,5,104,65,122,29,153
red,35,38,143,106,66,101,77,132,76,82
red,34,40,37,76,123,104,102,19,51,74
blue,78,37,155,51,82,0,38,121,106,126
red,95,142,124,52,128,131,65,121,8,96
red,107,65,89,106,126,99,28,151,49,4
blue,102,38,32,63,12,0,60,151,136,119
blue,90,65,120,51,53,101,84,159,76,14
blue,144,61,151,51,123,36,23,150,116,70
blue,102,58,64,49,79,74,65,150,69,53
blue,78,124,151,50,74,104,38,140,52,5
blue,101,13,37,63,109,43,58,56,76,82
red,48,65,37,51,82,0,61,33,17,53
red,91,65,68,51,4,18,38,33,106,66
red,101,65,114,51,30,0,38,132,52,66
red,47,65,140,51,74,43,142,70,129,82
blue,102,38,11,51,82,22,84,151,106,14
blue,102,65,2,116,96,101,84,143,9,14
blue,43,104,56,116,53,131,98,144,29,153
red,107,75,19,49,126,0,98,143,24,14
blue,22,54,1,76,128,0,61,89,29,74
red,74,65,132,52,150,57,142,91,133,70
blue,25,38,121,120,126,36,142,55,52,5
blue,18,61,33,24,74,0,142,143,63,70
blue,110,142,122,50,82,135,98,79,17,4
blue,0,84,142,106,120,22,26,121,17,100
red,144,61,2,51,82,0,98,143,106,14
blue,114,84,43,51,110,151,65,2,106,74
red,31,61,140,49,41,110,84,122,29,148
red,110,84,151,157,9,104,54,94,29,53
blue,91,67,11,76,153,101,84,94,85,14
red,127,65,144,17,79,102,40,121,76,111
blue,75,23,150,29,120,0,65,2,51,14
red,0,27,101,116,74,110,26,142,17,79
blue,126,142,26,9,158,74,84,75,106,99
red,59,92,33,29,157,103,38,0,106,99
red,0,65,1,51,33,47,98,121,109,108
red,47,27,3,51,96,37,38,121,106,5
red,47,26,2,76,82,0,40,56,17,71
blue,42,97,121,24,66,47,84,2,51,14
red,62,67,43,8,9,0,38,132,76,41
red,48,38,121,51,14,59,142,101,76,71
red,31,84,121,116,153,137,38,26,136,70
blue,107,142,1,17,53,145,84,151,116,41
blue,144,142,154,52,33,59,84,75,136,74
blue,121,84,151,76,126,47,107,73,69,93
blue,145,65,55,51,93,33,124,88,76,96
blue,31,154,150,51,75,134,107,73,76,82
red,88,61,154,49,128,0,107,121,17,79
blue,0,27,121,29,130,88,38,1,51,119
red,107,40,121,106,96,135,154,141,51,74
red,151,124,43,150,119,138,65,64,17,5
red,103,38,26,136,5,31,107,33,76,16
blue,115,87,6,50,128,0,155,121,76,96
blue,18,54,121,51,14,0,46,143,49,53
red,18,40,150,76,41,31,130,70,8,128
blue,92,13,121,76,53,18,149,33,24,82
red,115,84,104,51,14,95,67,3,76,159
red,0,65,33,52,128,91,84,44,129,45
red,78,61,125,106,66,107,98,121,137,82
blue,107,38,159,29,45,154,60,143,51,82
red,135,23,150,17,53,2,141,35,49,93
blue,101,78,41,69,70,135,92,72,51,118
blue,18,75,2,147,5,0,65,140,76,74
blue,74,30,101,8,70,59,65,151,52,14
blue,0,38,1,116,12,77,84,151,106,5
red,114,40,140,76,139,134,61,64,51,5
blue,41,98,1,24,128,36,46,143,136,82
red,36,60,140,156,153,121,58,150,76,70
red,59,91,2,129,126,43,40,144,106,82
red,18,30,83,9,91,90,58,1,51,128
blue,90,142,140,8,100,0,124,151,9,71
red,34,60,143,52,99,150,23,94,29,5
red,2,98,151,49,160,18,65,64,116,70
blue,115,23,112,106,93,36,37,101,147,82
red,72,27,110,116,53,146,134,140,76,93
red,112,61,146,51,82,34,13,43,63,70
red,74,27,101,51,128,110,40,120,29,53
red,104,65,3,51,93,0,38,132,50,128
blue,145,149,121,24,153,105,38,140,76,82
red,110,60,143,106,99,0,13,159,51,4
red,37,65,2,49,53,47,38,140,52,4
blue,104,65,139,116,74,25,67,43,69,5
blue,43,87,33,106,5,152,23,151,137,12
red,48,38,122,120,138,2,65,6,106,74
red,25,141,140,85,53,31,125,151,106,66
blue,47,84,122,51,148,0,74,151,156,45
red,74,61,33,69,153,127,58,110,116,120
red,59,102,151,52,83,0,124,101,106,5
blue,47,125,143,49,148,0,86,140,29,82
red,0,141,140,24,128,88,124,121,136,14
red,104,61,32,50,70,43,107,121,51,119
red,37,38,110,76,5,0,84,101,24,128
red,74,79,114,29,153,104,98,121,76,93
blue,120,84,3,29,154,104,38,110,69,155
red,81,61,56,29,9,74,124,150,49,53
blue,22,74,159,82,108,99,84,151,24,123
blue,74,94,104,106,126,99,84,142,29,66
red,74,61,68,50,128,41,98,151,76,99
red,114,84,151,136,96,101,23,132,29,5
red,22,142,143,156,70,19,38,132,8,14
blue,122,149,159,51,128,57,92,1,76,74
red,110,38,159,51,30,31,142,140,17,160
blue,134,141,2,106,82,72,98,121,8,4
red,137,65,2,8,159,0,141,143,17,14
red,54,142,151,29,100,110,84,11,51,93
blue,37,65,125,76,11,48,84,110,129,80
blue,74,65,2,51,66,0,125,23,50,128
blue,101,61,56,8,128,18,84,121,116,37
red,110,84,151,49,9,107,13,3,17,53
red,74,40,143,51,82,101,38,26,24,159
red,104,38,151,76,5,78,61,10,17,70
blue,47,65,43,51,30,95,27,155,29,14
blue,107,46,143,49,148,81,79,150,24,100
red,102,84,144,76,5,34,142,148,147,128
red,48,146,159,17,96,2,65,89,106,5
blue,0,38,56,76,126,90,155,143,50,128
red,74,61,151,24,14,0,60,2,129,99
blue,150,23,155,51,99,0,141,64,106,14
blue,151,84,131,76,53,31,142,32,51,153
red,84,142,91,17,53,144,38,105,50,74
red,152,149,121,76,111,0,142,32,8,14
blue,152,38,13,76,9,25,92,136,49,5
red,22,86,56,147,100,42,75,140,29,12
blue,101,98,143,51,12,83,61,104,69,119
blue,19,27,151,49,99,0,38,121,17,74
blue,110,124,33,17,12,0,111,159,116,119
blue,74,142,124,29,5,34,61,159,49,9
blue,112,38,33,51,4,2,61,43,29,82
blue,107,38,104,129,153,114,61,151,51,120
red,36,61,159,51,128,0,94,89,29,119
blue,36,124,151,17,9,0,61,104,51,12
red,140,74,151,17,12,41,87,91,29,70
red,102,65,114,51,5,95,60,11,136,128
blue,101,124,121,76,148,34,142,143,24,74
blue,0,142,143,29,53,2,86,55,116,74
red,59,13,155,69,45,47,104,150,52,93
red,47,111,11,29,64,2,74,151,69,128
red,0,38,151,116,64,112,142,159,49,41
red,101,142,89,116,93,107,149,159,29,74
blue,0,38,33,137,93,62,102,70,136,64
blue,34,38,56,49,53,110,40,104,17,41
red,31,84,0,51,96,110,27,121,129,99
blue,110,141,94,29,53,134,155,2,85,70
blue,74,98,121,50,4,110,38,2,136,82
blue,0,67,23,76,18,31,84,155,69,53
blue,0,54,134,129,153,151,38,21,157,12
red,101,124,2,9,82,43,107,19,116,53
red,74,38,121,9,53,3,26,141,51,93
red,74,146,26,9,16,121,27,94,76,93
blue,41,30,94,17,9,2,65,121,129,14
blue,92,134,151,9,153,36,84,2,106,5
red,18,61,56,76,128,0,13,104,129,66
red,90,111,159,51,53,39,65,117,9,100
red,90,23,155,9,74,42,84,94,51,99
red,134,92,94,24,27,48,40,1,9,70
blue,121,61,120,29,153,158,97,104,50,100
red,0,67,56,9,14,43,65,121,8,126
blue,107,13,155,116,93,67,84,94,29,53
blue,0,23,64,106,93,59,102,151,9,14
red,112,26,94,9,53,42,61,132,49,14
red,145,155,11,9,74,2,117,54,106,4
blue,0,74,122,9,64,18,65,1,129,93
red,151,40,56,136,119,102,84,94,9,108
blue,0,65,33,116,99,22,84,151,9,54
red,59,149,13,69,100,151,134,33,85,53
red,114,98,33,106,14,154,38,56,51,16
blue,123,92,121,54,153,47,28,56,69,53
blue,62,142,105,51,100,74,58,1,29,53
blue,101,84,37,8,160,74,142,121,49,53
blue,31,27,2,51,93,0,141,143,24,14
blue,104,65,114,51,82,103,146,64,9,53
blue,131,142,55,8,79,31,38,23,17,82
blue,59,141,144,50,4,13,142,105,116,109
red,107,65,31,29,71,110,84,121,49,53
red,47,84,132,76,79,59,141,151,51,82
red,36,58,148,49,79,101,61,140,51,5
red,18,94,121,51,82,34,141,1,76,5
red,92,38,143,50,82,34,58,121,17,14
red,107,13,56,106,4,114,142,29,116,96
blue,110,125,55,29,53,114,107,104,51,128
blue,47,74,55,29,53,95,87,159,17,154
red,90,111,89,147,119,18,141,159,17,74
blue,83,149,121,8,100,115,111,140,157,53
red,74,84,110,106,66,39,125,32,116,5
red,47,125,139,29,91,0,65,140,129,93
blue,37,40,124,106,5,101,84,155,116,79
red,0,38,159,17,53,152,65,2,116,153
blue,22,54,150,69,71,90,84,125,76,41
red,43,38,56,157,9,22,40,6,116,119
red,48,84,122,116,100,135,111,3,51,82
red,43,38,33,116,66,48,142,114,129,16
blue,104,65,2,129,126,22,111,155,106,5
red,88,38,114,24,4,67,111,132,76,80
blue,101,44,148,29,153,67,60,104,17,79
red,74,13,151,85,53,84,58,121,52,93
blue,110,65,55,17,79,67,92,125,69,5
blue,101,84,142,29,153,67,13,56,106,96
blue,84,92,2,69,153,41,61,1,51,74
red,75,154,11,136,70,84,92,121,24,82
red,67,38,19,50,126,8,111,122,29,153
blue,84,46,121,29,53,115,98,19,24,120
blue,84,130,155,8,82,22,98,33,129,70
red,84,65,19,137,16,18,38,121,106,82
blue,84,61,68,29,4,135,124,133,106,100
blue,31,28,121,51,82,134,38,1,76,126
red,0,46,159,85,126,134,28,121,76,99
blue,37,142,150,133,126,112,65,121,52,74
red,43,5,89,106,99,134,38,159,137,16
red,107,13,121,51,126,0,65,11,69,14
blue,0,107,3,51,126,112,98,121,116,70
red,43,107,1,69,119,0,38,11,51,14
red,43,84,89,29,66,37,60,143,51,108
blue,11,38,104,29,9,22,58,89,51,41
blue,81,102,140,76,53,74,75,121,51,70
red,151,74,64,29,76,102,37,1,49,12
red,0,38,37,120,66,121,40,11,24,128
red,18,65,104,52,126,121,107,150,51,99
blue,130,38,26,49,53,151,61,139,76,71
blue,91,40,121,52,128,112,26,135,137,45
red,31,107,159,116,66,121,92,64,49,158
red,0,61,54,76,9,151,75,33,52,100
red,59,18,121,17,71,47,91,26,24,70
blue,42,23,110,51,33,48,65,104,29,74
blue,43,84,125,76,16,0,124,159,51,82
red,151,40,1,136,128,0,65,140,63,100
red,113,94,132,116,5,54,61,140,51,82
blue,101,84,154,106,82,3,142,151,17,12
red,114,84,150,51,82,127,65,32,106,99
blue,0,60,143,129,93,114,84,65,76,66
blue,114,65,55,85,71,0,27,151,106,82
blue,25,149,159,51,93,110,74,144,29,154
blue,114,142,143,76,82,107,30,110,85,153
blue,34,38,144,17,37,99,75,56,51,148
red,114,40,134,116,53,35,142,64,29,153
blue,37,58,124,51,70,88,134,121,52,82
red,131,60,121,50,70,78,58,6,106,99
blue,72,142,132,51,93,95,65,89,116,82
blue,151,40,140,93,66,18,65,64,116,119
red,69,38,114,116,153,151,61,64,51,74
blue,39,107,94,51,30,110,84,136,76,109
blue,127,141,68,51,128,101,27,155,17,70
blue,101,38,120,137,70,127,65,19,116,9
red,72,102,121,106,128,95,91,105,8,100
blue,112,91,64,24,82,102,61,104,51,126
red,3,65,64,129,4,112,75,122,85,30
red,152,142,159,29,96,0,38,64,76,93
red,101,38,33,76,9,112,37,56,116,53
blue,0,84,64,29,14,152,40,68,51,119
blue,131,38,140,8,153,152,84,151,29,30
blue,72,38,56,24,82,152,142,32,29,16
blue,90,98,124,106,5,112,23,65,17,160
red,112,61,121,29,96,101,38,151,120,100
red,152,37,3,52,100,0,141,121,106,4
blue,152,38,56,76,70,127,142,2,51,74
blue,112,84,151,51,9,134,146,64,29,74
blue,152,154,150,157,66,90,13,2,129,74
red,0,84,140,69,70,2,38,110,51,120
blue,0,84,110,51,5,102,65,159,50,53
red,69,92,140,9,16,134,38,159,85,153
blue,41,107,121,129,100,18,54,151,69,153
red,74,38,56,49,41,107,30,140,51,91
red,19,67,3,9,119,22,75,140,29,153
red,135,65,133,8,153,110,84,3,29,9
red,35,30,155,29,120,0,60,159,51,79
blue,81,61,7,29,16,2,46,104,76,14
blue,150,142,104,52,100,0,38,114,106,14
red,101,84,2,76,5,18,46,121,51,74
red,107,58,143,51,99,92,113,151,29,5
blue,74,84,125,50,128,57,23,151,133,96
red,18,142,159,85,153,0,98,151,76,82
blue,41,40,91,17,79,43,84,75,129,96
red,0,37,68,116,12,99,54,155,85,70
blue,48,111,104,116,110,72,65,140,106,99
blue,101,98,121,106,99,92,54,23,76,66
red,131,61,104,51,82,105,38,13,29,53
red,48,141,140,51,4,19,149,121,116,14
blue,0,113,148,76,74,18,27,29,51,99
red,110,84,142,51,74,65,38,159,8,82
red,103,74,59,106,99,151,58,121,8,158
blue,0,61,2,133,70,36,94,138,51,82
blue,37,65,2,136,70,31,38,6,76,99
red,22,61,121,49,82,0,40,33,9,66
blue,150,23,155,51,82,101,40,35,19,45
red,2,38,33,116,153,47,84,121,8,93
red,34,124,91,106,99,90,65,13,29,120
blue,127,38,68,29,153,43,102,56,116,83
blue,154,65,0,15,4,33,38,68,51,100
blue,90,38,121,69,153,113,61,154,76,100
red,0,65,154,106,126,22,134,121,116,153
red,48,40,1,29,14,151,67,155,17,96
blue,112,154,121,29,118,62,67,55,49,12
red,39,65,110,69,71,149,98,159,106,5
blue,2,84,94,29,93,112,111,6,8,66
red,112,84,125,51,82,2,30,43,76,126
blue,48,84,101,52,154,74,92,151,116,12
red,36,27,33,51,4,18,142,143,85,96
blue,88,27,47,106,74,114,61,158,129,5
blue,90,142,158,29,79,18,38,23,106,99
red,158,38,140,51,99,94,84,6,63,126
red,47,40,2,51,66,88,28,158,106,74
blue,57,38,65,51,53,0,54,75,49,158
red,112,124,121,17,70,31,38,83,9,115
blue,112,124,140,24,115,47,87,151,19,1
blue,18,54,125,29,153,62,124,83,17,79
red,74,124,125,52,100,102,61,33,147,99
red,112,124,22,85,99,36,23,125,76,12
blue,72,124,150,116,15,35,75,26,29,80
blue,103,154,159,24,100,120,124,155,106,110
red,0,13,56,129,82,18,54,159,29,79
blue,127,38,124,51,74,59,58,101,76,66
red,47,58,159,29,5,112,30,155,24,66
blue,31,38,124,29,5,110,54,94,17,126
blue,31,84,150,51,14,22,38,159,29,158
blue,22,58,148,76,70,144,97,159,24,74
red,0,61,159,24,70,78,84,121,17,128
red,151,40,32,24,100,25,65,1,51,4
red,22,38,121,51,74,151,65,32,24,128
blue,0,38,32,29,9,152,65,121,17,128
blue,0,84,154,51,4,37,124,150,24,66
blue,34,13,140,147,93,43,23,155,52,5
blue,103,58,114,17,71,101,54,2,76,82
red,43,27,35,50,82,0,26,94,116,4
blue,48,84,94,51,120,150,111,64,29,148
red,33,38,0,106,14,19,84,90,51,66
blue,19,84,155,50,128,145,67,33,106,99
red,31,74,104,50,128,131,84,125,17,79
red,31,58,1,17,53,78,98,23,52,70
red,34,154,155,51,82,0,40,2,29,100
blue,41,27,143,76,110,72,65,43,52,82
red,34,58,11,52,5,88,28,94,17,153
red,18,97,140,52,119,104,134,87,17,82
red,104,65,151,29,53,136,37,155,76,64
red,151,142,124,69,126,31,58,73,106,74
blue,18,74,35,129,110,143,30,13,51,93
blue,58,54,43,106,153,110,40,159,29,124
blue,110,84,37,76,109,18,67,159,51,93
red,150,142,121,106,99,0,84,132,51,74
blue,18,65,2,138,128,144,84,155,147,70
red,107,111,144,85,5,101,84,90,106,74
blue,47,65,32,106,93,0,13,33,129,30
red,18,26,3,8,128,24,38,144,129,153
blue,101,27,94,136,70,74,65,121,29,153
red,42,142,124,24,5,2,154,144,76,128
red,101,58,6,133,153,74,61,159,8,82
blue,110,38,157,29,153,74,154,150,85,82
blue,0,54,150,116,153,110,65,121,106,66
red,36,67,151,116,153,113,27,150,51,93
blue,34,142,2,51,5,59,98,151,116,153
blue,90,142,19,8,93,72,98,121,116,153
blue,0,38,121,85,30,110,84,143,76,5
blue,31,142,2,51,66,114,98,56,29,153
blue,0,92,121,129,70,41,154,150,85,153
blue,102,92,26,49,30,74,65,132,51,93
red,95,60,110,139,12,25,54,151,74,108
blue,107,142,94,29,53,0,154,148,51,82
blue,0,38,64,9,100,2,65,150,76,118
red,2,65,104,76,4,59,38,121,51,5
red,34,26,110,51,14,2,40,140,137,153
red,2,75,139,137,153,0,38,104,106,5
red,18,84,143,50,93,0,75,139,106,82
blue,146,124,151,85,70,2,61,31,8,128
blue,0,84,56,69,5,2,58,104,17,27
red,2,65,23,116,30,115,38,56,129,14
blue,0,28,155,69,5,2,40,64,129,70
red,31,87,143,29,96,2,130,114,24,74
blue,0,40,56,29,153,18,84,143,51,5
blue,18,107,56,17,119,0,13,6,29,153
blue,48,13,114,17,153,145,107,11,51,133
blue,18,13,159,69,153,74,38,155,136,41
red,18,38,159,17,71,3,84,6,76,12
blue,18,38,11,157,82,0,61,19,29,126
red,35,65,143,8,93,101,84,91,51,126
red,0,65,55,9,53,102,142,159,50,71
red,2,98,122,29,53,78,38,140,51,74
blue,48,142,121,29,128,0,154,140,51,82
blue,135,61,32,129,96,110,98,143,29,153
red,78,65,32,8,5,110,107,125,49,74
red,0,134,140,129,74,34,27,159,29,53
red,2,142,140,49,53,146,75,64,116,41
red,105,65,150,29,153,0,75,2,49,93
blue,107,94,11,69,80,0,65,143,76,153
blue,31,61,150,137,5,110,117,159,49,9
red,2,23,155,9,128,127,142,148,17,158
red,74,61,121,106,66,2,65,89,76,82
red,2,117,155,116,148,0,65,132,29,139
blue,31,97,138,51,82,112,40,2,29,79
blue,121,65,94,137,100,48,54,142,29,79
red,110,58,11,106,93,107,61,143,51,96
blue,48,38,26,17,79,74,111,64,49,53
blue,18,104,143,116,153,107,92,6,76,14
blue,131,74,114,76,9,2,102,125,52,5
red,18,124,2,85,96,151,102,140,106,100
blue,35,125,32,51,74,88,111,155,49,9
blue,31,87,150,8,16,18,88,159,137,109
red,2,58,125,29,45,37,23,150,76,91
red,47,142,33,76,53,2,61,151,106,100
blue,43,61,121,17,14,88,27,65,106,82
blue,43,67,6,9,12,2,111,0,51,14
red,47,75,64,129,74,2,98,104,51,128
red,74,125,54,63,153,18,61,1,51,128
red,18,37,110,106,74,22,92,2,136,70
red,101,65,155,41,9,107,61,140,29,12
blue,18,54,41,29,16,47,58,2,157,153
blue,2,107,151,137,16,43,84,155,17,53
blue,2,65,155,51,82,0,38,143,76,119
red,2,58,110,29,93,78,38,22,17,111
red,0,61,143,49,53,43,38,121,76,5
blue,104,154,0,9,70,2,111,89,29,33
blue,18,60,2,106,5,0,38,121,76,120
red,145,27,121,51,128,36,84,3,109,123
red,91,84,155,49,9,151,38,75,51,71
blue,102,146,43,120,71,31,84,155,50,99
red,70,124,94,106,5,31,26,110,51,14
red,37,26,155,137,14,18,58,143,106,5
blue,62,44,140,8,12,151,155,33,17,71
blue,2,65,148,50,53,36,142,143,17,71
blue,43,27,142,17,71,112,65,2,106,74
blue,110,84,143,8,128,151,111,33,17,71
red,37,125,1,116,71,91,141,140,76,53
blue,41,44,151,76,12,31,27,3,49,71
blue,101,84,68,76,53,41,65,0,17,71
red,31,67,91,50,66,92,84,151,63,70
red,90,58,143,150,14,74,102,6,49,4
red,47,155,159,17,120,37,84,125,29,119
red,81,84,3,29,14,36,67,101,51,108
red,38,84,121,29,153,101,124,94,106,74
blue,74,28,125,129,130,151,84,142,24,14
blue,145,58,2,51,79,131,65,143,76,159
blue,131,84,91,17,70,104,58,2,106,82
blue,37,58,124,51,6,31,111,140,17,53
red,146,65,2,51,128,145,97,151,9,74
red,2,0,1,29,82,121,124,65,51,128
red,113,27,0,51,93,59,98,65,116,14
blue,37,65,143,29,14,47,61,159,106,128
red,6,94,110,51,148,151,26,22,116,121
blue,0,61,159,50,70,57,141,151,76,109
red,90,38,37,136,74,101,77,32,133,153
blue,93,65,7,136,54,22,61,159,17,71
red,22,27,159,76,79,31,40,23,52,110
blue,47,94,159,52,70,31,38,23,150,96
blue,0,54,23,136,153,31,27,3,51,93
red,144,65,142,116,153,59,58,38,51,37
blue,134,61,18,76,93,31,84,155,52,5
blue,88,124,150,29,4,31,40,68,51,96
blue,19,38,139,51,12,131,84,11,106,74
red,48,98,159,8,119,37,84,155,17,53
red,37,44,151,133,16,137,23,140,51,82
blue,43,54,151,17,14,48,87,143,49,158
blue,101,84,154,24,74,78,61,132,51,14
red,95,54,125,49,82,0,13,110,51,99
blue,127,124,155,52,82,151,54,121,29,96
red,74,155,49,29,120,115,141,2,137,112
blue,59,107,133,116,99,0,58,1,69,118
red,88,84,1,49,74,134,61,150,76,93
red,144,145,110,52,74,151,142,89,17,70
blue,74,54,150,147,119,101,87,132,52,100
blue,104,26,0,76,74,154,40,121,147,41
blue,74,84,125,50,4,115,38,124,147,66
blue,22,54,151,76,82,104,61,124,106,5
blue,18,84,101,17,46,110,92,37,116,91
red,137,134,121,9,70,83,142,89,8,82
blue,0,75,2,51,4,37,65,132,8,74
red,102,60,140,129,124,135,61,43,52,14
blue,74,26,73,156,153,36,65,43,120,119
blue,107,149,155,17,119,59,65,43,9,66
blue,0,74,134,51,4,101,102,143,106,82
red,88,26,159,106,82,134,125,2,52,79
blue,22,65,19,8,128,43,142,143,85,93
red,120,84,101,129,99,110,92,55,17,100
red,18,142,64,17,4,107,26,13,106,14
red,34,40,6,76,4,22,98,26,85,53
blue,0,40,2,52,93,114,84,43,50,128
red,18,40,55,8,128,0,75,10,24,66
blue,18,40,56,76,82,36,154,43,106,4
red,90,26,0,51,93,19,37,151,17,79
blue,60,134,151,50,128,13,84,143,116,99
red,101,61,125,147,158,2,84,103,76,79
red,90,98,121,116,14,43,23,83,29,41
blue,43,84,56,106,74,0,98,55,51,82
blue,115,98,2,136,70,151,61,125,76,14
red,103,98,121,49,148,0,61,2,116,14
red,59,98,55,24,128,101,84,56,116,153
blue,114,67,43,106,93,134,98,2,51,82
red,48,54,151,9,128,72,98,2,76,74
red,62,102,43,136,93,25,142,121,109,9
red,101,146,33,69,119,3,98,121,24,5
blue,90,61,2,24,5,37,98,121,29,128
red,48,54,151,133,70,0,46,159,76,41
blue,2,13,1,129,53,31,142,6,69,93
red,2,61,3,49,148,74,98,19,17,153
red,112,61,43,120,66,121,98,6,17,5
red,90,65,13,29,53,24,130,121,69,96
blue,91,61,19,51,12,110,84,32,24,99
blue,101,146,1,116,12,110,61,120,17,53
red,22,30,151,49,119,144,91,72,51,128
red,62,75,143,51,82,112,65,26,147,70
blue,36,98,109,8,16,22,30,140,116,74
red,110,102,151,76,5,31,13,155,51,126
red,34,65,56,8,4,145,142,11,54,66
red,74,40,55,51,93,59,86,56,8,153
red,110,155,41,76,126,145,23,19,106,66
blue,110,130,121,24,82,137,61,144,17,108
blue,112,75,143,50,159,110,111,64,24,41
red,110,54,43,51,33,18,146,11,106,74
blue,22,121,125,24,153,90,58,143,106,128
red,48,61,159,51,126,110,142,121,106,82
blue,110,65,121,17,70,36,142,33,29,104
blue,113,74,150,76,120,110,58,56,24,70
blue,47,91,121,9,128,110,54,155,69,82
red,110,26,121,29,53,104,92,23,63,74
blue,92,111,33,106,18,110,13,64,76,9
blue,47,65,121,50,41,110,38,6,76,79
blue,110,87,121,76,108,74,40,89,17,79
red,39,124,94,49,139,54,27,150,52,4
blue,54,38,43,136,126,34,142,1,29,120
blue,54,98,94,29,128,37,38,140,49,4
red,0,87,114,137,4,31,107,110,106,5
red,123,154,3,52,70,31,65,105,116,153
red,90,38,43,19,5,18,149,75,76,74
red,112,141,1,137,53,107,98,143,106,74
blue,103,65,56,51,93,22,30,125,106,82
blue,146,107,159,106,5,2,142,151,69,119
blue,114,38,32,29,5,0,117,6,17,79
blue,92,23,121,51,93,31,60,143,50,5
red,114,60,1,29,82,102,104,132,137,70
blue,131,40,19,29,41,43,98,148,76,110
blue,101,60,121,24,74,107,98,19,17,128
blue,18,23,155,24,5,0,65,140,52,100
red,0,102,53,133,96,59,154,125,24,4
red,18,54,121,106,82,101,74,140,136,93
red,3,98,124,116,82,107,13,158,69,153
red,0,65,124,52,100,154,5,23,51,82
red,2,58,125,106,5,31,84,121,29,66
blue,88,60,54,51,93,0,38,32,49,41
red,90,94,159,51,14,101,154,121,29,153
red,39,37,155,147,96,18,65,20,76,14
red,127,40,132,106,74,59,27,151,8,4
blue,104,61,140,17,160,0,38,26,106,99
red,104,142,151,8,128,101,65,159,51,82
blue,37,142,125,9,53,110,117,140,17,70
blue,91,54,101,52,14,47,84,94,17,53
blue,151,23,150,116,153,22,98,56,51,14
red,112,61,64,52,126,95,87,81,29,9
blue,0,65,124,8,14,62,58,121,116,158
blue,57,142,101,52,82,72,38,55,157,153
red,130,145,11,116,96,0,134,155,51,82
blue,2,84,43,116,100,18,104,121,76,5
blue,41,84,110,29,12,43,65,32,51,14
blue,31,26,55,76,41,18,154,1,136,74
red,18,107,159,50,16,72,54,0,157,121
blue,104,26,150,136,53,37,111,56,29,82
red,0,61,56,51,5,101,58,159,29,14
blue,22,40,56,51,14,74,154,11,136,128
blue,114,142,150,29,4,107,65,26,51,14
blue,90,26,155,51,5,0,84,125,17,79
red,43,84,69,24,100,0,65,121,106,128
red,134,142,26,49,71,22,38,29,51,158
red,47,65,1,8,128,144,38,121,51,82
blue,47,58,144,29,70,0,92,159,51,99
blue,74,37,133,24,99,112,61,134,116,153
red,144,125,11,29,4,131,74,159,116,70
red,144,38,48,49,14,19,84,150,51,109
blue,144,92,56,51,159,72,38,143,29,93
blue,22,98,1,116,53,137,40,151,17,121
blue,22,97,155,17,104,37,98,68,24,93
red,0,46,122,106,5,47,65,68,147,110
blue,113,38,159,76,82,34,134,143,17,79
blue,42,60,159,116,4,78,74,150,17,14
blue,158,13,33,8,74,0,84,120,129,93
red,18,61,33,85,96,47,54,155,51,126
red,151,98,121,29,96,37,124,3,24,128
red,104,38,159,51,121,39,54,151,150,5
red,37,65,94,17,159,74,38,155,51,14
blue,91,65,121,137,5,22,40,1,51,70
red,48,38,33,49,148,0,61,121,136,153
blue,41,61,121,51,14,0,88,33,69,16
red,112,107,159,17,45,114,84,108,76,64
red,47,84,143,17,64,0,54,101,29,93
blue,131,65,6,50,111,47,61,132,51,5
blue,77,155,33,24,159,0,27,125,51,82
red,90,102,121,76,64,110,60,1,17,9
blue,151,46,159,51,99,0,67,155,29,109
red,121,65,64,8,128,101,102,19,76,70
blue,18,102,85,29,159,104,40,140,17,14
blue,149,65,159,49,158,62,102,132,17,128
blue,36,26,94,51,79,41,142,159,116,16
blue,103,142,154,76,70,31,67,94,29,158
blue,31,54,37,17,53,74,75,151,29,159
blue,18,75,55,106,99,92,38,158,49,64
blue,110,54,151,49,64,47,125,23,24,119
blue,31,37,143,116,64,74,65,55,8,120
red,74,54,151,49,64,83,46,43,17,79
red,0,37,121,137,64,104,124,38,17,96
red,52,65,121,51,97,74,61,32,29,159
red,88,60,94,29,158,74,92,114,51,111
blue,101,58,159,29,128,0,84,121,17,71
red,18,60,11,116,66,95,38,159,151,110
red,31,84,125,52,128,152,27,110,24,66
red,72,26,125,49,96,3,27,150,51,14
red,5,28,3,9,123,18,124,110,51,93
red,74,98,6,76,53,48,58,56,156,153
red,47,142,143,17,128,134,58,94,9,53
red,0,98,32,156,14,151,124,105,51,93
red,104,58,1,116,82,152,125,2,50,53
blue,102,142,121,51,5,31,124,125,85,96
red,86,65,11,17,12,18,61,159,76,158
red,107,61,33,49,148,74,38,129,9,41
blue,31,142,104,106,100,103,124,155,17,53
blue,37,38,143,76,124,127,65,10,63,70
red,36,38,121,49,53,131,46,136,51,82
red,88,38,55,136,79,48,74,132,147,53
blue,39,98,6,106,4,0,130,21,76,70
blue,34,154,159,76,74,53,38,64,133,119
blue,19,38,141,137,99,152,40,143,106,5
red,43,77,121,51,100,19,65,23,133,66
red,110,38,32,49,148,22,61,33,29,12
red,34,141,122,116,74,48,142,132,51,82
blue,31,87,103,150,33,69,40,121,51,4
red,72,98,33,85,79,43,5,155,116,41
blue,39,38,2,51,82,0,65,133,29,41
red,0,65,68,17,16,48,141,121,76,46
red,31,58,64,24,93,47,27,159,52,14
red,154,47,33,129,16,101,54,32,52,5
red,48,74,121,116,153,152,40,159,29,118
blue,2,54,155,50,93,114,60,140,49,9
red,101,92,138,17,12,59,38,143,51,82
red,104,61,1,116,128,47,38,89,156,153
red,37,65,87,69,119,0,61,1,85,5
red,3,65,1,8,123,52,104,13,49,158
red,37,142,2,106,99,121,38,105,8,82
red,3,65,6,24,128,122,38,89,76,14
red,77,60,41,51,14,151,75,121,76,128
blue,88,40,138,116,128,131,26,35,29,153
blue,35,23,93,50,128,151,141,159,49,153
red,131,107,1,41,9,35,65,143,51,82
red,104,38,124,147,128,2,92,33,51,82
blue,115,86,43,106,66,47,141,144,17,160
red,88,146,124,76,126,81,61,64,17,53
blue,0,65,140,116,153,41,27,125,51,93
red,36,30,132,51,4,25,88,121,106,82
red,112,38,56,76,153,22,61,10,51,14
red,110,67,71,51,66,146,38,121,106,37
blue,41,60,3,52,114,151,75,121,76,119
blue,48,107,143,49,9,101,58,33,76,82
red,34,65,56,51,66,88,154,121,50,5
blue,25,38,122,8,128,18,84,143,51,14
red,127,46,124,17,128,0,87,11,69,16
blue,31,26,132,69,66,0,65,11,49,53
blue,101,124,114,49,128,48,26,155,29,160
red,151,98,148,51,5,121,23,150,17,128
red,90,26,155,49,79,107,13,126,29,102
red,31,84,120,17,128,110,65,143,9,70
red,74,75,159,49,53,146,84,155,51,66
blue,121,23,91,116,108,47,38,159,17,71
red,151,30,20,51,79,0,98,140,76,128
red,81,67,104,129,14,74,92,121,49,9
red,74,58,1,106,66,101,65,143,116,112
blue,112,149,122,136,4,0,65,1,69,153
red,19,65,150,51,4,143,130,22,76,12
blue,115,94,121,147,53,101,98,1,51,74
red,112,61,143,51,128,53,58,33,49,71
blue,90,60,121,49,11,123,13,143,17,53
blue,123,87,56,8,159,31,98,143,50,70
blue,81,84,142,106,41,48,124,43,49,91
red,48,98,55,49,76,22,84,120,9,154
blue,127,124,110,106,82,150,13,34,50,128
blue,36,38,79,150,74,146,92,155,51,119
blue,81,65,59,29,53,35,111,121,50,128
blue,22,23,104,17,128,74,58,11,76,15
red,74,65,104,51,128,18,84,43,49,82
red,44,124,0,76,93,104,125,155,136,82
blue,101,154,114,51,121,104,142,19,29,5
red,37,28,11,51,79,104,98,159,76,96
blue,121,98,114,17,128,19,87,101,24,93
red,104,65,1,17,128,74,38,140,9,82
blue,88,61,155,116,153,152,54,1,106,5
blue,0,75,140,76,79,31,124,155,29,93
blue,101,27,122,116,160,74,58,142,133,153
blue,22,134,151,51,82,0,125,64,49,41
blue,18,134,122,24,104,114,65,143,49,9
blue,39,40,101,76,82,121,58,141,106,74
red,0,65,140,106,82,31,84,44,76,41
blue,36,84,121,147,96,47,40,104,51,74
red,110,84,91,106,99,127,113,19,17,79
red,112,27,21,76,153,103,23,150,51,66
red,78,38,159,106,80,0,67,33,49,108
red,24,84,151,136,71,74,27,6,17,66
red,39,142,121,109,148,74,38,136,51,14
red,18,142,55,76,14,0,40,121,129,93
blue,131,102,43,106,99,36,65,143,51,4
blue,36,40,2,150,153,149,30,101,129,4
blue,48,61,140,8,70,78,77,64,76,153
red,72,54,137,29,53,155,26,35,116,153
blue,18,84,155,17,153,103,134,121,106,74
red,0,65,19,147,66,1,141,155,106,82
blue,48,61,104,29,41,90,38,150,17,71
red,107,54,121,147,93,101,154,11,116,5
red,0,67,94,147,4,43,23,155,51,14
red,42,98,121,9,82,36,142,2,51,93
blue,31,65,121,9,70,103,84,151,106,14
blue,90,30,148,24,119,88,58,140,76,5
blue,0,155,104,51,14,74,113,11,29,5
red,74,111,143,29,53,18,46,33,76,110
blue,74,65,143,9,16,52,130,125,51,128
blue,74,77,89,17,71,47,61,143,24,91
red,74,40,132,116,100,78,94,68,29,108
red,48,134,143,51,108,110,38,159,116,128
blue,114,154,110,29,118,0,84,89,51,74
blue,104,38,1,50,93,31,142,159,29,119
blue,134,38,64,51,14,101,154,55,9,82
red,146,102,64,51,5,0,38,143,8,14
red,3,124,125,17,70,31,84,94,9,16
blue,18,97,121,106,93,134,65,151,51,96
blue,113,142,121,116,16,47,38,159,51,110
blue,47,124,159,17,93,18,60,132,20,80
red,43,65,2,106,93,112,27,121,51,80
blue,90,86,121,52,119,18,102,114,51,128
red,22,38,138,29,153,90,61,143,76,93
blue,92,60,121,49,120,115,125,151,150,160
red,34,84,121,51,53,36,65,89,29,66
blue,43,92,121,69,153,62,125,2,8,70
blue,39,65,121,106,82,18,141,140,76,53
red,25,98,121,76,14,83,65,148,29,82
blue,143,134,89,69,16,78,58,142,51,74
blue,101,27,121,51,82,146,65,89,76,53
blue,110,84,159,51,93,34,65,121,109,124
red,3,124,121,133,14,0,92,6,76,70
blue,74,61,121,51,100,47,38,105,50,4
red,18,124,101,29,53,48,38,121,17,70
red,0,38,121,49,70,20,13,140,116,153
blue,74,141,2,76,128,31,13,121,109,93
blue,57,46,159,9,33,95,65,150,29,41
blue,151,58,33,29,119,72,142,64,49,9
blue,107,111,6,120,96,110,154,121,51,93
red,112,13,159,51,93,74,84,155,136,16
red,101,65,11,17,12,107,58,143,49,9
blue,145,65,33,69,12,74,27,155,51,70
blue,0,65,90,69,126,74,142,89,8,128
blue,121,38,150,76,119,74,142,140,52,126
blue,36,142,159,8,120,74,125,1,50,53
blue,0,84,3,51,79,74,27,36,24,128
red,74,54,121,17,128,92,38,64,29,53
blue,39,98,55,106,15,74,40,73,49,14
red,0,60,138,85,153,74,40,2,17,53
red,18,77,121,8,82,110,13,6,29,12
blue,74,38,55,116,160,130,54,151,29,53
red,74,67,155,136,158,81,65,134,76,9
blue,83,65,121,52,91,74,13,101,29,158
blue,43,28,11,137,70,99,40,33,49,128
red,36,27,151,29,92,114,61,33,106,74
blue,47,61,158,17,14,75,141,33,137,153
red,3,67,33,76,119,107,84,151,29,70
red,154,142,121,51,93,81,107,33,76,120
blue,34,87,73,8,79,47,124,33,51,82
blue,110,87,73,76,148,43,84,33,51,4
blue,107,98,33,51,93,103,27,19,49,74
red,101,26,142,76,110,102,98,144,63,41
blue,48,75,143,51,82,102,54,144,116,14
blue,39,92,151,17,79,107,142,143,51,100
red,62,74,155,9,126,112,67,104,51,121
red,0,124,155,51,5,31,125,7,69,16
blue,130,84,3,8,70,102,67,155,24,128
red,151,84,1,76,4,134,44,150,8,118
blue,22,124,142,116,153,37,102,159,129,100
blue,0,65,155,49,96,145,84,104,147,128
red,134,102,121,106,110,34,65,64,116,100
blue,59,13,2,8,126,5,61,155,76,16
red,95,102,2,116,6,43,65,33,69,153
blue,0,61,55,116,74,47,107,6,69,153
blue,0,61,89,52,99,92,142,124,51,6
red,74,61,101,49,41,34,65,121,29,53
red,145,124,151,51,5,0,40,2,52,82
red,0,23,125,76,138,31,38,155,51,120
blue,102,134,11,106,82,107,61,143,29,66
blue,19,54,110,49,9,22,75,91,133,153
blue,22,54,155,8,158,107,38,143,51,37
red,22,124,155,8,128,0,125,43,29,30
blue,36,142,56,69,96,112,38,26,106,4
red,22,23,3,76,120,75,124,79,63,70
blue,134,98,140,76,70,90,155,121,52,100
red,0,92,140,8,128,36,30,151,129,93
red,62,27,104,85,96,127,38,124,29,14
red,62,54,124,9,5,36,84,37,8,41
red,47,27,56,76,93,31,84,121,51,82
red,0,23,150,51,126,101,77,11,8,99
red,34,154,121,17,4,47,61,140,51,14
blue,34,124,131,29,53,43,23,32,24,14
blue,91,142,64,52,128,62,92,2,29,53
red,90,124,68,63,70,101,27,122,51,82
blue,110,54,2,49,53,0,40,26,116,153
blue,105,74,121,150,82,34,142,33,116,53
blue,34,27,56,8,82,37,130,151,24,66
blue,31,98,144,106,4,34,27,121,29,53
red,34,58,132,51,82,151,54,0,116,153
blue,22,130,140,136,93,107,97,142,51,74
blue,90,40,89,116,148,22,124,3,109,14
red,145,91,140,9,119,48,65,121,29,128
blue,112,104,64,24,82,145,60,56,49,100
red,18,77,122,116,153,78,155,159,51,82
red,18,111,89,52,5,0,40,64,17,16
red,2,111,56,85,99,18,142,144,29,82
blue,18,98,2,29,66,74,65,121,49,9
red,18,23,150,50,128,48,26,64,116,108
blue,115,98,64,29,18,102,26,151,76,5
blue,18,27,120,9,82,101,38,33,52,66
blue,0,65,143,120,9,18,111,55,129,5
blue,77,84,140,63,96,18,27,155,85,82
blue,72,38,155,76,18,135,40,90,29,66
blue,19,91,72,51,5,155,84,18,147,82
red,15,61,18,76,70,127,124,43,136,66
blue,18,94,3,19,128,47,38,11,49,70
red,3,65,68,136,5,31,92,121,15,9
red,151,30,150,76,82,11,92,22,85,139
blue,18,98,1,133,153,110,84,125,51,93
red,88,146,159,51,14,47,65,64,50,66
blue,34,142,143,24,66,31,61,159,76,79
red,131,61,1,51,96,47,38,11,29,53
red,112,61,140,116,96,107,98,64,50,5
red,43,84,121,106,5,101,98,2,29,16
blue,36,65,150,69,124,18,26,125,29,80
blue,72,65,143,106,5,31,149,159,69,153
blue,43,26,151,51,128,0,142,155,8,119
red,74,61,64,76,70,88,54,43,8,82
blue,145,67,43,106,128,114,77,1,63,14
blue,43,38,143,29,14,0,27,141,51,96
red,37,58,151,50,128,0,38,159,8,79
red,0,154,73,50,70,110,54,142,8,128
red,104,98,150,50,5,25,65,121,51,128
red,127,98,19,76,5,2,40,121,8,153
red,43,98,19,85,93,0,26,151,116,153
red,47,154,89,8,66,0,38,56,52,5
blue,104,13,35,24,82,36,87,110,29,53
blue,59,84,150,106,14,37,58,121,51,153
blue,146,98,143,133,5,59,38,140,51,82
blue,145,154,55,76,53,131,98,104,106,99
red,114,38,159,17,160,0,61,155,51,111
blue,47,38,32,50,128,0,98,159,51,14
blue,48,142,143,51,66,0,75,3,136,96
red,74,58,41,51,93,134,23,121,29,14
red,48,38,125,120,14,43,60,56,51,79
blue,31,44,1,51,82,0,61,2,17,14
red,114,61,110,129,92,57,125,33,51,99
blue,48,40,143,51,120,151,142,94,54,79
red,114,13,19,51,119,112,102,56,8,70
blue,134,54,151,129,74,104,84,94,49,128
red,102,40,56,17,53,74,28,136,29,128
blue,0,58,121,106,5,90,46,9,76,37
blue,0,67,6,51,70,53,77,26,85,82
red,34,124,33,8,45,92,28,155,106,5
red,92,28,3,85,53,0,54,94,49,148
blue,74,75,123,129,37,92,28,33,76,128
red,92,28,148,51,139,59,13,43,29,82
red,92,37,121,85,153,115,134,94,29,53
blue,42,58,6,51,66,92,28,143,137,14
blue,78,141,7,8,5,92,28,151,51,82
red,101,30,155,51,74,91,102,33,106,158
red,74,30,110,51,5,25,146,56,147,93
blue,0,23,150,51,12,22,30,43,29,96
blue,110,30,104,106,91,74,23,150,41,53
blue,43,30,110,106,66,145,65,56,137,160
blue,69,113,125,29,53,137,30,110,116,66
blue,0,46,121,29,53,110,30,54,156,153
red,22,60,143,116,71,134,30,150,29,153
red,43,79,151,147,93,2,38,144,52,121
red,43,38,121,147,14,0,61,69,51,96
red,104,107,48,50,128,131,38,2,147,70
blue,0,125,43,116,120,101,111,83,147,96
blue,145,38,143,87,22,131,27,110,147,154
red,0,65,64,147,96,101,28,54,29,53
red,131,37,150,147,93,110,23,155,29,12
red,131,124,54,147,102,144,60,64,106,74
red,19,65,56,29,126,42,13,155,147,82
blue,42,28,132,137,5,37,113,140,147,14
red,137,23,150,147,119,74,84,43,51,5
blue,127,26,18,51,82,130,98,122,147,96
red,104,38,155,24,82,101,84,122,116,153
red,31,38,159,17,53,72,155,143,129,93
blue,18,65,71,51,41,0,23,150,24,14
blue,18,54,150,49,14,123,124,23,71,17
red,34,65,1,51,74,18,107,121,29,53
blue,107,125,121,136,120,150,88,55,76,70
red,18,77,121,116,30,90,38,19,29,53
red,81,111,150,63,70,92,142,56,51,53
red,0,30,104,8,120,103,38,56,49,9
blue,110,84,121,52,100,127,111,155,106,74
red,104,141,34,76,9,88,98,159,17,128
red,43,27,34,106,99,57,65,121,116,4
blue,135,84,55,76,53,37,142,11,52,100
blue,74,13,11,51,93,151,23,32,69,66
blue,90,65,143,51,79,34,98,157,52,126
blue,0,46,122,17,71,43,107,11,69,118
red,74,65,120,129,5,126,58,75,85,153
blue,90,65,140,17,71,110,27,101,24,93
red,22,27,151,116,82,25,61,68,76,9
blue,0,92,150,76,14,112,98,20,51,93
blue,48,84,93,51,128,31,124,121,50,70
red,22,38,37,76,66,48,27,140,51,18
red,62,134,151,51,128,54,38,19,17,158
red,48,74,140,50,4,114,107,151,51,5
blue,3,141,11,29,108,48,38,159,52,119
red,101,84,1,17,53,62,38,11,136,93
blue,18,142,89,17,53,31,58,104,51,74
blue,0,65,140,9,158,131,28,121,69,74
red,0,130,159,147,93,18,125,143,51,99
red,48,26,6,9,128,131,30,110,49,53
blue,74,84,121,106,123,18,38,70,50,14
red,48,146,19,138,93,134,65,140,106,128
red,48,98,64,51,74,88,27,68,29,120
blue,114,98,6,69,70,0,75,136,76,74
red,62,38,2,137,126,88,65,114,76,100
red,102,54,110,51,74,42,84,1,17,16
red,0,98,121,51,74,37,54,125,106,82
blue,121,97,11,51,74,42,65,159,24,82
red,78,61,43,136,9,151,58,35,51,53
red,0,107,89,17,71,48,61,37,120,100
red,0,74,3,51,53,114,38,2,29,153
red,62,84,48,9,4,101,124,143,51,5
red,48,142,11,76,5,92,65,140,49,96
blue,39,65,138,49,128,90,141,2,17,9
red,42,124,89,8,160,48,125,143,17,53
red,78,61,140,29,53,152,27,55,17,93
blue,48,125,55,9,53,59,155,132,76,12
red,48,134,141,129,82,83,87,120,51,128
red,34,84,3,76,15,101,27,125,24,128
blue,74,38,87,129,154,88,142,120,17,79
red,36,27,43,17,96,117,134,131,51,5
blue,41,125,140,50,96,151,75,2,17,148
blue,48,61,144,116,82,0,124,155,49,41
blue,25,65,114,129,99,101,87,159,50,70
red,43,84,101,138,53,0,26,121,52,128
red,47,65,56,29,53,103,84,64,51,153
red,34,117,124,24,96,18,40,43,51,153
blue,90,98,148,50,82,0,61,23,116,96
red,154,27,43,51,100,92,54,151,29,119
blue,0,84,91,51,100,48,23,150,17,70
blue,134,67,101,52,128,103,84,56,51,96
blue,31,65,159,51,96,117,38,2,76,5
blue,90,54,121,51,14,78,38,132,24,74
red,151,92,138,116,45,120,142,37,51,128
blue,154,74,150,69,5,31,84,2,76,108
red,90,38,32,3,83,34,75,159,52,93
blue,113,84,37,76,96,74,130,121,116,119
blue,91,65,2,76,5,110,61,143,24,66
blue,151,38,73,85,153,74,60,121,76,120
red,37,27,110,50,128,112,38,148,51,82
blue,112,26,94,8,74,62,84,121,85,153
blue,110,65,11,9,45,134,142,43,19,5
blue,101,23,105,106,5,0,38,140,8,70
red,151,65,23,51,93,0,84,43,29,83
blue,48,84,55,129,71,31,60,132,116,14
red,0,13,121,85,93,101,65,29,69,70
red,134,84,42,29,12,90,40,121,49,45
red,31,142,19,51,93,74,65,122,69,14
blue,2,40,3,51,14,36,38,19,147,123
blue,31,142,143,69,79,48,13,121,51,5
blue,103,44,143,51,82,19,142,151,106,74
red,151,84,121,51,82,0,28,140,136,5
blue,101,65,89,106,96,0,27,143,76,100
blue,101,58,11,29,53,110,124,3,51,82
red,95,84,55,147,96,72,141,129,116,53
red,48,86,121,52,126,72,125,143,51,153
blue,48,142,64,76,66,112,38,144,29,12
blue,95,78,3,17,111,127,65,2,106,93
blue,150,38,33,29,12,107,61,140,49,41
blue,48,142,55,24,93,31,74,104,50,70
blue,110,98,64,17,45,69,111,121,52,154
blue,62,58,121,51,82,134,40,155,106,74
blue,47,142,68,24,74,37,111,129,17,5
red,110,23,53,8,41,0,37,43,17,16
blue,0,61,33,24,82,127,58,55,49,41
red,48,142,140,8,128,0,67,131,24,96
blue,37,61,151,29,4,88,92,7,51,93
red,88,94,138,129,93,107,38,19,51,92
blue,81,111,56,63,93,92,142,2,29,153
red,22,97,110,136,93,31,149,32,52,14
blue,53,142,32,29,41,127,40,159,106,99
red,31,84,121,17,108,101,142,32,49,119
blue,0,13,32,147,96,104,38,26,51,74
blue,135,124,154,29,53,92,61,159,17,79
red,59,38,32,106,82,31,154,1,24,4
blue,36,38,121,24,100,134,92,32,76,37
red,143,65,32,106,5,137,98,56,116,153
blue,78,58,56,49,14,74,40,32,17,70
blue,0,92,55,148,12,43,75,33,51,9
red,38,107,32,106,99,123,154,3,76,5
red,110,61,32,106,82,104,142,159,116,153
red,103,84,125,85,16,0,38,32,51,5
red,144,97,32,156,153,74,75,89,120,99
blue,0,102,120,137,74,43,107,32,24,153
blue,18,38,32,116,109,0,125,23,29,33
blue,101,124,2,51,82,58,98,121,29,4
blue,31,142,159,147,110,34,90,121,106,5
blue,0,125,2,51,5,43,61,33,136,93
red,134,61,37,17,12,0,40,140,76,53
blue,107,87,32,116,16,2,75,98,51,82
blue,36,61,1,76,99,62,84,32,51,37
red,107,65,64,63,70,31,98,87,109,123
blue,103,65,140,17,53,110,13,138,51,14
red,0,65,121,51,4,52,23,64,106,5
blue,0,98,2,51,123,154,67,151,76,93
red,101,130,138,106,96,107,38,11,116,14
red,101,38,26,109,119,0,40,104,29,160
red,57,60,143,116,70,74,149,55,49,119
blue,3,84,155,51,14,150,65,11,17,53
red,52,125,155,136,100,74,40,6,106,99
blue,33,125,121,51,4,131,40,132,52,99
red,95,40,21,17,82,135,74,150,51,110
blue,74,44,150,49,53,92,130,6,52,14
red,47,124,110,52,5,0,130,151,51,37
blue,74,65,121,69,153,22,61,41,9,53
blue,115,61,89,29,96,39,40,121,76,100
red,31,86,1,51,96,0,23,150,106,93
red,84,141,121,49,128,39,65,110,51,79
red,34,65,121,9,120,112,84,101,52,74
blue,151,65,132,8,82,112,111,2,17,79
blue,92,142,121,8,93,31,111,140,51,96
red,36,61,159,137,96,134,65,11,76,4
blue,150,65,2,24,66,37,58,142,129,99
blue,151,84,143,76,100,25,38,121,85,14
blue,0,23,151,85,153,110,61,11,76,70
red,74,38,159,76,12,27,65,104,116,93
red,102,84,56,106,82,74,142,43,29,14
red,134,146,144,17,70,102,84,159,29,53
red,0,65,2,17,71,151,26,121,8,70
blue,101,38,159,76,71,19,74,150,69,109
red,88,38,1,17,128,18,46,114,136,9
blue,107,28,64,137,16,131,65,37,51,14
red,101,124,151,50,93,127,107,37,51,4
blue,112,111,55,147,99,81,26,142,76,126
blue,74,65,2,52,110,101,38,33,106,14
red,0,107,11,52,100,36,61,121,116,74
red,48,60,143,106,74,75,40,121,137,119
red,112,61,68,106,74,0,27,155,51,79
blue,144,84,155,52,70,74,13,110,106,99
red,48,84,121,106,74,47,30,11,76,5
blue,95,154,94,51,153,19,98,159,52,74
red,19,98,140,51,14,43,75,143,52,74
red,0,84,6,24,100,48,111,19,76,53
red,18,38,73,17,71,74,61,151,29,53
blue,101,107,151,8,9,104,23,150,29,53
red,25,124,151,29,120,18,84,155,8,100
blue,102,38,104,51,109,88,111,121,29,120
red,0,38,56,51,93,43,124,23,29,120
red,0,142,1,29,120,101,98,56,137,5
blue,34,142,94,8,159,110,125,3,51,82
red,90,130,143,76,14,43,38,159,136,66
blue,114,142,64,52,100,47,65,132,51,66
blue,47,58,56,17,79,37,65,55,49,5
blue,92,134,89,8,74,21,130,71,17,79
red,88,65,105,116,109,41,40,140,51,5
red,102,40,151,129,99,35,154,159,76,33
red,110,65,7,76,154,104,38,140,24,82
red,62,27,21,17,5,58,65,68,136,14
blue,22,38,89,51,14,0,61,148,29,128
blue,37,142,121,8,70,104,65,1,129,153
blue,107,40,56,19,82,97,74,121,29,14
red,84,65,33,29,53,110,141,11,76,119
red,31,141,121,76,30,18,84,43,69,70
red,59,40,110,106,5,31,61,121,50,128
blue,47,38,124,49,12,112,61,32,24,41
red,107,75,121,24,4,47,23,101,106,128
red,112,38,124,8,14,39,65,89,51,82
blue,74,61,121,29,33,43,141,143,69,153
blue,103,102,121,29,153,43,27,151,51,14
blue,22,98,64,17,99,104,38,159,52,82
red,102,65,1,24,99,0,107,121,29,4
blue,101,65,143,76,82,22,54,6,136,128
red,59,61,64,17,92,36,23,155,51,45
red,0,54,110,116,14,158,107,151,51,74
blue,48,65,121,106,14,104,98,64,52,96
blue,0,154,125,17,126,115,84,151,106,99
blue,78,84,151,49,153,22,30,83,17,128
red,19,92,151,29,12,18,65,121,76,9
red,127,40,121,129,99,78,142,159,49,74
red,101,124,155,129,128,39,38,1,52,14
red,114,38,101,29,160,0,124,150,49,5
red,0,38,68,106,41,74,111,114,51,66
blue,110,124,46,137,153,47,84,64,51,82
blue,39,125,1,106,99,146,75,124,24,128
red,146,102,64,51,93,151,38,6,69,153
blue,110,124,121,51,93,0,40,89,69,153
blue,107,38,121,8,70,0,40,151,76,82
blue,110,38,151,76,9,0,125,138,116,118
red,0,54,151,157,74,18,58,124,17,99
blue,103,38,138,29,93,18,58,124,76,5
blue,22,107,151,51,14,18,84,43,150,153
red,20,38,6,8,5,22,60,121,49,41
red,62,38,64,17,128,135,134,143,76,93
red,126,65,124,51,74,135,134,1,50,128
blue,59,38,2,76,12,57,61,1,51,99
red,102,124,121,8,128,103,38,1,49,82
red,144,40,121,49,109,74,130,64,136,41
blue,6,38,151,106,82,22,13,19,52,128
blue,134,142,64,85,128,0,61,121,76,83
blue,22,47,159,69,153,36,98,121,106,99
blue,22,54,143,122,111,18,46,121,116,9
red,112,107,125,85,5,36,54,43,51,159
red,112,65,6,129,5,62,107,121,51,158
red,110,124,143,106,160,47,142,121,116,153
red,102,124,43,49,160,113,130,56,106,82
red,115,84,3,29,160,31,38,104,50,70
blue,47,91,121,76,66,74,26,83,29,160
blue,0,84,155,137,91,146,74,110,106,99
blue,2,38,73,76,74,88,86,56,49,99
red,18,84,132,129,74,127,38,159,150,79
red,110,155,121,29,79,103,102,55,137,14
blue,112,125,1,51,128,0,75,141,29,74
blue,88,65,124,29,66,107,142,143,52,82
red,88,61,143,116,70,31,27,90,76,93
blue,47,84,55,147,93,0,23,148,49,14
blue,105,60,151,51,5,112,13,159,29,153
red,36,84,151,51,93,0,40,104,29,41
red,69,27,33,136,100,31,104,148,76,99
blue,43,142,56,17,41,0,26,94,50,139
blue,43,142,56,49,12,0,84,155,106,93
blue,110,23,71,69,14,0,149,33,52,74
red,47,26,125,17,82,74,141,143,24,16
blue,18,30,151,157,70,0,27,37,51,93
blue,110,65,121,51,30,48,84,94,8,16
blue,104,84,110,129,5,131,97,39,106,99
blue,143,124,125,76,4,3,84,48,106,82
red,70,61,159,52,82,74,58,121,106,4
red,102,84,142,29,96,111,61,68,51,74
red,90,124,0,51,82,22,84,151,76,30
red,31,27,110,52,128,19,86,121,156,153
red,57,142,83,51,109,134,67,122,8,82
blue,31,111,159,50,128,0,38,143,29,30
blue,74,13,132,136,100,95,98,7,106,99
red,25,91,32,52,100,62,125,159,116,9
red,47,130,121,129,53,97,38,122,51,99
red,41,65,143,49,53,0,40,121,8,71
blue,97,44,75,85,70,47,130,124,76,5
blue,41,13,134,52,74,101,26,121,51,14
blue,93,54,55,106,76,41,58,151,51,14
red,97,46,2,76,128,74,40,121,49,139
blue,151,27,94,76,126,41,38,155,29,79
blue,34,87,121,51,74,41,102,33,116,96
red,41,86,129,17,160,22,40,92,133,53
blue,90,142,6,51,82,102,38,143,76,160
blue,0,125,19,116,14,101,94,32,150,153
red,0,94,32,69,15,22,65,121,51,93
red,31,58,159,76,66,154,94,143,116,153
red,3,94,83,29,153,34,54,125,76,128
blue,101,65,64,129,66,43,38,140,76,5
red,104,38,159,29,82,25,65,43,17,119
red,90,54,125,106,5,36,58,143,49,153
red,101,77,2,85,153,0,142,19,76,119
blue,91,111,68,29,158,90,65,122,76,153
red,18,117,1,51,14,81,65,143,156,9
red,34,84,75,29,160,134,38,155,51,5
red,21,26,146,49,74,36,38,121,29,111
blue,2,146,13,136,53,54,155,33,49,153
red,54,38,143,52,14,151,46,140,9,41
red,2,38,56,106,66,59,142,91,116,126
red,0,13,33,51,93,59,40,38,106,74
blue,74,142,2,51,93,47,111,89,76,128
blue,43,54,75,50,128,36,97,151,51,14
blue,36,61,89,51,4,78,40,136,50,128
blue,92,65,1,51,66,103,75,124,136,82
blue,121,142,110,51,128,155,26,74,129,82
red,47,142,64,8,128,114,38,151,51,82
red,2,40,121,147,74,110,23,155,29,153
blue,0,84,101,52,154,22,67,151,24,5
blue,18,38,151,136,4,110,111,55,51,14
red,131,111,159,136,118,88,38,122,50,128
red,35,38,32,136,70,115,134,144,133,66
red,103,54,33,50,128,35,30,154,136,148
blue,59,65,121,51,53,0,75,11,106,99
blue,75,154,21,8,100,104,23,150,51,159
red,112,54,91,29,97,74,38,115,85,83
red,59,58,83,49,153,18,67,110,17,45
red,134,102,121,129,70,110,84,151,17,14
red,154,125,143,129,119,110,124,64,29,4
blue,0,134,43,50,16,31,65,159,129,70
blue,0,54,151,51,93,18,40,104,129,70
blue,3,65,86,17,128,144,98,23,129,70
blue,145,61,23,24,7,107,65,6,129,70
red,34,38,56,129,70,74,125,6,17,128
red,110,84,125,136,109,101,61,1,51,14
red,145,65,68,51,66,127,58,104,24,80
red,104,65,107,106,5,121,84,151,116,66
red,15,38,11,51,82,92,154,26,29,53
blue,24,54,33,76,79,31,67,3,51,82
blue,135,149,159,85,70,74,65,121,29,158
blue,31,65,159,51,93,131,87,125,17,70
red,18,154,121,85,153,0,27,94,51,66
blue,31,27,69,76,12,22,38,159,51,120
red,36,23,10,52,66,0,149,94,51,5
blue,104,13,122,8,128,103,27,110,51,9
red,47,27,120,51,14,37,46,151,124,66
blue,47,27,121,106,82,18,46,122,147,120
blue,48,149,1,136,70,0,98,6,51,96
blue,75,27,104,17,12,90,46,1,136,70
red,0,38,114,17,12,112,65,140,51,96
red,36,98,143,106,82,74,145,159,51,14
red,123,98,150,51,70,90,38,121,76,53
blue,110,23,150,76,70,31,124,2,17,79
blue,151,38,121,133,118,2,61,140,29,119
red,0,98,90,8,37,18,67,110,133,128
blue,74,58,154,49,153,78,13,56,133,70
blue,3,113,159,106,66,43,54,125,8,109
red,74,142,104,9,53,3,38,23,51,120
blue,34,65,121,49,80,37,142,3,51,14
red,137,65,155,29,9,31,84,33,8,45
blue,0,28,110,51,64,25,5,155,106,79
blue,0,104,151,51,53,112,65,2,49,71
blue,0,104,56,29,82,110,84,155,51,96
blue,104,61,64,52,66,92,84,101,69,153
red,146,61,121,106,74,0,65,6,76,92
red,18,92,1,17,53,39,65,150,85,93
blue,92,65,120,106,154,110,87,6,123,108
red,110,65,2,49,5,92,38,11,106,66
red,0,84,104,76,74,41,65,89,52,93
blue,0,27,121,147,96,18,141,89,76,82
blue,43,40,139,17,70,0,155,151,29,74
blue,131,26,43,51,91,47,38,2,29,74
red,18,124,64,29,4,34,98,6,51,74
red,74,61,1,69,153,131,142,121,29,41
blue,74,13,151,29,53,70,38,143,17,128
blue,75,58,121,9,109,0,94,124,49,4
red,40,94,132,129,153,113,38,64,49,53
blue,74,27,93,29,153,127,111,19,129,99
blue,22,13,32,76,99,59,38,19,50,12
blue,112,65,68,51,14,47,142,19,50,12
blue,151,65,143,116,153,48,61,19,49,139
blue,90,142,120,8,66,145,61,143,17,79
red,22,61,132,24,154,31,60,101,69,159
red,37,61,140,76,109,95,65,121,51,119
red,56,54,101,29,119,25,124,150,49,14
red,47,27,155,24,128,36,54,150,63,70
blue,101,54,159,116,153,90,86,121,63,70
blue,110,75,70,51,153,101,91,140,85,107
red,62,38,140,106,14,0,75,121,29,93
blue,62,142,1,116,148,101,91,140,133,126
red,101,125,143,139,96,62,23,151,49,7
red,90,84,101,17,71,74,23,151,150,14
red,18,111,32,29,120,31,38,159,51,71
red,36,125,32,29,53,0,111,8,76,128
blue,19,65,155,116,96,0,142,32,17,71
red,74,61,32,51,110,151,107,121,29,159
red,47,149,132,76,119,48,142,33,29,66
red,18,111,56,76,14,13,98,6,8,70
red,101,98,2,49,14,47,65,132,29,121
red,74,92,41,76,93,103,38,104,19,91
red,74,124,143,51,66,93,84,129,76,79
red,42,61,104,76,5,78,13,142,17,79
blue,59,13,144,24,121,47,141,56,76,91
red,151,38,1,76,53,2,60,121,51,14
blue,112,111,2,29,158,22,84,121,9,160
red,90,23,150,17,79,97,65,33,69,14
blue,104,142,54,76,120,58,65,56,24,74
blue,36,61,54,116,41,31,38,121,9,74
red,101,111,68,51,4,18,67,2,76,74
blue,43,23,150,29,7,88,141,104,8,128
blue,39,65,148,76,109,144,38,70,29,130
red,117,54,70,50,158,77,60,1,29,14
red,145,124,155,51,70,43,46,64,50,128
blue,121,38,125,52,128,36,84,56,136,111
red,22,60,15,52,74,91,107,3,51,14
red,107,13,104,129,96,36,40,32,106,74
red,31,38,159,24,70,0,65,140,8,128
blue,36,84,110,129,53,101,60,124,29,153
red,36,98,121,76,120,154,65,104,51,99
blue,154,40,33,120,110,39,92,26,76,79
blue,22,38,143,51,93,18,84,31,106,82
red,43,61,132,24,123,0,40,143,29,16
red,0,113,155,133,100,43,65,2,116,53
blue,0,134,75,51,82,22,65,144,85,153
red,31,142,56,136,123,135,27,125,52,128
blue,36,134,33,136,41,0,142,56,76,99
red,154,142,159,76,66,48,58,121,29,53
red,104,142,55,17,79,31,27,121,51,53
blue,0,40,33,29,4,43,28,48,51,93
red,134,40,32,51,4,0,142,132,116,153
blue,43,40,121,51,99,36,142,2,8,9
blue,43,26,64,29,65,36,86,143,51,74
blue,0,23,151,69,153,18,60,41,51,74
red,43,142,124,17,53,31,13,64,116,119
red,18,149,143,137,82,31,38,11,29,53
red,101,23,36,49,41,151,40,2,116,119
blue,43,61,73,51,74,37,142,93,8,33
blue,39,107,3,17,71,0,58,121,51,41
red,43,40,138,51,82,95,74,110,133,53
red,131,142,56,50,153,42,26,64,51,119
red,0,65,121,51,153,110,142,114,29,53
red,74,98,121,51,14,37,146,94,76,53
red,31,26,3,51,5,0,142,121,15,30
blue,152,38,40,9,120,131,104,121,129,12
blue,22,60,121,51,99,0,92,2,29,128
red,31,13,143,41,153,34,142,1,6,93
red,90,65,140,17,12,34,38,143,51,82
red,34,84,155,51,82,95,149,10,109,119
blue,131,60,10,69,9,95,84,2,109,108
blue,42,130,62,116,15,152,146,33,29,158
blue,42,84,155,41,99,36,65,68,24,5
red,42,141,152,136,74,25,75,155,51,153
blue,90,60,6,106,66,42,111,33,69,153
blue,41,65,121,85,119,42,40,59,49,9
red,42,61,6,116,153,34,35,43,109,9
red,18,92,143,85,14,42,13,53,51,153
red,42,124,53,51,74,137,67,143,29,14
red,42,30,121,51,153,36,23,150,8,5
blue,42,125,32,129,128,25,84,83,51,66
blue,78,61,151,8,153,42,38,2,9,16
blue,54,91,141,49,53,19,38,1,106,82
blue,34,92,104,49,41,47,154,121,51,66
red,74,40,155,128,136,48,75,148,129,5
red,154,38,1,8,128,36,124,134,148,9
blue,88,154,89,17,128,112,61,148,51,126
red,102,94,148,17,79,107,38,143,8,160
blue,101,28,89,106,5,77,98,143,29,153
red,43,75,148,51,66,20,38,138,69,41
blue,102,40,148,51,119,2,98,56,106,128
blue,74,142,140,69,70,22,25,89,17,153
red,149,142,89,76,99,31,141,1,52,126
blue,90,61,11,122,14,144,65,124,76,74
blue,34,98,114,24,128,112,142,104,76,109
blue,127,74,1,106,82,3,65,148,49,53
red,43,142,89,106,82,18,65,2,17,79
blue,31,84,121,29,153,47,40,2,24,100
red,0,60,2,76,128,3,98,143,136,16
blue,62,40,121,29,128,58,75,2,51,5
blue,47,40,21,51,33,0,38,3,76,66
red,39,92,43,106,91,58,61,159,129,153
blue,18,65,121,106,93,34,142,2,137,128
red,47,98,148,136,9,102,84,143,76,128
red,25,142,151,76,66,47,97,139,8,70
red,113,65,11,85,153,95,84,43,29,66
red,104,130,121,85,96,59,91,151,120,119
red,134,65,121,76,93,107,58,89,51,66
red,155,61,2,120,30,121,23,3,8,5
red,101,84,71,17,128,112,134,31,51,93
red,91,92,43,51,53,101,84,121,76,119
red,34,84,151,106,74,38,146,33,133,153
red,67,38,20,52,9,54,40,104,49,66
red,0,40,121,49,70,104,67,93,29,74
red,134,38,132,49,126,103,87,159,133,82
red,127,84,94,63,70,18,65,143,17,53
red,0,13,121,17,93,92,84,2,51,82
red,110,107,122,51,93,154,84,94,147,96
red,25,75,33,63,70,101,84,151,137,99
blue,57,84,94,8,128,62,65,2,50,99
blue,11,27,155,29,4,101,40,132,51,14
blue,101,84,110,116,37,121,38,1,51,99
blue,135,65,159,29,53,102,38,33,24,128
red,0,28,104,106,93,59,13,121,76,9
blue,134,65,68,17,70,107,98,56,52,5
blue,146,91,104,17,79,0,54,110,29,93
red,13,38,151,157,5,18,155,121,17,79
red,104,142,124,49,53,13,23,151,17,93
red,54,94,151,147,153,114,125,33,129,99
blue,31,23,151,69,16,104,13,121,29,96
red,0,124,155,76,110,43,65,33,50,82
red,102,98,151,24,82,18,84,159,51,5
red,74,13,2,8,96,90,75,1,147,33
red,0,38,151,120,100,88,102,39,49,158
red,104,94,155,51,5,34,30,75,17,79
blue,72,23,150,51,93,74,37,101,106,4
blue,74,84,110,49,79,151,28,150,17,128
blue,19,134,104,116,128,74,60,151,29,70
blue,70,61,155,29,14,104,40,121,147,93
red,18,65,155,52,9,74,54,125,8,123
blue,134,142,121,106,14,43,124,155,29,158
red,112,61,151,76,14,74,154,150,106,4
red,154,27,151,51,5,0,40,1,76,111
blue,144,65,151,106,16,52,92,31,19,82
blue,78,97,140,52,14,42,84,94,24,128
red,31,77,150,76,5,47,44,151,17,70
red,31,141,121,137,5,54,98,33,147,153
blue,34,84,121,129,99,103,61,64,52,126
red,107,97,23,51,4,103,84,18,50,128
red,47,54,144,156,100,92,124,91,52,126
red,0,23,150,17,93,110,38,121,76,120
blue,47,38,121,49,53,37,65,56,129,70
red,35,142,121,49,9,0,40,2,17,128
blue,101,94,143,85,107,134,75,33,29,70
red,36,84,120,85,82,43,75,157,51,5
blue,77,38,121,69,70,0,84,105,49,119
blue,2,134,55,51,82,48,65,124,136,14
blue,70,61,110,51,53,107,38,43,120,128
blue,112,26,49,52,128,18,38,89,69,80
red,112,13,143,51,128,18,84,105,76,82
red,112,38,155,51,45,2,98,33,17,128
blue,112,92,110,129,121,36,98,1,51,14
red,123,38,148,106,4,131,92,159,51,74
blue,91,84,2,51,79,72,38,121,17,7
blue,91,38,139,51,14,110,65,1,49,96
red,110,30,159,17,128,114,26,140,51,4
red,105,141,125,29,79,91,13,89,51,154
blue,90,154,143,29,14,120,65,122,51,128
blue,70,67,61,116,120,0,84,101,52,100
blue,82,77,55,17,71,0,28,33,50,159
blue,95,65,121,29,93,34,40,104,106,99
red,74,38,1,29,12,113,84,151,17,79
blue,112,141,89,106,93,113,94,1,49,158
blue,113,38,104,17,80,59,125,2,51,128
blue,112,65,55,17,159,113,86,64,51,80
blue,113,146,143,52,128,110,104,21,85,153
blue,113,28,131,136,70,31,67,151,8,121
red,101,27,125,106,99,34,97,121,129,70
red,57,65,154,147,79,48,92,121,76,82
red,154,142,110,116,100,59,27,125,76,74
red,131,65,140,106,74,127,142,32,52,91
red,134,98,143,51,5,74,13,124,106,33
red,31,65,159,17,79,18,38,124,24,12
red,95,38,124,49,119,62,65,132,52,74
red,86,65,124,17,74,48,84,151,29,70
red,102,58,124,29,110,88,38,140,76,154
red,151,155,124,29,138,144,142,3,51,139
red,34,154,64,17,12,101,124,151,50,128
blue,59,124,125,8,33,0,75,158,76,128
blue,112,84,124,51,4,104,65,159,24,14
blue,0,98,121,133,120,34,124,6,51,82
red,110,98,33,76,82,104,91,125,8,100
red,144,111,155,29,74,31,28,56,51,66
blue,104,61,11,76,82,48,40,148,106,99
red,37,142,151,51,5,81,38,121,136,79
red,31,67,151,116,70,43,54,33,29,53
red,0,142,93,106,5,34,65,55,69,130
blue,0,38,158,137,16,18,44,121,51,74
blue,0,23,1,9,4,77,149,124,52,100
red,47,65,159,17,53,107,61,33,136,153
blue,47,65,140,50,5,22,98,83,29,71
red,107,61,122,69,45,75,54,151,76,158
red,101,61,23,29,111,131,60,89,24,82
blue,103,61,33,49,123,0,111,140,17,53
red,102,130,2,156,153,0,87,121,76,92
blue,47,28,2,116,5,34,38,33,29,100
blue,54,13,151,116,111,131,61,43,51,82
red,104,65,155,51,14,91,84,110,116,119
red,47,107,124,29,93,48,26,94,76,128
red,131,65,139,51,14,47,75,101,76,16
red,47,107,151,51,66,0,60,55,129,96
blue,35,23,22,63,70,0,84,33,24,119
blue,0,74,2,9,70,47,40,155,156,153
blue,36,38,2,51,53,101,54,110,116,41
red,151,98,121,51,66,101,38,1,76,5
blue,69,65,143,17,71,0,142,19,52,82
red,145,38,121,49,53,74,155,11,29,37
blue,101,155,2,17,79,37,98,121,51,82
blue,145,23,110,51,82,0,142,143,116,128
red,0,98,37,52,14,152,40,151,116,148
blue,101,27,33,69,70,154,30,0,52,82
red,18,23,150,106,4,36,67,142,51,93
red,151,23,150,51,93,110,40,121,49,82
blue,31,124,34,106,5,39,142,73,137,70
blue,37,38,140,29,53,0,84,2,106,82
red,34,27,143,51,128,110,58,1,106,82
red,42,124,110,76,82,74,92,143,51,5
blue,22,38,64,17,119,110,58,159,29,5
red,25,98,19,29,9,48,84,64,17,79
blue,43,65,121,124,96,88,61,159,17,14
blue,151,86,1,137,80,131,141,114,29,82
blue,0,38,143,51,74,101,87,56,76,80
red,31,142,143,29,119,2,65,91,116,128
red,134,142,32,51,93,127,40,33,129,123
red,101,142,41,51,14,47,46,121,29,6
blue,135,27,151,51,82,143,142,62,106,128
red,74,61,1,51,154,31,27,155,50,5
blue,62,65,143,106,4,110,13,121,52,100
blue,78,40,37,76,82,110,84,121,106,139
red,0,61,1,51,5,18,38,63,8,14
red,115,75,140,17,45,154,54,155,136,128
blue,31,65,121,51,16,0,30,73,50,9
red,18,40,33,51,82,0,75,11,52,100
blue,120,141,143,76,14,41,27,38,49,66
blue,0,67,2,129,104,113,40,56,51,5
red,47,65,155,9,70,74,60,124,76,96
blue,31,37,150,49,158,34,38,1,29,148
blue,140,149,110,29,148,59,65,0,17,111
blue,47,58,1,51,14,34,94,155,76,5
blue,34,65,159,24,82,78,30,143,29,119
red,149,26,124,29,70,0,61,151,51,14
blue,103,54,19,76,53,112,87,121,116,111
blue,0,38,62,133,14,42,27,121,9,66
blue,42,13,155,17,70,0,38,143,49,5
blue,2,40,54,29,111,31,65,159,156,96
red,74,98,56,51,16,112,61,35,106,82
red,33,142,101,17,71,55,75,104,49,14
blue,92,102,143,51,74,103,149,2,8,123
red,18,65,143,85,153,0,74,64,9,4
blue,6,38,143,85,96,107,60,2,29,148
blue,134,27,125,116,128,31,84,159,129,14
red,26,38,110,138,108,59,74,142,22,126
red,112,61,151,120,160,0,54,155,50,119
blue,0,23,150,106,138,36,27,155,76,109
red,19,58,150,17,9,22,38,114,49,160
red,11,142,143,29,53,97,38,33,137,158
red,41,60,71,29,93,88,84,125,51,14
blue,134,27,3,136,70,0,92,159,157,111
blue,75,37,159,29,93,43,27,6,51,128
blue,115,84,89,51,82,0,38,6,29,121
red,95,27,143,129,5,36,46,140,85,74
blue,127,58,159,51,99,37,84,155,76,82
red,22,38,33,17,71,135,87,151,106,99
blue,112,134,6,29,9,74,38,64,52,128
red,90,65,26,116,128,22,141,124,51,160
blue,48,40,140,51,12,18,27,110,29,93
blue,74,61,141,136,160,36,27,140,52,5
blue,43,38,143,51,128,35,107,33,76,14
red,22,61,1,69,14,41,141,56,24,128
blue,74,38,121,51,82,101,84,3,69,70
blue,105,60,19,116,66,101,27,3,76,53
red,146,65,110,51,126,81,155,19,24,53
red,101,58,140,133,153,90,98,56,51,126
red,101,61,121,29,53,115,38,125,52,126
red,101,27,125,17,9,82,84,114,106,99
blue,47,38,120,24,79,84,65,89,50,16
red,0,84,138,17,70,131,65,73,51,110
blue,18,65,104,29,118,0,84,94,150,93
red,134,61,72,50,70,101,27,155,51,93
blue,18,23,103,49,108,47,142,150,9,14
blue,131,98,105,76,100,146,84,103,9,138
red,103,23,150,9,109,18,40,33,137,100
red,134,141,33,76,153,101,27,151,17,53
blue,104,111,0,136,100,131,27,140,51,126
red,115,27,121,17,79,41,65,125,51,5
blue,0,154,121,76,128,2,27,110,51,119
red,145,84,155,29,119,43,40,10,69,160
red,143,98,151,29,5,37,61,89,49,87
red,0,27,43,51,82,59,98,2,29,93
red,43,67,150,137,37,56,65,144,29,92
blue,83,61,159,85,9,104,60,151,76,97
blue,0,40,121,136,74,104,142,39,29,53
blue,36,65,140,133,14,88,38,159,51,82
red,110,84,140,8,82,2,28,0,29,109
blue,110,38,11,9,82,22,65,121,29,128
blue,77,26,13,51,82,31,84,121,76,126
blue,22,74,104,17,154,88,65,59,76,37
red,47,65,15,76,93,31,84,11,17,79
blue,31,26,10,76,99,103,65,143,50,82
blue,149,125,26,24,5,131,65,6,51,4
blue,99,142,121,24,5,110,65,122,52,158
red,145,84,43,116,158,102,40,154,29,53
red,19,65,110,50,74,0,84,143,8,53
blue,0,84,110,29,83,31,40,154,116,53
red,110,75,11,76,99,31,40,143,17,128
red,59,40,145,17,120,101,124,125,49,109
blue,47,94,6,52,5,37,40,143,49,93
red,22,67,94,69,153,103,40,154,24,66
red,0,40,104,129,16,110,84,11,52,5
blue,39,84,110,52,14,34,75,89,29,5
red,90,61,33,29,108,121,40,75,49,71
red,21,40,55,17,99,25,104,121,116,123
blue,90,155,121,49,148,92,65,26,51,15
red,110,84,64,24,66,154,61,73,129,93
red,101,40,1,51,66,0,61,121,29,53
blue,107,124,125,51,99,22,40,144,76,93
blue,60,142,15,8,82,74,65,1,51,99
red,121,65,144,147,96,34,154,150,76,119
blue,101,84,68,76,111,0,154,1,51,9
blue,90,38,1,8,66,18,154,143,29,93
red,134,84,6,51,93,104,40,122,50,70
red,0,27,35,76,100,101,61,121,51,120
blue,60,61,2,51,93,0,92,26,136,154
blue,0,27,94,76,37,107,154,151,50,123
blue,72,38,150,116,120,127,130,154,8,70
blue,146,26,43,24,128,0,107,155,151,84
red,31,27,1,147,128,104,86,75,116,108
red,101,23,89,76,74,31,61,1,49,91
red,47,125,140,29,70,65,46,121,106,93
blue,74,141,1,51,70,134,38,120,52,5
red,2,61,0,17,128,62,84,151,49,53
red,0,124,151,51,12,52,58,140,29,5
red,74,84,89,51,66,18,38,2,147,82
red,134,38,151,51,160,102,84,94,29,111
blue,31,23,150,24,126,18,142,33,76,160
red,0,65,68,76,82,18,111,94,51,74
blue,34,84,143,106,128,102,149,55,52,66
blue,37,60,121,24,128,151,46,159,139,5
red,105,98,155,17,53,48,65,121,51,5
blue,131,38,33,106,27,74,77,151,8,128
blue,92,88,148,76,82,31,75,143,106,99
blue,137,134,150,51,82,0,65,159,9,12
red,18,146,143,106,82,36,142,124,52,128
red,134,84,1,106,99,151,124,122,147,37
blue,90,92,144,9,4,39,65,121,129,99
red,112,30,89,9,14,0,97,143,17,71
blue,107,65,121,52,128,34,124,150,51,82
blue,74,13,140,106,5,41,40,85,51,14
red,48,74,121,49,9,31,65,125,17,79
blue,131,74,121,49,45,104,58,154,29,53
red,152,27,151,76,110,59,142,89,106,74
blue,127,107,32,8,70,0,54,110,52,100
blue,74,67,0,137,70,107,40,143,29,53
blue,151,27,101,116,120,74,58,140,17,71
red,42,84,43,106,14,22,142,154,52,128
red,110,84,83,136,96,43,38,11,8,153
red,22,38,151,85,153,59,125,121,51,82
blue,101,97,121,147,16,37,58,124,29,12
red,102,54,132,49,93,57,27,159,17,96
blue,154,65,140,51,99,47,23,150,106,4
blue,90,38,155,50,82,47,40,121,49,160
blue,105,141,143,49,4,59,125,87,17,128
blue,36,98,55,52,66,47,23,151,49,123
blue,103,124,43,51,66,115,13,151,136,4
blue,47,65,83,52,66,3,84,155,116,82
blue,115,54,151,29,111,134,38,155,24,79
blue,134,38,151,17,79,18,142,140,129,99
red,22,40,43,8,128,115,44,154,76,160
blue,104,98,124,136,128,90,65,140,69,80
red,101,142,159,129,82,0,98,56,51,5
red,107,38,143,106,14,112,5,55,129,99
red,0,67,155,129,12,74,113,131,136,14
blue,151,84,11,50,74,0,142,143,29,14
red,59,65,159,137,12,25,84,3,76,99
red,103,38,33,136,12,134,111,155,116,120
blue,78,13,143,106,5,150,23,90,51,92
blue,115,58,125,76,79,151,75,64,116,15
red,31,107,121,52,128,103,58,144,106,5
blue,18,125,143,8,14,101,38,151,50,70
red,31,98,120,136,9,127,65,2,69,12
red,67,65,143,106,82,31,134,64,123,108
red,22,44,132,51,82,0,65,121,8,153
red,121,154,91,136,126,144,60,125,24,5
red,31,77,150,15,53,2,141,151,17,80
red,47,84,125,52,100,152,40,150,8,119
red,145,111,75,133,70,34,65,159,106,96
red,91,58,101,129,153,149,60,32,49,74
blue,0,54,35,29,122,101,124,43,116,70
red,34,145,33,147,70,31,86,10,137,119
blue,22,74,56,9,70,18,65,33,51,128
blue,19,75,0,9,14,47,65,6,51,70
blue,0,149,68,29,53,2,67,155,76,5
blue,112,134,6,24,74,22,13,132,150,128
red,74,92,159,9,70,135,141,110,147,66
red,59,40,121,85,70,114,65,49,106,14
red,142,84,155,129,153,2,40,135,136,14
blue,34,98,19,52,74,25,92,151,50,5
blue,110,74,104,29,70,91,84,121,17,80
red,0,112,2,76,70,101,26,150,24,128
blue,0,38,140,17,121,22,23,150,15,80
red,101,54,11,76,53,83,75,70,8,128
blue,0,38,104,15,80,36,60,148,52,82
blue,35,155,121,52,70,74,38,89,76,14
red,102,54,133,9,66,101,124,1,49,153
blue,145,26,134,17,53,101,84,150,49,153
red,59,40,91,49,153,107,38,70,63,128
red,107,155,140,9,70,48,124,143,76,53
red,131,65,151,15,80,101,84,26,51,5
blue,101,75,37,129,153,102,149,2,51,82
red,115,125,124,51,70,152,58,146,9,154
red,77,65,89,49,153,137,84,94,29,70
red,86,38,121,69,53,42,54,151,7,93
red,48,92,33,51,82,57,134,11,50,45
blue,137,98,140,106,126,0,28,89,9,93
blue,34,61,2,69,119,101,75,37,50,70
red,0,67,151,106,5,134,124,110,136,74
blue,18,142,56,69,153,0,75,53,29,119
blue,0,111,158,52,5,33,84,125,50,74
blue,110,88,121,51,82,34,40,132,147,120
blue,22,155,11,17,79,74,44,3,8,100
blue,0,124,18,19,16,101,58,73,29,5
red,36,38,64,106,5,0,124,94,49,9
red,115,92,6,24,126,88,84,140,76,93
blue,19,65,140,17,82,74,60,121,24,9
blue,101,130,140,24,74,150,84,151,51,82
blue,107,75,23,116,158,22,65,159,29,37
blue,0,37,54,24,158,18,38,140,51,93
red,54,40,71,52,154,34,65,11,24,90
red,34,61,132,50,128,0,54,120,76,66
red,34,74,15,17,14,48,141,140,50,70
blue,25,130,2,51,119,34,86,56,63,70
blue,0,61,1,76,82,89,142,48,52,110
blue,78,65,7,106,14,131,75,55,76,53
red,43,92,140,29,93,0,26,125,51,100
red,43,107,139,116,82,0,65,143,136,160
blue,34,38,6,52,91,0,61,121,129,5
blue,104,38,140,51,82,131,65,121,29,119
red,0,27,143,136,14,31,84,159,17,79
blue,112,46,124,51,128,47,38,33,29,16
red,31,142,133,129,74,0,61,59,76,128
red,0,65,121,24,5,36,141,32,29,153
red,92,38,2,129,82,22,142,11,76,128
blue,91,98,56,17,93,0,38,143,29,153
red,110,38,2,76,108,0,65,121,106,5
red,22,38,2,17,128,101,142,89,29,4
red,90,38,105,76,79,35,58,121,136,74
red,34,40,121,29,53,57,65,140,49,119
red,0,38,11,51,5,36,65,143,83,160
red,72,84,150,51,120,0,65,37,8,153
blue,102,65,73,29,100,90,38,121,17,89
blue,22,142,121,29,96,37,124,3,150,126
blue,18,77,33,51,93,0,65,159,49,79
blue,110,74,64,85,53,48,111,11,8,70
red,112,38,19,52,14,74,98,143,29,93
red,115,98,159,69,70,31,141,2,51,82
red,57,84,151,8,126,25,74,105,29,93
blue,78,107,151,156,70,110,98,2,24,93
red,34,30,2,106,74,20,98,121,137,93
red,34,38,140,51,41,43,65,121,52,128
blue,127,98,121,8,128,103,142,39,136,66
red,34,67,133,51,66,37,54,150,29,119
red,39,61,11,17,12,47,40,140,49,74
red,43,60,125,17,120,0,61,159,51,74
blue,72,60,56,8,53,47,65,159,17,70
red,31,60,159,69,110,0,84,143,24,15
blue,42,60,56,51,82,78,38,91,109,160
blue,43,54,140,9,74,48,60,2,49,15
blue,60,107,56,50,45,112,13,1,51,82
red,3,60,124,17,41,36,26,125,29,53
blue,59,60,55,17,79,0,38,56,49,128
red,39,60,150,106,82,112,65,56,69,108
blue,31,65,143,136,122,34,60,109,24,5
blue,43,60,132,29,53,107,142,121,106,93
red,0,60,159,137,118,48,65,2,106,66
blue,47,60,122,76,5,104,149,89,106,82
blue,74,60,151,24,16,134,30,1,51,14
red,59,60,150,52,5,144,65,121,9,71
red,131,60,89,51,110,88,84,38,150,64
blue,92,60,44,69,70,35,107,6,106,99
blue,101,60,6,50,126,0,54,1,51,82
red,15,60,75,51,93,107,38,121,116,79
blue,35,142,120,17,128,145,60,105,106,5
red,60,65,143,29,9,98,154,144,51,153
red,110,60,143,76,14,121,97,125,69,66
blue,121,60,62,116,153,150,124,0,51,5
red,37,46,33,76,96,115,60,140,51,93
blue,0,154,1,50,4,134,60,26,76,121
red,22,60,143,106,5,101,54,43,76,70
red,78,60,3,17,71,47,26,15,50,9
red,36,60,159,29,158,101,23,56,9,96
blue,0,60,2,137,79,74,97,140,116,82
blue,103,30,138,106,5,74,60,73,51,93
red,19,154,148,51,14,37,60,132,106,82
blue,74,60,121,76,9,43,75,73,51,82
red,144,60,143,52,128,47,46,121,8,5
red,137,60,121,24,82,52,142,19,129,128
red,39,60,121,106,100,74,61,94,52,70
blue,43,27,155,51,82,39,60,143,29,53
red,39,60,2,51,53,47,65,121,116,82
blue,24,155,2,51,93,0,60,121,116,153
blue,146,13,23,17,12,127,60,64,8,14
blue,0,60,68,129,5,104,61,143,29,82
red,0,60,143,50,5,104,65,55,9,16
blue,88,142,155,29,53,39,60,159,17,128
blue,0,60,155,17,12,102,84,43,51,14
red,18,60,33,17,53,31,38,121,76,93
red,112,60,143,17,128,62,84,87,8,82
blue,134,28,155,9,53,34,58,148,106,74
blue,134,125,159,52,66,43,142,104,106,5
red,101,54,140,52,128,48,40,144,29,93
blue,152,38,19,49,121,54,155,114,17,79
blue,0,54,6,116,37,48,27,3,24,4
blue,110,27,101,116,70,33,74,125,51,14
blue,19,38,121,52,14,48,40,159,24,82
blue,101,111,140,106,4,134,40,150,15,82
blue,101,134,104,17,64,0,30,121,52,15
red,22,84,104,76,96,101,27,144,52,99
red,151,65,159,24,70,88,84,113,76,82
blue,48,23,150,106,4,102,84,1,17,93
red,18,84,11,51,100,88,124,159,85,92
red,36,142,144,136,14,74,40,159,24,128
red,31,98,2,54,9,0,26,125,29,70
blue,48,23,0,51,110,101,58,64,76,128
blue,88,23,104,85,45,57,142,68,51,5
red,47,92,148,106,82,151,84,150,51,4
red,143,141,0,24,80,31,38,121,76,74
blue,103,65,55,116,119,95,98,124,51,9
red,88,23,55,63,70,19,61,68,116,82
red,47,142,79,17,37,31,65,1,51,82
red,135,23,150,137,114,31,134,94,51,5
blue,31,142,132,76,14,151,23,155,51,159
red,135,67,125,106,128,101,27,110,17,70
blue,135,65,73,51,82,145,98,122,29,153
red,0,40,158,19,126,90,98,11,116,70
blue,47,58,121,17,120,146,28,151,133,70
blue,117,37,150,17,12,59,40,3,49,71
red,31,26,62,50,126,0,125,159,24,82
blue,43,38,1,17,109,72,61,139,29,5
blue,0,26,155,116,158,74,38,159,50,91
red,18,61,159,76,91,0,124,151,49,158
blue,135,65,132,49,74,31,86,143,50,96
blue,126,91,56,49,108,18,111,120,106,74
red,0,84,151,50,160,37,58,101,51,53
blue,62,40,143,63,153,74,125,140,51,70
red,101,58,140,116,5,104,30,151,106,82
red,0,65,2,136,82,18,67,143,17,153
blue,92,27,1,116,153,90,30,94,17,128
blue,0,38,143,51,93,110,65,121,116,153
blue,25,65,21,106,14,110,142,87,85,93
red,74,65,121,106,110,127,61,2,76,9
blue,31,13,143,76,14,0,134,11,9,66
red,74,61,2,136,66,18,142,143,106,14
blue,90,142,151,8,74,110,61,121,9,66
red,22,44,121,29,110,59,46,2,76,96
blue,22,65,55,116,100,110,142,121,76,66
red,101,58,56,129,93,18,38,140,51,110
blue,34,84,33,69,80,0,26,6,85,110
red,151,26,19,106,47,48,38,121,49,111
red,22,13,121,76,45,112,107,26,49,148
blue,18,30,110,51,100,75,27,23,76,5
blue,22,30,38,116,53,92,84,151,52,110
blue,18,65,121,116,5,107,30,43,29,66
blue,0,54,155,106,82,78,61,121,69,70
blue,146,134,19,51,5,101,40,132,136,66
red,22,142,143,85,66,31,125,122,69,14
blue,39,65,121,29,53,35,27,64,76,66
red,59,61,151,29,9,31,104,143,49,158
blue,34,38,26,52,5,144,125,44,136,128
red,31,61,140,29,9,0,58,62,17,12
red,135,149,33,76,5,104,38,121,51,4
blue,22,54,48,8,70,81,65,159,76,53
blue,152,142,151,29,153,78,61,143,51,96
blue,152,60,143,50,4,52,111,155,51,14
blue,101,23,29,76,96,121,38,133,8,109
red,144,155,110,29,153,18,141,143,76,14
blue,127,125,132,51,14,134,104,121,76,5
red,0,142,159,17,80,151,107,143,76,109
red,144,38,56,29,153,62,65,121,9,108
red,59,65,142,52,126,121,58,0,29,12
blue,134,142,143,29,53,0,84,91,17,128
red,18,38,132,50,128,0,111,91,147,53
red,115,67,101,51,14,0,74,94,24,130
red,151,13,143,76,74,25,125,140,138,108
blue,31,38,124,49,9,48,60,121,29,71
blue,22,23,150,51,4,0,60,85,129,121
red,18,38,132,29,93,34,107,140,128,50
red,47,107,2,136,128,31,84,121,43,108
blue,59,65,19,76,5,31,125,122,69,53
blue,62,142,132,49,45,0,40,140,76,41
blue,47,142,143,49,53,72,61,1,17,108
blue,57,142,69,17,93,90,30,154,51,14
red,75,142,56,69,120,0,23,150,8,128
red,101,84,94,29,53,104,91,110,8,158
blue,105,65,3,49,79,151,84,72,17,71
blue,151,84,11,116,93,34,65,133,69,41
blue,36,13,6,51,5,92,30,0,9,96
blue,0,74,55,76,153,145,84,110,17,122
red,0,27,151,24,79,47,124,154,8,66
red,59,65,125,17,93,0,54,71,76,53
red,34,26,3,17,120,146,124,122,51,66
blue,47,54,144,29,111,74,38,159,17,120
blue,36,38,104,106,120,101,61,56,69,14
red,19,98,32,106,120,0,65,157,24,154
red,43,54,110,76,66,0,98,121,116,120
blue,22,65,26,147,96,146,54,125,17,120
red,22,142,11,17,120,134,149,68,29,128
blue,110,54,11,52,82,48,38,21,116,120
blue,74,149,114,51,53,112,98,55,116,120
blue,25,87,142,76,120,37,67,125,17,53
red,74,61,71,76,123,43,84,124,8,109
red,48,30,101,51,5,102,104,121,17,79
red,137,142,140,49,139,111,75,159,116,70
red,0,74,11,133,70,31,91,140,76,139
blue,152,60,25,51,148,74,92,159,106,66
red,35,134,121,85,120,110,154,1,49,123
red,110,46,140,116,14,37,38,132,51,71
red,0,58,121,116,120,37,38,125,50,70
blue,18,142,121,52,126,2,65,151,69,120
blue,0,134,125,116,120,18,124,121,52,128
red,22,65,121,137,71,88,46,104,76,120
blue,0,117,140,17,71,22,154,56,52,120
blue,0,26,150,76,120,43,67,35,17,15
blue,151,26,33,29,53,112,75,114,51,120
blue,48,75,151,76,120,88,97,140,29,53
red,101,46,2,76,120,110,27,43,17,71
red,42,134,56,24,11,39,98,150,76,120
blue,110,54,101,85,37,107,38,56,76,120
red,35,102,44,69,120,0,61,114,51,153
blue,112,38,132,49,120,110,134,104,51,12
blue,74,67,3,51,120,103,61,2,29,70
red,38,23,150,69,120,31,65,121,76,70
red,19,75,37,106,120,88,54,3,76,128
blue,48,142,2,51,126,114,38,151,49,120
blue,110,84,122,17,70,74,142,148,76,120
red,137,84,151,136,128,69,124,125,52,120
blue,43,65,56,136,126,0,142,33,76,120
blue,114,142,19,52,120,86,84,148,51,74
red,131,30,140,76,120,31,121,64,52,93
red,34,58,121,76,139,37,142,110,106,120
blue,43,23,159,76,120,48,124,72,51,139
blue,35,75,121,106,66,0,30,19,76,4
red,39,40,159,8,74,34,38,19,76,79
red,18,98,19,116,153,104,65,89,49,139
red,74,75,19,116,153,137,38,26,133,148
red,78,13,19,116,119,150,98,151,51,153
red,22,74,121,76,120,90,58,144,51,153
red,110,61,132,29,128,74,141,114,76,120
blue,112,134,56,106,4,18,38,2,76,120
red,0,46,138,49,104,43,40,140,76,120
red,37,40,55,8,53,90,38,101,49,154
blue,101,124,142,51,33,48,38,6,49,12
red,112,142,6,85,126,144,38,3,76,74
red,110,40,56,9,82,74,79,26,76,12
blue,0,38,6,8,66,90,84,151,106,82
blue,0,65,121,17,79,18,107,151,29,120
red,74,67,151,106,82,131,38,55,17,148
blue,2,40,134,129,96,3,75,121,136,100
blue,47,58,139,147,66,36,65,2,116,71
red,74,98,33,51,128,42,58,121,129,66
red,39,84,151,74,108,2,125,121,129,79
red,74,84,110,69,93,62,26,1,49,82
red,0,38,1,29,119,48,27,151,137,70
blue,110,38,121,17,71,0,92,143,49,126
blue,42,75,124,29,112,134,61,121,50,82
blue,48,23,56,51,66,22,30,75,49,158
blue,31,124,151,157,79,0,67,121,51,66
red,74,58,121,147,14,62,40,2,51,82
blue,0,75,140,29,82,42,113,121,106,74
blue,92,141,2,29,148,74,13,33,51,120
blue,37,38,33,51,100,34,77,140,136,93
blue,103,23,150,156,153,0,38,140,49,53
blue,38,65,139,52,128,78,142,140,106,99
red,92,61,155,129,100,91,23,151,116,158
red,35,67,140,116,14,101,54,155,51,4
blue,47,65,32,9,41,0,113,94,76,93
red,149,23,115,137,53,0,67,155,52,5
red,78,38,140,150,80,74,61,2,52,66
red,88,54,125,51,66,74,26,94,29,80
red,90,13,155,63,70,101,102,121,129,66
blue,0,40,2,8,82,151,84,110,52,100
blue,48,124,33,76,66,37,94,140,116,70
red,65,142,159,136,99,101,107,56,52,74
red,43,111,64,49,5,0,142,56,29,53
red,48,111,26,51,93,101,124,11,76,99
blue,0,13,64,85,153,78,111,125,50,128
blue,112,134,121,24,128,78,111,144,29,53
blue,112,111,110,76,46,0,84,62,136,100
red,72,111,56,106,74,91,60,43,51,120
red,0,23,150,51,5,31,61,121,147,96
red,107,61,32,29,99,31,142,138,147,96
blue,0,38,78,116,70,13,149,121,51,5
red,0,145,104,76,111,18,75,64,29,148
red,107,61,121,29,159,81,30,148,51,158
blue,47,84,121,76,66,107,60,1,51,128
red,31,142,159,49,111,0,44,55,29,148
blue,90,23,150,85,12,154,65,101,76,128
blue,37,75,43,49,9,47,40,64,76,66
blue,151,75,68,69,53,0,18,91,76,70
red,90,87,150,51,30,104,61,142,106,82
blue,37,23,150,24,87,0,67,155,17,79
red,0,30,1,63,70,31,61,19,76,119
red,0,102,132,116,53,151,30,91,51,70
blue,110,155,33,24,93,127,61,56,49,148
red,43,142,54,50,128,0,46,110,51,14
blue,0,130,19,76,5,112,154,1,17,71
blue,72,65,110,51,82,158,27,0,29,111
blue,110,107,37,24,128,0,28,56,9,53
red,107,117,1,137,37,101,98,120,29,4
red,0,65,69,120,53,31,92,121,106,82
red,0,65,56,148,119,34,84,101,17,82
red,107,30,155,8,14,68,61,121,29,53
blue,36,40,56,69,70,121,107,1,24,110
red,81,142,143,63,70,43,107,55,76,96
blue,95,77,140,116,153,107,124,155,29,100
red,110,30,13,24,53,62,38,11,8,119
blue,110,30,125,49,119,47,84,35,129,70
blue,123,38,55,9,70,31,145,19,17,14
blue,37,40,89,147,82,25,98,140,50,74
red,88,145,33,8,14,34,65,120,17,70
red,110,27,114,29,66,36,84,125,133,53
blue,104,38,125,51,111,135,98,159,24,128
red,22,27,69,29,53,0,65,64,8,119
red,92,84,138,51,9,59,54,155,63,70
red,34,54,110,49,120,131,111,55,17,53
blue,90,58,11,137,153,88,65,143,106,82
red,131,13,3,54,153,74,111,138,76,71
red,134,84,94,24,5,110,60,55,29,80
blue,36,40,124,51,82,101,54,151,76,130
red,0,54,64,51,130,88,44,159,106,66
blue,31,98,56,8,99,0,67,150,19,14
red,0,61,121,17,100,102,84,38,109,120
blue,107,65,121,129,74,112,38,55,29,53
blue,41,26,94,17,82,105,60,155,8,128
red,112,142,121,29,45,34,65,11,17,70
red,31,124,159,52,82,112,38,151,85,153
blue,22,5,11,17,14,31,44,1,76,74
red,18,65,64,69,70,101,28,51,76,126
red,107,44,120,106,74,144,58,151,51,4
blue,2,75,132,51,66,123,86,121,106,120
red,95,154,121,8,128,104,40,125,51,4
blue,90,155,2,52,115,74,149,64,85,70
red,22,74,3,29,111,0,28,151,8,128
blue,110,23,144,51,93,145,13,33,106,82
red,48,26,150,116,37,59,38,121,8,14
red,3,23,6,76,96,37,38,2,51,74
red,37,46,150,50,16,74,38,87,106,5
blue,145,154,6,49,119,0,84,64,52,5
red,104,125,2,106,128,74,40,143,17,70
red,101,40,33,51,93,0,65,105,49,122
blue,92,26,151,52,5,47,27,3,17,71
red,110,142,1,29,82,48,38,124,106,74
blue,31,65,1,29,110,151,27,89,51,93
red,78,61,1,116,99,47,23,151,29,153
red,36,38,1,17,53,19,74,143,63,70
blue,34,102,33,29,45,145,40,1,51,82
blue,154,38,56,51,100,47,141,1,29,158
blue,0,91,1,17,41,88,54,125,51,7
blue,90,98,1,51,4,74,38,64,76,14
red,135,111,1,49,148,101,40,56,147,128
red,47,28,1,76,111,3,91,64,29,14
blue,110,98,56,9,82,0,61,1,17,139
red,123,38,1,106,5,146,65,148,17,74
red,0,65,1,49,41,38,27,94,17,148
blue,91,38,33,52,41,48,54,1,17,5
red,88,65,1,29,153,134,155,104,76,53
red,48,84,1,9,158,43,124,122,76,128
blue,34,111,143,116,53,115,98,1,76,5
red,43,23,1,150,74,47,65,68,69,4
red,105,61,1,76,74,22,75,122,50,145
red,102,125,1,17,71,74,65,159,116,66
blue,0,13,143,51,14,31,98,1,129,37
red,74,98,1,49,158,131,102,121,52,93
red,18,74,11,106,93,38,40,1,109,19
red,2,134,124,29,53,114,125,1,76,120
red,130,84,1,29,66,2,30,94,8,158
blue,78,65,144,69,66,31,58,1,29,53
blue,43,86,132,106,82,0,87,121,69,16
red,0,38,1,63,70,110,84,151,69,153
red,74,61,132,116,160,22,154,143,17,71
blue,131,40,1,29,160,34,130,56,76,120
blue,48,142,143,49,53,92,65,121,17,4
red,0,142,154,129,100,47,26,155,8,153
red,0,84,121,116,70,36,38,104,106,14
blue,25,13,121,51,4,36,65,114,52,66
blue,110,65,71,116,14,89,40,32,17,93
red,43,58,148,51,128,31,38,6,106,66
blue,110,124,55,136,14,35,84,151,106,66
blue,0,134,159,49,79,105,61,3,76,16
red,0,146,89,106,66,40,125,143,17,93
red,110,27,85,120,14,59,84,103,51,82
blue,59,61,121,76,108,74,146,43,17,14
red,107,111,56,69,14,74,38,124,51,140
blue,103,84,155,76,100,31,65,121,129,14
red,36,84,125,52,14,48,30,155,147,5
blue,0,40,68,106,93,43,111,151,116,16
blue,15,54,151,51,93,13,75,9,106,99
blue,48,38,64,76,4,101,98,89,106,66
red,104,65,1,29,128,110,54,37,51,93
red,0,107,1,76,66,74,84,110,51,99
red,127,46,74,120,66,22,124,132,17,5
blue,88,61,56,29,66,78,38,91,157,82
red,31,38,114,8,14,18,54,151,17,53
blue,81,84,43,49,66,36,65,121,9,53
red,101,124,33,51,82,90,38,64,50,74
red,88,65,43,51,14,74,84,110,24,123
blue,81,27,125,29,108,110,65,56,17,153
red,101,65,159,106,128,110,54,3,76,109
blue,31,107,1,106,66,39,134,71,29,160
blue,31,61,1,29,14,0,38,89,116,153
blue,113,142,2,136,111,0,134,121,8,93
blue,107,84,110,51,96,74,61,37,106,82
red,47,98,1,51,128,0,23,150,29,96
blue,0,67,151,50,14,112,98,143,51,128
red,101,61,2,29,153,25,130,1,116,53
blue,122,142,19,8,148,31,84,151,29,9
blue,101,107,56,51,82,104,40,121,29,70
blue,0,141,142,136,154,127,65,55,49,128
blue,158,26,42,17,79,144,38,33,50,128
red,34,84,1,106,99,18,142,6,29,5
blue,102,65,140,17,9,35,26,125,116,123
red,112,30,140,116,153,146,142,2,106,74
red,102,67,155,29,148,36,40,2,156,11
blue,35,84,143,29,153,81,38,151,51,5
red,22,142,120,51,66,43,38,155,17,128
red,0,146,6,116,82,113,61,122,76,79
red,88,65,104,52,93,146,84,33,116,79
red,13,30,73,136,70,131,98,64,106,99
red,78,65,64,51,96,43,26,132,106,93
blue,74,94,2,69,153,57,142,150,29,14
blue,101,134,132,129,153,0,146,1,52,128
blue,36,142,19,8,9,48,84,124,50,14
red,74,65,15,116,153,34,142,3,29,53
blue,47,125,144,51,9,151,38,143,136,80
red,0,38,120,51,93,31,98,32,137,100
blue,107,54,94,76,74,110,149,143,17,53
red,22,111,150,17,159,101,38,142,106,99
red,47,54,142,106,99,114,84,101,29,96
red,104,98,142,52,82,34,84,89,106,99
red,0,61,23,137,53,112,38,159,116,120
blue,0,61,105,8,128,112,75,55,17,71
red,22,142,122,106,5,144,65,64,76,4
blue,0,58,11,51,126,47,27,1,17,93
blue,104,23,101,106,82,47,142,121,51,110
red,34,61,1,76,74,59,40,139,51,158
blue,74,27,110,17,148,52,38,78,51,14
blue,47,124,94,136,148,0,134,159,51,128
red,134,65,64,51,148,74,38,1,106,99
red,47,65,139,29,122,142,54,125,106,82
blue,18,38,140,17,108,99,46,144,29,53
blue,34,38,56,116,153,37,61,125,17,71
red,59,65,94,8,5,31,125,121,116,70
red,131,65,143,29,16,47,154,125,76,14
red,37,58,121,106,93,101,154,2,50,5
blue,47,97,143,76,153,0,65,64,109,108
red,54,61,33,51,5,121,27,94,8,93
red,48,124,131,69,74,43,27,155,29,53
red,34,65,64,8,100,59,141,159,52,128
blue,37,65,142,8,122,62,87,151,29,153
blue,104,60,34,17,70,59,142,33,24,128
blue,59,38,132,106,4,102,75,155,8,16
red,59,74,121,76,93,88,84,26,24,128
red,31,84,23,29,74,101,54,73,76,5
blue,104,92,73,147,74,103,84,125,106,99
red,59,40,133,85,53,19,149,159,129,82
blue,135,23,151,76,153,59,65,121,51,93
blue,19,40,142,129,153,22,27,56,76,99
red,19,142,143,106,74,101,98,56,51,14
red,48,54,143,52,93,36,38,64,76,74
red,0,61,121,116,4,151,58,55,85,74
blue,25,38,2,52,5,154,60,11,85,74
red,37,38,19,106,66,0,65,144,133,82
red,31,61,104,69,6,101,65,56,29,12
red,103,38,37,106,154,0,58,2,29,53
red,149,78,121,8,70,0,40,157,17,159
red,90,65,159,49,153,101,27,151,17,79
red,90,142,122,116,82,92,134,104,17,71
red,18,54,143,106,5,74,65,11,29,4
red,57,54,94,116,108,90,75,26,17,119
red,0,84,94,76,123,72,155,87,156,119
red,0,87,151,49,41,22,40,159,76,6
blue,0,65,121,51,70,135,27,3,24,93
red,0,54,73,29,93,35,84,138,51,114
blue,113,75,132,76,126,115,38,143,85,5
red,101,26,2,52,93,36,38,121,29,9
red,131,58,143,29,128,43,30,38,76,53
blue,103,98,11,116,5,101,75,159,29,82
red,90,26,2,50,5,0,38,121,8,96
blue,18,38,73,51,87,115,142,148,147,41
red,18,65,104,8,118,149,44,89,50,128
red,0,65,121,24,100,104,141,143,9,53
red,73,58,124,76,99,105,13,11,29,91
red,102,87,121,24,82,90,130,133,17,5
blue,103,125,11,17,53,24,27,121,76,128
red,39,65,142,85,153,34,84,151,29,53
blue,88,23,142,76,153,43,40,132,24,128
blue,3,84,151,17,9,44,65,140,76,108
blue,0,40,2,17,66,18,30,155,24,5
red,31,84,155,29,53,90,61,54,9,70
blue,0,30,2,29,12,110,107,32,24,126
blue,43,46,89,136,33,31,65,138,24,93
red,74,65,121,29,153,37,40,91,106,14
blue,0,74,121,52,5,101,65,124,29,153
red,101,60,121,24,14,0,84,1,17,79
red,58,124,26,24,14,38,65,6,29,74
red,134,98,131,29,14,137,154,64,24,82
red,74,102,11,51,126,114,142,121,8,16
blue,134,37,1,17,71,107,75,110,29,30
blue,88,124,33,17,108,64,146,151,49,53
red,110,38,90,116,14,34,142,121,76,5
red,42,65,64,51,79,90,13,68,8,70
blue,95,13,143,120,96,74,38,11,69,153
blue,131,23,150,29,123,59,27,101,51,74
red,47,61,124,29,119,31,84,2,69,123
blue,154,38,122,51,74,18,124,155,29,12
red,25,155,143,51,100,146,27,134,29,153
blue,123,94,127,106,9,83,111,121,116,79
red,0,125,159,136,12,48,67,144,49,153
blue,0,61,120,133,126,47,38,122,50,70
blue,57,61,155,51,119,151,97,125,106,120
red,18,30,151,29,120,90,155,121,106,99
blue,18,27,29,35,120,0,124,110,51,5
blue,59,125,89,24,12,74,67,142,51,5
red,31,40,94,116,108,48,65,121,137,53
red,25,61,121,29,109,112,84,101,51,82
blue,25,26,151,116,108,144,142,143,51,82
red,25,124,110,51,14,31,84,159,76,93
blue,39,40,125,137,79,25,38,120,17,82
red,101,107,151,106,66,39,134,159,51,91
blue,102,134,122,51,82,0,111,89,69,99
blue,0,38,159,51,126,101,84,94,136,128
red,74,61,159,76,126,101,65,1,106,99
red,36,155,159,124,66,103,84,1,109,4
blue,31,84,159,51,93,18,124,151,52,82
blue,134,130,1,51,4,62,84,105,116,5
red,88,23,150,49,160,19,46,151,136,70
blue,117,61,159,29,5,90,125,143,51,93
blue,144,134,121,136,82,41,107,2,76,66
red,151,54,121,29,53,90,65,94,76,82
blue,18,38,11,52,66,0,75,33,109,79
blue,0,65,159,116,93,25,67,150,17,82
blue,103,84,150,50,158,0,38,159,17,100
blue,103,142,121,120,12,112,84,151,69,14
blue,78,84,155,29,53,107,102,6,69,100
blue,121,65,101,76,91,134,154,151,133,70
red,151,30,131,54,33,37,61,104,76,5
blue,39,142,121,29,65,81,124,93,51,74
red,131,124,140,29,74,90,84,93,51,66
blue,35,84,143,51,14,41,40,93,17,79
red,121,98,93,51,66,2,58,155,63,70
blue,110,44,93,51,120,0,84,151,116,70
blue,0,5,93,52,66,59,86,121,76,153
blue,107,124,110,49,66,22,111,121,116,53
blue,78,125,121,51,14,22,98,140,106,5
blue,48,40,121,50,70,31,38,33,17,74
blue,134,58,159,106,14,44,102,21,76,79
blue,134,98,125,76,14,121,111,150,116,70
red,42,38,144,147,74,134,65,159,85,70
red,142,65,124,133,91,90,125,2,63,70
blue,134,154,11,50,14,22,65,139,116,53
blue,134,61,121,29,53,37,124,103,17,71
blue,134,91,151,17,79,152,38,121,29,14
red,19,98,23,24,128,2,75,155,85,74
red,3,67,126,51,93,110,75,2,76,74
red,0,75,33,17,100,31,38,159,106,74
blue,101,84,68,69,30,22,65,11,52,66
red,3,27,150,136,96,90,38,1,137,70
blue,72,142,122,29,9,144,74,140,106,93
blue,3,142,121,147,5,134,61,114,106,82
red,18,26,94,51,5,78,155,121,8,74
red,150,38,89,76,74,48,65,2,129,37
red,31,84,1,85,82,151,58,104,137,80
red,151,54,122,106,4,121,111,19,51,83
red,101,84,150,8,74,24,154,140,29,53
blue,110,27,56,17,128,18,125,124,9,82
blue,101,26,155,49,153,35,40,104,85,45
red,101,27,94,17,79,112,141,56,50,83
red,101,134,133,8,128,2,84,149,51,159
red,47,27,33,17,128,31,142,104,8,119
red,31,98,133,29,4,34,146,2,106,14
blue,112,65,121,29,93,31,75,140,51,14
blue,52,134,26,29,82,31,40,140,147,79
blue,72,67,142,76,74,22,65,120,85,124
blue,72,111,150,9,14,48,98,142,137,70
blue,90,154,11,24,5,101,38,2,76,96
red,74,40,2,17,128,158,154,151,76,110
blue,36,65,121,106,99,31,142,2,85,109
blue,105,84,104,52,100,59,61,10,109,9
red,134,124,151,106,93,101,65,140,137,99
red,101,54,92,63,70,137,134,124,50,120
blue,47,67,68,17,53,101,65,159,106,82
red,39,60,148,106,100,34,84,151,8,70
blue,151,46,138,106,82,107,61,148,50,128
blue,102,58,159,76,5,110,142,55,51,70
red,110,61,44,51,99,74,87,64,106,82
red,105,26,155,106,99,59,130,44,51,82
red,48,130,144,106,82,74,124,155,17,66
blue,22,75,11,116,79,74,149,120,51,82
blue,101,102,159,51,14,0,91,73,129,93
red,31,142,158,76,128,2,38,55,129,66
red,22,38,33,8,4,101,84,159,51,14
blue,110,27,11,24,14,101,84,122,29,79
red,101,146,1,24,126,0,67,94,136,123
blue,74,98,121,52,82,47,75,124,50,123
red,90,38,121,52,82,0,58,124,51,100
red,88,84,13,29,82,37,98,121,108,119
blue,59,65,151,106,5,74,67,150,51,82
red,114,98,154,51,82,112,61,105,49,123
blue,31,26,43,8,100,152,61,11,51,128
red,65,54,151,17,71,0,27,89,51,12
blue,151,38,64,69,93,22,61,89,120,99
blue,36,102,6,51,99,62,40,55,29,160
blue,90,146,150,106,99,0,98,68,52,126
blue,18,124,110,76,82,0,142,121,29,158
blue,70,61,32,76,53,155,26,94,17,158
red,35,124,23,76,158,67,74,125,29,99
blue,36,27,6,51,74,60,38,148,29,14
red,101,74,121,76,16,107,84,94,51,158
red,74,98,125,49,158,3,40,2,29,119
blue,91,75,143,17,159,74,61,89,133,158
blue,43,75,121,76,99,130,40,120,9,158
red,90,65,104,116,70,115,67,101,29,53
red,0,67,124,51,82,127,65,151,50,158
blue,0,130,55,63,100,151,40,141,116,158
blue,31,98,56,51,5,0,84,1,29,99
red,37,23,35,69,126,47,61,121,8,128
red,18,38,140,76,158,36,54,101,29,93
red,11,91,122,52,14,2,125,121,51,66
blue,22,27,155,29,153,0,94,6,51,93
blue,37,46,151,106,14,48,107,2,51,93
blue,0,84,159,51,14,107,65,6,69,93
blue,39,98,101,29,153,48,65,124,116,118
red,0,38,121,51,96,146,107,11,52,82
red,131,37,155,51,93,0,92,35,29,53
red,122,38,6,49,109,104,125,151,51,111
red,47,65,159,116,12,59,75,143,29,53
blue,125,54,151,52,74,48,38,1,106,99
blue,0,65,143,17,71,48,141,64,136,53
red,151,38,105,29,14,74,40,55,76,153
red,151,84,33,29,100,0,154,121,76,109
blue,151,38,124,51,82,0,46,68,106,14
red,2,40,151,29,53,3,26,121,129,99
blue,101,84,155,29,70,18,27,94,49,160
red,90,92,121,51,5,101,38,143,76,160
red,99,38,26,29,5,113,65,33,51,160
blue,74,98,121,51,4,112,38,64,49,160
red,62,38,89,49,160,0,111,1,29,41
red,81,155,132,52,66,47,30,151,85,160
red,145,38,139,17,70,150,142,122,116,160
blue,59,125,121,51,66,39,98,151,116,160
red,0,98,19,49,160,110,60,159,51,53
blue,92,142,148,24,100,48,74,121,136,66
blue,151,65,2,8,126,137,74,148,51,82
red,0,92,154,106,5,22,67,143,76,91
red,65,134,155,50,70,151,54,150,24,128
red,101,84,151,24,80,113,65,1,52,100
blue,112,40,64,24,70,62,58,151,17,5
red,131,65,55,49,71,42,75,54,129,74
red,42,38,1,8,128,101,107,10,51,74
red,74,130,155,51,4,152,87,1,76,96
red,90,98,159,106,66,150,107,89,29,93
blue,127,40,33,116,108,90,74,143,69,159
blue,151,124,121,76,14,90,84,101,8,108
red,90,54,158,29,153,91,145,48,133,128
blue,152,107,11,49,66,90,38,121,116,53
red,90,61,121,106,66,122,65,114,76,5
blue,90,142,151,8,66,0,107,94,52,5
red,127,84,0,29,126,65,130,64,137,53
blue,39,58,2,51,9,0,84,43,17,119
blue,48,84,11,51,5,0,142,124,29,66
red,74,38,150,147,96,34,23,110,85,153
blue,90,87,151,51,128,37,75,143,29,46
red,62,54,151,116,9,74,65,26,29,153
blue,36,40,21,120,153,48,67,89,51,128
blue,101,98,143,29,27,48,38,2,106,99
red,74,94,33,69,64,18,154,114,51,93
blue,114,141,155,76,14,31,84,68,24,96
red,31,65,87,29,5,0,84,125,106,128
red,62,67,94,8,153,47,124,151,129,4
blue,48,23,151,129,4,78,65,150,8,70
blue,89,134,121,29,53,77,98,159,76,128
red,114,40,43,50,70,134,125,120,29,153
red,134,86,140,147,128,114,61,151,51,14
red,121,84,120,106,100,95,117,25,156,119
red,114,38,56,17,9,22,65,64,76,14
red,114,38,151,116,30,2,155,143,106,82
blue,47,27,143,76,14,35,23,150,29,53
red,114,26,94,9,15,34,84,121,29,99
blue,117,40,0,51,153,47,60,64,29,66
red,114,124,110,49,74,90,38,19,136,70
red,114,13,110,17,12,121,149,101,50,70
blue,78,13,43,51,93,38,75,32,106,100
blue,22,65,2,49,148,90,98,140,147,160
blue,22,74,2,29,16,47,65,121,51,4
red,47,61,56,51,82,0,65,143,76,70
red,114,38,155,51,14,59,40,64,116,96
red,0,28,86,19,153,47,65,43,69,45
red,59,65,140,51,93,47,142,2,76,66
blue,74,65,148,76,5,47,124,121,24,93
red,25,134,121,51,154,47,65,143,69,70
red,22,142,144,51,82,145,65,11,136,53
red,107,61,2,29,53,47,60,120,51,74
red,90,23,125,85,70,0,142,159,69,80
blue,0,142,104,52,100,47,54,125,29,119
red,0,40,105,76,53,131,46,121,17,9
blue,90,26,125,51,93,114,75,140,24,66
blue,0,65,19,29,53,114,75,121,24,128
red,107,65,56,52,99,114,61,121,51,110
blue,25,58,143,51,70,31,92,148,29,14
red,154,40,125,8,70,0,30,143,51,82
red,101,84,22,29,30,34,58,121,49,153
blue,110,84,43,29,128,154,61,89,106,93
blue,90,65,121,29,82,18,37,151,51,91
blue,112,124,151,133,70,121,113,3,76,128
red,95,23,121,150,74,34,98,68,51,128
red,92,67,136,51,66,74,65,89,106,82
blue,31,27,89,106,66,34,61,143,8,96
blue,31,38,143,116,71,74,61,6,76,159
blue,74,142,6,29,71,31,38,125,49,111
blue,110,125,143,116,153,74,111,151,136,128
red,145,26,43,85,128,102,84,121,136,82
red,110,13,1,76,119,154,111,139,69,153
blue,31,38,1,136,70,74,75,140,51,14
red,90,67,142,136,119,18,23,43,106,74
red,18,142,64,51,158,22,38,11,52,93
blue,31,107,110,17,118,18,58,143,51,153
blue,74,142,11,49,53,90,38,19,29,153
blue,31,92,103,69,80,0,84,43,29,12
red,88,26,3,24,41,112,13,159,52,158
red,112,58,83,51,14,3,26,151,50,71
blue,37,61,121,9,126,90,142,155,51,14
red,78,38,71,137,118,0,60,151,106,82
red,42,134,159,29,14,0,75,124,51,12
blue,18,54,94,76,128,151,26,125,51,153
blue,112,61,122,129,126,107,134,121,49,12
red,18,38,140,49,111,74,65,1,17,70
red,59,142,124,17,128,73,65,6,50,123
blue,103,61,114,29,153,2,65,120,24,79
blue,0,84,148,76,74,110,75,6,63,100
red,47,111,120,24,70,0,98,11,29,153
blue,103,58,142,116,93,74,28,155,29,53
red,103,40,136,76,82,0,142,140,133,158
red,47,38,124,29,53,34,84,140,76,119
red,35,65,68,29,139,74,142,124,76,119
blue,144,65,37,50,128,151,26,121,51,154
red,101,46,125,157,93,53,65,33,51,99
blue,0,124,89,9,99,43,13,125,17,119
red,88,13,89,29,41,47,84,94,76,99
red,137,38,121,51,53,74,65,1,76,128
red,76,77,6,144,66,18,61,83,8,126
red,38,58,6,17,118,18,65,143,29,41
red,134,61,136,29,110,101,87,1,106,74
blue,22,65,143,116,93,110,54,89,29,53
red,110,97,121,29,148,42,27,114,17,119
red,39,38,140,49,14,0,26,101,17,41
blue,74,65,32,29,53,154,27,155,49,93
blue,0,65,132,147,96,92,60,143,29,153
red,74,58,121,51,159,107,54,155,116,71
blue,36,46,121,51,14,39,40,120,116,153
blue,122,58,33,116,9,145,61,121,76,41
blue,0,54,32,116,14,155,84,123,51,74
blue,151,23,150,49,128,1,61,32,51,93
red,59,141,2,116,108,0,30,1,51,158
red,127,84,110,49,128,121,65,145,116,79
red,36,134,150,52,53,103,58,11,116,37
red,113,5,42,52,93,22,26,94,51,37
blue,88,149,159,49,108,22,38,121,116,74
blue,151,61,1,8,74,31,87,34,51,93
blue,43,98,159,50,14,0,125,10,116,53
blue,74,60,143,51,93,146,13,89,85,119
blue,115,28,64,52,4,34,92,143,85,12
red,47,27,155,51,82,18,65,33,69,153
blue,36,84,155,147,154,65,134,74,116,53
red,31,13,64,51,4,90,60,155,17,82
blue,36,30,1,106,14,104,125,55,51,119
red,47,84,143,52,128,110,38,140,69,79
red,151,98,15,76,82,11,65,132,51,14
blue,18,38,143,8,70,36,65,144,49,148
blue,131,61,54,106,99,74,84,151,116,53
blue,107,26,91,51,82,59,65,121,136,93
blue,37,75,19,29,53,59,142,121,76,153
blue,39,98,6,50,12,146,30,151,29,53
red,36,26,132,29,53,0,84,159,51,139
blue,18,38,73,9,74,90,28,125,29,153
red,25,26,159,17,139,88,28,71,29,121
blue,37,145,155,29,14,18,92,11,51,70
blue,112,40,121,85,126,18,98,143,29,70
blue,0,98,64,8,74,101,58,159,29,70
blue,22,38,2,29,70,48,26,43,8,5
red,151,27,64,29,14,107,75,56,49,160
red,0,37,121,29,82,31,38,56,9,14
red,90,124,151,29,120,137,117,158,8,53
blue,151,37,33,8,82,90,61,101,29,70
red,135,65,140,29,70,39,38,56,51,128
blue,74,134,56,51,12,0,98,121,29,70
red,110,84,94,51,82,43,38,64,29,70
blue,47,13,143,29,14,135,65,55,85,82
red,127,38,121,51,66,114,84,69,150,82
blue,144,98,121,9,14,34,38,83,51,66
blue,47,124,121,76,5,25,84,155,51,82
red,152,13,2,85,82,92,84,94,24,5
red,0,27,150,51,4,110,87,19,106,74
blue,36,107,121,51,82,0,38,140,49,53
red,112,38,2,15,96,36,58,121,51,9
red,3,58,1,51,82,102,142,159,15,153
red,62,102,2,147,45,35,142,144,51,82
blue,90,142,64,8,33,62,54,125,17,79
red,62,40,104,116,96,0,107,37,69,158
red,0,23,155,116,70,151,154,143,76,119
blue,39,27,150,106,74,0,98,143,76,100
red,101,23,150,147,154,11,142,110,136,160
red,19,142,140,136,148,88,74,55,17,70
blue,88,61,159,8,14,151,124,3,17,128
red,74,23,155,24,126,110,141,142,102,44
red,34,65,155,136,82,115,84,159,51,128
red,101,154,56,24,128,110,84,155,17,70
blue,90,40,143,8,153,22,54,121,76,79
red,101,61,125,63,70,103,38,26,76,66
red,74,142,0,51,5,101,60,73,116,153
red,54,38,154,52,99,137,26,151,106,82
blue,88,58,121,106,99,74,111,11,137,82
red,22,38,143,51,93,31,30,121,29,45
red,74,142,121,156,120,33,44,86,51,14
blue,18,124,140,50,93,78,102,155,17,82
blue,102,98,150,17,138,22,142,2,116,112
blue,101,65,2,52,128,90,60,121,150,4
blue,144,58,155,52,5,74,98,64,29,66
blue,56,38,32,51,4,88,54,62,50,128
red,22,75,6,19,74,146,27,104,137,93
blue,62,40,144,17,5,74,27,129,49,66
blue,101,142,143,8,153,110,75,104,106,14
red,22,65,121,29,93,0,37,140,17,71
blue,123,13,121,49,126,31,75,105,116,5
blue,88,38,89,133,5,31,26,94,116,119
blue,0,74,121,51,14,78,107,29,17,128
red,34,98,121,63,118,101,75,159,116,9
blue,47,84,110,51,120,0,125,121,52,126
red,112,98,33,51,74,110,124,121,29,70
red,127,37,151,51,5,115,61,143,41,110
blue,107,30,140,85,12,101,84,0,51,93
blue,18,65,121,24,3,43,58,159,51,93
red,47,40,143,51,74,0,98,140,129,93
red,34,60,134,51,128,101,84,83,29,12
blue,131,124,125,106,82,0,98,121,137,9
blue,0,84,104,51,14,77,38,143,69,5
blue,131,61,1,29,66,25,75,64,17,9
blue,31,58,2,116,5,34,141,143,17,9
red,90,75,143,17,71,115,54,56,29,5
red,101,54,140,29,70,31,125,122,49,93
blue,110,65,56,29,53,81,84,151,106,37
red,103,38,143,51,82,37,84,151,29,109
blue,37,98,11,106,82,47,92,121,29,74
red,37,142,104,51,74,0,38,87,69,100
red,2,84,151,76,4,0,65,37,129,120
red,3,26,101,51,126,74,54,155,106,37
blue,22,38,121,8,82,34,84,37,29,16
red,77,98,37,106,128,0,54,83,76,53
blue,103,124,151,106,5,0,75,37,85,118
blue,101,30,138,136,119,78,46,43,137,93
blue,34,38,89,147,93,131,84,143,106,99
blue,131,65,143,24,93,37,38,155,29,96
blue,42,75,89,24,74,37,142,104,51,66
blue,35,91,125,116,108,0,65,37,29,71
red,151,84,37,8,128,0,134,1,51,93
blue,62,155,37,63,126,74,142,120,51,100
red,34,58,37,8,128,57,61,6,50,93
red,74,13,133,147,14,121,107,37,51,93
red,36,61,121,24,119,0,65,37,29,53
blue,34,27,140,9,70,121,65,125,51,109
red,31,65,6,51,93,104,38,159,136,119
red,38,84,110,51,93,48,107,56,133,76
red,18,84,69,51,96,130,75,121,76,19
red,78,40,43,29,153,112,86,143,51,99
red,18,97,11,8,12,48,74,32,137,153
red,0,104,110,156,41,78,40,37,29,160
blue,62,125,1,29,41,18,65,140,50,70
blue,0,65,83,49,79,110,61,121,17,92
blue,18,60,11,106,82,0,61,89,17,79
red,110,84,154,17,53,0,130,6,133,153
blue,22,65,2,85,108,25,111,121,147,119
blue,0,38,89,51,66,18,107,121,29,70
red,135,84,56,129,123,31,111,74,17,153
blue,42,38,122,17,79,18,40,143,76,5
blue,42,38,55,137,79,18,65,56,49,15
blue,0,142,132,51,82,146,38,143,120,100
blue,31,67,11,51,126,146,142,23,76,128
red,43,92,151,50,74,22,75,9,52,5
blue,22,111,2,76,118,31,23,95,29,53
red,151,141,140,136,96,137,142,64,9,45
blue,18,84,64,76,153,62,40,23,63,70
red,0,26,3,76,83,101,92,132,106,4
blue,2,142,94,29,128,0,77,155,51,14
blue,101,60,143,106,99,112,87,121,50,91
blue,0,40,124,29,87,34,84,1,76,5
red,47,58,159,133,14,112,38,121,76,93
red,47,84,43,137,53,110,107,121,51,128
red,47,27,151,85,100,107,102,144,129,93
blue,59,61,142,85,153,47,27,159,106,100
red,47,125,121,51,14,103,65,64,136,9
blue,92,65,140,17,12,47,102,144,76,5
red,47,98,144,49,93,19,142,68,51,83
blue,47,75,159,51,5,0,38,150,69,70
red,47,154,121,8,118,0,54,94,49,153
red,31,61,132,106,66,74,65,121,17,110
blue,47,58,2,129,12,18,124,38,69,74
blue,88,142,2,51,82,47,60,121,8,128
blue,0,84,68,85,66,47,65,143,76,41
red,31,98,56,106,14,47,74,0,41,53
blue,47,58,155,116,70,74,107,56,17,14
blue,103,124,125,8,82,47,65,150,29,9
red,47,54,150,52,126,90,58,121,17,12
blue,47,98,92,29,82,22,38,64,147,66
blue,74,146,151,8,70,47,65,143,109,93
red,34,46,89,51,128,47,65,110,136,54
blue,31,46,89,8,53,47,13,3,17,70
red,144,67,110,116,70,89,107,47,129,5
red,47,38,56,129,5,48,65,10,29,74
red,47,65,56,129,93,2,38,121,9,82
blue,47,23,75,50,128,110,107,131,49,109
red,47,38,56,8,100,34,84,151,9,93
red,47,84,3,69,70,74,65,73,51,12
red,47,84,3,106,99,0,23,43,49,4
blue,120,30,125,106,93,47,40,2,52,74
blue,22,38,3,49,15,90,98,151,116,148
red,22,27,91,9,119,47,84,122,76,71
red,0,84,140,24,74,151,102,105,49,110
red,158,65,1,116,70,47,58,121,29,12
blue,47,40,89,76,53,115,27,125,29,66
blue,47,61,121,29,53,0,40,89,51,70
red,47,124,151,51,5,0,92,89,76,12
blue,0,104,121,51,74,47,61,125,17,14
red,47,13,87,9,84,0,65,56,29,153
blue,31,141,159,29,70,0,38,64,51,82
blue,152,54,90,29,109,0,61,151,129,5
blue,104,65,2,17,16,95,84,94,106,5
blue,104,142,1,106,82,0,30,121,76,5
red,11,38,37,106,4,121,84,151,69,45
red,107,61,121,17,45,0,38,159,76,5
red,88,38,124,116,14,78,142,37,51,74
red,36,27,75,49,66,74,38,11,69,93
red,57,44,43,156,5,117,84,75,51,96
blue,22,124,121,8,96,117,65,40,157,128
blue,90,107,56,116,153,117,92,121,8,82
red,134,13,94,8,14,117,91,55,69,12
red,117,54,3,51,82,107,61,33,106,74
blue,52,40,148,29,83,65,125,2,49,93
red,38,87,132,147,70,47,111,11,129,5
red,103,13,55,129,5,120,142,121,150,79
red,18,60,19,136,79,78,38,121,129,82
red,150,74,121,129,5,137,58,143,17,71
red,43,61,68,129,119,74,75,33,116,159
red,47,124,125,76,70,0,23,43,129,91
red,150,46,159,129,82,0,134,56,8,66
blue,103,61,11,63,70,0,27,150,129,119
red,101,149,6,8,70,48,13,64,129,74
blue,18,61,1,9,128,101,58,64,136,93
red,134,98,56,24,123,48,46,7,29,128
blue,34,27,89,8,124,0,98,56,29,123
red,13,98,56,51,93,72,58,132,49,70
red,47,98,56,76,79,115,84,110,116,153
red,74,61,64,106,99,134,104,94,52,12
red,127,38,143,136,128,48,26,64,106,93
blue,90,149,11,136,53,62,65,140,129,5
red,90,98,69,120,53,74,65,140,129,70
red,0,87,155,49,130,88,61,143,8,128
red,43,61,143,17,53,48,142,105,8,128
red,152,38,121,106,5,22,142,159,136,126
blue,0,86,23,136,93,36,84,151,29,41
red,47,61,121,52,93,0,125,143,51,14
blue,22,145,121,51,9,0,54,125,29,109
red,62,142,19,76,70,110,124,33,106,66
red,88,61,2,106,5,154,65,121,50,16
red,43,46,159,137,70,0,23,115,51,93
blue,18,61,64,52,99,101,98,159,8,96
blue,48,38,11,69,74,146,65,104,52,99
red,74,61,1,106,99,103,124,43,137,128
blue,0,61,117,29,16,22,54,3,76,99
red,0,27,121,29,53,110,26,155,76,128
red,103,84,155,69,53,0,65,32,136,14
red,43,94,158,116,153,103,61,143,106,82
red,0,38,55,51,99,103,26,56,52,119
blue,31,107,143,29,108,0,38,2,17,79
blue,31,84,94,51,121,112,30,3,63,70
blue,31,65,121,76,119,48,75,26,51,5
red,137,124,94,106,5,35,61,37,29,53
blue,37,84,151,9,70,150,27,155,114,123
blue,72,84,150,52,128,36,134,121,63,70
blue,0,54,132,51,119,102,13,143,8,153
red,81,61,2,51,53,31,65,143,106,82
red,131,111,11,17,158,112,38,132,76,154
red,151,40,143,106,153,43,107,121,76,93
blue,107,28,3,24,82,31,84,121,106,66
blue,101,155,141,8,70,90,84,36,9,79
blue,0,40,104,116,153,74,61,151,136,14
red,31,107,68,106,4,59,60,11,51,128
red,146,84,142,50,122,144,107,3,51,82
red,155,40,121,8,74,3,104,2,69,128
blue,95,155,19,51,93,31,65,56,133,100
blue,151,61,64,29,158,19,84,150,49,99
blue,36,86,136,150,153,22,65,122,85,53
blue,59,13,105,76,104,39,54,155,8,128
red,22,75,144,76,128,92,84,2,52,100
blue,127,98,125,29,53,102,58,68,106,99
red,0,26,75,17,158,86,84,121,51,93
red,22,38,105,76,14,59,98,121,49,66
blue,43,65,132,17,79,59,54,131,85,128
blue,47,58,68,8,100,34,38,64,51,82
blue,101,58,2,29,4,37,38,64,50,158
red,95,58,121,50,128,0,40,148,17,158
blue,42,67,29,51,100,114,65,1,8,70
red,0,58,132,76,14,18,65,64,24,70
blue,101,30,151,17,79,25,134,132,49,9
red,0,38,143,8,100,18,60,89,85,82
blue,101,84,132,85,53,43,125,138,106,74
blue,0,142,56,69,148,47,38,104,41,9
red,127,107,121,8,93,131,84,110,29,148
red,78,124,121,29,15,104,65,64,49,153
red,47,84,110,71,93,39,75,121,76,128
blue,19,38,43,29,153,39,13,3,106,128
red,81,134,121,51,14,38,142,159,76,100
blue,22,84,121,106,128,151,38,101,29,111
blue,31,107,121,51,82,42,65,43,106,66
red,0,107,121,106,66,43,65,151,29,5
red,18,117,2,29,16,0,91,121,51,93
red,35,61,121,76,128,114,65,104,8,70
red,101,61,151,136,139,0,23,140,87,96
blue,121,107,151,29,5,48,38,140,120,128
red,31,61,140,129,153,48,67,3,49,148
red,38,65,1,51,5,56,27,151,17,79
red,48,125,143,51,74,110,38,64,24,119
red,52,111,143,136,15,74,40,21,148,66
blue,39,130,104,49,4,36,134,143,116,14
red,0,84,121,17,93,43,54,143,24,128
blue,0,124,143,147,74,92,40,89,129,138
red,0,26,143,51,14,110,61,121,49,148
red,91,141,140,51,109,2,124,125,8,128
blue,110,98,2,116,4,0,65,64,106,82
blue,113,65,11,106,66,59,13,109,9,158
blue,18,84,104,8,128,113,65,56,136,4
blue,122,141,11,9,4,0,58,143,52,5
blue,43,38,143,29,119,34,74,64,24,12
red,113,65,89,24,153,0,97,140,17,79
red,102,65,124,106,82,2,40,148,136,71
red,18,38,143,49,153,22,65,121,8,74
red,18,40,89,102,44,78,65,6,8,153
red,18,65,6,29,93,74,38,94,49,153
blue,0,13,64,51,30,18,23,3,29,109
blue,34,38,159,17,71,18,65,6,50,70
blue,92,38,64,51,99,18,125,19,8,5
blue,131,142,140,51,82,59,154,150,50,160
blue,74,46,159,17,66,78,38,121,76,128
blue,39,61,124,17,93,101,84,150,29,70
red,18,124,110,116,14,0,27,90,8,74
blue,18,84,3,8,66,47,30,121,52,128
blue,41,23,94,76,82,18,65,89,129,70
red,18,124,155,19,153,36,60,159,17,71
blue,112,27,11,49,109,18,61,1,129,93
red,43,46,140,51,93,59,13,121,69,128
blue,78,65,151,106,99,92,58,121,51,74
blue,18,61,121,106,82,47,27,143,63,53
blue,0,54,3,63,41,47,98,143,116,159
red,101,65,2,29,109,131,107,143,17,120
blue,18,23,150,29,53,102,84,155,50,82
red,18,142,56,9,53,90,84,104,76,153
red,18,38,104,76,5,151,65,143,129,74
blue,18,142,155,76,82,74,98,68,24,79
red,22,84,2,29,45,18,75,143,76,82
blue,151,40,120,24,5,154,98,26,29,53
blue,0,142,159,17,66,18,149,104,51,5
blue,34,37,121,51,27,145,40,55,76,83
blue,37,40,75,52,121,34,27,140,51,82
red,107,98,26,106,5,78,65,68,136,100
blue,18,58,159,133,153,0,92,143,76,70
blue,18,124,101,51,74,20,23,150,50,82
blue,95,38,143,24,126,105,40,1,76,66
red,135,54,121,106,66,74,38,6,51,119
red,65,84,155,116,66,131,40,1,53,126
blue,87,84,15,76,99,101,60,140,17,160
blue,18,40,121,85,153,74,23,150,17,9
blue,107,61,144,29,100,22,75,104,50,12
blue,103,84,151,51,70,104,38,159,69,14
red,127,154,62,50,12,101,54,121,29,123
red,102,26,151,29,14,18,38,121,51,91
blue,105,38,151,51,12,41,98,94,49,82
red,112,84,33,24,14,0,65,64,17,12
blue,0,27,151,8,126,84,98,56,51,74
red,135,65,140,51,53,78,13,151,29,153
red,104,134,43,51,5,127,58,143,106,4
blue,158,75,56,85,14,18,65,143,69,99
blue,19,38,56,136,74,31,54,155,51,111
blue,0,26,85,8,128,62,54,56,106,91
red,19,134,7,51,82,0,84,151,85,153
red,135,124,151,147,14,121,38,101,51,82
blue,20,84,132,17,128,101,38,159,8,79
red,20,84,91,136,82,137,142,121,17,119
blue,48,65,33,17,79,70,61,11,49,45
red,31,124,142,106,5,91,84,121,51,82
red,127,65,159,52,14,144,111,155,116,153
red,112,84,114,17,93,36,142,2,76,96
red,11,65,103,24,74,34,84,56,51,82
blue,34,65,159,49,160,112,61,33,106,5
red,0,98,56,69,70,145,142,143,52,82
blue,78,58,11,51,70,145,107,125,8,128
blue,90,98,140,51,14,145,38,121,76,111
red,145,40,143,17,93,74,98,13,116,109
red,145,13,33,8,153,31,67,72,24,93
blue,54,65,121,116,12,145,27,159,76,14
red,74,94,6,52,153,110,102,121,49,41
blue,90,38,64,51,128,145,61,1,76,5
red,145,54,159,51,138,74,38,121,8,153
red,35,44,151,8,153,101,142,41,133,5
blue,31,124,43,85,153,0,84,110,76,74
blue,0,65,68,76,29,145,38,64,85,79
blue,92,86,1,69,14,145,38,23,129,64
red,145,26,3,85,100,0,38,33,49,9
blue,110,54,55,29,128,145,84,121,9,100
blue,145,98,1,76,82,22,38,68,17,12
blue,74,40,55,51,5,145,107,146,76,91
blue,36,38,114,129,153,34,125,2,76,99
blue,92,30,143,29,96,131,98,121,19,99
red,16,142,56,69,96,0,61,121,106,14
blue,74,38,120,116,4,34,98,124,51,82
blue,152,38,105,24,120,47,61,121,116,70
blue,39,58,68,51,96,112,141,159,50,128
blue,101,40,124,8,70,0,142,143,29,82
blue,0,13,6,29,93,114,94,144,51,82
red,102,40,159,51,82,37,38,143,17,5
blue,103,40,1,106,82,107,13,10,156,70
blue,115,38,121,8,41,39,84,155,17,46
red,101,84,89,76,5,90,40,121,17,79
blue,56,40,91,116,9,121,38,74,29,128
blue,0,155,79,136,126,47,40,144,29,153
red,92,107,56,29,14,74,154,101,51,5
blue,92,65,56,76,80,74,84,155,106,5
red,22,84,125,69,80,90,27,150,52,14
red,151,142,64,76,74,62,107,68,51,128
red,0,38,1,76,14,62,65,104,29,46
blue,105,38,159,52,5,0,40,121,51,14
blue,74,84,125,76,148,101,54,0,17,79
red,115,75,2,116,153,31,38,143,51,14
blue,34,125,142,52,100,74,65,121,50,70
red,36,38,144,52,100,34,154,140,76,119
red,91,84,151,52,5,0,58,43,51,82
blue,81,13,10,17,16,0,26,33,76,5
blue,31,84,94,76,5,0,23,151,69,16
red,151,38,136,51,99,47,46,54,76,153
red,105,84,151,76,123,22,58,64,51,53
blue,36,54,151,29,158,101,84,143,51,128
red,48,27,37,51,14,0,44,89,17,71
blue,0,107,37,76,93,39,142,56,85,96
blue,92,102,121,8,70,47,65,2,106,14
blue,72,65,140,24,153,151,84,135,106,99
blue,65,54,155,106,82,18,38,33,85,153
red,37,75,121,8,119,47,30,94,51,66
red,150,23,64,63,70,0,61,2,76,96
red,59,94,2,106,154,101,142,143,17,93
red,131,40,121,137,9,146,60,2,116,70
red,77,142,122,50,82,19,65,89,29,153
blue,144,38,151,76,82,88,142,143,49,160
red,137,40,2,50,128,35,67,150,8,82
blue,134,40,94,29,9,0,60,143,51,126
blue,123,40,21,116,100,154,146,140,52,112
red,74,154,19,29,126,37,40,159,24,100
red,22,27,121,51,93,134,30,125,106,15
blue,110,26,129,49,153,146,65,121,69,158
red,135,155,143,69,74,36,87,94,129,153
blue,0,142,56,24,110,89,65,1,133,9
red,0,142,121,51,120,102,65,11,50,14
red,37,142,155,52,74,107,65,140,29,96
red,43,60,136,19,93,34,98,121,106,128
red,47,84,121,51,53,43,38,71,76,66
blue,31,38,120,9,70,0,61,104,51,99
blue,47,38,144,76,82,102,26,2,9,74
red,131,125,56,29,153,101,61,140,17,82
blue,2,60,101,137,14,151,65,121,51,79
red,56,142,1,76,66,150,61,54,17,14
blue,150,154,11,8,126,31,38,114,52,128
blue,103,84,64,50,99,22,134,136,8,128
blue,83,84,151,76,70,0,54,29,116,153
red,0,107,43,116,153,18,65,121,51,14
blue,107,65,151,156,153,86,84,89,106,53
red,101,142,140,29,53,36,61,2,116,70
blue,127,130,56,85,153,95,38,121,150,99
red,43,134,68,49,12,36,38,121,51,82
red,74,38,104,76,12,131,58,64,8,153
blue,36,65,148,8,41,0,141,138,17,12
red,42,38,138,29,12,0,26,33,116,5
blue,34,38,132,51,93,36,61,143,150,120
blue,34,142,121,52,66,31,38,143,76,153
red,134,65,136,116,96,47,60,104,133,153
red,34,23,150,51,128,19,54,3,9,82
blue,22,38,59,52,5,78,65,37,69,16
red,120,124,151,76,9,110,23,101,17,119
blue,36,142,121,76,66,104,38,140,51,93
red,35,40,56,49,119,123,58,143,51,12
blue,121,37,150,17,93,34,23,159,106,74
red,22,77,68,76,12,134,38,2,29,108
blue,2,23,142,24,128,0,98,143,8,53
blue,24,141,56,29,53,106,77,6,51,158
blue,36,142,1,24,100,112,84,56,29,74
blue,31,26,155,49,160,0,61,64,69,148
red,34,38,11,49,148,101,155,159,63,70
blue,102,98,83,116,148,22,13,11,49,33
blue,0,84,143,29,53,127,97,151,51,148
red,102,54,104,116,148,0,98,121,69,82
blue,0,142,151,109,148,48,38,104,51,70
red,0,65,2,51,14,47,142,132,29,12
blue,0,65,104,49,79,102,30,155,51,14
blue,0,154,11,29,100,3,30,94,150,45
red,112,124,43,50,70,146,84,3,156,153
blue,31,154,105,9,108,18,65,143,76,96
red,47,84,142,52,5,74,23,150,9,109
red,59,94,101,85,153,88,84,47,51,5
red,18,149,15,51,82,0,107,121,29,53
blue,95,134,3,106,82,90,142,64,51,4
blue,34,38,143,50,120,110,84,138,8,128
red,74,154,55,116,128,134,98,143,29,53
blue,131,65,136,51,96,154,107,2,69,14
blue,135,65,154,116,111,35,77,136,106,4
blue,145,65,15,29,128,74,84,121,76,82
red,31,40,1,51,74,22,46,159,49,5
red,103,38,2,8,96,59,86,158,76,79
red,137,67,110,116,54,88,107,148,24,82
red,101,124,94,17,70,131,84,110,51,37
red,110,61,11,29,81,22,13,19,52,82
blue,65,40,89,9,99,101,142,159,52,96
blue,131,91,37,17,9,0,111,1,76,153
blue,34,91,89,51,93,72,65,64,133,158
blue,104,38,114,133,70,0,91,2,49,79
blue,41,91,151,106,128,62,13,122,17,79
red,22,84,104,116,14,0,125,140,49,153
red,37,141,125,137,128,52,67,150,51,74
red,36,84,121,106,93,146,54,155,116,96
blue,112,27,159,76,41,90,84,151,17,93
blue,151,67,136,51,14,22,38,1,17,71
blue,151,130,105,8,41,0,84,94,17,79
blue,90,67,33,51,96,78,134,48,116,53
blue,43,58,2,49,148,19,65,90,52,66
blue,83,154,125,51,5,104,130,32,76,82
red,110,54,140,17,53,25,111,70,50,1
blue,47,142,140,52,128,22,38,121,147,96
red,47,65,140,29,128,43,30,19,147,96
blue,47,75,94,50,70,37,38,121,17,79
red,74,155,110,29,159,114,38,150,8,37
blue,0,124,143,51,91,110,65,120,29,14
blue,74,23,150,29,148,35,65,143,17,53
blue,0,67,125,50,74,36,155,6,76,16
red,37,58,150,116,119,36,54,151,17,153
red,0,75,121,116,12,72,40,132,147,126
red,47,61,11,17,139,0,65,73,51,96
red,22,44,19,17,45,31,98,1,76,139
blue,2,92,155,51,82,18,27,89,50,128
blue,101,84,155,29,153,18,142,64,76,128
red,112,124,122,50,128,134,65,104,8,14
blue,0,54,1,51,53,62,40,43,19,110
red,74,65,11,76,9,48,37,121,51,82
blue,104,13,21,76,93,84,38,121,51,14
red,114,84,13,76,82,0,154,144,85,158
blue,102,61,11,51,74,145,65,55,52,100
red,101,84,114,129,82,97,39,81,8,25
red,113,124,94,133,153,48,54,52,69,12
blue,135,107,68,137,93,52,142,1,106,5
red,143,65,33,51,5,57,102,140,147,153
red,97,13,68,29,158,62,75,11,116,109
blue,43,23,121,51,5,0,98,3,29,111
red,90,94,32,51,4,39,13,101,17,14
red,37,75,151,85,93,36,26,142,51,82
blue,0,38,159,8,128,151,46,140,49,82
blue,67,75,124,69,70,72,92,94,51,128
red,134,65,120,116,93,54,124,110,52,80
red,43,84,155,76,66,36,40,94,8,93
blue,104,84,94,29,16,43,65,33,76,66
red,95,38,11,89,111,33,92,121,76,128
blue,59,65,11,106,93,135,13,121,136,111
blue,25,84,121,24,128,18,61,64,8,16
red,41,13,33,52,93,115,142,32,157,128
blue,37,61,132,136,82,41,13,32,29,123
blue,41,38,75,76,74,18,26,155,8,82
blue,59,84,150,51,14,62,74,151,69,15
red,127,142,68,51,4,104,134,125,49,158
blue,59,23,94,8,128,31,61,121,76,14
red,0,61,159,29,128,103,54,55,8,70
red,48,84,56,129,93,0,86,142,116,9
red,102,23,64,106,99,104,142,43,29,14
red,34,141,1,116,148,117,65,56,8,82
red,0,27,3,17,100,48,84,121,133,126
blue,0,142,121,85,120,103,77,150,50,128
red,0,58,154,116,71,31,44,21,69,93
red,18,124,151,85,118,101,84,11,29,45
red,0,142,89,136,79,81,54,151,63,70
red,101,13,105,49,148,34,97,121,29,9
red,77,141,1,63,70,2,38,159,29,53
red,41,75,159,51,93,102,44,33,76,66
blue,110,40,33,29,53,102,65,159,51,93
blue,39,30,83,8,93,115,142,121,51,5
red,55,46,110,106,93,91,23,35,51,66
blue,101,142,159,29,93,77,40,54,50,14
red,0,26,140,17,74,31,13,54,51,93
blue,67,124,3,29,5,131,26,125,52,74
blue,47,61,11,76,4,43,38,158,116,100
blue,31,38,150,51,5,95,27,159,8,37
red,58,124,110,129,99,39,91,143,76,4
blue,36,91,144,9,14,22,26,89,106,82
blue,151,124,143,52,100,37,65,92,51,82
blue,150,98,120,17,71,43,61,33,106,82
red,110,77,159,49,70,53,38,125,17,100
red,88,38,159,52,82,22,65,2,51,74
blue,35,142,37,17,100,0,54,23,29,66
blue,36,124,140,106,154,22,98,2,76,100
red,110,88,2,51,82,22,27,7,29,53
red,110,38,143,29,82,81,124,151,76,66
blue,151,84,64,24,100,131,104,86,29,139
red,59,65,155,50,128,141,23,26,76,53
blue,151,92,154,8,71,110,13,121,17,153
red,34,141,121,106,99,92,40,110,137,70
blue,0,102,44,9,93,36,27,94,136,70
blue,143,61,83,106,5,142,84,150,76,41
red,92,23,150,24,82,59,58,83,51,5
red,102,38,143,116,119,88,111,64,49,74
red,0,84,33,106,14,35,141,2,69,53
blue,101,46,32,49,53,110,65,87,76,158
red,90,75,1,52,14,18,46,2,49,4
red,104,94,43,116,5,110,30,33,52,14
red,113,142,104,51,74,31,107,2,106,5
blue,110,65,62,137,53,90,87,2,51,14
red,0,38,159,51,4,135,26,151,29,109
blue,47,65,1,8,70,104,102,121,51,82
red,47,65,104,17,79,18,98,11,8,108
red,34,107,56,17,128,22,141,2,69,93
blue,0,61,1,24,4,22,65,64,51,53
blue,85,75,121,50,128,144,98,11,29,4
blue,74,98,124,106,82,151,154,15,76,159
blue,62,98,143,106,99,101,27,121,85,153
red,78,142,43,156,82,22,98,133,52,5
blue,0,60,2,17,118,78,102,159,76,45
blue,121,146,2,116,153,47,27,142,136,123
blue,123,74,68,51,93,34,98,121,50,16
blue,18,65,11,133,93,121,98,56,24,82
blue,110,84,121,76,74,22,27,159,150,130
blue,72,60,159,51,82,48,13,26,106,128
red,104,98,87,51,5,35,54,121,29,16
blue,31,65,56,17,119,37,84,132,51,128
blue,57,38,121,51,82,0,84,155,116,93
blue,102,124,11,116,45,104,46,142,76,14
red,158,27,150,51,14,92,98,55,8,128
blue,3,107,151,76,66,0,26,104,8,14
blue,2,67,60,69,128,13,54,121,116,93
red,92,30,110,147,96,101,84,150,51,12
red,110,94,1,69,70,42,58,121,41,53
blue,38,60,140,129,71,48,142,33,52,5
blue,2,78,110,29,12,74,124,43,136,53
blue,31,13,140,51,82,34,141,159,52,100
blue,2,98,121,76,160,110,84,94,51,5
blue,0,74,94,157,14,39,61,159,9,99
blue,22,65,21,76,128,134,23,94,116,14
red,104,84,94,24,93,144,27,38,17,12
blue,127,98,121,51,74,0,124,91,17,79
blue,48,38,104,52,119,72,65,151,17,53
red,31,54,43,29,53,48,38,140,109,79
red,127,125,68,29,53,19,61,2,76,70
blue,104,86,68,63,70,107,60,1,17,93
blue,144,141,56,76,99,78,98,6,8,119
red,37,38,32,51,5,19,58,2,76,99
red,72,141,159,156,153,104,142,54,116,70
blue,112,113,132,50,70,110,27,140,29,53
red,19,92,110,8,153,144,38,1,17,126
red,74,38,143,51,19,41,28,151,116,53
blue,18,142,121,8,70,0,27,110,106,128
red,0,142,143,76,14,74,67,3,8,70
blue,135,134,136,147,82,103,40,143,51,14
blue,0,40,122,9,53,103,117,23,8,82
red,101,27,155,51,82,104,60,110,52,14
red,2,65,125,29,109,1,61,123,51,37
red,90,84,150,51,99,134,27,125,76,66
blue,57,61,56,8,70,22,87,26,17,79
red,154,61,121,8,153,35,26,0,29,119
red,18,142,120,51,108,115,65,138,29,12
red,92,38,159,51,66,0,65,125,136,53
red,31,107,121,49,71,102,97,125,29,160
blue,105,98,1,63,12,47,74,140,8,100
blue,43,111,6,69,14,0,98,19,51,82
blue,74,84,142,8,153,59,77,125,52,82
red,0,46,122,49,148,19,38,56,69,53
blue,78,65,62,29,153,34,28,64,106,93
blue,47,27,159,129,153,0,84,64,49,93
blue,43,67,144,76,74,84,142,34,8,82
red,47,38,121,106,82,22,23,3,8,74
red,22,38,121,129,74,104,124,43,76,128
red,59,111,42,106,74,0,23,78,29,12
blue,3,61,104,76,33,0,92,73,49,96
blue,127,58,56,133,70,104,65,1,76,100
red,35,84,87,76,119,48,65,138,17,148
red,34,98,121,106,96,47,65,90,51,128
red,48,84,159,116,5,59,13,94,51,93
blue,151,124,101,51,9,36,84,110,50,118
blue,48,142,68,49,148,54,141,143,51,5
red,41,92,142,106,99,131,38,151,51,119
red,115,67,120,51,82,103,38,56,69,154
red,127,84,121,106,4,120,124,151,29,108
blue,130,141,143,106,46,31,38,73,51,96
red,74,38,121,76,5,95,149,105,85,153
blue,90,61,158,116,139,31,134,150,17,79
red,74,38,159,51,82,112,125,140,76,120
blue,74,142,91,133,5,47,111,121,76,66
red,48,28,33,49,82,59,61,37,76,9
blue,95,142,110,49,138,47,46,55,76,93
red,83,84,29,52,5,41,65,3,129,82
blue,74,60,2,51,82,39,142,132,17,130
blue,31,141,85,137,160,84,65,55,17,71
blue,90,26,155,49,53,22,28,101,29,41
red,0,124,43,17,53,38,125,73,106,14
red,74,121,151,51,93,117,97,55,116,70
red,31,26,155,52,82,0,54,110,17,70
red,115,38,2,69,108,152,84,125,116,12
blue,0,84,68,116,82,59,38,155,52,66
blue,42,38,143,29,53,0,134,2,76,66
red,144,44,91,8,74,59,65,151,49,153
red,0,125,122,51,153,88,65,19,76,41
blue,74,65,144,156,153,72,23,151,116,70
red,59,84,3,17,70,127,98,83,29,53
blue,43,46,48,50,70,0,40,104,136,41
red,95,84,159,51,5,43,134,104,85,126
red,35,142,121,51,9,112,75,122,106,5
blue,95,54,150,49,71,104,38,2,9,41
red,0,65,122,69,118,110,27,3,51,74
red,74,28,155,17,153,22,142,143,133,70
blue,112,87,121,129,93,31,65,114,76,71
red,0,38,2,29,53,144,65,110,50,74
red,2,86,151,29,1,0,38,55,51,9
blue,110,13,121,76,138,37,142,140,52,5
red,115,65,2,76,14,151,28,142,85,153
red,103,27,151,51,82,47,26,0,69,128
red,110,141,120,17,14,112,38,11,49,53
red,144,40,132,8,128,41,75,153,71,122
blue,92,98,6,85,5,121,65,33,51,82
red,22,142,132,85,82,88,84,121,51,93
red,104,142,101,69,153,0,38,124,51,45
blue,31,84,150,51,99,102,125,124,76,70
red,126,141,1,17,71,112,74,56,63,70
blue,37,142,143,17,119,90,65,148,51,82
red,74,60,121,106,99,0,61,2,147,70
blue,131,154,33,29,153,62,98,11,51,14
red,131,74,2,116,160,42,84,11,17,9
red,0,124,125,136,9,36,26,150,52,128
red,112,142,73,51,5,41,149,72,137,4
blue,112,26,151,19,128,0,107,121,51,14
blue,68,58,1,51,14,31,84,56,69,74
blue,90,67,91,133,153,0,60,159,29,53
blue,72,60,43,116,153,48,58,143,29,53
red,134,117,73,51,66,57,30,159,29,74
red,134,46,159,52,4,91,26,19,51,9
blue,103,124,32,116,128,90,75,11,52,93
blue,92,142,68,136,119,48,75,151,76,14
blue,78,154,125,24,119,13,30,151,29,53
red,90,124,91,24,126,0,40,87,17,53
blue,37,111,68,24,70,52,154,2,76,16
blue,34,38,121,8,120,48,142,148,106,82
blue,25,125,140,147,96,151,27,104,24,93
blue,88,58,11,24,74,59,13,155,49,153
red,0,38,121,133,126,110,142,143,24,70
red,90,38,56,24,80,34,84,144,8,53
blue,121,61,155,51,126,101,84,33,24,82
blue,31,46,89,24,91,62,58,33,76,80
red,42,54,94,24,82,112,65,70,52,128
red,0,84,125,24,82,48,154,6,17,71
blue,37,61,33,51,66,0,13,6,24,119
blue,74,94,11,106,96,2,40,134,51,93
blue,74,142,143,29,119,25,38,158,52,5
red,0,75,37,109,93,25,65,150,116,119
red,48,67,135,51,119,31,38,143,106,82
red,74,124,110,49,9,36,30,135,137,119
red,0,142,143,52,46,73,87,122,75,119
red,131,98,2,29,119,37,27,151,76,5
blue,95,154,2,24,128,43,124,18,63,119
blue,36,107,121,3,93,151,60,2,51,96
red,31,91,68,106,5,101,124,159,49,74
red,152,84,155,51,14,0,65,1,29,120
red,0,125,19,17,79,22,65,120,49,123
red,145,58,121,51,153,62,87,155,133,126
blue,0,23,159,29,12,59,86,125,116,96
red,36,38,55,136,123,101,26,143,69,80
red,131,124,0,69,93,22,134,56,29,153
blue,81,54,121,116,99,112,61,143,17,4
red,48,84,151,8,100,150,28,110,85,153
red,31,111,2,54,123,26,65,150,157,9
red,62,111,140,17,79,74,54,125,76,82
red,145,111,138,8,5,146,74,143,29,9
blue,41,38,159,136,53,36,84,151,29,111
red,39,111,33,51,128,34,23,150,50,4
blue,104,111,33,106,66,134,38,140,51,120
red,154,111,121,24,9,31,38,140,17,71
blue,110,26,150,51,128,102,111,155,106,99
blue,37,67,151,17,100,101,111,143,51,82
blue,18,23,68,51,99,37,111,155,29,5
red,3,111,11,106,4,0,38,1,17,79
red,41,67,110,29,153,72,111,155,52,100
red,75,26,132,29,12,74,111,35,85,41
red,131,111,125,49,9,91,98,104,129,121
blue,3,111,32,51,12,48,58,140,8,128
red,110,38,33,50,128,135,111,43,156,70
red,137,142,89,76,5,25,111,6,29,160
red,112,38,121,17,111,62,65,138,29,53
blue,47,65,143,49,41,101,111,10,51,74
red,101,26,159,29,45,0,111,6,51,14
red,74,38,26,129,66,144,111,158,51,5
blue,103,124,34,137,12,104,111,64,29,53
red,107,111,105,8,70,47,125,121,9,158
blue,75,44,104,17,9,112,65,140,51,83
red,103,111,23,17,83,75,102,143,120,96
red,101,65,159,76,111,18,38,122,51,14
red,107,58,143,133,93,37,67,110,129,74
red,65,124,64,29,74,67,61,3,19,66
red,101,54,155,29,5,121,84,150,106,66
blue,39,38,154,76,153,101,98,11,29,70
blue,0,102,121,51,70,35,61,56,136,128
red,43,102,68,116,153,134,38,2,24,128
red,31,61,143,29,79,54,107,125,69,5
red,0,154,2,51,4,112,13,124,106,82
red,107,13,2,29,153,131,84,0,116,53
red,115,13,55,133,74,56,46,2,69,153
blue,112,23,150,129,96,0,13,11,116,70
blue,74,91,121,63,70,151,13,11,106,14
red,37,13,19,8,9,47,38,121,29,153
blue,47,107,151,17,79,135,13,89,133,109
blue,104,46,140,24,12,37,146,151,63,128
red,52,37,140,51,153,0,142,32,116,70
red,104,13,121,85,108,101,38,55,17,53
blue,88,142,122,29,130,0,44,151,52,82
blue,18,58,121,69,153,131,142,23,76,111
red,0,54,43,85,93,101,38,56,106,96
blue,113,38,155,17,126,115,58,110,136,70
blue,42,84,138,136,5,18,155,150,51,99
blue,22,124,121,85,14,101,84,151,129,70
red,47,38,104,8,128,151,23,82,85,160
blue,74,146,37,49,66,112,61,110,17,45
blue,0,84,72,51,14,78,61,89,8,108
blue,90,94,121,69,14,154,38,11,17,9
blue,104,26,125,24,93,0,30,155,17,27
blue,88,84,26,106,82,127,61,114,69,53
blue,92,124,64,106,14,47,134,121,76,4
red,0,26,64,29,9,104,142,68,8,53
red,107,40,133,52,128,112,54,125,49,29
red,135,38,56,157,153,154,74,143,24,110
blue,135,65,158,89,93,151,142,1,17,79
red,88,28,91,116,153,0,23,155,29,119
blue,107,27,21,85,53,112,23,150,106,66
blue,131,65,121,29,53,25,61,132,52,126
blue,127,38,114,106,100,22,58,124,51,93
red,22,65,122,106,5,0,37,64,76,12
red,0,38,154,24,128,18,125,138,54,93
blue,47,75,11,160,4,101,154,143,61,99
blue,115,26,150,49,139,36,98,2,17,153
red,154,40,143,49,41,102,130,122,17,70
red,31,23,101,51,5,0,107,150,8,128
red,34,84,150,29,123,112,94,104,69,119
blue,74,84,65,116,138,102,87,141,50,126
red,0,26,131,116,153,39,107,155,49,158
red,53,65,150,116,70,146,125,159,137,153
red,36,84,122,29,93,0,65,105,17,41
red,110,27,150,76,74,43,40,159,29,53
blue,59,98,140,8,93,56,92,125,49,82
red,31,98,56,129,5,94,67,155,17,79
blue,151,65,11,9,70,31,74,104,76,53
blue,110,117,143,52,94,0,84,125,29,4
blue,31,61,33,41,153,0,98,143,29,108
blue,38,58,124,51,99,0,61,33,29,66
red,22,65,2,8,70,35,38,32,116,153
blue,29,153,143,38,71,31,65,121,76,139
blue,31,65,68,136,70,43,40,11,17,74
red,31,23,92,133,126,0,58,121,29,120
blue,0,40,101,29,9,31,84,33,17,53
blue,114,61,67,102,44,31,154,23,69,100
blue,31,40,19,52,5,152,75,143,29,12
blue,91,30,19,129,74,31,65,121,51,100
blue,47,142,159,50,14,18,124,101,51,96
red,41,65,159,17,120,134,155,151,9,53
red,39,13,151,106,5,19,23,150,8,128
red,36,38,94,54,5,121,61,125,51,93
blue,31,38,124,29,108,104,65,123,136,4
red,31,111,121,49,93,123,38,56,29,15
blue,22,102,2,8,128,31,84,110,76,14
red,34,84,91,76,66,134,38,143,116,158
red,74,13,140,51,93,84,142,64,52,100
red,18,130,26,76,93,25,141,33,116,153
red,112,84,138,106,5,121,38,26,76,153
blue,122,46,125,24,45,104,107,151,76,5
blue,36,124,91,129,74,145,38,1,116,16
blue,42,75,89,24,12,22,142,33,76,120
red,31,75,56,109,118,102,38,101,106,82
blue,22,75,155,109,9,107,61,1,29,159
red,126,75,6,109,14,115,38,121,29,154
blue,0,75,140,51,14,101,97,1,8,128
red,3,98,2,147,100,110,125,64,52,128
blue,137,92,121,106,74,31,87,55,69,118
red,104,61,102,106,99,0,58,2,29,19
red,110,84,94,106,158,90,61,34,54,126
blue,101,26,155,106,148,19,38,89,8,14
red,121,124,143,106,93,72,38,89,49,53
blue,74,134,83,24,139,31,65,121,106,128
blue,0,154,121,19,91,36,13,143,29,93
blue,151,142,33,17,79,59,61,2,51,128
red,91,65,2,76,41,47,40,121,17,79
red,34,30,103,129,5,31,134,23,19,74
blue,43,61,89,76,153,72,54,91,116,70
blue,59,26,140,51,92,31,141,19,129,128
red,48,141,143,52,126,2,60,70,116,4
red,0,155,83,52,74,103,65,121,76,53
blue,0,61,37,150,93,104,38,91,51,14
red,0,65,3,136,128,43,87,105,51,70
blue,47,75,55,106,82,22,74,3,17,100
red,22,124,3,116,4,110,84,43,51,5
red,78,65,6,50,45,3,27,43,106,128
blue,13,77,150,76,5,105,46,110,17,71
blue,0,30,121,17,9,22,94,71,29,93
red,114,125,104,76,153,19,142,3,150,99
red,15,142,3,17,45,31,38,151,49,160
blue,78,75,3,106,112,34,54,120,76,128
blue,47,54,3,8,12,101,84,38,51,160
red,3,155,138,51,80,101,84,151,69,82
red,101,84,3,51,119,31,61,19,116,9
red,101,23,105,51,9,86,65,64,148,74
red,19,38,148,49,74,154,124,3,51,16
red,86,104,3,29,79,0,27,155,8,148
blue,41,124,101,51,15,47,84,3,17,66
red,47,13,3,51,153,19,65,143,29,93
blue,47,38,10,51,14,0,40,3,29,66
blue,74,75,104,29,70,112,92,3,106,82
red,74,142,3,106,37,150,124,43,51,4
red,123,65,2,51,93,145,74,105,136,128
red,0,134,105,29,16,130,65,125,51,82
red,74,38,105,49,139,88,13,114,76,70
blue,18,65,3,106,66,35,58,105,29,4
red,31,125,105,29,4,0,77,144,106,121
red,105,23,150,29,53,131,84,121,50,5
blue,112,61,105,24,99,103,38,11,50,71
red,130,23,3,116,153,0,87,33,29,53
red,74,142,3,120,119,121,38,89,17,80
blue,22,86,151,156,4,115,87,3,129,128
blue,36,87,3,120,108,115,65,140,129,153
red,48,111,3,51,99,18,65,33,129,14
red,0,40,121,85,153,101,84,3,76,93
red,36,46,3,129,5,131,38,105,17,93
red,121,102,3,49,5,144,61,105,76,82
red,90,155,1,69,153,101,28,157,51,70
blue,74,113,21,69,70,22,125,6,49,128
red,114,61,121,9,70,35,92,56,49,148
red,35,149,21,29,110,41,40,56,50,148
red,19,60,3,51,123,103,54,64,8,82
red,27,142,122,76,5,59,65,3,51,91
red,72,67,140,17,153,48,26,143,69,70
blue,59,94,43,137,53,47,67,105,50,108
red,101,75,143,63,41,105,13,43,69,153
red,144,38,105,24,128,104,65,101,29,153
red,0,54,3,50,128,43,77,125,17,71
blue,112,38,121,50,70,43,142,154,51,5
red,0,38,2,156,15,18,124,121,8,128
blue,135,98,121,29,4,107,87,151,106,82
red,0,87,105,17,96,152,65,64,8,128
blue,34,28,3,76,153,1,142,150,136,12
blue,131,154,3,17,158,110,61,11,51,5
blue,74,65,105,29,53,42,141,2,51,5
red,117,38,121,51,5,2,111,105,69,16
red,3,30,110,29,160,135,65,33,76,128
blue,110,111,138,17,12,74,102,143,8,62
blue,101,40,121,9,153,2,27,43,51,93
blue,108,130,121,129,46,43,61,105,136,158
blue,0,58,143,51,82,108,104,121,29,46
blue,43,97,143,69,82,74,75,140,51,128
red,0,142,55,76,139,101,27,72,106,82
blue,129,130,143,29,93,35,65,41,51,128
red,3,40,68,106,93,0,13,41,76,158
red,150,26,144,50,53,105,65,6,76,153
blue,151,23,132,24,82,47,65,105,29,74
blue,145,87,143,106,37,114,61,150,29,96
red,59,13,121,51,66,31,67,150,29,41
red,34,65,143,76,66,105,37,150,52,14
red,41,27,3,29,14,110,84,132,17,108
blue,81,104,125,9,93,131,117,121,69,70
red,3,142,143,85,76,41,61,122,106,128
blue,59,38,121,51,82,47,65,105,9,14
blue,105,38,11,9,74,110,65,20,17,160
blue,43,154,121,24,53,48,98,144,147,153
blue,22,97,150,8,108,2,125,105,17,41
red,101,155,105,106,82,47,26,121,85,153
blue,18,84,33,137,14,92,37,35,116,119
red,62,26,19,29,14,2,111,101,52,93
red,0,27,110,8,70,92,65,1,52,123
red,101,26,11,106,82,47,65,158,52,5
red,134,84,143,8,66,152,65,6,116,70
blue,18,154,143,29,70,113,125,64,17,14
blue,13,142,143,51,158,0,84,43,52,99
red,110,44,86,52,74,101,30,125,41,82
blue,47,58,139,17,154,18,98,68,52,100
red,39,40,110,156,153,74,92,1,24,128
red,25,61,159,29,14,18,58,56,17,9
blue,0,107,3,76,79,149,38,64,106,93
blue,137,142,64,76,82,0,149,159,51,128
red,47,84,121,69,53,0,28,33,17,70
blue,146,38,121,8,110,90,107,142,63,114
blue,151,84,125,50,70,107,142,6,52,128
blue,18,54,114,69,153,43,84,91,63,70
blue,57,23,47,106,66,115,67,75,52,128
blue,48,124,0,8,111,31,40,87,50,70
blue,48,142,41,76,82,2,40,64,24,111
blue,112,13,43,63,70,22,75,139,116,14
blue,13,141,135,124,66,18,107,140,51,14
blue,123,84,151,106,160,22,155,3,136,71
blue,0,58,64,51,14,104,65,43,52,93
blue,0,142,11,49,160,150,38,146,157,53
blue,78,38,0,51,119,42,27,101,106,120
red,110,26,55,147,148,112,38,131,29,160
red,37,58,56,136,70,122,111,125,129,66
red,18,58,33,49,14,34,38,1,51,66
blue,18,67,124,9,14,0,60,33,52,66
blue,0,84,142,51,33,146,58,15,116,12
blue,151,84,110,49,74,112,58,140,52,5
red,0,125,121,106,82,31,60,26,116,160
red,107,65,136,51,138,0,142,140,29,53
red,0,65,1,51,71,101,30,155,29,53
red,151,27,155,29,148,110,38,159,41,9
blue,102,124,151,106,74,36,92,55,136,128
red,22,142,56,106,99,65,84,155,76,41
blue,151,54,43,29,108,0,38,2,106,153
red,3,142,140,51,5,74,61,6,76,91
red,22,65,114,8,82,123,141,121,116,120
blue,77,98,56,51,82,36,44,143,106,99
red,77,28,159,8,93,18,30,11,51,119
blue,74,65,159,52,126,101,27,64,116,70
red,0,40,19,51,14,131,65,121,76,82
red,39,102,125,76,153,0,23,83,129,82
red,31,65,143,24,93,107,92,159,8,30
red,31,142,121,69,139,62,58,33,29,53
blue,110,142,114,51,53,22,94,64,17,91
red,22,54,94,49,154,0,27,1,17,70
blue,31,61,6,8,4,47,84,155,106,100
blue,59,60,158,49,74,0,84,151,51,71
red,43,84,143,76,5,22,65,140,129,82
red,110,54,125,29,5,74,94,105,76,119
blue,101,23,150,29,65,20,38,125,50,9
blue,90,23,150,106,99,22,38,68,122,93
red,43,98,64,136,128,0,142,2,51,66
blue,3,40,143,76,14,2,74,129,106,96
red,137,98,132,29,14,115,154,140,76,79
blue,112,98,122,24,93,20,46,104,50,53
blue,99,142,11,136,109,44,84,121,52,14
blue,78,65,69,136,37,0,38,107,24,9
red,99,38,121,69,119,20,107,143,116,93
red,11,94,26,106,82,0,13,124,51,99
red,54,61,19,106,93,2,44,43,17,53
red,152,38,143,129,82,0,84,120,76,128
blue,107,54,101,17,82,0,65,143,69,153
red,43,77,1,24,14,0,61,158,29,139
red,0,141,132,17,70,22,61,11,76,9
blue,110,94,33,136,14,0,98,132,29,119
red,112,38,159,51,33,19,65,11,49,93
blue,78,40,148,24,82,112,98,11,51,96
blue,112,74,148,51,82,101,61,104,76,12
blue,13,58,155,51,14,134,91,138,116,82
red,35,38,56,51,126,74,23,110,76,82
red,113,38,11,29,74,107,87,151,51,93
red,34,154,2,49,123,0,26,3,51,82
red,127,84,43,50,128,104,40,120,51,14
red,74,84,110,51,45,67,65,105,76,99
blue,101,30,104,51,83,0,28,64,17,79
blue,34,124,155,116,41,47,58,2,51,74
red,48,65,159,76,128,20,30,35,51,82
blue,134,61,143,52,100,38,37,94,106,74
red,154,107,0,106,66,151,38,121,76,79
blue,112,65,132,136,82,101,124,155,49,41
blue,74,98,73,51,82,37,111,6,9,5
red,25,146,140,136,82,39,13,151,106,74
red,74,146,110,106,82,0,58,148,76,128
blue,112,58,68,9,126,0,84,121,51,82
blue,74,94,33,85,126,90,23,124,50,128
red,31,124,43,136,14,35,30,142,69,153
blue,110,98,104,51,82,0,38,140,29,53
blue,36,87,21,17,71,47,149,2,29,53
red,112,142,155,129,158,22,107,56,137,153
blue,74,61,144,147,4,112,23,150,29,153
blue,41,58,104,106,82,2,75,125,52,126
blue,74,30,94,51,93,151,107,91,69,82
blue,22,40,19,51,82,115,61,121,49,53
red,43,61,33,69,80,0,142,56,76,82
blue,114,84,110,29,100,91,149,64,24,5
blue,88,26,94,106,4,104,23,150,29,90
red,90,124,155,8,14,151,54,73,17,79
red,37,40,110,136,153,90,23,155,106,74
red,104,40,125,29,12,0,30,3,8,14
red,62,46,159,157,4,107,40,55,49,158
red,151,149,64,133,96,110,102,104,69,153
red,18,84,151,129,153,34,43,54,85,126
red,74,60,71,76,158,151,38,144,51,82
red,59,40,151,49,159,0,38,121,17,71
red,103,61,56,116,82,74,38,121,8,70
red,43,13,143,9,119,0,38,87,29,70
blue,135,13,143,52,5,31,65,140,24,128
red,22,13,15,69,80,101,23,125,29,12
red,38,13,140,51,14,3,84,138,129,93
red,0,58,121,129,128,18,145,115,29,153
blue,0,65,159,51,93,74,13,32,49,71
red,34,13,140,52,126,151,27,110,76,99
red,48,13,143,106,93,22,97,155,76,153
red,110,58,121,106,5,0,40,1,8,128
red,36,27,151,156,53,25,58,121,51,93
red,101,13,19,106,66,151,23,155,157,91
blue,31,65,9,129,74,22,58,121,51,82
blue,134,124,142,106,82,74,58,144,76,4
blue,151,58,121,8,119,20,38,159,51,99
blue,20,58,11,76,16,22,65,121,106,99
red,62,30,143,106,82,42,38,121,147,4
blue,95,58,120,9,158,150,65,121,106,74
blue,143,155,134,17,71,151,13,114,116,153
blue,0,38,2,76,79,37,58,1,51,14
blue,22,154,121,51,93,0,30,64,29,14
blue,102,84,43,29,70,145,142,2,52,5
red,103,60,11,51,93,104,38,159,136,79
red,101,44,2,51,119,105,75,1,147,14
blue,145,13,21,8,66,91,46,159,50,93
red,107,40,1,76,45,18,84,120,24,82
red,37,38,155,106,14,127,43,34,121,74
blue,104,38,3,76,41,0,87,159,29,9
red,31,142,2,106,66,152,18,11,76,4
red,3,102,6,17,79,36,142,11,29,53
blue,0,92,56,24,82,59,94,3,51,14
blue,31,67,121,76,128,0,38,1,129,93
red,101,75,159,51,82,22,38,6,9,70
red,22,124,131,76,158,36,38,144,116,82
red,88,84,43,50,45,19,134,151,106,74
red,34,65,114,147,14,112,142,69,24,82
red,43,98,144,85,153,0,146,122,51,74
blue,101,54,155,129,82,47,124,6,51,100
blue,110,87,19,116,70,37,40,6,51,82
red,37,117,138,51,82,3,107,94,29,14
blue,2,40,148,29,153,22,142,64,51,93
red,112,44,151,8,14,18,38,143,129,110
blue,48,65,143,136,74,92,61,64,17,41
blue,151,65,105,24,93,149,141,140,51,14
blue,42,38,121,29,53,137,141,1,17,79
blue,41,60,104,29,53,88,74,124,8,70
red,22,40,33,106,5,31,23,142,133,153
red,104,141,144,76,70,34,84,56,52,119
red,47,124,101,17,71,0,65,140,54,41
red,0,111,121,51,120,110,141,159,129,82
blue,43,75,140,156,153,74,142,64,129,91
red,59,58,26,63,53,137,98,2,49,41
blue,101,40,2,51,126,22,98,56,76,70
blue,65,40,151,122,160,23,84,150,29,71
blue,18,107,23,51,14,0,61,159,76,53
blue,103,124,11,8,53,90,77,2,63,70
red,70,74,151,69,82,13,61,43,9,66
blue,36,65,64,76,14,31,38,140,17,5
blue,47,30,43,49,79,101,54,2,116,15
red,2,142,110,85,74,36,27,43,49,111
red,0,23,2,106,30,110,84,143,76,82
red,113,38,43,24,111,41,142,110,76,148
red,39,98,3,51,110,101,155,11,106,74
red,72,65,150,106,4,121,98,94,29,53
blue,74,102,144,106,27,33,125,56,85,14
red,33,98,56,106,4,48,38,143,52,66
red,33,60,143,116,120,20,61,140,49,128
blue,33,75,101,51,15,110,84,47,52,128
red,33,38,56,51,82,62,40,120,106,5
blue,33,58,124,29,53,110,65,155,41,153
blue,36,84,159,51,119,41,65,151,116,118
blue,0,84,140,51,5,104,38,151,109,74
blue,2,107,125,76,153,54,84,110,50,128
red,18,38,144,52,128,59,86,121,136,70
blue,41,61,105,17,82,113,84,151,49,100
blue,37,84,150,50,119,127,38,140,76,82
red,34,84,6,51,14,0,37,150,29,70
blue,31,84,48,51,153,101,61,2,29,74
red,90,38,140,29,139,110,65,121,106,82
blue,142,102,89,17,71,107,54,150,51,82
red,115,92,19,69,118,114,130,64,51,82
blue,42,27,56,63,74,36,54,151,76,82
red,0,65,11,29,53,112,54,148,50,93
red,0,54,121,76,126,31,87,125,106,120
red,110,54,159,76,41,18,30,125,29,83
blue,43,54,151,17,93,110,61,120,76,96
red,36,61,121,17,12,110,30,151,76,9
red,19,38,140,17,5,121,65,89,129,82
blue,78,40,32,76,158,146,130,64,17,5
blue,110,37,35,49,139,135,54,104,17,87
blue,92,38,148,76,153,62,54,35,17,128
blue,46,142,151,49,148,154,92,11,17,93
blue,37,61,144,17,79,47,54,21,129,82
red,18,54,0,29,119,121,58,91,76,109
red,107,84,110,76,9,101,61,159,51,70
blue,101,97,11,106,82,135,61,151,51,154
red,0,23,155,51,14,22,142,121,150,82
blue,113,65,48,137,100,22,142,3,51,82
blue,88,38,159,51,14,107,84,155,17,53
red,43,74,124,24,100,107,149,64,52,126
red,47,38,1,106,153,88,61,120,24,126
blue,31,40,43,106,154,3,46,121,17,74
red,47,84,154,17,71,151,61,132,29,53
blue,137,46,121,17,71,110,142,2,29,154
blue,86,154,1,51,126,0,84,101,76,14
blue,31,54,33,147,160,107,130,104,51,128
red,47,54,110,106,14,135,38,143,29,109
blue,83,67,64,52,5,36,38,1,51,16
red,102,98,1,17,5,151,67,64,76,82
blue,22,27,1,52,5,48,61,32,17,160
red,48,44,150,17,160,107,98,32,8,71
red,0,61,159,85,160,154,60,114,106,74
blue,74,61,121,17,70,39,40,56,29,93
red,152,46,89,51,74,0,60,33,29,126
blue,37,38,3,150,120,57,65,104,29,108
blue,78,65,89,76,82,74,38,21,51,16
red,154,125,121,29,14,0,61,120,69,53
red,0,134,121,29,37,11,130,148,51,82
red,72,38,73,29,93,59,125,132,9,82
blue,0,142,33,106,37,22,13,143,76,139
red,149,38,68,116,37,78,65,150,29,138
blue,22,23,94,49,160,149,40,151,116,37
red,101,65,121,51,37,151,92,11,150,108
blue,34,65,56,17,53,31,149,64,49,37
red,39,60,159,76,148,48,124,19,29,153
blue,37,142,104,49,148,22,107,121,8,100
red,110,124,105,136,37,47,38,132,69,70
blue,151,84,56,17,79,112,61,26,157,14
red,0,26,159,29,5,2,13,64,76,9
red,131,40,114,52,37,18,149,124,9,109
blue,135,65,26,51,14,48,84,110,29,9
red,135,107,121,51,5,110,134,124,9,76
red,114,134,122,51,93,0,46,19,147,9
red,146,38,155,136,9,145,65,144,29,12
red,34,58,140,50,74,95,84,94,76,37
blue,31,142,121,49,5,101,124,94,51,99
blue,74,141,125,51,93,81,92,114,106,66
red,2,65,6,51,82,22,58,104,106,66
red,18,65,64,51,128,104,38,136,133,82
blue,74,124,155,52,128,144,87,101,51,66
red,91,124,143,116,53,36,75,121,8,9
blue,55,65,94,51,82,35,86,124,8,74
red,18,67,142,76,153,52,38,121,69,5
red,107,58,120,63,70,31,84,110,29,41
blue,151,67,142,29,14,150,84,83,51,7
red,134,155,6,51,158,37,117,142,8,82
blue,74,38,32,69,14,20,58,19,116,153
red,72,142,23,52,5,22,125,38,21,128
blue,0,54,142,129,128,47,84,19,76,4
red,131,65,2,24,5,101,151,84,8,121
blue,34,94,90,51,82,22,65,56,116,70
blue,131,74,2,76,14,18,142,121,51,4
red,74,38,121,76,139,31,98,155,17,70
red,15,125,42,129,93,39,86,121,63,70
red,22,92,124,49,53,112,84,91,76,66
red,37,65,101,8,128,34,38,11,51,82
red,34,142,6,52,128,43,124,151,136,109
red,112,84,155,106,93,0,65,134,76,4
blue,74,65,121,24,14,151,98,140,76,82
red,48,92,56,51,93,121,153,17,29,137
blue,0,84,159,51,82,97,92,79,106,93
blue,22,142,33,137,70,0,75,19,106,82
blue,41,30,48,129,96,37,61,124,51,93
blue,114,65,122,76,93,0,38,143,52,96
blue,78,84,155,24,108,34,46,19,49,82
red,92,40,55,29,53,0,146,121,76,82
red,43,13,54,76,82,151,40,64,17,53
blue,18,46,140,8,96,0,38,143,51,128
blue,36,124,110,129,128,18,38,1,147,93
red,0,98,19,106,74,110,130,121,51,93
red,0,124,150,51,93,62,46,3,29,82
red,112,54,125,51,93,62,154,120,29,53
red,11,98,43,49,66,22,38,143,106,82
red,37,65,150,106,93,18,84,143,69,109
red,48,30,2,102,44,0,13,151,157,14
blue,110,38,11,52,126,104,84,125,106,93
blue,114,142,6,137,70,18,38,33,17,124
red,134,75,33,116,153,115,74,44,8,70
blue,18,26,33,76,82,0,75,35,29,158
blue,134,142,125,51,4,22,84,155,76,82
blue,43,58,19,29,158,114,125,33,49,41
red,127,61,121,106,4,31,65,105,51,96
blue,0,54,155,156,159,102,40,23,51,128
red,114,84,155,76,128,101,124,151,137,159
blue,110,40,124,147,128,2,58,33,76,66
red,59,94,143,52,100,91,61,64,49,9
blue,31,13,94,8,5,36,107,159,106,4
blue,102,28,125,49,4,18,23,143,52,82
blue,114,125,56,29,53,127,54,94,9,70
blue,91,84,124,76,5,105,75,125,29,100
blue,18,124,125,8,100,0,65,121,147,9
red,22,74,125,17,71,43,124,103,29,99
red,0,30,125,85,14,149,84,83,24,91
blue,36,92,125,76,71,22,154,124,51,93
blue,39,38,151,51,74,123,37,125,136,158
red,57,65,120,52,100,47,84,125,29,153
red,0,38,33,51,74,48,61,143,129,5
blue,0,65,159,136,53,101,61,110,15,120
blue,54,124,151,24,53,36,97,125,17,79
red,43,98,1,116,74,101,84,142,24,128
red,102,98,140,51,66,36,84,151,29,153
blue,34,65,121,52,82,74,141,83,76,16
red,47,58,121,17,119,59,38,159,51,153
blue,127,77,150,15,5,31,27,121,51,74
blue,0,61,2,15,82,101,84,151,29,148
red,101,27,56,129,160,62,111,121,29,53
blue,101,27,151,76,128,110,75,136,17,71
red,103,27,143,133,126,112,65,151,106,74
red,36,84,155,8,96,110,27,37,17,128
red,36,58,159,17,74,0,27,121,51,12
blue,61,67,95,49,108,47,84,101,29,93
red,47,27,155,8,70,104,84,110,52,5
red,43,58,142,51,15,78,65,32,17,114
red,48,124,150,51,93,101,13,6,116,4
red,107,38,89,17,5,110,111,143,51,14
red,38,54,75,51,14,150,98,52,69,80
blue,43,38,37,137,80,62,107,151,129,70
red,67,40,87,49,139,25,155,6,50,70
red,22,124,92,51,14,43,61,104,50,70
blue,112,40,64,50,70,31,61,87,9,53
red,88,134,138,106,82,102,28,133,8,74
red,43,13,89,24,128,0,38,33,69,12
red,127,102,155,50,128,144,111,11,51,82
red,110,84,148,76,82,0,61,33,69,153
blue,121,13,43,51,110,90,54,55,106,14
red,47,23,121,29,153,2,65,64,106,99
red,36,124,138,69,14,154,142,32,8,128
red,59,98,151,29,80,92,130,144,17,53
blue,0,38,159,129,66,88,98,11,29,108
blue,110,65,143,29,159,25,58,26,129,9
red,22,125,159,69,153,31,38,1,9,66
blue,37,92,56,17,12,59,40,94,29,53
red,110,61,158,63,41,18,54,33,49,53
red,151,142,143,52,126,112,84,155,63,12
blue,101,142,83,51,5,114,38,159,29,79
red,0,84,150,49,153,36,38,83,29,53
blue,22,134,140,29,153,0,40,83,17,53
red,110,23,150,116,70,154,60,114,29,45
blue,0,58,83,76,45,110,54,46,85,153
red,41,142,83,85,154,34,117,155,49,9
blue,48,23,94,106,154,41,65,83,50,128
red,92,38,83,106,66,74,65,64,51,93
red,47,130,83,129,153,97,38,1,106,4
blue,47,117,122,17,70,112,38,83,51,14
blue,59,58,83,29,153,114,102,159,51,128
blue,0,84,91,29,82,117,142,55,51,154
blue,73,58,155,29,53,112,142,121,52,74
blue,24,65,33,8,70,0,61,83,29,153
blue,101,86,56,116,153,74,13,83,8,45
blue,102,65,32,69,153,22,142,83,156,70
red,90,38,83,51,53,112,54,33,17,153
blue,2,65,138,69,70,110,125,83,51,126
red,25,65,132,24,153,74,28,43,136,99
red,31,38,122,51,148,74,65,64,29,14
red,74,107,132,150,4,131,30,125,76,5
blue,37,142,2,49,5,43,98,159,51,66
blue,69,124,3,24,5,31,117,143,51,74
red,74,27,94,51,5,155,84,110,147,96
blue,107,142,151,137,70,43,65,159,51,5
blue,34,26,94,50,16,102,27,101,51,82
blue,31,75,2,129,153,41,58,89,51,0
blue,0,130,150,51,70,107,84,151,136,119
red,22,142,121,52,99,47,102,33,51,70
blue,77,13,121,29,153,103,141,124,51,82
blue,144,38,125,51,128,35,124,94,49,79
blue,107,61,33,76,70,43,37,151,106,99
blue,31,111,1,51,79,101,84,141,49,82
blue,74,38,159,8,128,47,23,150,49,71
blue,110,65,121,136,82,34,23,150,51,99
blue,121,61,151,69,53,110,142,56,17,128
red,2,75,151,52,82,0,124,159,17,79
red,151,111,104,69,71,134,38,32,17,53
blue,18,84,91,76,74,90,75,110,52,128
blue,154,60,56,116,153,102,30,94,8,128
red,0,124,56,51,93,23,71,2,52,153
blue,151,60,43,137,82,97,87,140,29,100
blue,114,124,151,116,100,25,134,1,51,93
blue,36,107,151,116,53,0,84,159,133,70
blue,101,84,151,106,100,115,102,3,19,96
red,81,124,38,9,70,110,40,56,52,93
red,107,38,89,51,128,48,124,155,17,79
red,74,38,151,29,83,22,102,120,51,96
blue,0,67,2,50,70,145,38,11,51,5
red,127,38,2,8,79,31,61,64,133,128
blue,110,61,37,85,128,43,74,56,106,126
blue,78,75,155,69,119,127,98,37,52,100
red,48,125,121,85,120,110,38,56,76,53
blue,0,84,155,17,71,142,65,159,29,109
red,121,13,151,116,153,94,134,37,52,154
red,131,61,140,51,5,104,75,26,156,153
red,112,40,120,52,126,36,67,155,51,4
red,48,142,157,51,53,34,65,6,17,119
red,104,107,151,51,70,31,61,11,29,153
red,0,38,32,51,14,60,26,8,29,12
red,62,58,32,17,14,0,54,155,51,82
red,117,102,37,106,100,101,58,56,51,5
red,34,65,104,17,53,2,134,120,51,123
red,0,65,121,156,153,143,92,134,51,82
red,52,60,32,51,5,0,87,136,76,53
blue,88,58,56,29,93,110,142,140,51,82
red,19,65,48,51,9,43,61,105,24,71
red,88,98,19,51,153,74,58,68,76,139
red,57,142,143,51,74,39,38,110,76,93
red,0,75,23,51,9,19,65,143,29,128
red,135,88,1,29,27,103,46,159,51,12
red,19,60,155,51,16,90,58,150,49,160
red,19,65,151,51,99,110,84,33,76,12
red,35,30,2,17,9,112,107,121,15,80
blue,0,49,151,15,80,22,98,64,51,70
blue,112,23,94,50,128,110,75,125,51,53
blue,137,58,121,106,82,135,65,32,51,100
red,0,98,32,51,93,36,65,101,137,14
red,36,46,73,136,79,142,65,159,51,82
red,74,13,120,51,66,43,61,72,147,71
blue,2,28,140,29,128,48,94,1,17,74
blue,131,65,143,51,62,114,26,125,76,111
blue,25,58,144,76,119,36,27,140,51,79
blue,62,23,3,157,41,101,65,121,51,9
red,110,142,140,29,153,92,65,33,116,71
red,81,142,64,51,79,158,117,132,52,93
blue,34,40,89,49,53,60,134,19,29,9
red,31,23,150,29,139,137,13,110,51,114
red,154,38,2,76,66,18,46,11,51,5
red,91,65,121,147,15,149,38,44,106,82
blue,3,84,11,29,70,31,124,6,136,119
red,34,61,140,116,99,151,54,155,51,14
blue,134,61,121,29,100,143,23,91,52,99
blue,74,84,151,51,111,134,97,2,76,126
blue,101,61,121,63,70,150,40,19,136,53
red,18,107,124,51,93,134,27,0,63,70
blue,110,38,143,116,70,102,65,1,8,126
blue,74,142,1,106,82,48,65,64,51,14
blue,110,38,1,85,93,34,65,104,17,70
blue,121,142,48,137,72,2,40,43,129,70
red,31,26,140,49,119,0,38,155,63,70
blue,43,38,121,29,37,34,84,94,17,79
blue,36,26,33,17,5,120,37,0,51,110
blue,126,27,91,136,128,18,44,86,106,99
red,22,13,139,9,70,25,84,32,51,74
blue,88,23,94,29,153,0,38,120,17,128
blue,154,27,151,17,79,107,124,155,51,82
red,114,65,121,51,128,0,27,140,29,74
red,102,13,140,116,123,110,84,91,136,53
blue,151,65,144,51,82,25,60,83,136,66
red,151,27,159,24,5,90,65,64,50,128
red,18,125,148,24,9,74,38,143,108,5
red,74,67,104,8,14,123,65,121,76,128
red,3,65,138,17,9,31,84,125,106,82
red,77,107,121,17,9,134,13,64,116,96
red,48,58,2,51,99,151,111,64,49,9
red,34,84,150,69,128,74,65,121,29,9
red,48,37,140,29,74,0,124,55,106,5
blue,110,65,159,8,128,102,154,121,133,5
red,41,65,144,51,14,131,38,121,29,148
red,36,142,121,136,153,0,84,62,17,79
blue,144,141,151,51,82,131,30,115,106,5
blue,62,65,83,85,14,2,155,143,106,4
red,43,84,121,76,5,48,65,2,147,119
blue,34,67,158,69,153,91,111,13,29,99
blue,104,146,121,136,118,88,30,13,76,71
red,43,67,55,85,96,18,84,68,116,79
blue,102,61,2,116,118,74,86,144,17,70
blue,0,60,140,29,153,36,37,150,76,45
red,90,40,141,51,108,47,58,2,29,153
red,103,134,143,106,99,78,46,125,29,53
red,48,124,56,50,82,144,40,150,51,4
blue,143,77,94,51,82,3,84,90,63,154
red,150,142,159,116,12,90,65,1,29,71
blue,62,27,94,29,12,134,65,159,116,71
red,0,65,159,17,128,43,111,121,8,148
red,18,142,140,29,53,47,84,64,51,4
red,34,92,159,85,93,31,23,91,51,148
blue,121,27,151,69,80,22,65,140,116,96
blue,127,65,43,116,14,150,74,110,51,111
red,18,54,0,29,9,145,87,150,156,53
blue,112,37,143,76,82,115,54,43,41,5
red,110,142,159,76,158,134,61,124,106,5
red,78,92,148,106,82,122,65,159,51,74
red,0,65,159,51,66,101,84,62,76,93
red,103,38,64,69,70,107,60,2,29,153
blue,74,65,125,106,66,110,58,2,29,153
red,31,0,6,29,12,134,38,37,9,5
blue,145,65,64,17,53,47,84,110,49,71
blue,103,87,140,116,153,81,154,132,51,96
blue,110,134,1,52,128,115,65,6,51,30
red,48,107,89,106,82,131,40,11,129,4
blue,0,142,143,29,91,84,145,34,50,128
red,0,65,104,50,128,72,37,150,76,15
red,0,65,132,29,53,31,87,151,76,79
red,18,54,110,17,45,2,87,91,49,99
red,110,142,68,51,112,101,104,64,24,74
blue,53,61,55,50,128,110,65,121,129,74
blue,90,111,143,51,128,74,38,2,29,159
blue,0,38,2,52,5,48,84,104,51,82
red,2,124,151,51,5,31,142,64,29,153
blue,34,26,125,116,70,74,142,2,51,66
blue,0,65,1,51,119,36,26,19,76,82
blue,0,60,140,29,99,104,142,56,49,93
blue,39,141,139,29,153,0,142,33,76,99
blue,43,67,142,9,99,92,38,140,76,5
red,22,94,114,106,4,31,142,55,116,46
blue,25,84,151,129,5,31,65,121,133,70
red,43,65,48,133,70,0,26,151,136,14
blue,117,74,125,133,126,36,65,121,8,53
blue,107,65,75,29,123,0,142,125,51,99
red,110,141,56,51,99,92,65,140,17,71
red,31,107,121,106,5,22,84,34,133,4
red,74,23,34,133,126,69,54,155,106,128
blue,101,30,89,51,99,74,40,151,76,119
red,115,67,33,51,99,36,75,73,129,126
blue,0,40,155,157,53,43,75,35,76,74
red,43,154,140,106,99,112,111,159,51,82
blue,74,5,143,51,4,110,75,154,106,99
red,18,23,150,51,33,112,67,110,106,99
red,18,61,140,50,126,0,38,19,51,128
blue,90,88,140,17,71,104,38,83,49,53
red,43,154,19,129,99,2,40,64,50,70
blue,2,61,115,24,14,131,145,132,69,99
blue,0,111,2,51,93,101,30,142,49,159
blue,114,124,151,29,91,74,13,142,76,120
blue,25,65,91,147,70,151,40,56,17,12
red,101,142,143,49,148,74,65,124,156,153
red,104,54,3,29,119,0,65,1,17,79
red,112,134,121,29,4,0,65,159,17,79
blue,0,38,121,29,119,43,30,155,8,128
red,34,130,121,76,83,43,38,6,147,111
red,18,65,143,116,153,78,38,121,17,53
blue,43,125,148,76,83,0,27,64,51,66
red,101,27,151,29,96,34,65,56,106,33
red,34,61,140,51,93,107,46,56,147,120
blue,37,86,140,52,123,102,23,110,136,14
blue,102,13,140,29,123,0,125,11,69,70
red,135,38,56,17,66,0,117,155,49,14
blue,0,44,143,69,158,144,98,33,52,82
blue,36,102,2,50,70,90,67,140,24,82
blue,101,65,124,51,93,0,98,64,76,5
red,154,98,68,24,123,2,40,155,51,74
blue,2,46,159,106,93,143,98,91,133,96
blue,43,154,55,51,93,103,98,2,76,160
blue,144,40,68,129,99,0,107,55,106,79
red,43,13,132,17,79,0,46,143,69,14
red,90,54,125,150,4,101,97,89,49,96
red,18,46,33,51,145,112,40,138,76,154
blue,37,142,94,17,128,115,98,1,49,9
blue,137,98,155,106,110,114,75,120,51,93
blue,48,54,143,29,53,22,98,114,51,93
blue,90,61,1,51,66,134,98,121,106,82
red,62,98,20,50,70,104,142,151,17,74
red,110,98,6,51,108,134,154,125,116,153
blue,36,65,121,50,70,3,84,120,24,82
blue,113,40,143,24,4,0,13,2,106,91
red,57,54,151,76,93,131,98,143,29,26
red,155,141,140,76,45,65,26,151,106,82
blue,18,38,121,24,14,102,13,144,51,96
blue,112,65,32,50,70,20,61,159,116,153
blue,146,54,110,106,5,13,61,56,51,128
red,107,65,1,17,70,0,84,143,69,108
blue,150,141,1,136,53,36,98,26,51,93
red,43,46,143,116,14,36,65,11,8,128
red,74,40,159,150,153,112,61,124,156,140
red,102,65,89,49,71,36,84,122,63,70
red,127,65,121,29,108,0,54,151,69,153
blue,134,87,114,106,91,83,61,121,136,126
blue,62,134,140,76,79,104,84,151,129,53
blue,47,26,94,8,128,74,27,101,29,53
red,134,28,94,29,119,22,142,122,49,45
red,88,124,151,49,41,107,84,112,52,126
red,31,38,68,17,126,37,65,87,50,99
red,36,26,94,29,153,22,54,155,85,70
blue,0,54,94,51,14,19,124,151,29,108
blue,121,61,94,106,93,123,124,125,9,118
red,0,94,143,106,126,3,104,134,76,70
blue,3,27,94,129,126,43,121,91,29,155
blue,0,84,143,52,82,151,124,110,76,153
blue,92,26,2,51,99,57,38,56,76,82
blue,31,65,109,147,15,0,54,83,136,5
red,88,26,125,8,128,36,38,139,51,14
red,92,65,64,51,93,31,84,2,76,53
red,112,146,110,133,100,22,98,32,49,71
red,11,26,101,133,100,151,84,35,136,70
red,31,65,33,51,79,21,102,3,136,80
red,75,98,151,129,153,74,38,134,51,66
red,88,65,64,138,9,37,84,110,29,153
red,0,124,141,51,5,31,26,93,136,128
blue,0,26,140,150,93,20,65,55,136,41
red,0,26,122,29,9,20,38,151,8,14
blue,0,23,150,29,15,31,26,121,50,74
blue,0,26,143,49,153,110,27,122,129,120
blue,62,84,140,76,53,43,26,36,49,74
red,131,38,6,29,74,112,84,120,133,128
red,36,124,56,106,82,103,65,105,51,79
red,143,124,110,51,82,112,61,1,106,14
blue,34,84,143,51,14,0,75,89,85,70
blue,36,84,122,76,5,34,124,19,51,82
blue,101,38,121,8,71,47,84,150,85,160
blue,101,124,151,8,126,110,149,104,9,100
red,115,142,83,49,14,151,84,140,43,128
red,101,67,2,106,99,0,58,121,137,154
blue,77,84,159,150,82,110,102,6,63,70
blue,18,142,33,51,9,0,87,89,136,5
red,88,67,19,133,128,74,104,132,76,119
red,110,54,151,51,82,154,40,121,29,53
blue,74,84,155,8,70,110,54,143,133,126
red,74,60,148,29,160,22,84,151,24,150
blue,145,102,2,17,83,112,61,121,136,160
blue,78,61,0,49,12,18,134,121,76,160
red,31,65,56,49,128,143,98,2,29,160
blue,0,134,6,49,160,151,107,140,17,82
blue,43,142,33,17,153,31,65,140,29,158
red,41,60,2,51,82,78,98,143,29,70
red,48,98,121,52,66,22,86,37,29,45
red,144,98,124,51,99,18,26,75,29,71
red,114,65,151,69,119,0,141,55,51,93
blue,114,98,62,50,74,90,61,150,29,5
blue,78,98,2,150,74,101,28,151,63,111
blue,0,155,11,106,4,34,124,143,9,128
red,0,13,133,69,41,19,142,122,106,128
blue,74,65,110,137,4,0,142,143,116,100
blue,11,84,0,49,82,122,40,151,76,41
red,18,58,54,63,153,47,38,143,24,70
blue,102,38,33,52,128,110,84,121,76,79
blue,31,154,140,51,14,18,84,94,29,53
blue,121,124,65,51,93,59,142,129,52,74
blue,0,40,1,76,14,151,65,64,136,139
red,142,107,144,85,126,146,46,159,24,76
blue,0,84,91,76,46,151,107,150,8,53
blue,151,23,150,51,74,110,142,121,147,93
blue,131,134,159,29,5,104,102,140,51,82
blue,90,23,150,8,66,112,125,6,50,4
blue,48,38,41,50,80,101,65,6,17,5
red,18,142,54,50,160,0,13,140,49,79
blue,74,65,121,136,139,110,38,143,50,16
red,110,37,155,50,128,151,65,150,8,70
red,38,74,6,51,128,0,134,121,136,14
red,151,124,94,50,128,104,149,43,29,70
blue,152,38,144,50,128,43,61,136,116,82
blue,59,102,94,50,70,47,113,121,69,153
blue,101,38,89,76,158,154,84,110,50,64
blue,0,27,155,51,148,74,38,1,50,12
blue,112,38,150,50,74,90,141,94,29,12
red,110,84,1,50,70,74,98,68,116,153
red,2,54,155,50,128,39,65,150,51,5
red,34,94,159,29,53,104,65,110,63,119
red,121,65,64,17,79,19,38,114,52,5
blue,2,38,110,116,93,62,26,0,51,153
red,110,38,114,63,70,102,54,138,133,153
blue,74,154,64,24,110,107,13,2,69,153
red,74,38,140,50,70,31,54,132,29,153
blue,151,65,33,52,9,47,60,2,133,70
red,90,75,159,29,9,18,97,33,76,158
red,88,54,43,49,119,22,107,143,17,79
blue,38,13,121,29,66,0,44,56,51,82
red,19,142,104,116,153,151,38,143,9,66
red,0,54,155,51,93,41,149,6,106,128
red,151,84,121,106,74,90,61,34,51,5
red,74,38,109,17,100,58,84,11,52,5
blue,74,125,68,136,93,90,141,33,63,128
blue,21,86,1,9,99,3,92,43,157,108
blue,110,65,140,17,53,59,38,114,63,70
blue,114,40,43,29,153,101,84,2,8,82
blue,144,38,151,147,14,18,61,124,29,82
blue,114,23,150,29,54,112,84,94,116,64
red,101,84,51,17,71,22,61,73,49,160
blue,47,84,64,156,153,2,75,43,52,74
blue,62,84,143,50,148,34,61,121,76,96
blue,90,58,2,106,5,101,54,125,51,99
red,92,58,121,17,74,131,26,142,29,119
red,90,58,1,41,74,154,134,150,8,153
blue,43,58,159,51,74,146,38,158,129,14
red,3,58,94,51,74,2,87,155,29,46
blue,62,61,6,116,153,154,60,138,8,108
red,0,61,89,133,83,31,38,26,52,93
red,112,61,121,17,53,18,38,143,49,153
red,25,84,155,85,119,152,54,3,129,153
red,91,61,2,69,153,0,65,56,29,119
blue,36,142,2,50,128,47,65,55,106,5
blue,35,30,94,136,126,104,27,43,49,71
red,0,54,150,29,53,101,98,136,85,96
red,103,65,44,106,99,134,58,110,76,4
red,104,46,151,51,93,0,30,6,133,33
blue,127,26,2,69,108,0,154,151,76,128
red,18,94,73,76,93,112,54,155,51,96
blue,47,84,143,29,4,83,74,43,50,128
red,22,84,33,129,70,78,27,103,51,82
blue,103,98,121,50,16,18,13,89,106,99
red,102,87,144,51,14,65,58,155,76,139
red,59,38,55,76,82,110,61,143,8,128
red,36,97,143,29,14,105,38,64,156,153
red,18,38,121,17,53,0,61,132,52,120
red,18,23,55,129,128,0,65,1,29,153
blue,90,65,11,8,12,41,30,104,24,126
blue,74,38,151,8,5,107,124,94,51,14
blue,18,65,121,51,109,0,61,56,17,5
red,42,46,143,29,120,18,65,83,8,96
blue,103,107,6,51,74,114,40,139,50,100
blue,39,65,64,147,45,102,84,155,51,66
blue,37,54,151,24,14,102,65,56,17,80
red,74,38,142,106,82,134,27,3,51,5
red,72,98,10,8,5,150,27,121,116,124
blue,104,65,11,29,119,43,60,124,8,70
red,110,84,55,24,153,18,142,143,51,93
red,131,98,23,76,27,101,107,56,17,79
blue,110,65,56,76,94,107,134,155,29,70
red,149,30,56,51,82,22,84,93,8,110
red,102,98,122,69,153,3,84,150,49,9
red,107,98,140,29,5,92,84,159,49,111
red,102,98,121,136,4,74,142,55,29,82
blue,0,67,155,29,12,74,98,23,76,109
blue,18,67,155,133,70,145,87,151,51,82
blue,48,102,71,51,111,0,87,2,29,41
red,144,65,110,29,14,101,142,87,51,93
red,0,54,110,29,53,2,65,33,136,14
red,74,92,140,51,93,155,26,120,129,153
blue,155,26,0,51,99,62,84,150,85,128
blue,134,77,19,49,12,31,61,57,129,82
red,113,27,43,76,82,137,61,2,50,128
blue,83,13,1,51,4,22,67,65,17,9
blue,43,154,121,24,126,92,28,3,116,82
blue,149,40,114,116,100,34,67,143,76,111
red,107,142,155,139,108,31,84,56,17,80
blue,101,67,64,29,93,0,38,151,50,14
blue,88,107,2,133,70,74,65,155,76,5
red,38,124,150,109,53,18,155,151,49,138
red,107,125,121,51,74,120,65,3,136,66
blue,112,38,11,51,14,114,61,155,109,119
blue,25,23,150,106,99,110,124,140,51,66
red,0,107,94,49,4,2,38,155,106,5
red,3,40,2,50,92,36,74,26,51,148
blue,36,130,139,51,123,112,40,151,76,74
blue,102,84,155,50,74,0,38,56,51,93
blue,101,67,150,51,79,102,146,151,106,99
red,78,65,19,49,41,74,26,43,17,45
blue,47,142,121,29,96,102,74,48,51,93
blue,102,155,159,29,128,31,46,2,51,66
red,0,141,150,69,70,134,86,159,116,53
red,0,67,91,106,5,114,40,104,116,153
blue,34,149,56,106,5,19,124,125,51,82
red,104,38,1,51,5,3,102,6,50,70
blue,112,61,33,29,153,18,38,140,51,82
red,110,111,68,9,90,78,87,43,17,70
red,37,38,121,51,27,101,58,1,17,53
red,22,58,73,85,126,158,97,32,29,5
red,47,28,155,85,153,135,54,19,51,93
blue,36,146,154,129,5,18,58,55,85,153
blue,22,67,121,76,16,18,142,6,85,153
blue,2,98,151,17,74,0,142,19,85,112
red,154,40,103,85,153,110,54,56,49,12
blue,104,134,125,9,153,74,28,151,52,158
red,101,46,122,85,93,104,38,124,24,41
blue,142,92,56,51,158,95,84,110,8,153
red,34,13,155,49,109,144,38,11,29,153
blue,92,134,151,133,70,78,65,136,85,53
blue,151,134,136,133,128,74,38,69,85,109
blue,36,65,132,106,128,115,98,140,85,93
blue,47,86,143,63,123,0,98,19,85,93
blue,104,61,155,85,66,101,124,151,17,12
red,0,124,64,49,128,90,38,121,9,158
red,78,65,37,29,71,74,142,140,137,158
red,48,84,151,29,96,115,65,104,85,126
red,115,26,122,17,79,31,60,143,147,158
blue,34,75,1,49,9,74,38,121,29,53
blue,134,54,6,133,70,34,74,159,85,53
blue,47,154,140,116,158,88,37,132,8,126
red,137,98,121,106,5,101,60,140,51,14
blue,22,54,91,29,53,34,61,140,24,128
blue,36,146,69,51,108,101,65,143,106,37
red,36,98,11,76,37,154,65,143,8,74
red,115,111,64,29,93,34,27,140,49,37
blue,0,84,143,24,82,36,61,64,17,100
blue,31,87,95,49,53,43,124,104,51,74
red,19,97,104,29,53,37,124,94,51,82
red,91,58,2,29,123,72,125,1,51,74
red,0,111,140,144,9,101,65,11,24,41
red,43,107,56,106,37,34,142,143,76,5
blue,144,142,89,29,153,123,65,64,51,5
red,55,84,35,76,4,144,142,43,106,37
blue,110,92,2,76,66,18,77,143,51,37
blue,36,84,94,29,82,88,124,142,17,79
blue,134,58,122,85,128,113,74,159,133,153
red,0,13,143,85,100,112,61,104,29,111
red,104,142,1,51,82,88,61,141,76,128
blue,72,65,2,51,5,59,38,121,24,82
blue,101,142,120,8,109,18,61,121,136,41
blue,145,84,101,106,91,65,67,110,8,82
blue,0,98,64,17,71,18,86,37,50,70
red,74,38,33,106,79,101,124,125,133,153
red,101,84,114,106,82,90,61,83,51,9
red,34,84,0,129,70,114,65,151,41,14
blue,113,40,157,51,14,31,58,56,106,74
blue,0,54,43,120,82,59,61,83,29,5
blue,3,13,94,52,82,0,61,44,63,70
blue,74,38,125,51,5,113,65,148,29,12
red,113,142,1,8,66,104,107,56,51,5
blue,92,125,158,76,14,0,38,143,51,5
red,0,86,68,85,5,74,155,26,76,128
blue,31,142,121,24,82,110,111,159,51,14
blue,0,46,1,29,53,3,40,148,147,5
blue,18,40,140,51,82,114,65,110,29,14
blue,151,54,154,29,53,78,38,125,76,5
blue,20,38,87,50,14,22,23,121,106,5
red,113,142,33,76,41,151,38,1,133,14
blue,90,46,120,106,5,123,23,150,76,74
red,0,67,125,51,82,72,154,43,116,14
blue,0,61,132,150,54,92,65,89,106,5
blue,110,84,121,85,45,112,60,89,76,5
red,35,38,138,17,12,0,74,121,106,99
red,0,23,13,17,14,48,84,143,51,82
red,47,58,11,129,160,35,125,2,76,66
blue,90,124,94,106,5,0,142,11,17,12
blue,0,65,11,29,109,74,38,26,76,118
red,48,23,94,156,153,90,38,151,17,53
blue,31,61,55,51,82,37,30,75,29,153
blue,0,60,1,85,80,112,65,121,9,53
red,31,27,155,51,110,154,75,2,106,9
red,114,58,150,51,93,107,65,6,29,66
red,47,27,120,24,128,34,54,150,17,82
red,74,58,56,106,96,34,124,21,51,93
blue,42,58,89,51,93,115,124,143,17,79
red,39,142,6,129,14,92,13,143,51,120
red,57,87,151,51,14,72,65,150,29,45
blue,110,107,43,76,109,72,13,159,116,108
red,34,13,110,129,119,84,97,0,76,93
red,31,141,121,29,158,18,94,124,51,82
red,33,142,121,29,158,112,13,2,51,128
blue,0,23,135,34,108,78,40,121,51,82
blue,48,40,143,29,121,36,38,64,129,12
red,22,61,121,133,119,110,65,3,51,12
blue,18,87,2,51,118,74,111,121,156,153
blue,75,84,143,51,74,104,67,101,17,119
blue,110,38,11,52,66,75,65,121,129,5
blue,47,58,124,137,74,151,54,75,106,14
red,59,38,1,51,5,47,84,75,29,120
blue,18,67,94,52,100,54,74,75,29,53
blue,134,40,13,51,93,110,97,75,76,100
red,78,84,75,29,18,101,38,138,116,128
red,78,30,155,49,148,42,107,151,76,5
red,107,58,150,29,9,57,124,155,24,128
red,18,60,143,50,158,22,38,70,29,119
blue,110,38,132,116,70,74,149,125,24,119
blue,101,65,121,106,82,0,102,143,29,153
blue,59,13,124,76,4,0,142,159,24,99
blue,0,98,56,24,45,112,37,94,51,66
red,0,98,19,51,93,42,58,121,136,82
red,36,61,11,49,5,0,65,121,116,74
red,134,142,159,9,29,151,98,19,49,6
red,88,142,121,116,14,110,38,143,69,53
blue,152,92,104,29,119,42,65,138,76,153
red,35,23,150,29,9,101,107,10,129,128
red,35,23,94,106,74,0,26,3,76,112
red,0,23,122,69,100,88,97,87,51,128
blue,43,40,1,51,93,34,65,56,133,96
red,151,65,144,76,14,39,38,43,51,139
red,2,38,159,137,66,74,141,120,51,82
blue,110,30,151,116,70,104,125,143,29,14
red,127,74,155,51,5,121,60,159,76,16
blue,90,23,110,8,119,121,86,22,106,74
red,88,26,140,106,66,48,46,159,85,119
red,74,107,150,51,110,112,75,140,52,128
red,74,23,150,17,93,72,142,64,24,148
red,0,23,151,24,14,113,97,19,49,74
red,101,149,83,76,120,53,65,105,116,14
red,74,146,151,29,153,22,154,129,49,160
red,43,54,33,29,70,37,38,11,8,74
red,42,65,150,29,9,31,61,121,136,126
blue,110,23,6,49,96,90,38,41,51,71
blue,18,102,140,106,12,22,65,64,52,148
blue,22,44,121,49,71,88,54,150,76,119
red,110,142,56,24,14,43,65,121,9,128
red,36,65,55,17,14,104,61,122,51,79
red,0,65,2,24,91,22,92,104,9,119
blue,0,61,64,116,5,22,28,121,106,92
red,43,130,139,137,82,146,40,121,76,128
red,88,30,64,76,123,110,23,1,150,153
red,110,38,143,51,79,0,65,64,8,128
red,0,58,56,8,128,131,23,151,51,82
blue,81,60,143,116,66,0,23,64,9,93
blue,101,65,143,133,153,90,67,94,116,12
red,144,124,3,49,5,103,60,121,9,82
red,43,38,143,106,14,36,60,89,51,5
red,123,65,104,8,82,48,84,33,29,93
blue,74,67,91,51,82,101,124,150,106,99
blue,101,107,121,76,66,0,65,23,137,14
blue,0,65,2,106,66,3,107,120,51,158
red,102,65,7,52,5,47,107,56,116,100
red,110,65,43,29,41,112,124,69,51,96
blue,0,65,10,17,120,43,38,64,52,100
red,0,107,11,106,128,152,38,10,76,53
red,59,27,43,51,14,110,142,10,17,158
blue,74,107,55,116,139,41,130,43,69,153
red,0,38,139,29,153,62,142,64,137,53
red,0,65,64,29,41,43,61,83,76,70
blue,0,40,11,17,53,112,13,121,51,5
blue,31,142,89,136,93,43,38,56,116,96
red,90,40,143,106,4,101,124,33,24,93
red,145,40,32,106,5,107,65,6,17,14
blue,69,107,31,51,108,48,75,146,29,4
red,22,23,150,51,99,47,75,103,147,74
red,25,65,132,116,119,78,98,125,69,14
red,36,54,110,106,14,145,40,151,29,53
blue,47,98,120,51,74,110,23,150,106,14
red,123,75,121,106,4,48,102,78,129,66
red,35,38,55,69,9,74,84,32,29,93
blue,22,65,2,17,75,35,98,56,49,121
red,31,75,1,24,123,22,141,125,51,82
red,127,65,132,136,158,120,124,151,29,93
red,0,23,2,8,93,35,98,37,29,121
red,35,84,94,129,153,2,65,158,17,41
red,154,23,94,49,41,31,86,2,147,82
blue,115,38,138,49,74,69,87,73,137,14
red,18,142,121,29,53,155,54,151,50,70
blue,134,111,159,51,96,22,61,139,17,41
red,144,124,101,8,109,46,75,121,51,74
blue,0,13,148,51,66,31,38,1,8,14
blue,67,61,89,8,93,101,65,143,69,9
blue,137,98,159,17,5,0,75,120,29,4
blue,127,61,155,148,79,18,60,124,51,14
red,114,75,125,17,119,0,60,159,29,53
blue,38,124,150,51,82,31,87,121,29,30
red,65,87,121,76,93,35,84,132,136,70
blue,2,38,121,49,70,18,87,33,17,108
blue,90,87,121,52,14,78,74,110,51,153
red,22,87,143,76,82,0,40,11,52,120
blue,31,87,1,85,96,107,84,150,51,82
red,22,87,94,69,153,110,84,151,17,79
red,31,87,94,76,66,0,92,68,106,82
blue,37,142,10,8,119,110,87,83,51,82
red,0,87,6,17,12,13,107,143,85,153
blue,110,87,140,116,153,101,13,155,76,71
red,127,38,11,51,93,18,87,56,49,70
red,137,87,143,24,14,74,58,2,156,153
red,22,61,159,63,53,154,40,64,51,70
blue,36,58,143,116,153,135,87,64,8,66
red,36,58,104,69,14,3,40,26,85,153
red,39,40,68,17,119,0,134,11,147,53
red,117,40,121,76,6,90,26,155,9,74
blue,101,87,155,76,66,36,38,71,29,53
blue,59,102,110,133,158,150,40,32,116,153
blue,92,134,43,76,160,154,40,26,8,70
red,103,107,121,29,128,112,141,144,76,160
blue,47,87,121,116,70,0,107,151,106,82
red,130,87,121,17,41,134,38,144,8,108
red,154,38,159,9,119,36,40,144,116,14
blue,43,124,151,137,99,0,87,83,106,93
red,112,40,33,76,14,74,98,138,137,118
red,74,40,155,85,109,78,61,11,116,15
blue,34,40,124,8,71,110,74,143,17,128
blue,34,75,104,116,160,57,40,1,51,110
blue,36,125,56,29,100,37,40,159,51,70
blue,22,27,0,69,153,48,87,150,50,128
red,22,54,94,49,158,110,61,151,29,53
blue,22,65,63,19,93,0,154,132,29,76
red,0,142,121,49,74,90,40,157,50,41
red,0,154,121,9,108,74,40,155,51,14
blue,31,40,2,76,82,74,146,150,17,148
blue,92,84,150,49,111,37,40,11,17,53
blue,0,58,143,17,74,88,40,64,49,83
blue,0,92,56,156,153,43,40,132,106,128
red,104,65,151,106,121,0,67,125,133,5
blue,0,40,159,116,45,35,87,121,29,153
red,88,134,159,52,70,74,61,151,116,153
red,74,67,151,8,128,110,40,11,29,120
blue,78,40,33,51,128,42,38,159,76,74
red,22,40,33,8,14,110,23,150,147,96
blue,115,146,105,29,5,134,40,33,24,153
blue,48,141,1,17,70,31,40,143,29,53
red,151,40,56,29,12,37,86,155,49,128
blue,78,87,125,50,70,136,134,37,29,30
red,105,40,155,9,66,0,13,104,51,14
blue,114,13,140,136,128,0,87,155,157,91
blue,74,40,155,116,160,39,84,43,51,93
red,57,134,132,136,53,38,27,125,29,45
blue,144,65,121,29,9,36,40,33,76,119
blue,131,142,2,29,160,31,74,125,51,53
red,22,75,64,50,74,112,38,159,69,70
blue,151,75,56,51,82,0,23,150,29,96
blue,114,38,121,24,82,0,23,125,150,74
blue,144,142,33,51,93,151,38,121,24,66
red,74,142,1,51,126,92,67,151,69,5
blue,18,61,121,51,100,74,141,109,76,126
red,74,134,109,133,126,36,27,132,24,93
red,74,102,159,51,126,43,75,132,29,15
red,18,65,64,106,126,74,125,148,51,71
red,90,65,121,116,126,39,54,110,51,5
red,74,38,23,51,126,151,141,64,137,160
red,36,54,151,51,9,18,61,0,76,126
red,151,102,2,116,12,0,126,19,51,40
red,103,58,33,116,126,131,65,159,93,108
blue,127,149,56,147,126,74,84,151,85,93
blue,137,38,56,49,53,0,65,26,147,126
blue,101,125,144,52,126,2,65,103,50,128
red,31,98,26,106,126,74,27,56,51,14
red,0,30,3,116,53,151,84,2,29,82
blue,0,30,150,29,160,22,142,55,51,65
red,34,65,155,51,128,101,84,143,17,14
red,34,84,151,51,99,22,26,140,29,53
blue,47,107,71,29,53,101,124,35,129,70
blue,0,23,151,52,100,88,84,142,29,74
red,102,149,89,129,68,48,84,151,51,72
blue,31,142,132,76,70,102,149,89,29,53
blue,152,65,68,69,118,31,75,13,29,111
red,31,102,121,51,93,43,60,11,52,123
blue,18,98,155,17,93,34,125,32,76,82
blue,47,154,151,17,138,36,37,142,63,119
blue,22,146,155,52,153,0,84,150,76,4
red,91,30,155,52,126,110,84,3,49,27
blue,43,102,104,138,53,18,84,151,136,80
red,101,84,155,136,66,134,113,6,49,120
red,102,38,68,29,14,134,54,155,52,128
blue,90,38,6,51,82,33,61,150,136,53
blue,0,92,104,69,14,18,65,33,51,66
red,101,84,33,51,53,110,74,2,85,154
red,39,98,33,116,128,0,102,1,106,66
red,131,86,121,116,91,74,155,33,51,12
red,74,38,33,51,5,22,65,121,29,119
blue,74,97,57,8,5,42,124,155,137,70
red,74,142,134,29,41,18,104,43,106,4
red,151,65,140,51,66,135,134,2,69,70
red,36,44,159,63,70,154,38,140,51,82
red,151,84,34,106,82,107,38,11,156,153
red,37,13,89,51,82,92,47,6,147,99
red,0,65,121,8,70,48,84,150,24,74
red,151,84,64,51,96,37,155,2,85,82
red,104,40,121,147,153,0,65,11,29,12
red,0,65,33,51,93,81,40,121,76,45
blue,0,84,155,109,79,19,87,151,133,126
blue,42,27,155,106,4,22,65,32,8,120
red,43,98,121,29,53,103,40,6,24,93
blue,18,104,140,17,79,0,61,121,49,82
blue,62,60,104,51,74,0,61,6,147,110
red,0,124,110,63,70,34,28,11,8,119
red,149,67,121,17,126,22,74,11,106,100
red,18,84,33,129,5,107,134,140,51,4
blue,104,61,56,51,93,59,40,1,24,5
blue,5,94,75,39,123,90,61,121,17,12
red,0,124,33,63,70,131,84,15,24,100
blue,0,65,44,49,153,36,84,120,76,5
red,19,65,89,49,138,59,61,87,50,4
red,121,61,151,106,153,88,27,141,51,119
red,92,27,110,106,74,101,142,6,51,93
blue,151,18,143,76,74,104,38,1,51,82
red,90,154,109,76,128,107,77,2,9,12
red,91,40,3,29,159,86,54,125,129,153
blue,11,38,121,76,79,2,65,104,29,153
red,31,134,56,50,33,103,26,150,51,74
blue,104,38,34,50,119,127,61,56,85,126
blue,18,65,132,51,74,146,142,33,52,90
blue,3,149,64,106,82,104,141,33,76,16
red,104,98,37,106,82,3,94,1,76,96
blue,134,65,125,69,9,22,38,19,51,14
red,43,37,155,29,53,134,13,144,17,16
blue,36,26,155,63,82,123,38,159,49,120
red,43,38,140,49,79,104,146,2,51,82
blue,114,75,3,133,123,88,142,64,49,93
blue,104,67,151,50,70,101,65,6,76,9
blue,72,38,11,50,96,47,54,110,29,93
blue,18,154,125,29,108,88,107,121,76,128
red,74,155,3,49,119,31,124,94,76,109
red,43,107,159,24,93,131,60,21,52,74
red,88,38,1,51,128,74,146,3,106,14
red,59,65,150,137,14,144,61,3,29,82
blue,0,65,1,51,14,41,92,140,24,128
blue,0,92,143,49,82,3,61,53,76,74
blue,0,38,89,17,79,40,98,105,51,14
blue,0,58,143,49,120,114,107,43,138,92
red,35,98,143,106,93,18,46,144,76,79
blue,134,102,94,17,64,74,30,101,76,5
red,41,124,48,17,128,31,65,151,92,153
red,18,75,143,29,128,3,97,151,129,99
blue,74,98,143,8,82,41,38,110,51,128
blue,41,23,150,50,5,151,134,44,69,115
red,22,84,110,51,128,48,26,6,137,153
red,127,61,143,49,128,47,65,158,17,46
red,47,40,121,116,5,135,102,6,29,108
blue,104,61,132,52,93,37,38,151,51,74
blue,0,60,91,51,66,43,61,142,120,5
red,104,30,110,29,5,18,44,55,51,66
blue,22,27,10,76,110,115,98,56,51,128
blue,48,107,73,76,5,34,38,6,29,128
blue,145,142,104,129,128,47,65,125,120,74
red,134,27,155,106,5,0,98,104,19,110
red,0,61,159,24,93,78,40,3,76,74
red,131,40,148,106,5,105,149,3,69,110
blue,36,67,155,63,76,34,26,151,69,5
blue,114,111,11,29,53,110,65,143,17,14
red,34,27,2,116,74,0,26,155,50,82
blue,18,87,155,52,5,0,111,64,51,99
blue,31,142,135,24,5,104,77,1,17,82
red,134,65,104,106,5,18,84,64,51,82
red,112,58,73,51,128,74,134,140,106,5
red,18,58,159,51,91,127,141,140,50,128
red,74,60,15,106,159,34,40,56,50,5
blue,22,46,144,29,111,34,142,15,8,70
blue,0,44,132,15,83,144,98,94,51,102
blue,0,58,2,136,5,151,13,83,29,12
red,92,65,143,52,14,0,38,44,133,70
red,126,26,155,24,93,18,30,56,29,70
red,62,40,144,52,5,18,54,75,85,153
red,0,124,33,8,16,104,40,55,136,82
blue,47,142,124,8,74,151,84,159,51,128
red,0,38,33,51,82,2,142,151,17,96
blue,74,61,33,9,109,101,84,143,17,128
blue,101,40,7,51,128,90,98,56,106,14
red,101,26,56,17,14,35,84,110,8,70
red,112,94,56,51,96,121,149,143,9,158
red,0,65,56,24,66,101,102,19,76,153
red,25,40,6,76,14,48,94,56,17,45
blue,101,124,35,136,115,36,38,56,29,12
blue,0,75,11,116,70,101,65,56,29,153
red,0,30,56,69,80,107,13,72,29,53
red,127,58,56,129,71,0,61,55,17,82
blue,92,3,43,76,14,146,46,140,38,71
red,20,142,140,49,148,127,58,51,17,93
blue,42,58,125,49,139,0,142,51,17,153
red,145,86,110,50,70,47,30,43,106,66
blue,22,65,144,136,148,38,27,43,116,112
blue,151,65,32,106,82,110,46,121,137,30
blue,125,146,34,51,128,57,61,43,151,93
blue,62,58,43,129,158,47,92,11,63,70
red,78,134,2,106,66,95,130,43,51,120
red,2,61,110,69,120,127,125,43,17,119
blue,104,61,143,49,128,151,74,101,129,99
blue,149,38,87,51,93,110,124,33,24,14
red,110,27,21,76,93,145,13,33,116,66
red,110,40,121,51,14,143,65,43,50,128
red,39,38,64,19,5,72,26,150,116,108
red,143,38,43,29,16,121,26,47,9,74
red,48,65,64,29,14,20,92,140,8,128
red,43,65,19,106,14,24,54,121,116,93
red,146,125,122,51,5,37,38,64,52,65
blue,92,84,121,49,159,144,125,101,116,30
red,2,40,121,51,99,48,86,11,8,126
red,25,38,143,51,119,101,124,144,106,14
red,43,149,104,29,119,69,84,151,8,128
red,37,23,150,51,82,22,142,121,147,14
red,103,65,121,147,96,31,75,56,51,4
blue,78,40,89,129,5,25,60,122,24,14
red,101,23,120,51,93,37,67,150,76,128
red,37,65,70,50,128,90,58,140,51,14
red,25,54,62,51,14,91,38,1,116,123
red,25,98,64,76,5,74,65,142,17,79
blue,18,65,140,106,82,37,38,155,29,12
red,59,88,125,106,14,2,44,101,49,41
blue,36,27,62,51,126,151,87,69,124,154
red,36,40,101,157,118,0,74,125,106,6
red,36,27,159,29,53,34,54,3,136,70
red,105,107,142,8,96,0,65,121,29,12
red,151,38,121,29,123,48,94,143,116,14
red,47,27,150,76,96,18,75,121,52,100
blue,92,130,7,29,9,0,102,33,49,119
red,90,27,151,17,82,131,98,154,49,111
blue,36,58,158,51,82,48,61,6,29,111
blue,127,65,19,29,126,37,84,114,8,93
blue,72,65,151,106,74,3,67,48,109,14
red,91,142,56,29,139,74,124,110,49,5
red,110,67,159,52,5,25,38,55,147,14
red,34,23,150,147,115,131,38,159,29,12
blue,145,84,6,51,154,78,65,143,9,14
red,34,40,110,147,41,145,23,151,29,119
blue,18,38,132,76,5,0,13,2,147,14
blue,101,75,143,17,91,22,58,11,63,93
blue,42,65,6,49,41,22,84,56,147,148
blue,74,23,150,147,99,110,27,138,51,4
red,47,46,68,106,82,131,65,64,51,14
red,31,87,11,52,126,110,40,143,69,93
red,81,124,142,51,126,18,38,64,17,70
red,110,65,56,8,70,36,102,37,29,53
red,31,154,121,8,74,22,84,6,52,128
red,36,154,140,29,53,151,107,110,51,82
blue,43,60,19,120,153,59,38,32,51,70
blue,13,142,33,106,100,0,98,32,8,128
red,36,58,2,106,99,110,65,120,109,139
red,112,154,150,51,93,104,142,2,17,79
red,115,23,125,137,93,150,98,104,51,4
blue,90,142,41,116,148,92,13,121,49,15
blue,37,65,83,85,119,112,74,159,51,148
blue,101,28,71,51,128,36,125,143,129,82
red,149,65,121,51,100,0,61,109,17,70
blue,101,84,140,8,70,74,27,142,51,153
blue,0,65,143,76,148,48,134,2,120,126
blue,102,130,121,106,100,18,40,64,52,4
red,31,38,68,157,79,107,142,124,49,128
red,34,54,125,17,74,154,61,144,106,82
red,47,154,68,51,66,18,27,125,29,100
blue,0,40,154,8,5,20,54,93,52,41
blue,36,30,68,29,153,0,54,121,129,102
blue,31,38,68,50,70,48,124,150,51,5
blue,134,40,68,29,53,78,38,26,49,9
blue,0,38,55,61,5,104,65,114,51,14
red,0,27,151,116,4,43,65,68,136,53
red,150,141,72,120,9,0,65,68,29,64
red,102,65,68,116,153,107,40,125,17,15
blue,0,30,143,129,93,151,102,124,51,154
blue,0,65,143,120,100,43,75,155,24,5
blue,114,38,1,51,100,0,23,155,17,82
blue,47,65,133,49,128,131,58,143,17,82
red,47,141,143,29,93,22,124,6,51,82
blue,21,98,43,51,14,3,111,134,17,79
blue,3,84,43,51,66,95,38,19,29,158
red,11,154,101,24,99,143,13,140,116,82
red,104,40,143,129,96,22,146,6,106,66
blue,145,38,64,136,14,88,117,121,116,82
red,25,65,143,17,66,0,13,121,137,70
blue,31,107,121,29,82,43,84,159,51,14
red,91,38,64,8,128,137,65,2,138,9
blue,131,117,138,29,70,74,38,121,106,5
red,107,60,121,49,120,151,155,32,50,96
blue,42,65,121,8,128,6,98,105,106,5
blue,33,23,125,52,9,60,38,2,8,119
red,47,98,122,51,82,72,65,143,137,158
blue,78,102,159,17,70,13,104,43,29,53
red,0,134,121,9,93,19,40,158,29,153
red,36,84,151,51,5,0,65,159,116,93
blue,92,65,140,106,99,0,84,43,51,128
red,22,75,6,51,99,74,40,43,76,154
red,47,75,121,106,4,74,30,140,76,128
red,59,155,2,29,100,101,38,1,76,70
blue,0,38,151,24,93,74,44,21,106,82
blue,74,38,68,51,82,31,60,124,49,14
blue,101,60,56,51,33,2,61,110,29,82
blue,143,77,81,51,82,146,65,114,29,53
red,92,124,142,8,110,31,154,54,29,33
red,58,38,143,49,74,31,67,43,9,130
blue,150,40,78,17,128,121,37,101,8,14
red,59,38,15,29,70,36,61,64,147,96
red,0,74,121,129,70,56,65,64,136,93
blue,37,111,125,76,118,103,84,89,43,82
blue,110,67,143,51,93,134,84,131,129,158
red,121,65,43,63,160,134,38,11,50,70
red,41,61,62,136,70,137,107,121,51,66
blue,150,61,121,52,66,0,142,89,29,111
blue,43,111,124,29,14,48,61,121,24,30
blue,18,38,121,52,100,39,84,110,29,15
blue,74,40,68,51,93,115,155,143,9,53
red,107,38,21,17,79,104,134,140,52,128
red,90,124,125,17,74,151,65,2,51,82
blue,31,65,70,29,66,131,26,0,129,93
red,142,154,151,76,128,0,26,101,50,4
blue,112,84,155,106,82,31,75,89,49,5
red,34,124,143,52,5,68,149,11,69,14
blue,154,84,125,17,79,92,65,1,50,128
blue,18,65,1,51,99,110,30,159,106,82
blue,115,38,10,120,70,31,102,68,17,71
blue,36,125,121,69,82,90,38,140,51,66
red,112,38,121,24,16,110,84,33,136,82
blue,62,54,110,51,53,103,38,114,137,82
red,39,23,150,8,93,36,38,121,17,27
blue,0,124,19,85,93,18,84,6,8,128
blue,145,84,151,29,153,110,65,23,120,93
red,92,38,121,76,82,31,58,2,50,45
red,134,54,159,51,93,18,124,151,24,158
blue,0,38,121,116,148,36,23,33,106,128
blue,114,40,6,8,119,35,26,56,106,82
blue,22,65,64,51,16,43,67,1,76,5
blue,36,84,142,17,100,135,75,150,51,53
blue,151,65,10,129,66,135,75,136,51,93
red,48,38,140,29,53,25,60,64,106,93
red,145,98,56,29,93,35,60,33,133,70
blue,0,134,71,76,9,137,38,159,49,93
blue,20,54,110,49,119,48,28,94,76,9
blue,114,142,140,116,70,38,98,64,76,100
blue,18,27,35,49,53,22,154,143,51,82
red,3,154,121,51,66,81,58,114,76,128
red,0,23,151,156,111,18,94,56,69,153
red,34,54,56,69,128,101,27,125,49,89
blue,40,142,21,51,111,131,44,26,106,82
red,41,142,155,76,111,72,102,11,106,99
blue,74,65,154,17,79,104,38,151,109,100
red,104,38,62,136,41,48,40,143,17,70
blue,151,54,69,19,5,0,124,33,51,93
red,78,46,138,106,126,72,98,64,24,82
red,144,124,121,116,153,0,58,33,106,4
blue,52,38,33,106,66,112,107,56,137,14
red,47,65,2,136,118,36,102,143,49,153
red,112,61,140,17,53,18,38,64,116,153
red,35,54,55,51,12,25,65,122,52,5
red,34,65,143,51,5,131,98,1,69,14
red,34,23,3,52,96,151,65,121,29,9
red,104,40,56,29,154,31,149,1,17,123
blue,2,23,150,69,80,143,60,33,133,12
red,35,65,55,76,70,134,84,64,17,93
red,59,65,95,133,96,127,40,121,9,70
blue,149,102,121,49,82,72,40,159,116,41
red,70,65,94,24,82,2,91,121,29,153
blue,0,13,148,106,99,31,61,2,137,41
red,48,102,11,49,148,34,38,121,51,93
red,0,65,148,29,153,47,13,6,85,82
red,74,141,121,8,108,112,124,32,29,153
blue,36,75,139,49,93,0,84,1,106,66
red,126,40,1,150,128,107,67,155,85,14
blue,3,46,140,49,160,36,142,114,29,148
blue,134,65,64,29,109,42,84,125,51,74
blue,0,87,91,51,93,107,75,148,63,70
red,37,38,114,51,128,112,142,89,24,82
red,149,65,114,52,100,59,107,155,116,96
blue,95,38,11,85,100,31,13,140,106,5
red,74,84,83,51,128,34,13,56,29,79
blue,56,65,2,49,74,151,84,159,52,14
blue,92,65,143,50,96,135,142,110,148,14
blue,43,65,33,50,96,31,61,32,51,14
red,41,23,32,51,14,48,27,2,24,93
red,0,38,89,116,74,114,65,140,160,5
blue,144,65,159,129,128,48,155,143,51,14
red,88,124,136,17,14,0,65,159,29,74
red,74,61,125,41,79,39,149,89,29,14
blue,90,23,11,51,14,113,65,151,129,153
red,121,61,19,49,93,36,65,1,29,100
red,0,84,11,17,14,48,98,140,24,118
blue,74,40,89,147,119,143,61,26,29,41
blue,48,27,140,136,128,113,54,150,17,93
blue,154,84,94,76,66,3,61,140,29,119
red,34,28,151,29,96,54,75,150,8,99
blue,110,107,143,63,41,57,75,125,120,123
red,18,54,33,8,5,74,65,32,51,82
red,90,142,30,50,128,22,23,120,52,93
red,39,58,121,51,14,22,84,143,8,128
blue,47,124,1,51,4,0,65,143,85,66
red,74,75,83,129,4,34,27,140,51,93
red,138,142,56,69,53,0,61,6,17,100
red,43,142,33,51,91,48,94,32,8,66
red,47,40,56,69,70,149,142,55,76,33
red,88,124,151,52,82,90,65,121,51,12
blue,78,38,2,8,70,0,124,94,17,111
red,54,13,125,85,153,95,154,155,50,4
red,22,142,155,29,122,112,60,86,156,153
blue,42,65,140,51,62,112,134,2,76,5
blue,18,61,26,120,108,114,92,1,29,53
red,151,154,159,51,66,101,134,89,29,153
blue,90,65,121,24,93,19,38,122,51,96
red,3,67,151,17,53,74,98,33,106,66
blue,101,27,125,106,96,102,84,1,29,82
red,74,40,32,120,9,91,84,140,52,14
red,158,142,143,147,128,104,141,55,51,74
red,75,87,110,51,153,18,142,144,49,70
blue,77,65,120,8,5,62,124,110,17,14
red,31,124,95,17,138,0,38,121,29,153
red,112,155,94,136,119,0,114,11,116,153
red,48,38,120,76,83,154,111,23,51,66
blue,72,86,6,51,14,48,67,159,29,82
red,0,38,121,52,74,149,26,132,50,130
blue,3,142,144,49,9,0,134,19,51,100
blue,0,124,110,52,5,31,27,150,76,96
blue,0,75,2,133,96,78,61,151,76,128
red,18,61,121,106,99,0,38,143,109,12
blue,62,38,11,51,4,86,40,2,29,74
blue,18,65,89,133,100,145,107,120,116,12
red,144,65,140,17,71,25,44,151,29,70
blue,47,102,143,129,99,74,65,121,133,70
red,31,61,124,76,99,48,134,33,29,4
red,22,124,140,51,82,48,54,92,147,74
red,25,65,26,76,99,104,38,143,8,100
red,43,142,143,8,70,39,40,3,129,99
blue,151,28,3,51,82,41,54,101,76,5
blue,0,75,55,85,99,110,23,151,76,74
blue,62,141,143,51,66,0,125,148,85,123
blue,0,102,121,24,128,101,61,105,17,119
blue,103,58,89,85,153,74,38,125,52,100
red,101,27,110,41,96,42,38,159,106,74
red,18,98,6,106,74,47,61,26,51,66
red,48,65,120,17,74,18,40,2,29,14
blue,0,30,56,116,119,110,86,6,147,96
red,62,84,33,76,119,104,27,43,17,70
blue,0,38,94,136,70,24,84,122,51,99
red,88,38,33,116,70,90,113,143,52,74
red,37,102,155,41,9,19,75,121,106,14
blue,137,75,23,52,128,92,124,155,50,70
red,102,44,155,29,71,31,65,140,17,12
blue,102,44,140,49,93,0,23,34,76,14
blue,35,91,148,106,99,0,84,34,137,74
red,101,27,155,133,126,52,61,121,51,74
red,31,124,155,49,119,74,86,151,69,14
blue,18,97,2,29,41,134,84,155,51,14
blue,113,65,89,106,82,78,58,155,49,9
red,43,92,150,137,96,62,61,121,106,16
blue,142,40,64,51,70,77,125,155,29,15
red,48,87,29,159,53,22,155,69,19,4
red,0,84,155,116,14,19,27,56,52,4
blue,0,38,56,52,46,57,87,155,106,66
blue,114,38,26,116,126,145,117,155,106,148
red,59,75,155,76,14,34,58,56,129,119
blue,37,125,89,8,119,121,124,155,150,74
blue,18,26,110,51,158,35,84,155,85,119
blue,131,125,151,51,14,143,65,83,116,126
blue,47,141,56,29,126,0,98,121,24,80
red,123,61,121,24,70,110,65,104,76,14
red,0,65,55,106,120,112,92,121,52,93
blue,110,38,64,51,93,31,65,121,9,120
blue,154,38,11,17,71,78,60,125,51,74
blue,78,38,1,51,82,110,84,11,106,99
blue,112,87,104,8,53,62,23,64,116,14
red,0,154,2,29,153,101,65,11,76,120
blue,121,98,19,129,66,2,40,110,51,93
blue,0,40,124,29,153,2,65,140,136,53
red,131,65,159,69,153,78,97,151,52,128
blue,74,60,155,147,111,47,84,151,136,158
blue,43,30,148,29,5,110,84,155,129,93
blue,90,124,155,29,119,101,141,1,116,153
blue,40,65,10,136,66,74,38,71,50,70
blue,42,98,121,52,14,88,58,11,9,118
red,0,65,121,129,70,86,84,2,49,4
red,18,65,11,76,4,2,142,155,156,153
red,107,84,125,8,119,35,23,81,136,100
red,0,61,37,106,96,31,38,104,50,120
blue,74,92,89,29,52,59,84,151,129,120
red,36,38,121,106,82,74,75,155,51,14
red,6,98,140,106,74,78,13,20,51,93
red,101,134,157,85,128,150,61,26,76,71
blue,115,146,110,8,119,121,23,150,50,66
red,104,107,101,129,153,144,38,150,24,120
red,146,98,159,51,14,57,75,155,106,82
red,19,84,110,116,120,3,54,74,29,133
red,74,38,89,156,153,25,146,37,29,5
blue,0,149,11,52,128,22,141,56,29,153
red,18,74,1,29,70,101,124,26,17,12
red,151,65,143,49,79,90,142,2,17,70
red,151,92,55,17,82,72,141,11,85,126
red,151,40,1,29,66,101,124,121,106,99
blue,44,38,68,17,115,151,84,101,50,41
red,151,98,44,51,160,115,104,11,52,120
red,151,23,44,116,119,43,27,143,76,66
red,151,38,2,17,121,107,134,89,51,119
red,151,75,159,51,128,31,38,104,9,5
red,151,61,33,51,74,103,38,56,106,66
red,43,134,1,29,4,34,75,143,69,111
blue,43,38,19,49,74,31,61,140,76,158
blue,151,40,73,133,93,62,117,2,51,66
blue,144,65,136,76,82,151,98,121,69,128
blue,107,23,43,150,82,101,154,158,51,70
blue,101,84,0,49,79,43,27,1,9,96
blue,151,65,143,138,82,0,84,155,50,128
blue,0,38,6,8,119,43,65,56,51,82
red,43,65,121,29,14,6,38,32,49,83
red,43,65,140,8,5,0,92,11,85,119
blue,151,77,155,29,53,36,38,83,51,93
blue,151,27,139,51,121,48,107,94,136,158
blue,37,38,121,29,53,151,98,64,116,5
blue,151,107,121,29,96,90,27,6,51,74
red,101,141,104,8,70,151,142,138,106,82
red,43,65,33,29,66,151,84,121,51,14
red,2,38,141,17,70,151,13,64,129,128
red,103,27,11,49,5,0,28,6,63,70
blue,36,84,133,51,82,31,38,101,49,12
blue,19,38,21,116,153,22,61,6,51,12
red,0,98,68,49,93,31,65,121,76,9
blue,35,27,114,76,158,74,98,140,136,93
blue,152,38,19,51,148,0,124,15,17,153
red,114,154,37,116,93,48,40,159,51,15
red,74,154,143,106,5,110,111,159,9,82
blue,43,58,148,29,5,21,40,143,49,9
red,42,84,26,106,74,115,38,121,51,112
blue,151,65,140,106,5,74,111,125,157,37
red,3,23,56,106,128,154,58,140,29,120
red,0,23,151,106,99,31,26,56,147,5
blue,43,54,91,106,100,0,84,56,51,82
blue,22,65,11,51,148,107,61,151,106,41
blue,151,142,87,106,112,135,38,26,20,4
blue,43,30,56,49,5,22,26,151,137,148
red,31,142,1,106,82,112,134,121,29,128
blue,39,84,3,29,41,37,58,49,106,12
red,104,38,56,106,93,90,111,10,17,82
red,43,84,89,106,4,110,38,1,29,111
blue,88,54,124,106,91,102,38,121,51,128
blue,72,38,2,137,110,74,40,121,106,96
blue,112,142,140,106,4,154,44,121,24,70
blue,101,98,19,51,82,37,65,143,49,9
blue,104,46,87,150,128,146,142,140,51,53
red,11,111,2,85,82,104,38,43,24,128
red,114,27,151,106,5,101,142,64,85,16
red,62,38,122,106,153,92,58,124,157,158
red,92,60,151,51,82,22,67,19,52,66
red,47,38,121,17,70,37,65,19,29,74
blue,107,54,6,17,14,74,38,148,49,82
blue,112,65,78,51,66,121,40,1,106,82
blue,18,111,121,106,4,56,142,2,51,128
blue,0,84,134,29,120,41,40,147,116,71
blue,58,84,132,51,128,115,142,159,106,5
red,0,155,71,51,82,47,65,64,49,5
blue,134,13,124,51,5,19,27,125,8,70
blue,110,84,43,29,71,72,92,121,76,5
blue,36,40,143,51,96,90,102,71,147,5
red,74,107,56,8,124,110,130,89,51,5
red,34,61,132,24,5,18,84,43,17,128
blue,62,38,139,147,74,0,98,2,133,5
red,47,38,114,29,66,31,54,43,49,5
red,110,38,2,29,120,0,61,132,51,126
red,37,38,140,51,14,74,142,155,76,93
red,20,38,104,76,14,0,61,1,51,96
blue,92,38,55,29,74,47,13,132,63,45
red,103,65,121,76,70,62,77,144,52,5
red,78,40,3,133,5,0,74,105,147,16
red,131,40,2,136,82,103,98,11,51,93
red,151,38,37,8,93,2,27,155,17,96
blue,90,102,1,29,71,112,40,121,24,126
red,101,27,150,50,126,127,124,3,51,93
blue,57,40,121,76,53,34,104,159,24,126
red,74,155,110,24,126,34,124,91,137,128
red,47,84,33,8,126,90,40,151,29,128
red,103,54,159,51,53,59,38,151,85,126
red,34,38,2,17,41,18,61,33,8,12
red,0,26,125,52,91,18,142,1,8,110
blue,112,38,124,51,82,101,84,2,29,153
blue,0,142,56,69,82,31,98,43,76,153
red,110,107,143,51,53,101,124,56,17,92
blue,36,154,29,51,82,101,54,56,69,74
red,114,98,11,52,126,31,38,132,8,128
red,91,38,11,9,130,31,13,121,76,153
blue,115,13,2,85,93,0,142,154,136,9
blue,145,107,15,51,53,37,65,104,147,154
blue,74,142,23,24,100,48,146,2,9,70
blue,56,146,125,52,100,95,155,121,85,153
red,91,23,13,29,82,2,38,94,129,41
red,0,40,140,76,93,112,142,121,51,14
red,91,26,33,51,93,0,155,2,29,99
red,18,98,87,8,82,91,38,1,49,66
blue,91,65,140,106,82,18,98,121,76,53
red,0,65,56,49,153,48,107,124,51,74
red,101,124,3,85,5,36,40,132,51,14
blue,20,61,143,136,5,103,124,91,76,4
red,131,75,64,133,12,103,46,89,49,53
blue,101,75,143,49,153,103,38,140,120,91
blue,101,102,64,50,70,103,84,151,29,5
blue,31,13,2,76,120,90,134,93,106,82
blue,47,23,151,129,126,2,125,140,51,128
blue,131,86,68,17,5,103,104,140,52,126
blue,86,40,143,51,74,110,54,94,106,5
red,115,38,138,85,153,62,86,143,116,70
red,22,65,68,29,119,47,38,1,24,160
red,11,61,113,150,14,110,38,144,29,15
blue,112,38,121,29,7,47,98,6,137,126
red,78,30,94,85,71,90,84,150,17,74
blue,74,124,110,17,71,0,84,151,116,119
red,2,61,140,51,93,0,107,56,85,45
blue,150,124,43,51,82,34,61,68,17,93
red,22,65,6,51,119,0,154,150,106,82
red,48,23,150,129,74,0,84,155,51,82
blue,0,130,55,116,12,2,38,148,52,14
blue,110,38,104,8,74,134,65,11,147,66
red,112,40,56,137,53,154,44,151,106,5
blue,112,142,110,136,153,31,84,35,76,37
blue,35,97,155,116,153,134,84,151,76,71
blue,31,38,32,49,119,36,84,142,69,153
blue,18,107,148,52,126,47,65,19,29,109
blue,131,84,72,129,153,114,27,155,136,70
red,37,65,56,8,96,115,155,132,116,119
blue,149,26,150,69,70,74,98,56,29,123
blue,22,38,121,116,82,114,26,56,51,96
red,22,23,72,76,153,146,141,150,24,119
blue,2,142,125,49,53,0,65,64,106,82
blue,90,65,73,29,14,34,98,56,8,128
red,43,92,132,76,15,154,13,151,137,128
red,36,23,155,76,14,90,107,56,51,82
blue,25,40,121,76,82,90,54,151,29,53
red,22,54,94,133,153,74,125,2,85,109
blue,35,54,125,116,70,112,30,151,29,148
red,74,40,94,116,153,101,54,159,51,100
red,74,38,155,51,99,101,84,94,106,82
red,146,38,124,76,41,42,61,1,51,5
blue,59,60,110,51,14,34,58,138,49,9
blue,43,58,140,8,66,144,97,151,29,70
blue,113,102,155,85,64,110,38,140,116,96
blue,115,142,1,51,82,47,40,121,8,128
blue,34,134,2,29,53,90,65,56,17,82
blue,101,54,143,51,82,74,61,64,76,70
blue,22,27,143,76,82,47,38,159,49,148
blue,34,149,2,19,74,59,65,155,29,96
blue,121,40,124,52,102,37,65,139,17,108
blue,0,65,114,63,158,144,154,125,50,93
red,47,142,33,49,153,131,23,125,147,93
red,35,142,110,17,120,27,65,68,69,5
blue,127,38,121,51,66,110,84,31,50,99
red,3,38,1,50,128,31,84,6,83,93
blue,154,65,114,106,9,103,30,55,116,33
red,74,38,1,29,119,48,142,159,8,70
red,74,84,121,29,12,37,75,143,51,4
red,110,54,120,136,100,59,65,124,24,53
blue,18,84,89,129,66,146,65,140,49,74
blue,104,98,101,116,93,88,67,110,29,83
blue,0,23,145,17,79,48,84,155,51,110
blue,90,67,151,52,82,110,23,1,8,128
red,31,38,121,52,5,37,40,150,106,100
red,0,38,121,136,139,110,92,64,76,5
blue,65,58,2,24,66,31,54,56,17,45
red,47,23,2,29,14,22,84,43,116,91
blue,0,61,105,76,53,43,142,2,51,14
red,22,65,94,157,128,0,61,159,17,109
blue,146,134,121,129,128,137,107,2,51,100
blue,146,13,155,106,93,105,65,136,29,53
red,2,61,43,52,126,146,60,1,63,111
blue,110,13,89,24,5,92,61,138,116,74
blue,0,54,110,50,9,36,61,121,76,41
blue,0,38,83,29,53,134,61,56,106,82
red,37,61,155,50,93,2,69,132,46,80
red,145,61,6,29,12,47,98,138,120,126
blue,88,84,105,49,128,0,155,124,24,93
blue,142,65,155,8,158,47,27,159,17,12
blue,59,98,132,17,82,0,84,159,136,53
blue,34,13,154,29,66,110,61,121,24,100
blue,43,38,121,69,96,34,74,124,17,120
blue,146,84,2,24,66,0,26,54,17,74
red,88,98,19,106,82,31,141,56,85,93
blue,90,124,125,29,16,110,98,140,24,53
blue,90,26,103,136,93,0,155,159,29,53
red,0,84,74,8,128,36,65,121,50,70
blue,72,134,143,69,153,35,38,11,76,110
red,107,84,0,24,93,74,38,159,8,112
blue,2,13,155,116,153,0,61,105,24,93
red,103,74,120,50,70,0,65,143,51,5
blue,78,38,56,50,9,18,65,33,136,82
red,34,13,41,52,82,103,65,150,51,6
blue,59,38,43,49,41,48,13,71,51,14
red,104,38,140,69,128,123,58,64,51,79
red,36,142,2,52,5,135,13,124,8,15
red,19,40,55,49,66,37,142,11,136,74
red,47,40,89,51,74,18,65,124,76,5
red,22,75,143,29,70,0,30,110,129,100
blue,131,149,64,17,71,97,30,55,52,5
red,144,87,43,136,120,74,23,151,9,109
red,47,26,151,51,5,48,124,116,87,35
red,113,98,132,129,45,78,94,140,51,71
red,102,54,94,76,5,110,154,138,17,70
blue,90,124,11,129,158,47,61,143,29,153
red,88,54,125,51,82,101,124,114,29,93
red,155,84,31,29,71,144,97,43,106,120
blue,136,88,137,81,76,35,86,1,17,153
blue,31,124,90,76,99,0,58,159,51,5
blue,131,141,121,24,96,74,142,33,137,70
red,22,124,132,50,14,123,65,121,17,111
red,42,142,1,8,128,47,102,19,52,93
red,22,134,140,8,128,62,84,143,69,79
blue,0,67,155,116,5,41,91,154,76,70
blue,117,65,121,51,82,41,26,155,69,93
red,25,107,2,49,91,73,65,64,136,41
blue,0,26,140,116,70,101,111,56,49,148
red,107,13,121,52,74,0,142,143,50,128
blue,73,65,83,156,158,134,84,6,137,29
blue,73,27,151,136,148,0,65,105,9,29
red,43,65,132,116,99,101,84,3,120,82
blue,18,58,56,17,41,104,38,125,85,153
red,37,98,89,76,70,59,38,6,29,53
red,95,38,6,51,74,101,84,121,50,128
red,115,65,140,8,119,95,38,64,17,71
red,112,38,64,51,37,95,61,121,17,82
red,74,84,7,116,126,104,40,94,17,148
red,48,38,159,51,14,0,40,122,116,126
red,0,26,1,133,126,47,149,19,17,53
blue,112,98,155,136,100,78,38,62,19,126
blue,110,75,43,51,126,115,142,26,76,128
blue,103,142,11,51,82,2,27,93,133,126
blue,110,38,104,106,100,18,60,41,29,126
red,131,117,101,17,126,34,134,121,24,100
red,151,38,33,76,4,34,65,121,69,126
blue,127,142,143,29,126,25,65,121,51,82
red,97,142,33,29,126,107,65,41,50,9
red,0,65,120,49,126,101,27,3,106,5
red,18,58,159,52,126,43,13,6,106,19
red,97,28,151,137,126,134,58,104,136,109
blue,90,58,143,51,96,110,124,68,8,126
blue,78,28,150,29,41,42,111,104,76,5
blue,107,94,158,17,153,74,54,124,24,145
red,34,58,1,24,104,144,149,155,8,154
blue,102,30,150,29,14,74,141,6,76,154
red,0,75,104,50,128,31,38,56,133,111
red,104,40,150,51,14,43,30,1,9,79
red,35,38,148,76,4,3,27,21,51,66
red,90,75,140,52,128,145,154,150,51,70
blue,36,75,131,49,70,90,38,138,69,53
red,0,40,121,51,14,78,84,132,76,5
blue,42,23,33,76,14,110,61,121,51,159
red,115,65,140,24,96,95,141,19,29,120
red,102,65,140,85,96,34,38,6,156,74
red,107,154,151,29,82,78,46,110,9,14
red,47,23,151,76,14,74,126,142,8,70
red,22,65,140,29,128,101,27,124,76,100
red,0,98,140,8,53,22,92,122,17,159
blue,22,54,132,52,100,101,58,89,17,66
red,134,61,1,51,66,115,38,56,76,5
red,13,107,122,8,14,47,61,6,116,4
blue,134,38,143,29,41,78,27,94,129,14
blue,107,98,56,147,45,74,84,75,29,139
blue,36,65,140,8,128,149,84,43,51,93
blue,0,65,11,51,66,31,23,121,69,5
blue,18,111,142,52,79,0,61,104,129,66
red,0,37,94,63,70,114,60,143,29,53
blue,0,13,150,29,9,62,75,155,19,93
blue,101,54,43,51,5,41,38,110,29,15
blue,53,134,148,52,100,127,38,6,76,93
red,72,84,43,106,100,110,38,33,156,153
red,88,98,143,17,74,134,65,121,50,79
blue,122,30,155,106,5,88,37,148,29,41
red,137,102,144,106,82,52,97,143,17,27
red,0,134,105,106,4,36,154,64,129,99
blue,62,113,124,51,5,0,154,68,129,93
red,72,38,89,106,74,95,23,150,133,70
red,72,13,11,116,9,48,111,56,24,100
red,146,84,142,9,53,18,124,143,29,153
red,84,60,143,17,108,43,77,158,76,64
blue,101,27,159,17,5,34,13,2,29,112
blue,42,40,89,9,82,41,30,49,51,99
blue,103,124,151,76,119,37,38,33,69,70
blue,31,98,6,147,71,90,84,32,76,93
blue,35,124,92,29,119,0,142,33,24,9
blue,74,142,155,76,79,31,30,159,29,53
red,34,142,1,29,70,101,58,2,8,53
blue,54,40,132,106,14,107,65,2,17,79
red,3,142,143,106,93,145,38,140,76,119
blue,104,98,2,49,153,135,124,122,106,45
blue,90,65,11,29,119,91,84,140,106,4
blue,112,67,142,17,71,74,37,150,147,119
blue,59,98,11,17,12,149,142,143,147,45
red,18,84,75,76,45,62,94,143,51,82
red,134,61,33,51,119,2,38,155,29,153
blue,134,38,114,106,4,131,142,33,116,45
red,88,141,83,76,70,34,27,1,24,15
red,101,40,124,69,118,0,58,121,9,109
red,18,54,155,69,119,34,125,140,129,153
red,150,142,2,51,16,64,40,151,69,5
red,102,125,121,76,70,31,142,11,51,74
blue,145,124,125,76,14,74,61,151,54,121
red,101,84,143,116,158,115,98,121,76,82
blue,56,13,126,51,158,0,124,142,129,82
red,20,13,56,120,14,101,125,64,156,158
blue,34,65,140,51,93,31,38,143,56,153
red,35,134,159,29,93,48,94,122,49,41
red,0,130,121,133,153,102,65,2,29,9
red,101,65,155,52,93,114,142,105,69,53
blue,97,124,87,132,71,74,142,32,51,93
blue,81,13,1,106,82,62,84,19,17,79
red,78,142,56,76,96,113,58,143,8,5
blue,151,23,1,29,5,102,38,105,8,93
red,105,134,159,8,93,127,142,121,106,110
blue,19,65,64,69,93,0,134,155,29,120
red,74,38,121,120,93,134,104,125,76,5
blue,46,92,150,49,148,0,61,104,133,93
red,90,38,120,52,46,88,61,144,109,53
blue,120,84,155,76,82,74,61,159,9,158
red,83,60,121,9,158,74,113,2,136,80
red,112,142,11,9,158,58,145,2,51,14
red,112,38,33,9,158,101,84,121,51,14
red,146,154,155,9,158,18,58,140,50,82
blue,0,124,91,29,128,74,155,125,9,158
blue,74,46,150,51,99,154,84,140,29,121
blue,146,13,159,63,70,137,111,143,52,126
blue,103,38,104,49,128,22,30,43,85,126
red,31,65,140,17,71,101,124,1,29,119
blue,31,40,1,50,153,101,23,155,116,45
red,59,141,143,52,126,74,61,117,24,128
red,37,65,2,24,74,22,111,121,17,79
blue,144,38,89,50,5,37,61,150,51,66
blue,74,23,151,49,159,37,38,89,17,108
red,37,38,121,51,14,74,124,110,29,100
blue,0,154,122,51,91,35,134,159,76,74
blue,37,40,140,29,53,102,65,64,51,66
red,56,61,101,69,16,36,124,33,51,82
blue,57,27,121,106,74,110,124,142,51,82
blue,31,40,140,51,82,36,124,150,129,70
red,0,84,110,106,99,134,98,151,129,74
red,62,23,151,133,92,31,142,148,51,4
red,48,98,73,133,70,104,38,151,136,83
red,154,98,68,51,82,138,65,15,29,74
blue,18,142,143,51,66,110,65,11,129,5
blue,154,92,2,29,12,74,27,151,51,41
blue,0,65,159,29,93,56,23,72,76,53
red,151,84,19,147,93,114,142,121,51,4
red,0,142,37,29,74,38,54,155,49,160
red,134,124,121,147,128,143,142,1,76,5
blue,25,84,6,137,82,154,38,140,106,100
red,110,54,90,150,16,121,124,125,24,74
red,74,38,143,50,128,127,65,56,24,66
blue,36,58,159,116,128,143,65,155,51,82
red,102,58,142,137,93,88,23,150,51,153
blue,22,154,114,116,100,101,38,132,17,128
blue,120,84,43,50,128,110,26,143,29,53
blue,43,130,56,29,93,3,141,94,51,121
red,146,38,83,29,53,117,84,110,106,66
blue,19,27,101,24,126,47,54,94,17,118
blue,74,84,3,116,79,101,102,21,76,66
red,31,84,3,76,93,0,155,33,136,100
red,43,40,150,109,160,31,142,121,76,108
red,151,58,120,49,160,110,74,83,76,93
red,110,67,151,147,120,104,65,26,51,5
blue,2,40,110,133,109,131,84,151,8,79
red,90,65,2,150,108,36,30,110,76,82
red,104,27,101,133,82,34,142,121,76,66
blue,101,84,125,24,66,43,98,121,76,74
red,47,58,55,76,130,37,84,151,85,119
red,42,38,11,8,14,37,124,68,106,74
blue,0,23,155,52,14,38,30,1,129,70
blue,59,65,155,85,99,31,124,120,51,14
blue,88,65,121,76,160,0,142,68,116,153
blue,110,27,151,52,160,38,74,11,9,108
red,18,149,69,49,160,115,84,155,76,5
red,3,84,125,122,160,42,142,155,17,5
blue,47,23,150,51,93,104,38,121,24,128
red,74,98,143,76,128,152,65,43,63,70
red,78,40,2,29,100,59,84,101,8,128
blue,114,27,3,69,80,101,13,148,85,74
red,0,38,64,51,14,34,65,68,76,158
blue,145,27,151,116,74,115,124,125,136,154
red,74,38,19,52,100,22,141,125,51,128
red,0,38,1,52,128,3,102,71,17,139
red,74,38,143,51,82,115,142,56,29,7
blue,115,27,125,129,66,107,65,140,51,30
blue,115,84,150,106,154,35,67,155,51,14
red,115,142,64,49,96,18,84,140,129,93
red,150,54,155,129,70,115,38,132,76,82
red,115,98,11,24,33,2,142,55,137,74
red,115,61,35,41,128,36,65,159,69,153
red,115,38,143,17,66,39,98,150,51,14
red,37,92,151,24,154,115,54,1,76,5
red,115,38,104,129,119,62,65,19,29,12
red,47,87,104,9,96,39,84,115,17,53
red,115,54,125,63,53,2,75,43,9,153
blue,92,125,59,51,130,115,155,41,69,93
red,110,142,121,106,119,115,130,159,51,93
red,115,54,56,51,82,74,84,101,76,79
blue,115,65,134,24,66,0,38,56,133,74
red,47,149,159,51,5,115,65,56,29,9
blue,58,84,131,51,9,115,65,6,8,70
blue,101,65,110,9,70,115,84,146,51,66
red,115,27,125,24,82,0,134,143,51,108
red,110,27,3,17,70,115,111,51,19,41
blue,34,37,150,137,155,115,75,151,116,93
blue,65,37,150,50,14,115,54,94,51,128
red,74,13,2,8,153,115,141,140,136,14
blue,115,97,48,157,158,35,87,144,29,153
blue,0,65,121,24,82,135,54,43,51,66
red,18,40,158,8,70,151,75,56,120,53
red,62,142,55,76,118,36,65,140,9,70
blue,54,38,150,8,100,151,30,2,76,16
red,110,154,155,133,93,104,74,3,106,153
blue,58,65,69,29,83,158,67,110,51,82
red,120,38,125,51,66,35,84,132,29,53
red,127,134,114,76,153,37,61,121,49,154
red,48,124,143,29,12,19,142,11,106,4
blue,37,61,104,49,41,127,38,159,106,82
red,78,86,140,51,66,18,60,143,8,111
blue,0,102,56,76,96,31,98,93,136,70
red,88,65,143,49,120,31,40,70,52,46
red,88,65,151,106,74,19,84,125,17,14
red,88,23,70,76,9,74,40,89,51,123
blue,22,142,121,85,139,88,65,1,147,128
red,101,38,121,51,128,18,84,110,69,93
blue,0,142,64,106,82,149,40,33,116,119
red,72,38,158,51,5,104,155,138,17,159
blue,47,38,143,51,82,18,40,140,116,74
red,48,92,121,85,74,101,58,105,129,153
blue,48,102,33,85,74,47,65,121,51,16
red,31,44,86,17,128,3,65,33,51,99
red,34,44,124,51,92,31,65,143,76,111
blue,113,84,43,17,41,91,60,124,51,14
blue,2,58,121,51,110,43,54,19,116,153
red,0,155,104,51,14,120,75,89,76,70
red,18,61,140,29,14,0,40,121,106,66
blue,110,142,143,29,5,18,61,124,106,82
red,39,142,155,51,6,74,65,143,116,4
red,43,142,19,49,45,36,86,122,17,71
red,110,58,23,109,108,43,65,121,17,53
blue,88,98,56,51,14,0,142,125,129,5
red,0,40,1,116,119,48,38,143,51,100
blue,101,58,3,8,128,33,38,132,76,5
blue,90,38,132,51,82,0,27,55,69,153
red,88,13,64,129,93,27,46,121,49,128
blue,88,94,155,51,41,22,65,6,50,128
blue,112,40,2,106,14,0,130,155,116,66
red,22,54,125,50,123,38,84,157,136,74
red,75,13,33,109,79,74,65,132,138,92
red,2,46,56,51,14,146,65,121,50,128
blue,47,142,94,116,9,2,75,151,157,41
red,0,44,122,29,53,19,38,68,49,4
red,110,142,64,49,120,0,40,159,17,70
blue,31,98,56,29,82,144,65,1,76,79
red,2,38,90,85,99,0,84,69,52,96
blue,34,154,131,24,5,36,107,159,9,109
red,47,87,124,17,82,115,84,19,106,5
red,104,54,150,76,110,39,61,140,137,14
blue,74,130,32,17,53,75,107,2,49,159
red,59,65,138,51,93,114,38,121,8,92
blue,92,86,44,129,4,35,107,131,76,5
blue,110,61,70,147,4,2,65,124,51,14
red,52,84,125,8,66,112,87,140,51,92
red,47,87,121,137,41,110,141,2,106,115
red,144,65,2,49,64,97,61,75,17,128
blue,0,84,2,8,153,110,155,140,76,66
red,18,54,155,106,5,74,65,143,76,9
red,149,26,91,51,100,2,65,121,29,12
red,0,84,1,85,93,90,65,140,51,82
red,65,84,155,85,14,0,142,121,116,70
blue,110,124,11,76,14,47,65,121,129,70
red,0,142,64,51,93,18,38,132,29,153
red,121,146,132,129,66,74,84,155,85,153
red,22,54,151,76,5,2,98,121,69,16
red,83,13,91,29,5,18,38,121,8,7
red,48,141,109,76,5,0,146,140,8,128
red,35,26,159,50,128,0,61,19,116,153
red,19,13,25,50,128,43,84,155,69,74
red,149,38,1,76,128,19,65,124,51,82
blue,25,58,115,8,128,134,124,151,51,82
red,0,87,1,52,128,31,86,121,49,66
blue,74,154,151,69,70,115,38,140,52,128
blue,74,91,143,129,5,77,124,22,52,128
blue,53,98,1,69,5,48,65,143,49,37
blue,37,27,43,52,5,47,124,3,29,53
blue,110,84,143,85,153,95,61,11,29,109
blue,0,13,56,116,128,90,58,132,85,82
blue,101,124,19,136,82,0,38,159,76,154
red,35,38,94,106,82,127,61,143,136,53
red,0,65,41,51,158,35,60,64,29,128
blue,0,54,155,24,128,90,38,1,51,120
blue,107,111,101,29,7,35,26,151,137,15
red,152,38,6,137,74,101,65,1,106,66
blue,143,27,101,156,82,41,38,155,51,66
blue,37,154,101,51,82,144,98,121,136,93
red,115,65,121,69,16,48,92,158,24,14
blue,112,26,151,52,93,134,98,19,29,53
red,22,54,150,51,14,114,58,2,137,70
red,19,107,142,137,53,115,125,114,51,14
blue,103,23,150,29,5,0,65,19,76,119
blue,121,38,19,106,14,109,155,2,76,4
blue,0,84,125,17,119,22,28,158,76,14
red,154,60,32,17,71,127,38,121,29,53
red,36,61,144,29,93,43,84,121,51,71
blue,110,98,121,63,70,135,38,33,17,71
blue,59,38,121,52,5,131,142,143,51,120
red,107,18,143,49,153,65,92,33,17,71
blue,83,65,148,9,154,0,38,64,8,153
blue,25,38,1,51,123,74,58,159,129,120
blue,102,65,143,29,70,112,142,159,8,66
red,74,98,143,116,100,149,107,33,133,119
red,56,27,125,29,74,101,124,151,51,128
red,112,38,103,49,158,88,65,120,29,153
blue,18,58,54,49,153,31,38,1,51,5
red,59,38,56,54,108,0,46,121,8,119
blue,74,65,143,17,93,69,124,56,29,5
blue,43,13,6,49,53,22,124,91,29,9
red,90,84,155,51,14,134,125,10,29,53
blue,101,124,73,85,128,36,13,11,106,41
blue,18,141,64,51,79,0,61,140,106,93
red,101,38,143,116,74,88,65,121,76,128
blue,88,84,11,51,5,22,13,104,52,128
blue,135,23,69,106,82,131,58,159,147,153
blue,113,125,159,8,128,31,142,121,9,70
red,43,38,33,49,71,134,40,64,52,9
red,43,38,33,156,70,0,40,2,29,153
red,74,65,109,17,15,34,67,135,51,53
blue,112,38,64,29,15,0,91,37,106,82
red,92,84,6,51,93,134,54,121,106,5
blue,95,94,2,76,13,74,38,159,49,138
blue,110,54,15,49,82,31,65,121,17,126
blue,101,98,89,120,153,0,27,110,49,14
blue,104,38,7,49,158,18,149,64,17,53
red,74,58,56,17,158,39,155,33,49,91
red,42,67,55,17,41,22,27,143,8,82
blue,37,13,89,29,96,103,27,56,106,14
blue,78,65,89,51,70,74,84,43,17,71
blue,37,58,72,29,160,74,61,41,9,154
blue,112,86,1,24,153,0,23,89,49,148
blue,74,58,72,17,148,110,38,55,49,53
blue,18,27,64,129,14,112,13,1,157,74
blue,37,61,0,51,100,31,107,93,49,158
blue,43,111,56,51,96,144,40,110,29,9
red,0,60,2,50,128,104,46,150,17,70
red,38,134,143,29,153,74,40,1,51,14
blue,0,38,144,29,53,2,65,71,17,120
red,0,92,143,17,70,22,61,2,51,118
blue,0,13,1,147,66,146,26,151,51,82
blue,0,98,64,8,74,110,84,140,49,66
red,18,155,154,116,5,0,54,33,29,120
blue,19,26,2,29,4,131,67,155,133,154
blue,43,65,144,52,128,48,97,140,17,109
blue,19,38,121,51,14,154,142,1,76,66
red,0,38,33,17,53,31,84,151,69,128
red,104,61,114,29,53,35,79,157,106,5
blue,151,38,33,51,5,47,142,159,17,79
red,112,61,114,69,14,137,111,1,29,16
blue,114,61,115,49,70,78,65,155,17,14
red,104,38,101,9,66,81,84,155,76,5
red,22,84,2,17,79,31,27,58,29,70
red,0,142,87,106,154,88,65,143,29,108
blue,144,60,110,106,154,22,26,125,69,153
red,36,98,143,49,158,67,142,55,9,100
blue,127,46,142,116,70,120,38,121,76,14
red,131,46,2,76,4,110,98,121,51,93
red,151,27,64,29,79,101,65,89,129,93
red,31,94,64,76,128,154,98,121,49,15
blue,19,38,143,24,91,57,98,124,51,93
red,0,92,143,69,66,43,23,125,52,16
blue,0,74,83,49,91,36,141,114,133,70
blue,34,40,121,51,5,18,65,2,85,128
red,0,107,18,106,5,36,102,122,137,79
blue,3,26,68,106,82,0,40,33,17,79
blue,74,40,56,69,153,41,61,64,24,128
red,146,61,121,51,5,112,142,89,69,128
red,47,26,143,17,82,101,65,68,51,53
blue,110,44,138,63,70,0,102,64,49,148
blue,123,27,150,116,96,74,54,151,51,99
red,37,141,121,8,14,146,26,89,51,66
blue,0,75,2,51,79,74,38,121,136,4
red,22,54,151,50,70,74,61,53,29,153
red,122,86,121,116,93,74,154,159,76,9
blue,0,23,94,51,126,77,117,140,106,5
blue,2,65,140,137,9,123,155,33,17,93
red,110,60,140,106,82,19,84,125,85,5
red,0,60,140,29,53,104,27,125,69,119
red,95,67,105,24,5,72,26,151,147,96
red,74,38,2,24,93,47,67,155,29,100
blue,115,67,140,52,74,47,84,151,51,82
blue,74,38,110,116,120,151,23,143,51,128
red,18,54,155,76,120,0,23,2,29,96
red,149,87,32,76,120,110,84,150,156,70
blue,101,149,1,29,15,36,58,139,51,120
red,107,58,124,8,9,127,60,2,17,79
blue,42,98,6,29,119,31,40,0,76,120
blue,151,75,120,106,66,36,134,159,17,71
blue,92,13,3,147,128,102,124,143,106,110
blue,47,142,1,116,5,39,38,44,51,128
red,117,65,124,29,53,0,84,69,9,74
red,101,54,155,156,153,74,60,132,69,70
blue,107,134,121,76,14,74,58,1,156,70
red,0,124,121,156,153,47,87,94,50,104
blue,2,46,110,69,70,74,40,19,156,15
blue,0,84,140,85,153,110,98,56,136,70
red,104,142,56,29,100,0,23,150,24,93
red,127,38,6,29,53,19,54,150,136,111
blue,40,142,2,76,14,36,13,121,29,153
red,150,23,144,29,4,72,27,151,51,128
blue,31,46,143,51,82,34,40,121,29,126
red,144,125,1,49,148,25,38,143,116,5
blue,0,54,33,8,128,43,102,121,17,70
red,103,154,1,51,9,22,134,23,69,93
red,81,84,138,51,128,0,67,134,136,14
red,74,84,143,76,100,43,65,159,51,93
red,0,23,15,29,128,36,30,142,51,93
blue,36,154,11,147,71,74,54,155,51,93
red,36,65,105,129,70,48,84,121,49,5
blue,48,26,121,76,45,0,23,125,8,128
blue,59,40,64,29,9,22,141,121,106,74
red,89,27,142,116,99,88,65,122,29,82
red,47,27,85,51,12,22,134,1,106,91
blue,47,38,121,29,74,0,65,2,109,53
red,31,87,23,8,4,112,58,56,69,80
blue,22,84,43,76,138,0,38,55,69,12
red,31,23,35,52,82,18,84,69,51,16
blue,31,134,33,116,70,135,124,120,51,0
blue,101,98,121,69,70,0,125,140,116,148
blue,0,98,64,17,128,101,94,124,24,4
blue,104,13,125,136,119,18,75,155,17,53
blue,34,84,151,8,5,25,142,159,136,153
red,22,65,159,136,79,110,38,2,17,128
blue,123,142,136,17,93,18,107,1,29,53
blue,78,54,36,29,153,42,84,141,136,70
red,62,65,2,136,153,0,61,89,52,5
blue,90,23,151,24,74,37,58,121,51,14
blue,137,58,144,29,160,112,87,150,76,70
red,72,61,89,8,14,22,38,143,17,70
red,90,65,68,129,14,34,58,159,51,128
red,41,38,157,76,128,43,65,121,133,126
red,0,65,21,51,119,48,40,143,52,82
red,43,98,140,51,82,39,38,121,17,79
red,91,65,64,76,70,62,60,143,69,119
blue,134,61,121,76,82,137,149,13,8,66
red,110,84,143,17,70,36,13,68,50,79
blue,47,75,55,76,53,74,61,140,17,66
red,107,142,64,24,74,35,61,122,17,66
red,135,98,19,24,119,47,27,89,76,120
red,42,38,140,51,5,59,86,2,9,16
red,114,38,87,50,70,78,134,150,29,53
blue,134,38,9,69,153,0,98,105,52,100
blue,34,61,121,51,14,107,142,56,85,93
red,137,154,144,8,70,101,142,1,49,120
red,74,65,121,17,108,101,84,94,156,153
red,18,65,83,24,82,95,134,92,76,53
red,74,98,121,76,14,19,61,132,51,158
blue,43,65,55,147,6,0,84,71,51,5
blue,122,38,139,69,119,150,98,87,51,93
blue,90,38,121,76,15,114,98,110,51,5
blue,2,98,121,129,15,151,23,150,76,128
red,143,65,56,24,5,145,77,140,29,14
blue,104,107,144,8,53,102,142,89,24,128
blue,25,40,33,51,53,31,65,11,17,109
blue,110,142,2,29,84,101,75,64,51,82
red,101,98,105,17,84,0,61,19,51,128
blue,74,65,120,51,66,36,98,56,29,104
red,101,98,10,17,120,88,30,3,49,158
red,107,65,56,76,53,31,94,143,51,96
red,35,58,120,106,119,110,30,11,17,71
red,110,65,64,49,109,88,75,124,29,12
red,25,92,104,29,12,115,84,142,76,99
blue,37,65,64,29,53,77,125,143,116,12
red,31,58,115,136,12,72,54,110,29,53
red,134,124,150,136,12,74,38,155,51,128
blue,120,65,86,50,128,104,60,121,76,12
red,36,38,132,129,153,0,91,73,17,12
blue,74,38,143,51,87,92,60,1,17,93
red,0,142,1,17,74,91,154,121,133,110
blue,110,23,155,85,74,22,65,140,50,82
red,95,65,1,51,74,91,38,73,106,99
blue,110,84,151,29,9,137,27,140,76,74
blue,22,54,151,29,12,0,86,55,24,53
blue,22,124,143,17,53,114,65,2,29,12
red,31,94,2,52,93,0,13,132,137,70
blue,0,142,2,17,128,86,30,104,76,66
blue,0,27,159,76,71,42,61,33,8,99
red,92,61,64,129,70,101,38,140,51,82
blue,52,40,121,63,158,22,98,114,129,70
blue,92,75,114,76,139,47,134,56,129,70
red,154,60,104,129,70,90,155,26,51,82
blue,2,27,3,41,82,43,87,64,129,70
blue,62,102,159,76,99,112,67,125,129,70
blue,34,38,121,29,12,104,87,150,51,74
blue,110,46,37,51,109,74,141,105,29,71
red,101,84,11,106,112,135,74,140,29,12
red,158,97,55,51,82,0,61,89,17,118
red,22,146,87,29,70,36,30,56,8,108
blue,143,65,2,129,70,34,54,151,136,53
red,22,54,155,29,53,88,30,0,51,123
blue,35,30,2,50,53,0,54,159,49,100
red,18,54,155,29,53,62,46,121,51,128
blue,47,26,3,69,130,137,54,124,49,53
red,151,54,132,76,53,42,40,109,106,5
blue,78,38,121,63,118,42,54,43,76,53
blue,58,38,155,51,14,102,54,91,29,53
red,48,54,110,29,53,57,111,151,24,93
red,47,54,94,51,53,31,58,139,69,153
red,58,84,140,29,53,0,98,6,9,125
blue,22,65,53,29,109,0,37,11,8,119
blue,47,142,33,29,53,18,65,132,17,109
red,112,58,121,129,70,113,142,64,17,1
blue,31,124,64,106,100,72,65,121,76,109
blue,121,125,26,106,82,72,40,68,29,109
red,42,40,121,116,109,78,130,41,51,82
blue,37,40,32,129,70,73,74,25,136,100
red,18,38,104,29,160,131,40,144,8,70
blue,18,84,101,29,71,0,65,155,8,70
red,110,40,155,76,53,104,58,151,51,128
blue,0,58,120,29,12,22,40,144,51,53
blue,48,27,121,49,15,90,40,11,17,53
red,18,67,125,17,119,48,40,154,29,109
blue,34,65,104,17,109,11,125,110,129,70
blue,74,40,151,24,100,146,38,2,29,70
blue,18,27,125,76,120,74,40,11,17,53
red,0,58,21,29,79,2,46,41,51,66
red,72,65,121,51,128,0,30,159,106,66
blue,74,26,94,137,119,22,30,143,51,66
blue,0,46,64,116,53,22,13,104,52,93
red,22,75,132,69,80,86,65,1,17,66
blue,74,46,121,17,66,101,54,110,51,4
blue,145,98,56,50,64,103,65,33,49,53
red,131,54,23,51,70,154,38,159,17,118
blue,88,84,151,29,119,41,38,89,63,70
red,101,38,121,116,70,0,84,89,49,74
red,43,40,56,51,120,137,84,125,52,70
blue,43,40,1,52,70,34,142,53,109,41
blue,22,104,155,116,14,0,23,110,52,70
blue,107,40,87,51,93,47,111,157,52,70
blue,86,65,55,52,70,0,28,110,69,100
red,74,26,151,52,70,110,65,143,24,93
blue,90,84,43,52,70,37,92,41,106,100
blue,150,124,157,17,82,135,58,11,52,70
blue,0,58,121,51,82,43,65,21,52,70
red,112,130,56,52,70,48,74,43,50,80
blue,0,61,121,49,53,43,92,143,52,70
blue,11,38,158,8,128,150,27,121,52,70
red,78,142,33,63,70,41,87,155,17,71
red,18,26,159,52,128,0,111,121,51,70
blue,20,65,6,51,14,74,61,95,41,53
blue,134,13,122,116,108,73,61,155,106,66
red,150,23,0,41,108,43,65,2,17,14
blue,90,61,71,41,53,35,65,143,106,93
blue,74,38,87,136,93,88,54,151,41,53
red,95,92,15,41,14,52,79,0,8,70
blue,52,67,151,17,93,95,60,48,41,108
blue,37,65,105,50,70,52,47,151,41,108
blue,101,67,33,106,82,78,65,143,116,108
blue,110,38,121,109,63,134,146,3,29,53
red,31,61,121,69,70,0,65,43,50,12
red,31,54,2,69,80,39,124,58,51,110
red,31,54,109,69,80,2,67,43,29,70
red,31,54,32,51,71,101,74,10,76,66
blue,18,102,121,116,153,31,54,132,76,53
red,74,102,62,9,53,110,13,155,41,91
blue,146,67,125,51,82,74,102,159,29,53
red,22,142,2,129,5,57,86,121,17,110
red,18,23,151,8,70,112,142,159,85,153
blue,78,84,150,51,154,107,130,124,139,15
blue,90,38,143,50,82,144,97,151,51,123
blue,31,38,105,116,153,112,84,151,24,128
red,112,86,121,51,93,18,27,155,69,80
blue,112,38,159,17,14,101,23,151,106,93
blue,37,61,124,8,16,43,65,121,69,53
blue,31,27,72,49,93,74,98,56,51,153
red,0,92,19,116,45,74,98,150,85,108
blue,43,28,26,147,154,48,65,151,29,74
blue,48,134,105,29,119,3,98,159,51,12
blue,137,98,143,69,12,72,40,1,51,82
blue,110,40,144,51,93,123,46,121,106,99
red,88,58,2,8,93,74,142,121,76,128
red,39,40,56,106,153,0,146,151,69,74
blue,155,23,143,51,14,34,61,159,147,154
red,31,142,72,51,14,2,27,110,50,128
blue,0,141,140,17,70,154,44,43,63,9
red,131,155,121,29,118,48,65,104,69,45
blue,104,27,110,50,100,154,60,121,17,53
blue,0,65,1,17,109,104,154,150,69,126
red,110,84,148,76,9,81,27,94,29,109
blue,31,111,33,24,100,43,84,89,49,153
blue,121,155,110,52,128,0,74,1,51,82
blue,18,46,37,9,70,110,30,136,76,128
blue,41,38,154,129,82,150,30,37,17,128
blue,0,65,56,52,82,22,30,155,51,93
red,146,30,121,106,99,131,65,122,147,66
red,112,65,121,106,74,56,30,144,76,66
red,48,30,155,51,82,22,142,41,76,66
blue,74,54,43,85,91,78,58,143,76,9
blue,47,65,64,129,96,105,30,43,106,66
blue,101,27,155,106,14,0,38,159,51,128
red,0,30,140,76,74,103,38,11,69,159
red,31,117,148,106,153,91,30,64,51,100
blue,37,142,23,136,153,95,30,41,29,74
blue,90,30,151,136,99,110,54,35,76,5
red,88,30,122,129,112,0,134,87,63,79
blue,88,60,41,29,128,113,30,21,129,53
blue,34,30,3,17,12,43,84,101,29,53
blue,144,97,143,106,82,0,30,89,29,128
blue,18,30,143,106,5,0,107,121,29,153
blue,88,40,159,106,99,135,30,148,69,74
red,36,30,155,29,9,37,46,121,116,41
red,104,38,114,129,66,145,97,159,29,41
red,34,30,125,116,96,115,124,151,106,82
red,0,30,1,24,128,2,38,89,51,99
blue,62,38,125,49,71,0,30,155,106,9
red,74,30,121,52,5,47,77,89,50,70
blue,0,27,43,106,4,151,30,121,51,112
blue,41,65,2,24,66,34,30,1,76,53
red,43,30,72,9,12,6,13,95,116,120
blue,127,30,101,147,14,74,142,11,50,128
red,88,30,122,51,14,135,38,121,29,45
red,2,30,65,116,139,0,154,89,137,153
red,90,30,3,116,66,0,65,19,133,82
blue,42,65,148,49,74,101,30,159,51,5
blue,145,84,32,29,45,22,117,43,136,153
blue,90,65,64,51,82,3,117,94,116,160
red,0,98,2,29,9,151,84,20,51,26
red,101,27,121,129,74,134,104,56,49,130
blue,134,117,3,24,66,18,54,155,106,160
blue,112,51,3,117,9,43,26,2,137,4
red,107,40,143,51,70,146,65,155,157,108
blue,3,26,143,50,119,22,86,159,8,108
blue,134,65,70,8,128,90,75,148,76,119
blue,88,124,110,76,148,74,38,121,17,14
red,0,124,2,51,148,22,23,150,106,99
red,37,102,6,29,53,151,30,89,51,93
blue,151,40,64,51,93,137,102,6,29,118
red,42,65,150,17,71,0,61,148,8,70
blue,42,65,143,85,148,151,38,56,51,82
red,154,54,3,49,148,110,134,140,29,111
red,0,65,26,106,4,110,141,143,49,148
blue,59,38,6,51,74,101,84,89,76,93
blue,90,65,121,69,153,31,30,89,8,108
blue,19,54,3,106,74,34,27,89,29,76
red,101,27,56,76,53,31,134,89,136,82
blue,62,61,2,51,93,37,84,142,29,14
red,101,37,155,147,9,78,65,143,136,74
red,81,54,18,29,91,144,38,155,51,41
red,3,26,0,63,70,59,92,151,116,9
red,121,40,110,17,100,151,23,107,29,70
blue,107,142,2,129,4,0,40,1,51,82
red,110,84,159,129,70,43,40,41,29,126
blue,88,40,11,116,66,104,134,150,8,70
blue,18,38,6,136,153,25,40,121,50,70
red,0,26,94,29,14,39,38,139,17,66
blue,102,84,125,120,93,110,40,2,17,128
blue,101,74,26,52,5,0,23,142,29,153
red,43,65,6,76,79,31,23,148,50,128
red,2,125,121,50,126,145,84,132,106,93
red,121,40,33,106,100,67,130,1,76,92
blue,135,23,125,106,5,134,58,158,76,74
blue,104,38,144,136,82,151,40,11,29,53
red,34,26,151,17,71,78,113,94,76,66
blue,39,38,125,106,82,22,54,94,51,126
red,107,23,125,29,153,88,84,151,76,99
blue,104,142,35,51,82,48,102,121,49,9
blue,90,84,43,51,93,127,65,110,136,96
red,18,87,35,52,128,0,142,6,17,79
red,0,124,125,106,99,48,46,94,15,80
red,110,61,72,116,138,121,124,150,106,66
red,88,67,35,50,70,114,84,125,51,4
blue,92,146,35,116,4,101,40,26,106,91
blue,125,111,114,76,96,19,107,43,102,44
red,22,54,143,116,70,36,61,140,17,158
red,135,84,1,29,79,74,40,125,8,70
red,0,38,33,136,70,19,13,110,76,139
blue,74,155,121,76,70,72,23,88,29,153
red,0,40,143,49,53,39,111,110,76,109
blue,112,124,2,136,82,62,27,1,29,53
red,73,142,2,76,53,90,65,121,133,153
blue,110,65,159,76,53,121,125,64,51,128
blue,31,125,11,17,158,145,38,159,51,70
blue,59,87,155,29,5,78,61,64,129,70
blue,0,40,159,69,16,67,74,155,24,70
red,144,38,0,9,70,43,30,121,29,93
red,43,27,33,29,70,0,155,143,106,96
blue,43,58,122,51,96,134,111,1,29,70
blue,34,146,155,8,70,74,38,54,29,76
red,2,146,43,8,128,74,38,151,50,70
red,101,98,32,116,70,67,84,43,29,158
red,135,65,32,29,70,101,124,154,106,71
red,149,26,103,29,9,41,60,32,51,70
red,95,124,32,50,70,0,54,151,137,93
blue,95,84,110,51,14,78,61,32,29,153
red,36,38,56,24,5,86,84,32,156,153
blue,112,84,151,69,14,47,61,1,51,82
blue,101,65,33,29,153,112,102,159,17,82
blue,31,65,85,69,53,0,75,132,29,82
blue,47,27,61,8,119,72,23,132,51,53
red,31,74,21,116,14,72,107,151,29,70
blue,31,84,3,109,9,101,65,140,17,83
red,39,58,3,49,148,0,27,124,17,45
red,152,84,3,147,6,107,54,155,51,82
red,22,124,3,51,41,0,154,2,9,15
red,131,84,155,136,14,31,124,3,76,128
blue,90,30,124,106,74,110,58,23,51,14
blue,103,23,110,51,96,38,30,143,29,153
blue,31,23,155,106,99,107,61,121,50,119
blue,2,98,33,76,74,92,155,121,52,100
blue,65,84,94,116,121,93,38,43,49,54
red,47,37,159,129,82,19,65,33,85,53
red,36,65,159,129,154,34,75,33,29,84
red,90,98,144,76,93,149,74,151,29,153
red,35,58,143,106,82,22,54,43,51,14
red,114,38,1,51,100,113,146,155,24,153
blue,101,124,143,116,148,112,26,11,106,99
blue,35,46,148,51,93,107,92,143,17,79
blue,81,84,125,29,5,18,149,121,116,66
red,13,102,140,157,66,103,60,114,69,12
red,43,124,36,51,159,0,142,150,52,93
blue,152,65,121,136,119,18,94,140,76,159
blue,101,107,140,8,14,38,58,121,69,80
blue,38,54,151,51,66,34,124,121,17,159
red,154,125,89,51,159,47,65,121,147,96
blue,79,58,19,29,128,114,98,13,106,5
blue,47,38,68,9,159,115,65,121,8,109
red,47,98,159,106,128,43,65,83,69,53
red,74,13,6,24,159,18,30,110,76,16
red,134,40,124,8,128,2,65,0,76,9
red,120,30,94,52,5,134,61,144,51,82
red,112,61,124,129,5,146,65,158,51,74
red,35,107,56,76,82,134,65,64,8,41
blue,90,65,121,9,41,74,124,155,136,108
blue,121,107,151,29,128,112,102,143,51,119
blue,112,60,1,52,128,3,154,2,147,126
red,114,40,2,136,97,59,86,140,51,5
blue,81,84,159,24,93,112,102,121,29,14
red,43,40,68,8,119,0,97,21,147,153
red,22,124,159,17,12,0,74,1,9,70
red,104,40,159,76,66,47,75,114,24,93
blue,0,98,33,50,100,18,142,2,17,9
blue,22,125,143,137,111,110,27,68,147,66
red,115,44,3,63,70,152,54,19,51,118
red,22,107,121,51,4,42,54,6,136,153
blue,48,27,105,52,14,123,102,114,116,153
blue,78,61,94,106,5,107,54,73,29,153
blue,0,86,121,51,96,103,30,120,69,70
red,19,27,94,49,5,101,65,143,76,126
blue,74,38,89,76,158,69,65,143,51,82
red,104,67,155,51,5,72,98,121,52,71
blue,103,111,101,51,118,0,75,26,52,12
red,88,141,83,116,93,31,142,11,51,70
red,88,75,121,51,82,18,154,43,137,66
blue,121,98,88,51,128,64,75,90,50,14
red,41,102,151,29,53,88,58,150,69,5
blue,101,84,43,17,53,88,58,120,85,128
blue,18,75,88,29,14,35,58,143,129,4
red,145,154,2,17,71,115,134,88,24,93
blue,88,124,151,137,148,101,155,10,17,93
blue,31,38,6,29,70,88,23,155,51,128
red,0,30,26,29,82,104,67,151,51,153
blue,0,84,129,51,100,154,38,61,17,126
blue,107,84,94,52,82,110,54,101,29,153
red,0,46,144,49,128,74,58,121,76,153
red,154,38,75,136,4,101,54,94,49,109
blue,72,134,37,106,80,48,23,94,51,66
red,2,65,37,8,66,151,86,1,24,70
red,110,60,140,24,79,74,38,11,69,128
blue,140,134,74,29,79,143,61,43,51,14
blue,145,65,2,51,14,110,84,37,136,82
red,0,142,41,106,5,103,61,104,69,80
blue,154,74,43,29,53,105,98,155,136,111
red,0,142,32,138,93,22,38,120,8,74
red,102,124,85,63,119,34,65,158,76,70
red,90,38,33,106,53,34,65,59,63,70
red,72,65,121,106,14,22,27,62,76,153
red,62,125,140,106,14,97,84,121,17,41
red,47,74,94,106,5,59,111,140,51,112
red,73,142,62,8,93,18,124,110,49,66
red,47,124,11,51,14,62,61,37,29,33
red,74,46,144,106,93,57,65,121,85,108
red,74,134,121,116,128,101,65,2,17,139
blue,107,38,11,106,74,101,54,13,29,12
red,101,60,140,8,4,59,65,64,106,82
red,121,38,150,50,128,59,111,115,17,93
blue,11,61,121,49,160,91,65,151,29,53
blue,47,65,23,51,82,22,58,132,137,70
blue,0,46,2,137,70,101,65,121,106,154
red,112,142,1,76,153,146,65,64,51,109
red,95,65,6,76,160,134,37,144,9,91
blue,74,65,121,136,53,134,111,144,9,126
red,74,65,136,76,79,152,13,110,17,70
red,31,65,6,106,14,0,26,19,69,53
blue,112,134,49,17,82,110,65,143,51,128
red,0,65,6,29,153,74,38,121,8,70
blue,43,84,101,49,160,0,38,56,106,99
red,0,23,150,69,153,43,30,155,106,66
red,110,13,121,24,93,0,65,120,51,82
blue,110,27,155,49,148,2,65,114,76,14
red,18,65,11,136,41,31,155,54,8,70
blue,74,142,140,29,53,78,65,151,69,111
blue,101,142,143,51,128,0,65,120,147,74
red,34,155,105,69,153,101,124,125,29,15
blue,127,38,1,116,153,22,65,73,29,53
red,145,102,121,52,71,107,65,104,51,66
red,74,38,121,17,92,2,98,150,29,53
blue,18,65,55,24,82,0,142,11,106,154
red,150,65,105,76,14,86,38,41,51,93
red,102,65,64,49,79,103,67,43,8,66
red,0,84,125,116,41,110,78,6,29,12
blue,90,38,143,29,74,104,61,115,106,7
blue,62,61,33,29,53,31,40,142,76,148
red,88,142,33,29,139,0,38,121,8,9
blue,36,94,33,49,100,31,84,125,116,93
blue,18,46,26,8,128,92,65,33,85,100
blue,22,5,121,76,74,0,130,159,106,128
blue,0,130,121,49,5,112,84,35,76,66
red,31,124,140,76,66,103,107,121,51,93
blue,121,75,11,51,5,59,142,33,29,119
blue,101,142,132,136,14,34,26,121,24,93
blue,36,60,15,8,66,121,54,110,129,14
blue,0,84,132,51,66,104,60,94,129,5
red,18,65,121,24,128,0,84,94,106,14
blue,103,65,33,29,5,35,27,1,76,153
blue,34,134,55,116,119,95,124,2,29,71
red,112,38,64,8,4,36,87,143,106,99
blue,55,54,155,106,91,32,142,74,116,71
red,0,65,32,76,9,107,142,2,109,118
red,48,107,159,24,53,19,65,32,76,9
red,89,124,101,116,93,32,40,110,51,100
red,107,65,32,69,70,90,154,121,51,82
blue,47,142,140,76,66,110,124,159,51,93
red,146,142,159,17,70,43,27,148,129,128
red,25,38,159,17,53,101,124,151,49,119
blue,22,84,110,8,128,47,38,159,116,53
blue,60,38,124,49,79,146,13,26,17,12
red,112,130,56,63,70,115,38,19,136,53
blue,151,65,35,69,127,154,26,142,76,128
red,33,38,149,51,5,110,75,121,19,82
blue,34,142,121,52,100,105,38,33,106,128
blue,135,65,143,106,4,101,40,37,76,130
blue,110,130,2,29,160,43,74,121,106,153
red,18,124,143,63,70,90,84,11,76,41
red,103,13,152,136,80,88,54,73,49,53
blue,110,38,101,51,74,146,84,1,24,14
red,43,65,64,106,79,74,124,13,51,5
blue,31,27,121,116,53,114,60,2,8,14
red,0,65,33,51,46,135,47,143,76,41
blue,91,46,121,8,70,25,84,43,51,82
blue,0,111,19,51,96,25,65,121,17,93
blue,110,65,138,51,93,92,60,151,17,96
blue,110,142,121,49,12,43,84,94,76,70
blue,43,58,79,52,5,110,13,0,85,66
red,101,38,73,51,66,2,61,33,17,96
blue,151,38,144,24,160,0,134,1,51,14
red,92,54,94,129,70,38,27,33,8,14
red,18,124,155,49,109,74,84,94,129,7
blue,88,84,151,50,128,74,40,143,116,70
blue,74,61,19,76,70,36,40,143,136,53
red,0,98,19,51,14,2,38,110,106,139
blue,0,27,3,51,66,62,65,1,147,74
red,95,40,140,29,99,31,142,121,106,16
red,22,26,155,29,123,137,124,159,51,82
blue,74,75,159,106,66,92,142,140,120,93
red,19,38,1,49,79,0,58,136,157,93
blue,92,67,43,147,128,31,38,155,29,160
red,74,84,155,41,108,134,65,83,17,99
red,101,40,121,51,93,31,142,2,29,53
blue,15,38,155,51,128,48,23,94,76,74
red,146,124,155,24,111,90,13,1,76,5
blue,34,98,6,116,160,18,124,122,106,66
red,145,38,143,52,128,20,23,150,9,37
blue,42,54,155,106,82,20,65,143,51,74
blue,36,142,33,51,5,22,84,1,76,74
blue,88,154,1,51,82,74,65,114,9,79
blue,90,134,1,76,5,0,27,143,29,74
blue,18,61,151,76,70,131,27,143,49,74
blue,101,27,121,29,153,117,102,1,51,93
red,29,38,143,63,70,101,84,37,76,153
red,0,98,143,147,5,102,84,150,63,99
blue,131,38,56,17,53,18,58,87,129,153
blue,151,65,143,106,82,135,134,2,147,119
red,145,74,155,51,5,152,84,140,106,4
red,110,65,33,147,53,18,84,0,51,82
blue,88,142,15,136,70,34,134,110,51,74
red,101,65,13,147,148,74,60,150,52,82
red,42,60,142,147,96,150,61,121,51,93
red,18,84,3,69,82,92,26,56,106,96
blue,115,38,140,106,5,74,75,148,76,153
red,121,60,110,76,4,74,98,124,129,91
red,34,87,89,76,71,31,134,122,29,9
blue,102,124,144,51,4,0,98,19,76,53
red,2,27,150,76,53,0,23,94,85,138
red,74,107,121,17,159,18,155,132,51,82
red,154,38,159,51,4,121,87,155,106,93
blue,35,142,143,29,14,101,30,155,49,120
blue,146,67,94,9,128,39,38,121,129,96
red,62,86,143,8,70,48,58,122,17,74
blue,0,117,150,76,14,107,142,124,51,93
red,0,28,64,69,70,31,27,121,52,120
blue,54,134,11,102,44,37,38,140,106,96
red,101,84,2,9,109,91,154,151,17,71
red,91,84,31,29,41,104,142,154,17,53
blue,13,60,1,49,70,151,84,3,17,128
red,131,38,159,17,160,104,13,64,29,53
blue,0,23,125,50,74,101,38,64,17,79
red,74,30,121,52,82,78,67,155,17,12
red,134,84,150,29,53,130,27,132,51,128
blue,72,65,64,49,79,3,142,55,29,14
blue,146,46,140,116,119,85,58,64,76,139
blue,104,84,110,51,14,92,124,121,17,93
blue,101,142,11,69,16,0,65,124,51,93
red,0,84,88,29,41,103,155,1,133,71
blue,134,60,121,69,153,110,65,73,106,5
blue,31,40,121,50,128,37,38,6,51,93
blue,0,38,140,106,99,52,65,124,147,9
blue,35,125,1,17,159,114,92,64,129,82
blue,31,40,140,50,128,107,125,89,17,159
red,81,38,6,51,93,37,107,121,136,66
red,113,38,140,51,14,59,98,101,129,128
blue,48,44,155,157,153,114,84,151,136,14
blue,95,74,121,29,12,90,38,55,51,14
red,135,84,55,29,153,59,26,19,156,119
blue,0,142,122,69,70,74,65,6,136,93
blue,22,84,143,116,153,135,27,87,24,74
blue,34,63,91,50,9,35,65,90,129,96
blue,22,155,110,29,15,42,23,150,17,71
red,101,125,120,116,4,110,142,154,51,14
red,47,74,143,29,53,39,142,3,106,82
blue,88,38,159,51,82,144,142,115,29,119
blue,25,13,140,8,128,78,65,158,51,5
blue,43,38,2,52,114,0,65,121,106,96
blue,104,125,151,49,41,135,84,1,29,99
red,22,124,155,49,79,25,61,73,150,93
blue,39,92,43,24,93,78,84,125,106,14
blue,101,84,43,8,93,0,107,121,17,53
red,114,38,159,52,128,19,149,121,17,79
blue,43,149,121,29,112,59,125,159,51,130
blue,110,113,33,85,119,92,84,101,51,126
blue,74,84,110,29,9,92,30,101,147,148
blue,36,38,2,51,70,34,84,125,52,82
red,18,65,104,17,71,62,58,121,29,53
blue,18,134,124,52,93,34,104,143,76,53
red,18,117,19,29,70,111,38,159,50,82
blue,74,38,26,129,70,0,27,124,85,82
red,74,75,37,51,82,105,40,143,147,93
blue,134,46,132,9,16,47,40,56,51,128
blue,38,58,125,51,14,18,61,159,137,12
red,18,60,121,51,128,0,38,140,50,66
red,18,65,11,136,82,31,117,155,51,128
blue,18,65,159,49,93,34,54,143,51,100
red,22,98,144,129,74,31,84,155,106,14
blue,31,40,121,17,79,149,98,0,136,118
red,47,61,33,8,53,0,142,55,9,70
blue,101,61,143,116,5,92,40,19,51,82
red,0,86,2,29,66,43,37,121,51,82
red,22,40,2,85,109,0,61,68,106,66
blue,47,26,125,52,93,151,142,132,51,82
red,151,61,105,76,5,0,27,125,133,16
blue,101,40,151,157,93,110,102,6,50,66
red,35,54,43,106,74,0,87,150,17,108
blue,18,75,159,49,5,0,98,43,19,74
blue,134,113,43,19,82,121,102,125,17,4
blue,74,84,43,17,71,95,54,0,19,159
blue,42,61,56,51,128,0,27,151,19,82
red,78,102,2,24,128,59,155,87,19,12
blue,0,23,150,8,82,102,38,121,17,119
blue,0,54,132,136,5,31,134,121,51,119
blue,152,84,155,136,128,59,27,125,29,124
blue,107,75,64,63,70,48,134,104,106,119
red,0,28,56,129,74,19,13,151,51,93
red,31,65,121,8,123,36,94,143,49,109
blue,101,30,125,76,4,34,149,132,116,153
blue,131,46,121,156,153,19,107,155,133,14
red,0,142,11,29,80,13,84,33,51,82
red,151,65,143,106,66,31,130,19,51,82
red,59,84,110,9,70,0,155,94,106,14
red,22,97,83,106,153,121,65,18,76,118
red,146,58,11,137,74,90,38,83,29,154
red,2,38,121,29,53,88,37,159,85,119
red,74,58,2,51,14,62,154,121,29,12
blue,36,155,2,29,12,22,111,121,147,74
red,78,58,121,116,93,74,38,1,29,53
red,31,38,64,17,93,2,67,159,106,82
blue,47,84,110,8,53,37,102,155,17,79
red,18,38,140,8,5,0,61,159,76,119
red,36,125,121,106,82,0,27,128,76,83
blue,102,40,140,29,53,90,125,121,51,119
blue,77,130,155,109,148,145,58,124,156,153
blue,77,130,148,69,71,0,60,125,51,128
red,77,130,121,29,128,47,40,68,51,14
blue,67,54,151,17,121,41,61,29,76,5
blue,37,125,31,51,79,74,124,140,133,82
red,110,111,83,133,82,74,38,105,51,66
red,31,65,121,129,5,74,124,94,51,45
blue,151,142,64,106,5,104,13,121,17,79
blue,134,141,114,49,53,137,38,159,76,30
red,114,65,2,29,153,22,54,110,51,82
blue,74,58,26,51,53,101,38,37,89,128
red,34,38,114,17,53,92,40,21,69,70
blue,0,38,114,50,70,101,30,56,17,158
blue,19,98,132,9,119,114,142,1,76,93
red,101,65,114,9,66,31,92,42,17,71
red,15,65,104,29,14,103,142,114,52,9
blue,18,111,114,52,100,0,107,64,29,160
red,47,38,114,17,15,151,13,132,106,99
blue,22,154,114,29,153,90,40,2,76,79
red,48,67,121,106,5,78,154,120,29,153
red,36,84,92,17,82,112,61,104,8,16
red,104,26,142,129,70,0,38,122,85,66
blue,0,61,1,8,128,43,23,151,69,153
blue,0,38,1,69,93,110,84,26,147,70
blue,31,61,11,51,4,107,84,151,76,153
red,22,124,151,49,128,135,94,143,29,79
red,74,40,1,106,82,72,86,150,51,154
blue,151,65,114,147,128,104,60,140,51,82
blue,22,88,2,69,14,0,75,121,51,5
blue,0,154,125,49,148,107,38,2,29,109
red,34,86,121,51,82,123,98,1,69,109
red,31,134,143,29,126,0,61,55,136,15
blue,110,98,1,129,82,114,94,159,76,153
red,110,98,64,51,74,20,38,104,50,128
blue,0,84,143,24,53,90,38,1,49,9
red,0,38,1,51,82,36,30,125,50,93
red,48,37,120,116,12,24,27,1,137,70
blue,110,38,64,29,4,25,84,125,51,154
blue,104,149,142,76,12,101,61,121,51,154
blue,73,65,151,76,154,2,142,134,116,70
red,3,38,120,69,154,0,92,11,76,93
red,90,58,114,24,154,101,75,64,8,126
red,90,60,21,106,154,48,142,121,51,16
blue,145,154,1,52,4,102,61,104,51,93
blue,104,61,122,29,93,114,149,121,129,70
blue,43,92,101,9,41,18,142,121,51,74
red,43,124,121,51,14,90,40,159,52,100
red,41,134,121,147,158,101,58,122,106,74
red,31,77,89,106,14,110,84,143,136,119
blue,2,65,94,106,5,74,38,121,17,158
red,41,92,18,49,9,47,154,15,151,5
blue,110,38,104,17,128,36,141,1,106,82
blue,48,155,151,29,124,19,46,125,69,33
blue,43,124,125,8,133,74,38,2,49,30
blue,0,65,159,51,82,59,142,125,116,4
red,88,44,143,106,82,22,65,121,24,100
red,103,111,13,76,128,121,37,141,136,14
blue,151,65,55,137,158,74,84,142,8,70
blue,13,130,151,129,82,107,23,146,17,79
blue,31,124,33,106,93,47,84,13,147,96
blue,83,26,94,51,128,102,30,2,133,119
red,43,54,110,69,108,102,46,2,29,148
blue,0,102,19,147,70,78,38,121,129,14
red,0,60,2,8,66,31,65,143,69,118
red,22,38,121,51,91,74,65,2,17,33
blue,43,84,103,102,44,107,38,2,50,128
blue,145,142,6,29,119,151,54,74,51,128
red,103,84,11,129,5,0,38,121,76,74
red,47,86,143,136,93,0,84,121,49,74
red,2,146,143,76,14,35,38,121,51,4
red,47,65,121,76,70,0,23,150,9,109
red,151,54,110,17,120,74,124,101,8,82
blue,115,38,1,8,53,0,141,143,51,9
red,48,54,101,29,108,151,107,55,17,70
blue,144,38,101,8,53,121,146,0,116,82
red,31,38,143,106,66,154,84,11,76,82
blue,74,61,2,69,153,22,38,140,17,66
blue,18,23,94,76,70,25,124,101,116,91
blue,31,13,159,29,158,48,75,1,116,12
red,31,38,37,76,160,0,58,1,155,153
blue,3,61,1,29,153,134,84,142,93,126
red,42,125,1,51,12,101,46,33,76,41
blue,22,125,159,157,82,11,142,110,133,71
red,31,27,117,133,71,88,58,105,116,70
blue,74,98,121,133,14,91,38,104,69,70
red,112,38,2,76,153,37,134,150,133,70
blue,3,67,94,69,80,143,38,20,133,96
red,37,54,125,76,119,34,97,105,8,53
red,78,58,11,106,4,62,61,33,76,66
blue,144,46,3,76,12,152,87,159,136,119
red,78,65,110,51,128,0,84,155,49,148
blue,78,60,72,51,41,112,58,73,29,15
blue,47,60,1,51,74,0,38,6,52,126
red,0,30,124,52,5,92,142,19,29,83
blue,0,104,110,76,79,18,38,140,49,82
red,90,38,37,29,53,36,74,150,8,4
red,36,61,19,24,82,0,98,72,136,53
red,131,102,121,106,14,72,124,125,116,93
blue,0,38,143,106,99,48,142,23,137,93
blue,43,65,121,116,70,0,23,150,8,12
blue,18,92,144,85,126,101,84,120,116,119
red,34,84,89,136,128,31,87,143,29,153
red,47,84,6,52,14,19,58,155,63,93
blue,74,65,33,51,99,151,84,68,76,70
red,31,84,150,76,79,0,38,26,129,99
blue,110,84,149,129,93,114,134,19,106,5
blue,22,84,159,17,71,48,149,83,106,99
red,34,84,155,9,70,146,65,37,136,158
blue,102,40,6,129,14,154,84,11,106,99
red,91,84,101,51,82,107,142,151,24,14
red,101,84,140,76,124,36,92,121,29,128
blue,151,38,64,8,128,0,124,104,52,14
blue,74,155,121,76,93,34,84,120,51,82
red,134,84,3,136,74,110,155,132,24,30
blue,36,124,64,106,66,0,84,43,85,9
red,47,40,33,106,99,42,84,125,69,16
red,74,60,140,85,91,36,107,121,129,27
red,34,88,140,129,27,74,18,64,51,93
red,78,38,132,29,53,74,61,2,51,82
blue,74,26,43,156,153,103,27,140,52,126
red,159,87,43,9,53,101,142,41,17,71
blue,101,155,121,63,70,18,65,1,85,123
red,34,142,121,76,53,0,61,114,29,82
blue,102,65,104,17,14,31,23,24,123,108
blue,123,84,155,24,93,31,27,104,8,4
red,74,92,140,51,82,130,65,159,116,53
red,22,65,121,106,93,127,134,101,24,74
blue,152,65,121,52,96,34,90,159,29,5
red,101,23,151,51,82,75,65,64,136,120
red,22,54,110,51,5,39,124,3,136,66
red,145,98,1,29,153,112,141,64,17,79
blue,36,102,21,49,71,74,13,33,24,79
red,74,13,33,9,128,37,54,151,29,45
blue,88,27,43,29,119,146,13,33,8,12
blue,74,13,33,24,111,134,61,121,51,14
blue,110,38,159,50,128,92,13,33,157,71
red,35,13,33,106,128,25,142,56,51,70
red,42,13,33,51,15,67,111,110,8,70
red,90,141,10,106,99,18,13,33,49,14
red,74,13,33,51,99,48,38,124,76,109
red,110,13,33,17,70,112,111,32,129,15
red,18,13,33,76,70,22,40,71,116,153
red,47,65,56,50,14,22,125,89,51,30
red,47,28,43,137,82,18,61,121,106,5
blue,52,75,19,106,5,121,38,2,29,70
red,34,54,151,76,46,36,38,103,116,74
blue,37,111,2,69,70,74,40,121,136,119
blue,101,124,1,106,5,62,111,121,29,79
red,36,142,159,106,5,18,98,6,17,112
blue,0,23,150,9,108,72,125,159,51,93
red,36,28,121,17,71,92,38,142,51,70
red,154,13,83,129,82,36,125,140,17,138
red,36,142,121,51,74,151,77,19,29,14
blue,48,145,120,157,160,43,84,0,9,108
red,0,23,91,109,45,3,54,75,19,30
red,18,40,121,24,45,37,74,125,29,159
blue,36,142,104,76,128,90,154,101,136,80
red,31,28,129,85,53,48,26,94,17,71
red,90,65,151,138,154,95,54,150,51,119
blue,134,67,3,85,74,0,84,7,51,128
red,74,40,140,17,70,47,84,120,49,53
red,88,65,2,51,93,22,75,1,29,53
blue,34,84,159,29,46,36,65,2,8,118
blue,0,84,43,9,45,101,92,2,51,99
red,144,65,90,106,99,74,84,150,29,76
blue,135,75,69,51,74,90,65,56,8,12
red,47,27,110,116,109,15,92,1,51,14
blue,101,23,155,76,5,78,38,143,8,33
red,47,84,125,49,15,74,65,139,50,70
red,24,124,110,51,82,127,84,137,17,53
red,22,38,68,76,82,47,142,19,51,96
red,47,60,140,17,12,0,94,121,29,153
red,107,58,139,29,15,34,141,1,49,9
red,19,13,140,51,119,117,124,121,17,79
blue,78,112,151,106,4,152,54,94,51,74
red,19,27,155,106,74,110,154,141,51,153
red,22,134,143,29,53,19,61,89,129,70
blue,112,65,121,69,160,3,5,144,9,16
red,78,38,144,106,154,149,125,109,17,93
blue,78,65,121,51,5,36,40,138,129,74
red,34,38,39,49,66,20,124,150,29,148
red,114,40,132,51,82,112,30,55,85,53
blue,22,61,140,51,80,0,58,148,24,70
blue,135,65,1,51,14,0,27,94,116,4
blue,74,38,1,17,5,47,65,159,129,153
red,36,58,140,52,74,90,75,2,76,119
blue,134,92,124,69,14,0,54,19,49,128
red,75,97,1,29,153,105,125,56,17,9
blue,101,154,105,9,14,110,125,148,17,128
blue,144,117,121,8,14,0,13,1,51,82
red,110,142,140,51,109,58,54,148,69,82
red,0,40,104,129,148,74,38,140,49,128
red,34,141,159,17,79,101,124,148,76,12
red,57,98,55,116,79,39,38,121,17,71
blue,22,111,148,51,93,110,91,55,29,12
red,152,38,159,49,148,101,23,124,51,111
blue,110,74,2,29,53,18,65,121,147,148
blue,127,40,64,69,5,48,38,1,51,14
red,47,13,148,17,120,103,38,89,51,14
red,47,58,1,29,148,43,26,125,76,82
red,43,61,148,51,128,0,124,151,17,12
red,145,141,56,51,121,112,37,55,76,93
blue,18,87,121,17,153,39,23,55,76,158
blue,22,40,148,116,74,2,61,151,49,160
blue,101,54,151,76,128,37,65,148,29,74
blue,134,13,1,8,74,2,142,33,52,96
red,110,84,143,9,53,154,61,33,8,70
blue,78,111,83,69,80,154,40,33,52,14
blue,57,30,142,133,70,154,75,110,51,74
red,112,38,6,51,5,154,142,75,116,82
blue,72,107,73,17,71,154,75,43,29,41
blue,18,84,140,29,118,154,75,33,51,119
blue,154,75,140,24,93,74,13,144,29,37
blue,154,38,11,24,12,101,134,150,8,14
blue,0,84,121,51,100,31,40,2,29,53
blue,57,40,143,49,4,0,107,159,106,82
blue,91,38,64,51,9,0,40,132,29,160
red,144,84,91,24,160,34,38,121,17,96
red,110,134,19,49,160,146,40,62,52,107
blue,121,61,65,51,12,19,107,151,69,153
blue,151,154,143,76,74,101,84,65,29,12
blue,47,125,11,106,74,35,27,110,137,14
blue,74,61,1,29,139,110,84,143,49,96
red,18,84,151,129,5,35,154,43,51,148
red,0,30,38,106,74,47,142,33,17,83
red,143,54,151,106,82,41,38,122,8,128
red,31,94,105,69,128,0,98,125,106,82
red,104,98,68,69,82,0,87,26,17,14
red,90,98,121,76,100,110,27,151,129,96
red,31,40,122,76,128,151,125,23,29,71
red,48,38,143,106,4,18,65,11,49,128
blue,94,92,105,49,96,59,98,159,51,82
blue,2,65,89,136,112,88,142,104,76,5
red,0,61,159,106,14,42,65,143,51,53
red,0,145,89,17,79,48,27,121,51,82
red,57,40,34,69,153,90,54,150,51,99
blue,62,107,143,129,99,92,84,43,116,96
red,113,58,33,85,82,107,98,26,29,93
red,48,65,55,52,5,36,84,2,29,93
red,135,125,6,51,119,47,65,121,106,99
blue,151,38,21,76,128,120,98,143,29,119
red,0,61,6,51,14,102,44,105,52,93
red,78,84,3,52,119,110,40,138,76,5
red,62,124,110,17,53,0,40,11,51,160
blue,0,124,6,85,158,47,38,64,51,74
red,112,142,105,51,108,18,84,125,8,82
red,134,154,150,49,148,90,26,110,17,80
blue,74,65,1,49,71,2,60,103,76,83
blue,101,61,143,76,53,142,23,2,150,5
blue,101,84,3,51,74,34,98,10,150,120
blue,43,87,79,133,53,130,38,121,8,41
red,0,38,6,76,100,39,107,103,52,5
blue,90,65,121,51,66,110,61,64,29,153
blue,25,65,158,69,9,101,38,159,29,109
blue,101,61,26,51,12,31,38,159,49,111
blue,104,54,150,76,110,121,61,56,106,100
red,151,38,26,116,82,11,92,43,29,4
blue,0,38,101,50,4,145,61,114,51,154
blue,158,155,2,106,82,0,27,110,147,79
blue,158,38,94,29,160,34,124,110,106,5
blue,36,40,109,102,44,0,84,94,17,4
red,48,54,142,106,66,144,77,6,51,82
blue,22,58,1,52,66,0,134,11,17,53
blue,18,65,114,29,74,57,58,105,17,79
blue,114,46,159,51,96,31,84,115,147,99
red,41,61,89,76,5,121,134,91,29,99
blue,110,38,151,106,82,101,113,71,51,99
blue,104,94,121,8,96,110,38,136,9,153
blue,22,124,43,9,148,0,61,21,109,96
blue,112,65,143,8,128,72,142,120,29,96
red,122,58,151,50,96,25,65,159,76,5
red,90,98,19,129,96,31,61,121,76,53
red,42,155,121,51,41,0,84,33,116,99
blue,25,40,33,137,16,135,58,121,29,99
red,101,84,125,76,99,154,46,11,106,14
blue,88,75,6,29,96,74,38,2,8,128
red,18,23,6,106,96,0,30,151,9,70
blue,6,65,150,76,96,47,40,159,136,9
blue,48,23,150,106,5,151,65,6,85,96
blue,74,28,150,52,96,110,124,43,24,70
red,73,61,121,156,96,22,97,56,137,128
red,0,27,6,51,45,31,75,125,133,96
blue,72,27,122,147,74,92,84,91,51,96
red,151,92,114,129,99,0,38,124,52,93
red,41,27,148,129,99,0,84,6,106,96
blue,90,141,121,106,99,78,84,151,137,53
blue,146,13,33,24,70,114,23,141,106,99
blue,134,86,2,50,41,135,149,132,106,99
red,2,117,151,129,99,62,98,121,29,70
blue,127,61,2,51,70,18,102,33,29,96
blue,36,87,121,51,70,19,13,2,76,96
blue,74,58,23,8,128,19,84,43,29,79
blue,18,38,33,106,99,104,134,110,51,53
blue,92,23,110,51,99,57,38,121,147,45
red,110,124,159,106,99,135,40,31,51,128
blue,57,38,2,106,99,110,155,41,17,158
red,22,111,1,76,128,110,142,19,51,99
blue,112,84,121,106,99,59,98,150,51,91
red,110,84,159,69,96,90,111,143,137,70
blue,48,67,3,76,158,36,84,159,51,99
blue,98,84,150,106,99,57,65,110,29,12
red,31,61,143,51,99,111,107,11,52,82
red,112,54,150,51,99,18,65,104,52,82
blue,37,65,104,29,14,152,84,64,129,99
blue,41,65,125,49,96,74,40,56,116,128
red,110,61,64,49,99,98,146,140,17,41
red,115,84,43,116,99,36,149,64,8,9
blue,31,84,140,51,99,74,46,143,24,128
red,43,84,155,106,99,151,60,104,17,70
red,107,84,151,76,99,78,30,125,29,128
red,0,84,151,106,99,107,94,121,120,37
blue,0,28,125,106,99,151,38,121,17,79
blue,3,84,110,51,99,0,26,143,106,5
red,115,61,143,69,99,34,107,151,49,41
blue,0,40,121,116,153,92,38,154,50,138
blue,92,46,140,24,138,47,107,155,76,74
blue,47,84,150,69,93,18,46,121,52,138
red,47,94,107,63,70,90,125,121,49,53
red,18,58,144,8,128,137,155,2,29,93
red,18,27,148,76,5,152,84,155,24,110
blue,152,61,6,29,5,78,97,155,51,14
blue,31,23,3,29,153,41,124,125,51,128
red,31,124,155,17,82,131,75,57,51,114
red,92,155,33,29,53,47,58,143,63,158
blue,52,124,6,24,121,0,65,132,85,126
red,137,74,132,51,80,78,107,125,76,133
blue,18,98,64,49,96,101,65,68,50,70
blue,35,84,1,50,128,18,65,19,76,53
red,121,142,64,17,5,92,94,87,52,74
red,69,60,143,29,14,34,65,64,17,15
blue,43,134,56,51,159,18,84,32,69,93
blue,2,38,121,52,41,18,23,143,51,70
blue,110,40,143,50,128,117,65,121,17,41
red,18,40,121,50,53,102,30,120,17,71
blue,105,40,101,76,100,48,38,37,54,121
blue,104,60,125,116,82,18,40,64,76,126
blue,142,38,140,137,53,35,40,159,29,82
red,104,38,143,49,74,0,60,144,17,128
red,134,38,121,8,66,74,60,2,9,128
blue,0,84,43,24,128,110,38,2,29,100
red,35,124,32,51,96,6,40,2,85,93
blue,36,38,122,136,93,35,141,143,116,9
blue,43,37,79,51,93,47,28,64,29,119
red,22,84,132,69,153,0,61,2,29,5
red,146,40,33,106,5,22,54,26,17,14
blue,37,111,122,147,70,19,40,33,76,108
blue,0,111,122,8,119,48,38,105,51,74
blue,101,65,32,29,53,2,111,89,51,93
blue,88,111,114,9,33,92,102,121,29,53
red,145,155,53,49,148,134,60,122,116,120
red,43,54,55,51,82,18,40,121,106,5
blue,135,67,138,49,80,20,40,143,106,99
red,18,75,121,52,82,119,151,87,24,35
red,102,142,143,76,66,113,65,1,24,119
red,112,155,55,29,100,34,65,122,85,64
blue,74,91,2,54,41,145,75,48,157,71
red,31,84,159,106,99,126,98,114,51,153
red,95,84,3,51,80,126,125,114,49,108
blue,78,84,94,29,53,35,65,124,49,7
blue,3,30,94,136,53,72,23,155,76,71
blue,0,40,121,17,109,36,113,122,136,128
red,134,61,1,116,100,47,92,26,8,128
red,112,40,138,76,5,18,107,10,51,82
blue,101,125,143,51,79,102,84,1,8,128
red,74,65,140,69,79,112,130,121,24,5
red,18,40,159,9,79,82,134,155,51,14
blue,0,65,2,29,53,103,27,125,8,14
blue,59,107,43,51,82,74,98,143,17,14
blue,112,111,91,136,125,90,60,94,76,79
blue,92,124,121,29,93,0,61,26,49,5
blue,0,46,155,51,4,22,65,6,69,74
blue,0,23,121,76,93,74,40,26,106,99
blue,34,142,11,129,70,31,84,143,51,82
red,101,54,26,8,96,34,124,89,51,4
blue,101,61,83,8,14,74,111,71,76,4
red,37,94,143,51,14,47,84,33,17,93
red,0,38,140,50,99,35,40,89,76,83
red,34,40,121,17,100,86,38,140,137,4
blue,74,61,105,147,112,88,38,121,29,70
blue,36,27,125,51,119,31,40,121,133,100
blue,39,98,143,76,130,37,38,1,29,41
red,0,65,19,76,14,31,38,143,51,5
blue,104,142,121,51,5,110,13,122,29,96
blue,104,40,26,29,153,3,84,101,51,5
red,110,27,151,76,96,104,155,140,24,82
blue,59,107,101,76,99,36,23,3,150,93
red,90,67,151,8,93,144,40,140,136,5
red,0,38,56,69,126,90,142,105,52,4
blue,110,92,6,116,82,74,65,124,76,128
blue,22,30,1,17,74,90,61,150,29,4
red,146,38,140,116,82,134,130,121,29,16
red,74,58,43,49,79,120,84,151,17,5
blue,31,124,132,51,93,0,38,11,106,82
blue,3,26,33,24,74,112,54,93,129,14
blue,151,65,132,51,66,0,77,121,106,82
blue,48,67,155,50,128,103,142,33,29,79
blue,113,125,1,52,14,90,61,83,24,159
blue,2,77,1,76,5,37,125,64,51,14
red,18,38,83,51,82,2,58,155,29,79
red,47,67,150,76,139,110,26,55,106,37
red,146,84,151,147,70,43,125,140,29,153
red,31,77,131,8,12,74,86,75,17,121
blue,0,75,120,156,153,74,145,124,8,93
blue,145,98,68,69,128,86,142,124,29,53
blue,74,125,2,150,82,127,61,155,51,14
blue,18,38,64,116,119,101,142,68,29,9
red,0,142,32,147,82,104,38,122,17,93
red,104,77,143,51,128,48,61,38,76,70
blue,117,65,140,106,82,74,130,143,29,53
red,18,26,11,51,14,0,67,125,29,71
red,47,60,55,116,66,0,125,151,50,70
blue,0,84,159,106,128,18,38,143,29,5
blue,131,54,155,51,14,101,38,2,8,66
blue,18,26,121,76,114,0,77,138,29,71
red,0,107,26,51,93,48,77,56,49,148
blue,74,61,140,24,70,101,38,2,136,82
red,104,77,74,24,100,121,65,110,106,82
blue,101,98,11,50,79,151,130,132,133,120
red,48,40,2,17,160,104,46,132,49,9
red,37,54,151,51,5,47,77,94,120,74
blue,31,84,64,49,53,74,65,68,50,124
blue,0,84,64,136,99,151,65,121,63,158
red,62,107,87,29,93,3,38,121,51,14
blue,18,61,121,76,91,127,65,155,157,153
blue,112,38,159,51,93,151,107,122,156,100
blue,31,27,148,29,9,36,154,158,17,71
red,43,146,159,29,53,0,75,32,24,130
blue,110,65,73,116,153,135,107,158,49,53
red,48,65,143,76,14,0,61,1,17,158
blue,25,102,158,156,119,149,65,55,137,70
red,114,74,21,49,79,101,54,110,8,14
red,81,146,19,76,27,158,134,43,29,9
blue,34,37,158,51,96,43,65,114,49,29
red,31,38,114,29,45,110,84,158,49,53
red,43,65,158,29,53,101,30,110,9,76
red,112,134,55,147,138,22,125,64,136,74
red,112,65,56,49,126,115,38,158,17,119
red,92,26,19,8,70,59,38,158,51,74
red,0,65,2,24,80,104,92,110,29,153
red,90,65,158,51,93,88,46,125,41,124
red,114,75,159,29,53,92,58,55,17,128
blue,48,97,148,9,5,0,130,33,29,74
red,151,40,55,29,119,104,38,125,157,64
blue,42,141,124,49,100,74,75,155,17,12
blue,47,87,122,76,108,22,54,56,129,153
red,31,38,6,76,79,110,60,19,17,71
red,151,23,6,29,153,19,38,90,51,82
red,74,149,6,109,53,34,65,121,29,66
blue,74,38,11,49,79,92,27,6,17,100
blue,0,46,11,8,15,43,65,6,29,66
red,19,102,6,51,120,0,75,89,76,82
red,47,58,6,50,74,37,65,129,51,82
blue,110,84,140,8,93,86,134,6,50,70
red,101,75,6,29,53,110,65,155,9,70
blue,154,54,151,106,99,47,84,155,52,4
blue,18,75,26,29,14,0,54,151,116,153
red,92,27,151,147,82,22,54,95,49,160
red,38,97,2,24,30,112,65,33,17,71
blue,20,84,0,17,53,62,65,2,24,5
blue,37,97,143,137,70,154,141,2,69,153
red,88,65,2,24,74,25,30,19,29,66
blue,110,65,0,51,66,62,26,124,24,79
blue,110,98,1,24,74,0,13,143,51,14
blue,47,124,151,69,70,110,37,2,150,74
blue,47,13,64,156,109,102,124,43,106,14
blue,92,124,151,76,66,20,26,7,49,93
red,101,13,73,106,6,74,87,142,29,153
blue,47,77,50,51,128,78,91,142,9,66
blue,121,91,142,76,133,2,124,74,52,5
blue,43,84,150,76,53,2,91,142,8,139
blue,35,27,142,29,53,78,75,110,19,82
red,144,91,142,24,4,0,154,150,116,53
red,144,84,142,76,66,48,61,143,51,14
blue,123,13,19,85,158,78,75,142,76,109
blue,2,54,142,85,153,31,84,155,76,93
blue,103,111,151,17,41,110,23,56,24,14
blue,0,74,121,51,114,43,97,140,76,5
red,114,65,132,69,153,31,38,121,106,4
blue,34,38,121,61,153,35,125,114,76,53
red,74,38,3,49,148,31,28,151,116,12
blue,90,28,3,115,120,31,65,143,9,109
blue,2,38,110,129,83,31,65,140,51,79
red,74,38,1,24,5,31,61,121,51,66
blue,31,67,121,29,53,0,111,89,17,12
blue,37,61,68,50,128,112,30,142,8,14
red,88,98,140,29,14,22,74,2,129,99
red,18,54,121,106,99,43,125,32,76,74
red,0,142,110,17,100,102,40,143,51,53
blue,34,142,6,50,128,144,97,36,76,100
blue,107,27,140,29,41,122,65,139,17,12
blue,48,67,3,157,112,74,38,121,51,100
blue,31,142,159,9,153,74,65,6,50,5
red,31,142,132,8,128,74,107,121,50,70
blue,115,22,73,29,12,74,154,151,51,66
red,112,13,1,129,93,74,30,19,29,66
red,144,28,155,24,128,72,107,33,106,93
red,90,40,56,69,108,36,30,1,8,110
red,104,23,155,106,14,46,65,121,76,154
red,22,40,140,51,91,137,13,132,8,128
red,18,88,143,106,66,48,111,155,120,128
red,31,141,136,51,92,121,65,64,49,153
red,48,40,64,133,153,104,38,55,29,53
blue,88,28,1,76,5,0,92,140,116,15
red,77,40,132,106,82,74,65,121,50,79
blue,0,134,2,17,71,154,75,89,49,9
blue,58,40,138,136,153,112,134,1,106,96
red,37,13,55,51,5,34,38,32,69,93
red,154,88,32,133,70,112,38,150,35,114
blue,78,75,91,106,14,0,88,159,52,120
red,86,75,2,17,148,151,40,1,76,74
red,39,40,34,69,82,144,37,3,24,93
blue,0,40,104,136,111,103,46,120,9,53
blue,112,124,140,76,9,47,38,11,29,53
blue,25,38,11,51,91,22,74,159,8,9
red,81,38,83,63,70,145,141,121,76,14
red,107,141,89,51,5,121,91,122,29,128
blue,107,61,73,106,91,115,26,143,49,66
red,18,142,19,17,93,107,61,122,106,14
blue,146,87,2,29,82,110,84,120,76,158
red,78,60,1,136,93,150,117,140,129,153
red,37,75,6,129,14,47,60,122,51,93
red,110,54,140,76,119,34,155,121,49,158
red,0,75,159,76,14,18,61,121,29,124
blue,0,87,151,129,74,92,84,26,29,5
blue,0,38,155,51,53,31,84,36,76,5
blue,37,84,155,51,14,103,61,143,8,70
blue,31,65,148,29,14,103,38,2,76,74
red,34,154,121,29,119,112,98,19,17,7
blue,31,134,121,51,109,0,65,136,29,9
red,61,38,143,51,14,78,60,151,106,74
blue,22,84,150,51,82,25,38,120,29,153
blue,59,13,125,106,5,151,40,11,50,128
blue,41,61,151,76,153,37,98,136,150,96
red,121,65,151,29,93,0,30,110,17,159
red,103,79,121,106,82,72,38,89,76,110
blue,121,58,143,106,82,144,98,140,51,4
red,37,84,125,106,82,74,38,150,157,9
red,103,38,143,85,41,112,13,122,129,5
blue,36,84,155,106,82,101,107,56,85,96
red,103,98,121,8,128,47,84,3,51,93
red,36,84,89,8,79,0,28,150,51,82
blue,90,61,68,29,53,31,58,151,51,128
blue,74,155,26,8,82,104,61,159,51,93
red,146,28,93,85,153,39,98,56,106,82
blue,114,155,125,29,123,0,124,107,51,109
blue,144,141,1,76,41,112,61,33,52,16
red,90,23,125,29,74,92,65,1,51,9
blue,59,125,73,9,160,35,98,32,51,74
red,112,124,121,69,128,37,38,2,8,14
red,92,40,64,52,82,2,23,150,17,128
red,0,60,6,24,82,43,28,121,76,46
red,48,142,1,52,14,0,84,121,129,108
blue,0,84,150,129,153,74,54,151,51,53
red,84,124,11,29,41,114,38,121,129,5
red,2,38,26,52,66,104,60,148,51,119
blue,35,13,1,51,66,0,141,159,49,45
red,31,30,94,52,70,43,125,109,116,153
blue,67,26,3,51,82,69,30,151,63,70
red,0,58,19,147,9,43,92,121,85,153
blue,103,124,120,76,16,102,54,110,49,74
red,22,84,33,76,96,39,149,125,49,130
blue,19,13,32,29,153,81,23,150,51,93
blue,2,98,43,52,93,31,61,143,106,70
red,31,47,70,51,93,90,38,68,151,118
blue,43,154,19,17,53,152,98,6,51,109
red,31,92,1,17,79,0,38,33,69,82
red,47,61,140,136,93,121,84,151,8,5
red,0,75,121,85,119,90,37,2,52,93
blue,78,75,155,116,53,74,92,151,69,93
red,0,75,122,51,93,22,65,121,29,70
red,36,75,122,52,93,110,142,56,49,160
blue,151,23,143,8,128,114,75,132,51,5
blue,67,75,122,8,128,146,142,68,129,14
red,37,75,150,106,74,131,13,44,51,6
blue,83,61,3,116,120,107,75,56,17,14
red,36,75,132,24,82,0,61,140,17,160
blue,31,75,150,51,5,59,40,121,52,74
red,2,75,33,106,74,6,40,144,85,66
red,101,84,151,116,93,2,75,1,50,70
red,39,75,72,136,128,110,117,151,17,79
blue,102,75,121,69,100,2,54,145,51,91
blue,102,75,123,52,128,0,65,19,69,66
blue,22,75,121,116,53,18,27,143,52,71
red,123,75,37,50,99,152,142,11,76,139
blue,35,38,121,106,5,47,75,56,116,53
red,59,75,6,137,79,36,38,110,116,53
red,74,84,159,24,114,88,75,3,116,153
red,78,75,151,17,9,74,142,26,137,5
red,0,154,89,9,83,152,75,94,52,33
red,115,67,159,106,4,134,75,151,137,82
red,2,65,58,106,82,18,75,55,133,12
blue,145,58,33,51,15,101,75,121,76,82
red,59,75,151,29,153,65,84,33,24,82
blue,43,97,7,49,153,0,75,89,106,82
blue,74,26,120,52,100,34,60,143,51,53
blue,0,142,121,17,82,47,58,143,49,158
red,36,141,143,49,15,107,98,114,106,128
red,143,38,42,50,66,127,65,121,76,16
red,0,61,132,129,93,88,111,33,116,4
red,74,65,143,76,46,35,142,1,29,153
blue,31,94,89,76,12,110,28,121,129,153
blue,84,60,34,51,93,42,107,121,156,14
red,60,92,2,24,53,22,124,151,8,123
red,74,84,75,85,9,44,65,3,129,93
red,74,38,75,116,100,127,61,64,51,70
red,31,37,148,51,82,74,40,105,50,14
blue,36,94,68,51,4,0,65,150,120,14
red,0,60,124,137,70,62,149,140,51,128
blue,0,142,89,50,128,18,141,124,17,70
red,62,65,121,17,71,42,54,110,29,53
blue,115,92,6,24,154,18,113,155,51,14
red,34,92,159,76,74,107,111,11,51,82
red,88,92,11,29,119,91,125,64,136,153
blue,36,84,151,8,16,2,92,64,51,66
red,0,124,140,69,70,34,37,150,8,128
blue,34,75,89,9,70,2,92,143,76,93
red,104,87,142,29,12,112,102,71,51,128
blue,131,58,132,51,74,112,102,2,29,153
red,90,75,132,106,5,0,65,64,51,128
red,101,38,140,17,70,74,65,6,51,93
blue,88,40,59,51,153,144,125,6,76,4
red,151,124,110,29,109,142,54,64,69,14
red,150,107,56,17,70,25,38,6,109,160
red,74,98,151,53,109,88,46,64,69,153
blue,48,54,155,17,109,134,107,90,49,15
blue,42,142,121,17,153,134,13,6,29,109
blue,31,75,109,106,82,134,111,121,116,74
blue,31,13,33,51,5,0,60,2,109,66
red,0,124,151,29,109,110,61,121,52,33
blue,39,65,132,76,82,34,84,43,109,12
blue,131,38,140,109,45,47,65,124,116,70
red,0,30,151,109,158,101,84,3,49,53
red,131,60,143,109,16,90,54,142,49,82
blue,134,27,3,50,70,34,26,155,109,108
blue,74,142,19,24,5,78,13,26,76,109
blue,0,67,121,109,108,144,38,150,76,154
red,95,38,11,109,153,101,65,144,76,41
red,0,130,33,76,12,34,142,143,17,128
red,90,142,101,9,15,107,84,151,51,14
red,19,65,6,17,14,74,67,125,50,70
blue,19,130,144,85,126,152,74,56,69,14
red,3,98,64,133,12,0,124,155,76,153
red,47,125,6,109,70,0,98,7,137,14
red,110,134,143,8,160,74,107,56,17,71
red,88,58,122,106,14,90,30,159,137,41
blue,42,40,124,106,82,90,67,151,76,70
blue,154,37,142,106,66,151,28,110,137,82
blue,22,23,19,51,74,90,40,32,17,128
red,92,141,121,106,4,34,38,1,29,153
blue,112,37,143,76,79,0,65,122,29,100
red,90,149,109,69,159,112,142,33,76,5
blue,90,65,121,106,14,0,27,142,51,5
blue,74,13,143,106,82,62,124,142,63,80
blue,43,84,85,29,91,0,134,155,76,4
blue,31,58,2,52,74,90,84,114,50,93
blue,74,46,121,116,41,110,75,64,17,153
red,74,65,3,8,79,42,13,159,50,128
red,90,40,151,29,71,74,98,2,51,70
blue,90,23,6,15,14,0,61,64,49,159
blue,74,27,121,136,93,144,40,104,51,128
red,22,142,114,51,82,0,58,26,69,14
blue,22,23,64,136,99,74,46,52,17,9
red,74,125,10,9,123,92,13,26,50,70
red,59,65,11,49,12,112,38,143,129,99
red,110,23,143,69,153,121,28,43,129,100
blue,0,155,64,49,53,48,38,6,17,79
red,19,40,121,51,33,0,61,104,129,74
blue,74,27,150,29,53,63,60,114,17,70
blue,81,75,69,102,44,145,28,142,85,109
blue,90,65,6,109,82,36,124,101,106,5
blue,114,40,159,17,14,0,61,56,109,53
blue,95,13,64,9,99,22,142,1,52,100
blue,0,46,2,85,82,43,134,154,51,128
blue,22,107,37,85,126,101,58,143,106,53
red,135,142,55,24,153,0,23,33,106,93
red,127,60,144,85,70,0,38,43,157,12
blue,0,91,144,129,53,70,154,121,106,74
blue,110,91,64,129,99,114,65,117,9,29
blue,134,84,101,137,14,78,142,140,76,66
blue,101,84,121,76,126,0,38,1,49,109
blue,62,27,143,51,128,0,38,1,49,47
red,34,38,143,106,74,0,27,3,51,14
blue,74,38,33,17,128,42,84,105,76,153
red,74,13,6,137,5,115,97,121,51,128
blue,22,23,10,129,14,104,38,1,51,93
red,0,38,1,76,14,22,26,2,52,128
blue,88,38,6,8,5,74,75,132,51,70
red,102,67,43,51,82,62,27,143,69,126
blue,35,84,125,76,105,115,38,114,24,5
red,34,27,144,129,82,18,61,155,51,9
blue,0,38,159,24,128,59,60,43,76,14
blue,151,111,2,76,153,37,60,150,51,14
blue,78,46,3,133,153,0,65,105,116,119
red,0,30,110,129,14,18,38,64,76,70
red,34,13,64,116,153,48,58,11,51,139
red,34,65,1,51,82,78,155,134,106,110
blue,114,38,101,29,41,104,61,150,51,96
red,34,54,33,8,153,74,38,89,51,66
blue,35,102,44,24,109,34,84,94,85,153
blue,47,38,122,51,119,74,60,140,76,71
red,101,65,132,51,6,0,60,89,116,92
red,18,134,2,116,66,0,87,155,51,82
red,110,65,2,136,4,134,27,154,116,70
red,18,23,150,51,82,134,65,121,76,96
blue,37,65,143,50,128,19,38,11,51,93
red,151,61,110,76,153,0,124,43,51,5
blue,36,84,101,51,82,104,61,1,17,93
blue,104,38,121,17,148,82,84,155,76,93
blue,151,75,104,69,80,47,97,143,17,148
red,34,77,143,51,154,0,65,122,17,93
red,110,65,122,51,128,36,67,140,76,74
blue,0,130,143,69,119,107,65,43,29,128
blue,31,28,43,29,148,154,37,150,50,53
red,92,65,1,24,53,31,75,19,71,9
red,90,37,151,76,9,110,40,89,85,74
blue,144,61,151,8,70,37,30,101,76,66
blue,31,87,43,116,70,101,67,11,50,79
red,101,67,43,76,126,149,84,94,29,41
red,112,38,6,106,99,113,65,132,136,15
blue,90,38,56,24,139,74,154,43,29,70
blue,0,61,64,137,5,43,98,143,17,139
blue,0,26,104,17,14,37,30,42,76,82
blue,34,61,89,136,160,107,134,121,51,148
red,78,124,94,136,82,110,60,68,106,74
blue,36,61,56,116,74,22,84,43,51,33
red,151,142,87,51,93,37,65,2,8,114
red,115,142,1,29,41,0,98,87,52,128
red,48,46,87,24,14,104,98,121,29,41
red,41,87,33,24,123,0,65,1,17,79
red,134,40,121,29,53,22,60,143,17,80
red,22,60,143,29,66,19,38,33,51,82
blue,48,134,142,17,124,36,154,150,29,53
red,42,65,104,49,41,47,38,140,17,159
blue,78,60,151,69,153,39,84,101,106,99
blue,74,84,151,116,53,2,38,125,17,71
blue,144,65,32,51,4,3,84,120,147,14
red,0,92,132,157,128,43,61,159,49,82
red,58,154,151,17,79,74,13,121,8,128
blue,131,26,48,50,128,43,77,55,29,79
blue,34,30,143,52,120,112,84,125,76,82
blue,131,23,88,29,53,59,46,3,69,82
blue,121,38,143,17,82,104,92,140,8,79
red,72,65,89,51,82,121,61,140,106,4
red,112,75,2,69,74,48,27,151,157,82
blue,0,75,70,76,93,151,65,2,51,82
blue,11,27,43,76,5,146,145,121,69,82
blue,43,27,110,116,121,36,134,159,29,82
red,88,65,68,136,70,90,54,43,76,66
blue,123,46,140,63,126,121,125,1,51,82
blue,130,23,150,116,153,74,107,140,8,4
red,95,104,11,17,79,72,149,23,69,128
red,121,142,55,49,66,127,38,151,29,70
blue,48,141,151,147,96,150,65,105,76,79
red,74,61,83,69,66,34,75,64,116,153
blue,101,65,144,106,66,104,88,89,9,6
blue,0,27,73,76,110,36,61,55,106,66
blue,48,94,56,50,128,88,75,140,51,79
blue,112,155,11,156,153,57,84,110,106,66
red,41,154,43,29,93,22,125,33,157,96
blue,92,40,140,17,71,41,65,105,106,99
red,35,46,33,106,99,34,61,151,129,74
blue,0,107,120,49,45,145,154,150,29,153
red,88,26,6,69,153,110,155,2,116,12
red,47,26,110,147,96,0,142,2,76,119
blue,110,61,143,17,128,101,26,155,106,99
blue,43,26,151,51,4,22,107,2,106,110
red,151,26,159,51,74,37,75,155,133,96
blue,151,26,10,133,74,107,13,121,24,9
blue,92,84,101,76,121,110,125,120,54,12
red,74,125,68,49,148,131,23,150,29,53
red,101,124,110,51,100,18,58,143,76,70
blue,39,141,34,29,91,75,124,121,51,128
red,72,142,121,156,53,47,130,159,109,108
blue,151,23,121,17,79,47,13,143,109,82
blue,101,130,1,51,158,18,40,159,109,12
blue,97,23,150,17,153,2,134,86,136,5
red,112,65,144,24,153,69,130,7,76,5
blue,83,149,151,109,118,31,61,7,129,93
blue,134,13,2,151,45,59,40,44,150,153
red,3,13,114,109,9,131,38,33,76,100
red,22,67,151,133,153,34,23,33,136,9
blue,35,98,6,83,80,103,38,121,29,153
red,34,61,120,51,154,140,65,33,129,119
red,22,107,43,133,96,137,94,124,29,153
red,92,61,124,76,153,112,102,159,9,82
red,101,141,22,76,4,0,54,115,29,153
blue,18,65,1,24,70,112,97,121,76,153
blue,78,134,155,133,153,18,65,104,51,74
blue,151,102,138,76,153,92,97,19,51,5
blue,103,26,24,106,5,74,23,136,69,153
red,43,130,155,51,153,34,40,89,24,5
blue,103,142,19,38,153,74,98,64,51,100
red,60,98,133,24,82,22,134,155,17,53
red,22,30,33,51,80,18,77,0,76,109
blue,0,130,151,109,53,72,40,121,133,108
red,107,58,64,109,108,101,92,140,29,139
blue,127,149,107,24,121,37,65,143,133,118
red,0,94,133,24,100,22,142,2,116,153
red,112,40,1,49,33,121,130,115,76,128
red,90,38,2,49,70,33,61,121,76,82
red,78,107,151,9,100,150,23,121,116,53
red,22,61,2,49,100,38,13,105,29,12
red,137,38,143,108,12,69,13,140,76,119
blue,107,13,140,17,53,74,38,121,76,118
red,2,125,48,24,109,88,61,143,17,53
red,18,91,144,76,110,0,130,26,17,70
blue,62,61,144,17,12,107,13,143,85,158
red,47,130,143,109,99,151,92,6,76,4
blue,22,87,125,49,119,0,88,1,136,45
blue,103,40,144,137,45,0,130,64,29,12
blue,0,142,2,138,153,102,107,121,24,128
red,72,40,114,51,5,31,67,3,156,153
red,47,142,114,29,153,31,102,143,51,82
red,47,125,114,51,5,103,13,136,133,128
red,35,65,132,17,71,103,26,125,24,53
blue,103,97,140,133,5,47,125,136,51,74
red,43,40,1,120,126,2,13,83,76,5
blue,135,58,33,76,93,72,13,64,9,4
red,18,124,107,85,5,90,13,11,129,126
red,110,28,151,17,53,43,38,11,49,66
red,102,13,56,106,120,39,61,65,147,100
blue,0,38,146,17,4,34,141,2,9,119
red,18,141,144,50,53,43,28,95,29,139
red,81,142,121,9,100,20,65,143,106,114
blue,151,126,159,116,5,107,13,56,109,110
red,90,98,73,76,66,43,134,62,133,153
blue,43,142,64,49,99,22,54,3,29,121
blue,43,67,132,76,5,31,13,21,52,100
red,107,98,150,17,71,39,58,35,49,100
blue,107,13,121,136,53,137,84,93,133,16
red,43,54,3,136,108,114,134,33,137,70
red,43,26,52,29,70,47,125,136,51,82
red,31,102,19,133,96,146,75,121,137,128
red,110,87,150,133,153,43,102,121,136,82
red,31,65,121,51,53,18,67,93,29,16
red,0,92,68,76,5,137,102,138,17,79
red,43,38,2,76,45,35,98,143,49,128
blue,31,77,1,116,70,47,124,140,76,128
red,107,102,1,29,153,131,111,140,76,70
red,22,40,124,17,53,62,65,68,29,12
blue,121,126,88,136,93,20,67,155,76,153
blue,43,54,158,29,93,36,38,148,85,153
blue,90,38,21,109,93,112,134,0,116,70
blue,112,124,110,85,5,20,13,155,157,96
blue,110,54,155,129,126,107,61,144,52,4
red,43,107,158,133,45,0,125,144,106,100
blue,74,61,143,24,100,101,38,124,76,82
red,104,38,1,69,153,34,54,155,51,5
red,127,38,144,116,100,43,102,120,49,45
blue,115,134,53,24,119,112,60,122,17,128
red,22,61,104,17,100,25,54,150,29,53
red,151,65,140,24,100,2,38,26,29,4
blue,0,13,143,49,79,43,23,150,51,82
red,11,38,33,76,109,151,65,37,29,82
blue,31,155,121,116,158,146,38,33,49,53
red,18,65,83,85,96,47,61,56,51,70
blue,62,74,11,116,16,90,38,138,76,96
blue,110,40,54,29,12,137,142,120,133,70
red,83,88,144,17,158,127,65,69,24,128
blue,142,75,83,76,70,114,98,56,116,119
blue,142,38,154,76,119,36,134,56,106,99
red,31,130,64,133,5,90,134,129,51,158
blue,0,38,121,9,45,74,75,148,76,5
red,83,75,121,106,158,43,65,37,29,9
blue,0,38,140,116,79,18,61,121,29,53
blue,0,125,68,52,5,115,84,129,17,158
red,0,46,120,17,53,48,74,21,49,66
blue,0,84,134,29,45,43,130,121,76,5
red,90,75,159,29,153,134,124,6,24,158
blue,18,65,19,9,114,78,130,3,8,45
red,59,13,159,49,100,20,58,44,17,82
blue,39,65,132,51,93,18,13,11,158,108
red,36,97,109,51,82,18,67,75,49,114
red,131,102,33,29,119,37,84,150,76,108
blue,127,75,33,76,100,90,97,150,109,108
red,31,142,158,157,109,0,13,33,116,70
red,18,125,144,50,158,142,102,121,133,119
blue,101,84,35,51,16,36,86,1,106,99
blue,47,87,140,9,128,114,13,151,17,71
red,74,46,143,51,82,151,54,103,29,158
red,146,46,64,29,16,103,77,121,76,128
red,151,44,143,29,5,90,107,26,133,108
blue,47,46,158,51,79,31,91,138,129,66
blue,47,154,19,76,53,59,88,3,29,100
blue,62,75,64,51,82,19,130,121,8,128
blue,43,134,127,69,80,144,87,3,133,70
blue,0,87,121,17,118,69,58,101,109,153
red,137,65,144,69,82,72,40,32,17,53
blue,107,102,143,29,53,18,38,33,17,96
red,22,142,64,137,16,0,84,61,51,82
blue,0,65,1,49,128,62,84,68,24,66
red,107,84,33,106,99,151,141,11,51,126
blue,36,65,33,133,74,110,30,0,106,99
blue,110,154,121,24,16,112,94,105,106,82
red,101,102,121,133,70,37,94,138,24,128
red,2,102,121,106,110,107,94,71,147,82
red,47,88,121,51,82,59,67,3,76,16
red,102,61,124,106,4,22,40,144,129,82
blue,47,40,68,106,133,90,38,143,8,14
red,18,61,2,49,4,31,46,144,76,126
blue,101,142,121,133,4,2,98,19,106,14
red,92,124,151,9,53,127,125,132,106,4
red,112,23,143,129,82,35,124,122,133,70
red,127,54,115,106,82,19,61,11,129,93
red,47,84,142,106,82,3,38,1,69,80
blue,19,13,25,76,16,115,38,104,106,4
red,62,13,32,76,96,151,65,25,51,4
red,31,26,114,51,93,18,54,159,17,70
red,0,30,33,49,4,110,60,1,9,158
red,103,125,159,17,93,45,13,64,49,53
red,0,38,68,8,99,43,40,71,9,70
blue,47,134,151,29,119,31,38,143,9,4
blue,74,38,121,9,100,42,46,124,129,66
blue,110,97,1,9,82,18,13,11,129,16
red,104,38,155,106,82,22,54,94,133,66
blue,145,54,129,69,9,88,61,1,49,53
red,101,65,11,29,53,22,54,121,76,4
red,36,61,83,52,74,112,54,129,85,5
blue,22,84,155,109,12,110,97,159,8,158
red,74,65,121,133,82,37,86,137,9,158
blue,34,61,121,17,119,112,145,69,49,118
red,22,65,6,17,119,31,142,121,109,82
blue,112,102,121,51,16,114,75,124,136,126
red,11,154,150,8,128,72,65,56,29,53
red,31,40,2,29,4,83,94,159,76,74
blue,131,44,129,9,109,134,23,150,51,5
red,107,27,151,133,128,83,38,122,136,45
red,77,134,1,116,66,150,38,138,76,110
red,31,60,155,71,114,137,26,53,24,96
red,31,13,124,49,100,18,113,29,120,93
red,151,13,121,29,12,0,54,26,76,5
blue,35,58,121,133,114,101,46,71,51,70
red,110,44,151,76,82,37,23,51,52,128
blue,31,13,138,17,4,0,142,121,76,128
red,92,98,2,51,14,37,141,48,157,12
blue,0,102,19,49,12,101,54,148,9,53
red,0,98,159,137,74,135,86,11,76,5
red,2,141,115,24,96,0,124,44,147,70
red,18,149,37,9,66,0,142,114,76,16
blue,0,102,68,9,53,37,46,104,29,148
blue,43,23,155,76,16,92,60,59,129,66
red,112,92,121,76,100,18,126,71,51,37
blue,59,97,43,76,93,110,91,144,9,5
blue,0,92,121,29,70,101,84,33,9,14
red,115,134,144,29,100,151,130,124,51,12
red,18,91,121,8,66,31,65,122,106,82
red,151,46,1,29,53,78,130,104,24,66
blue,151,54,150,116,99,18,134,144,76,128
blue,103,38,121,156,5,18,124,159,51,66
blue,110,104,2,76,53,146,155,114,51,70
red,107,13,154,147,82,114,142,1,133,45
blue,110,61,143,133,100,48,74,121,116,70
blue,47,130,11,24,45,134,154,155,147,160
blue,0,145,159,51,14,67,65,121,24,9
red,36,13,140,51,4,115,84,151,137,66
blue,34,98,121,51,53,104,61,143,129,5
blue,112,61,121,51,74,47,38,140,136,53
red,2,155,121,106,100,78,38,140,133,96
red,92,86,19,49,126,34,23,122,17,160
red,90,65,33,76,119,103,142,11,137,70
blue,0,134,19,76,71,22,65,26,24,53
blue,146,145,121,52,82,92,58,2,76,16
red,101,40,121,29,12,0,67,26,76,53
blue,83,134,139,156,153,19,46,26,76,96
red,127,125,104,76,114,48,54,3,106,112
red,11,13,1,76,45,67,61,89,51,100
red,101,27,159,69,80,37,91,56,76,79
blue,134,38,64,76,66,74,65,125,49,159
blue,144,154,143,106,121,62,102,124,120,5
red,151,54,18,29,96,11,40,43,116,158
blue,114,65,121,51,45,18,38,55,136,12
red,83,97,151,106,5,112,91,33,24,158
blue,104,130,143,51,82,47,54,33,76,128
blue,22,149,157,133,14,0,134,121,9,96
red,59,75,37,51,158,31,40,133,116,53
red,127,141,144,109,93,22,58,158,29,53
blue,101,84,124,106,114,102,130,57,52,5
red,31,102,121,24,5,112,38,124,137,100
blue,0,94,121,17,82,107,38,56,106,99
red,47,61,56,51,82,59,75,142,116,160
blue,18,65,19,150,4,114,77,121,9,133
red,72,65,64,51,114,101,60,56,133,121
red,31,97,124,133,70,2,46,150,85,109
red,31,40,124,50,45,36,37,129,133,100
red,22,28,56,29,33,92,65,2,51,114
blue,74,125,120,137,82,30,130,56,29,66
blue,37,134,43,120,93,78,65,56,77,108
blue,74,38,94,51,5,0,142,56,54,45
blue,102,142,6,76,93,158,13,56,129,82
blue,74,26,155,133,45,31,102,121,85,126
red,90,65,121,17,12,151,38,154,9,100
blue,36,61,122,69,70,62,40,38,109,153
red,43,61,32,157,66,62,38,19,49,153
blue,62,40,121,133,70,48,61,33,150,108
blue,47,67,115,147,119,62,13,143,17,71
red,62,75,132,49,53,114,155,121,17,12
blue,47,60,121,49,96,62,38,151,122,82
blue,34,134,151,157,118,36,26,129,17,128
blue,48,28,101,24,153,36,65,121,76,82
blue,146,54,62,50,100,90,91,104,133,96
blue,146,91,2,9,100,131,58,143,29,130
blue,88,87,1,129,16,112,84,6,137,100
red,35,60,119,24,82,110,91,7,8,128
blue,137,134,150,85,70,53,102,41,116,80
blue,151,88,132,17,100,59,40,61,133,70
red,43,75,140,133,16,3,67,115,51,82
red,0,26,125,17,71,18,67,142,3,158
red,88,58,94,54,5,45,91,3,120,118
blue,39,38,56,116,82,2,65,143,69,80
red,101,75,32,17,12,62,155,143,69,16
red,83,75,124,133,45,151,65,122,29,118
red,47,26,94,106,99,19,155,0,17,83
red,110,27,33,106,120,11,40,0,137,138
red,59,26,129,29,158,114,98,32,24,45
red,18,124,121,76,82,35,88,2,106,66
blue,0,92,26,9,110,134,124,151,17,83
blue,31,13,158,51,82,134,26,151,116,45
red,101,44,56,29,15,134,40,140,24,5
blue,151,75,121,51,82,131,38,1,76,70
red,62,44,143,51,4,0,40,140,137,110
blue,31,124,11,17,93,134,65,140,49,66
blue,36,38,64,76,82,74,84,129,17,79
blue,131,142,148,29,96,74,134,124,106,99
red,36,65,115,52,100,2,38,34,76,12
red,101,26,155,24,5,35,92,2,76,109
red,22,26,151,109,53,31,111,55,133,9
blue,0,13,11,133,5,101,84,2,17,71
red,78,130,143,51,5,92,40,158,49,4
blue,151,91,155,157,83,114,61,122,29,53
red,35,142,140,76,74,25,130,105,54,5
blue,77,107,133,9,71,69,84,0,49,41
red,31,124,56,50,123,90,86,121,17,74
red,134,46,56,29,53,146,124,129,9,70
red,110,87,7,29,4,59,134,129,51,53
blue,101,87,1,76,82,110,38,120,51,93
red,22,27,142,29,96,0,23,3,116,153
red,31,61,121,51,82,0,92,143,76,100
red,74,13,143,69,82,39,38,7,29,53
blue,114,141,56,85,4,107,40,143,76,100
red,22,86,64,156,70,34,98,114,51,82
blue,101,84,140,76,100,36,40,64,24,12
blue,83,13,121,49,45,36,84,124,116,12
red,144,46,151,76,66,110,44,64,51,4
blue,0,40,159,17,5,2,65,121,76,123
red,47,154,129,51,82,43,97,55,29,148
blue,36,13,124,29,5,67,61,142,133,12
red,74,58,144,133,96,103,87,89,29,92
red,101,61,159,29,53,112,149,33,76,74
red,31,142,55,51,74,0,38,121,150,126
red,47,142,51,49,153,18,65,136,17,9
blue,146,38,19,17,9,36,27,0,24,121
red,103,38,11,147,9,102,28,150,106,74
blue,0,124,43,17,9,48,86,59,76,82
red,144,46,121,106,5,127,26,155,9,4
blue,90,107,64,17,9,47,67,121,108,82
blue,146,130,144,17,9,31,124,151,133,119
red,114,65,56,85,82,0,27,38,51,128
red,107,13,56,76,14,103,38,55,51,9
blue,31,65,2,122,108,137,107,37,29,53
blue,103,23,129,29,153,31,149,157,51,100
red,18,107,19,9,45,101,38,121,49,53
blue,117,142,1,116,70,151,26,89,76,82
blue,37,142,131,29,12,47,98,121,76,93
red,31,141,151,157,158,3,38,104,116,109
red,22,23,150,51,153,34,38,33,76,114
red,0,145,121,9,109,34,141,138,106,5
red,18,130,121,120,126,146,40,105,116,5
blue,107,46,105,51,4,121,23,151,63,79
red,115,98,159,76,12,59,60,151,49,108
blue,43,97,159,9,70,115,54,56,76,82
blue,115,125,11,133,12,114,54,0,116,70
red,77,125,121,9,16,47,26,0,76,5
red,110,104,151,17,100,0,54,91,29,153
blue,103,155,2,71,49,74,60,121,17,82
red,31,65,59,133,93,135,38,154,158,12
red,77,54,159,76,82,48,38,11,49,66
blue,18,154,150,29,53,74,13,11,76,5
blue,0,134,140,69,93,115,40,144,133,4
blue,0,13,159,29,93,103,38,33,17,71
blue,0,38,121,109,119,151,102,140,85,126
red,0,74,2,49,80,18,92,26,76,70
red,38,134,151,54,5,0,61,93,109,108
blue,18,27,155,51,148,0,154,93,76,96
red,18,75,125,49,4,47,134,64,85,119
blue,34,154,2,147,96,31,38,114,106,4
red,101,84,3,24,53,18,65,143,109,108
red,3,13,122,17,83,36,154,151,123,108
blue,134,54,69,49,99,48,98,1,136,82
blue,0,38,122,116,53,114,86,2,8,128
blue,35,107,121,76,5,134,61,155,109,53
red,105,134,129,9,70,127,74,94,29,119
red,134,117,3,41,158,90,149,37,8,153
blue,115,65,2,76,158,31,27,3,51,93
blue,18,102,7,52,119,134,40,89,17,108
blue,0,74,11,76,119,31,142,143,49,160
blue,134,46,154,76,93,0,65,68,136,70
blue,0,67,93,118,5,134,23,56,133,109
red,0,124,33,106,82,74,141,1,116,128
blue,115,149,121,133,70,74,142,129,120,12
blue,59,130,150,51,82,154,134,94,9,16
blue,151,44,129,71,93,112,65,121,133,74
red,62,58,138,69,96,47,134,121,76,158
blue,0,60,1,76,109,101,65,59,9,12
red,131,98,143,85,119,11,65,2,133,5
red,112,38,25,49,83,34,30,122,50,128
blue,114,40,64,109,82,74,54,151,129,16
red,114,54,151,147,82,0,23,150,51,5
blue,43,44,151,150,82,101,92,2,76,66
blue,101,84,151,25,119,0,44,158,150,128
blue,152,94,144,109,108,42,40,150,106,126
blue,112,61,120,133,100,144,23,150,76,109
red,101,67,11,133,93,144,40,151,76,5
red,57,102,144,76,82,31,141,124,71,108
red,150,13,133,109,4,67,91,73,29,119
red,92,23,151,17,96,19,142,159,29,53
red,158,60,150,76,82,90,38,148,17,79
red,62,126,125,150,109,0,86,121,76,100
blue,72,40,143,17,41,37,98,71,133,82
red,101,30,151,69,53,35,154,43,50,119
blue,101,77,121,136,158,137,46,120,24,53
blue,62,111,155,136,74,101,134,122,17,45
blue,105,61,94,129,93,137,134,64,76,45
blue,22,46,121,133,70,102,142,138,9,12
red,0,154,143,29,53,90,86,11,52,100
red,74,13,1,29,80,25,65,56,137,41
red,127,38,68,116,16,22,84,129,49,128
blue,78,134,125,116,80,18,58,0,17,160
blue,137,54,0,129,82,101,27,121,9,119
blue,2,142,140,49,53,22,5,125,116,12
red,121,22,89,50,100,36,104,150,129,82
blue,22,38,121,29,158,127,154,3,49,118
blue,104,125,124,106,93,22,141,59,29,74
red,0,86,124,49,160,22,125,143,51,74
blue,22,125,121,133,12,137,38,71,50,128
blue,62,134,137,157,5,22,94,121,136,53
blue,22,86,132,29,45,59,60,144,51,128
red,103,65,68,50,96,22,38,64,133,70
red,0,13,68,147,96,22,46,59,51,128
red,22,142,150,51,82,2,38,59,109,66
blue,78,97,0,106,79,43,40,26,51,9
blue,78,102,22,17,79,20,125,142,24,5
red,114,155,26,106,82,22,92,120,129,5
blue,22,44,1,76,82,137,102,23,24,4
red,88,86,2,24,82,22,23,150,76,4
red,90,60,150,24,4,22,125,11,9,70
red,22,26,133,9,121,135,28,35,17,82
red,88,60,64,129,121,22,28,140,29,66
blue,41,84,0,17,70,123,26,94,129,93
blue,31,28,0,76,45,3,46,105,51,66
blue,127,134,3,51,82,22,60,124,106,4
blue,22,75,55,17,53,146,60,124,147,64
blue,22,102,143,29,153,110,98,23,133,96
blue,43,46,121,109,148,0,40,64,52,4
red,102,13,56,133,5,47,40,64,24,4
red,102,54,155,9,71,74,58,124,136,93
red,114,40,144,133,158,0,130,2,17,12
blue,72,13,121,136,128,0,58,32,24,82
red,151,142,114,49,12,135,67,155,17,79
blue,114,40,26,51,5,18,61,1,129,153
blue,101,54,64,156,70,90,46,19,133,153
red,78,75,61,52,5,74,38,121,29,153
blue,107,38,124,133,70,127,75,19,106,99
red,110,124,3,136,70,151,88,104,51,100
blue,62,154,151,133,96,146,75,64,17,45
blue,103,13,104,76,158,18,78,107,29,12
blue,18,86,120,133,16,47,97,143,129,93
blue,115,134,121,133,45,144,40,155,52,100
red,102,87,151,49,53,72,134,2,116,100
red,18,154,53,133,16,0,60,19,49,5
red,43,87,129,17,53,18,23,151,76,100
blue,88,113,64,133,45,101,87,1,76,114
blue,2,86,131,76,74,42,102,143,63,100
red,37,44,155,9,53,34,65,158,136,66
blue,11,130,159,49,82,74,102,44,24,128
red,134,60,124,17,82,131,38,56,24,16
blue,0,13,55,51,70,31,154,124,24,119
blue,134,155,64,17,16,0,130,11,51,82
red,112,88,158,51,16,83,40,143,76,82
blue,59,61,138,17,128,19,38,143,76,99
blue,143,91,155,120,128,138,149,101,76,53
red,59,23,142,8,128,47,44,121,29,108
red,92,38,121,8,128,47,30,11,17,82
blue,59,65,150,129,96,22,92,121,52,4
blue,22,142,19,9,70,112,65,2,76,128
blue,135,94,121,156,82,3,97,33,9,53
red,83,40,105,109,108,137,58,120,116,53
red,113,38,144,29,119,137,61,121,133,100
blue,59,134,69,137,82,43,13,33,150,100
red,22,134,43,76,108,114,125,71,17,4
red,19,155,120,118,126,112,102,154,24,70
blue,35,61,138,19,82,18,65,132,156,70
red,3,54,124,133,53,158,38,103,116,12
red,18,154,19,51,5,101,38,23,129,82
red,31,91,143,24,82,36,58,81,17,71
red,42,134,124,76,119,0,126,121,29,153
red,90,75,19,133,70,127,40,121,147,153
red,57,38,121,76,100,92,40,56,9,153
blue,134,38,33,116,158,36,75,56,136,100
red,22,97,151,50,128,0,65,33,136,123
red,0,38,121,76,5,112,65,140,129,45
red,39,38,143,85,114,47,65,121,17,158
red,31,40,138,29,109,77,30,132,49,70
red,31,124,115,76,126,127,61,151,51,93
red,137,58,71,29,108,31,78,144,106,99
red,107,40,159,51,158,39,102,155,49,82
red,62,38,1,50,66,127,27,115,76,53
blue,84,65,2,51,82,39,102,132,8,128
red,84,142,1,76,79,31,141,121,51,74
blue,31,60,32,52,66,83,38,120,137,16
red,114,58,55,51,93,146,60,121,29,53
blue,31,38,158,133,96,0,149,30,156,118
red,31,40,121,76,118,3,125,158,109,96
blue,92,125,121,51,45,131,87,11,106,99
blue,112,23,150,129,109,88,60,121,137,70
blue,41,60,19,137,82,39,125,105,17,71
blue,131,40,11,17,45,62,65,121,137,108
red,62,125,96,76,5,0,130,97,49,12
blue,31,97,0,106,83,22,58,59,120,126
red,3,141,158,76,99,43,58,132,52,37
red,18,124,101,51,96,134,98,150,85,4
red,127,54,151,17,79,31,46,121,49,128
blue,106,117,115,17,70,31,98,19,69,4
blue,130,61,4,29,82,92,40,154,69,16
red,18,94,71,8,108,36,74,19,129,80
blue,101,58,44,76,96,74,124,43,133,71
blue,0,141,68,147,100,103,98,11,51,82
red,101,142,143,24,82,22,107,41,29,4
red,92,91,124,129,74,107,13,41,76,153
blue,22,30,55,85,5,47,28,71,76,119
blue,22,38,159,76,119,151,141,143,106,158
red,107,13,19,17,93,129,60,121,9,114
blue,101,98,64,29,16,22,84,33,24,82
red,127,58,143,51,108,90,23,150,76,92
blue,31,28,91,109,79,22,87,41,17,53
red,0,142,115,51,5,18,38,33,116,109
blue,0,60,32,76,70,101,149,6,17,119
blue,0,86,59,17,70,131,134,121,29,158
red,145,98,1,17,128,101,124,150,109,12
red,131,28,56,51,82,88,38,20,29,120
blue,88,38,157,24,45,61,46,32,9,158
blue,131,124,151,8,82,31,104,115,29,96
red,107,13,121,104,108,0,65,143,76,82
blue,0,65,121,106,82,90,60,6,8,100
red,19,87,43,9,70,114,38,150,29,153
blue,18,13,64,29,53,151,97,159,133,100
blue,59,130,151,24,53,31,38,120,133,121
red,43,40,68,116,153,48,54,34,106,96
blue,47,23,34,17,66,103,54,35,49,82
red,47,26,151,29,153,154,146,122,17,5
blue,47,54,32,51,82,0,13,124,116,53
red,74,65,150,133,119,112,38,68,129,70
blue,35,27,151,108,158,92,38,121,76,5
red,43,30,93,51,82,0,155,32,109,5
blue,47,61,1,129,16,43,91,56,109,66
blue,62,61,43,157,118,18,130,3,17,4
blue,0,84,56,69,118,114,30,11,49,83
red,34,104,107,69,66,146,61,26,76,16
red,144,60,105,17,53,2,149,3,76,153
red,31,13,143,49,153,131,67,43,51,53
red,103,86,121,49,153,115,58,158,133,100
blue,47,54,3,106,96,0,61,32,24,119
blue,0,125,19,8,45,151,65,158,24,112
blue,107,26,93,17,158,127,61,151,69,5
blue,137,86,1,24,4,134,130,159,50,100
blue,90,65,143,29,128,83,92,122,106,100
red,90,67,3,106,82,114,54,129,116,96
red,90,142,64,29,53,0,67,83,51,74
blue,41,124,150,85,5,90,38,59,17,45
blue,31,98,121,29,119,92,40,136,150,128
red,103,134,75,29,4,101,107,41,106,99
red,90,142,33,85,119,47,54,159,51,70
blue,0,111,125,51,5,31,61,124,150,12
blue,0,155,124,56,108,101,26,151,109,99
red,74,61,53,133,70,112,38,56,51,100
blue,47,58,11,17,71,18,141,124,133,70
red,47,84,125,106,74,22,38,159,51,100
blue,0,98,1,76,96,83,65,33,147,82
blue,59,58,0,137,12,18,141,33,109,74
blue,121,142,11,129,4,112,13,56,133,70
blue,47,67,62,108,123,18,58,33,52,100
blue,31,30,155,106,74,92,38,1,51,5
blue,150,155,109,129,70,72,38,159,17,119
red,31,91,140,69,93,103,124,150,9,12
red,137,65,1,140,108,47,27,129,49,41
blue,31,145,157,76,53,0,61,56,133,153
blue,110,26,19,50,70,88,111,7,76,45
red,103,87,144,29,82,36,67,121,76,12
blue,47,26,3,106,82,101,107,143,156,45
blue,74,134,2,17,158,59,58,150,51,5
red,142,40,143,29,4,22,38,37,106,126
blue,37,38,23,29,82,2,61,1,49,4
blue,0,40,68,116,53,150,125,121,52,100
red,101,40,148,109,82,0,27,142,17,12
blue,72,67,0,51,9,101,58,33,49,4
red,0,61,19,63,70,48,98,151,54,4
red,34,23,151,17,82,137,27,55,49,70
red,22,142,104,147,4,18,23,150,17,82
blue,31,78,151,8,108,105,40,1,51,74
red,115,65,151,19,9,0,117,143,51,74
blue,78,60,34,133,100,131,28,151,147,4
red,31,141,33,138,12,146,30,150,41,45
blue,18,67,3,51,70,78,75,150,9,128
red,2,38,129,25,12,18,102,105,133,5
blue,151,65,121,9,100,72,86,143,116,12
blue,83,60,143,9,12,145,142,121,54,96
red,35,40,121,24,100,62,154,61,133,70
red,0,46,148,29,12,18,91,11,133,100
red,135,65,114,147,12,18,94,124,51,96
blue,135,154,55,76,12,18,121,47,120,93
red,47,44,2,52,100,31,142,159,29,96
blue,0,54,43,51,66,31,40,121,29,12
blue,142,84,1,24,82,137,40,121,9,76
blue,127,97,2,85,119,62,54,125,93,12
red,43,38,2,76,12,59,65,93,24,119
blue,43,54,155,9,16,112,97,65,106,82
red,25,38,121,8,128,2,46,115,49,82
red,0,28,150,76,82,18,38,122,69,53
red,135,65,121,116,41,137,111,32,51,82
red,47,107,68,106,4,18,58,104,29,96
blue,62,13,2,9,128,43,40,37,17,66
blue,39,125,143,76,79,31,92,55,150,4
red,42,130,64,8,128,107,87,43,51,4
red,47,30,56,24,82,18,98,144,136,128
blue,0,38,55,129,82,48,46,143,9,66
blue,141,65,127,17,128,2,40,150,29,53
blue,62,131,34,122,16,36,60,121,9,82
red,31,74,3,29,82,44,23,43,116,53
blue,92,75,121,106,16,90,65,143,133,66
blue,150,142,71,106,4,47,65,159,76,5
red,150,130,19,109,96,31,46,121,129,74
red,34,28,155,51,74,102,30,151,133,82
red,18,124,101,17,100,144,87,151,8,128
blue,47,124,101,17,53,36,38,121,136,82
red,110,130,154,51,100,92,61,11,156,82
red,0,54,155,69,153,34,130,64,29,53
red,88,30,19,17,128,74,126,151,24,93
blue,0,40,2,29,119,101,97,33,24,93
red,107,38,68,29,153,0,61,121,109,53
red,90,13,2,29,5,110,28,6,133,100
blue,37,154,155,129,45,104,26,94,51,128
red,101,97,133,52,100,22,65,23,147,45
red,130,38,140,51,93,90,86,43,137,119
blue,92,38,78,24,53,102,87,121,9,158
red,103,87,0,120,5,114,44,94,29,153
blue,43,94,2,51,82,47,87,158,76,74
blue,47,58,140,9,66,62,87,11,76,99
red,18,87,115,76,16,31,23,38,49,108
blue,62,87,23,85,126,18,38,125,137,108
red,107,141,159,85,119,102,87,1,133,70
red,47,54,69,133,70,151,87,155,106,5
red,36,87,124,116,108,107,149,11,29,5
blue,18,23,11,17,100,35,87,6,29,53
blue,110,87,2,69,80,39,75,114,51,53
red,18,87,144,85,100,62,46,121,69,80
blue,53,60,11,29,148,127,87,122,116,160
blue,137,40,157,51,82,114,87,43,133,15
blue,137,134,156,109,53,90,87,143,129,93
blue,31,142,144,106,100,151,124,78,50,70
blue,36,38,2,17,12,35,87,144,76,71
red,59,38,1,52,82,151,111,103,109,118
red,121,61,6,8,118,72,141,120,17,71
red,31,61,71,29,14,36,84,101,51,123
red,137,13,56,109,70,77,40,143,8,158
red,11,141,33,9,4,31,88,151,49,119
red,74,13,1,85,126,34,65,56,76,5
blue,151,142,23,116,153,0,54,124,85,93
blue,92,13,93,54,148,123,38,1,24,80
blue,18,67,121,50,79,31,61,1,29,53
blue,42,54,114,106,5,92,58,133,17,160
blue,42,13,121,85,12,74,142,3,133,70
blue,34,107,64,17,71,22,65,2,49,53
red,47,134,124,49,160,18,102,115,129,148
blue,127,28,90,116,153,144,134,91,49,74
red,137,65,33,49,14,62,40,159,76,80
blue,57,142,151,49,128,115,40,140,106,114
blue,114,134,151,9,5,37,130,155,49,118
red,137,88,2,133,70,0,28,150,49,108
red,74,98,93,24,12,92,40,1,49,96
red,92,65,121,49,126,0,40,138,9,93
blue,72,65,159,76,100,0,38,144,17,158
red,101,61,11,51,45,92,38,59,76,12
red,101,134,19,106,158,0,38,121,137,12
red,47,124,59,137,53,110,54,151,9,160
red,112,141,19,52,126,18,67,155,76,4
blue,18,142,19,49,12,38,26,2,76,4
blue,103,107,55,129,53,18,30,114,17,128
red,101,23,88,0,53,2,38,19,150,14
red,78,38,34,49,100,92,40,121,24,70
blue,2,142,3,29,4,101,65,105,76,16
blue,0,84,6,24,5,18,38,55,109,66
blue,0,40,121,156,158,18,126,10,76,109
red,18,141,41,116,12,35,27,144,9,158
blue,47,130,89,29,53,18,117,159,76,158
red,67,13,159,51,4,0,44,131,49,12
red,142,26,159,29,16,62,38,68,24,119
blue,101,30,43,76,71,0,38,159,51,12
red,47,46,104,29,53,0,23,150,17,9
blue,121,61,159,150,108,103,40,32,17,100
red,107,88,159,133,70,131,40,148,9,119
red,137,44,19,69,53,146,125,121,17,126
red,90,142,64,17,109,134,65,159,29,118
red,74,65,159,54,126,47,30,151,51,82
red,74,134,143,106,100,137,58,2,109,53
blue,90,38,157,17,53,101,94,55,9,128
blue,31,91,133,51,45,2,124,155,147,66
blue,101,30,134,17,71,0,98,122,76,12
blue,72,67,121,69,93,83,94,109,76,119
blue,43,154,33,49,158,22,102,2,9,12
red,59,13,133,49,53,88,38,68,51,93
red,74,23,155,116,12,83,134,64,29,108
blue,24,38,159,51,66,112,65,114,76,93
red,81,86,144,17,71,121,65,143,51,53
red,31,65,19,76,66,101,125,121,29,16
red,103,61,10,123,108,101,67,71,150,119
blue,83,40,140,148,108,146,38,71,136,74
blue,0,86,148,76,74,31,134,150,51,14
red,37,67,38,51,70,11,102,144,76,12
blue,18,142,64,24,80,150,65,122,51,5
blue,59,124,43,106,141,47,102,1,51,16
red,101,40,132,133,122,67,102,121,17,79
blue,78,65,2,85,45,83,92,143,76,153
blue,18,54,24,156,70,127,65,151,76,5
blue,37,145,6,17,12,0,58,24,120,4
blue,2,58,148,51,158,18,38,143,76,93
blue,18,46,23,24,4,101,44,143,9,70
blue,2,111,131,51,82,0,125,124,120,126
blue,18,94,121,49,9,31,26,115,109,100
blue,83,58,121,52,96,36,38,33,49,100
blue,31,38,64,49,100,0,65,25,157,96
blue,112,134,94,8,153,103,38,23,49,121
red,0,134,159,17,128,114,46,150,51,5
red,131,65,159,76,128,2,38,3,51,70
red,107,75,105,106,74,121,94,11,17,118
blue,51,58,114,76,66,0,155,159,109,70
red,101,134,143,106,139,90,38,32,129,70
red,7,38,121,9,74,151,84,154,24,93
red,31,13,1,85,128,36,141,159,106,110
red,36,38,2,85,5,0,97,157,51,93
blue,105,38,53,85,108,22,60,143,133,119
blue,0,28,94,150,93,101,27,1,147,70
red,114,40,159,129,100,78,65,69,51,4
blue,137,74,33,133,96,143,142,140,150,121
red,18,54,143,136,16,137,26,150,76,82
red,121,38,107,51,114,42,65,132,29,70
red,47,38,33,133,70,25,54,81,24,14
red,110,61,33,9,53,47,60,154,24,70
red,78,98,91,76,53,72,38,121,49,119
red,127,65,143,24,100,72,102,6,49,5
blue,131,40,64,76,37,134,28,3,139,82
red,131,142,124,147,96,0,141,71,120,108
blue,103,67,125,156,12,92,65,143,109,108
red,22,142,33,24,158,127,154,94,76,4
blue,31,60,159,49,108,101,13,2,29,53
red,115,130,120,109,53,90,134,121,129,126
red,22,67,155,17,118,0,125,38,109,71
red,110,38,159,51,128,3,13,154,106,99
red,2,134,150,24,45,43,88,159,50,153
red,59,94,25,76,4,22,26,151,147,74
red,59,61,121,147,53,36,60,33,51,82
blue,2,23,25,129,93,59,13,101,24,45
blue,101,97,151,8,41,142,88,143,24,100
blue,59,38,65,133,9,72,142,132,51,100
red,74,38,42,51,41,59,46,104,9,110
red,0,74,121,133,100,101,142,138,29,119
red,0,30,24,51,128,101,84,26,29,45
blue,0,141,148,52,121,101,142,11,129,99
blue,41,65,159,51,96,101,154,124,133,119
blue,158,46,122,24,119,101,26,93,29,53
blue,103,44,121,51,79,101,67,155,76,96
red,43,126,11,29,82,78,114,94,116,5
blue,115,98,137,109,158,144,154,151,116,12
blue,0,111,11,51,4,131,125,124,150,82
blue,34,23,154,150,4,0,54,129,29,82
red,38,23,107,69,93,131,84,155,29,82
red,78,125,151,76,160,0,26,115,50,119
blue,0,13,121,51,96,18,84,115,133,70
red,137,142,121,49,74,69,60,55,24,93
blue,74,65,121,49,5,43,38,19,29,93
blue,0,30,121,29,5,135,23,150,24,53
red,18,65,35,76,5,90,113,29,8,100
blue,88,149,143,51,128,20,13,115,120,100
blue,144,111,115,76,12,134,58,89,133,153
red,22,38,115,17,71,0,142,110,51,148
red,48,13,2,156,153,114,154,105,24,12
red,34,87,115,116,119,151,13,33,17,82
blue,3,23,0,147,70,48,67,115,85,126
blue,83,141,56,49,53,31,125,114,17,79
blue,19,102,68,29,82,0,38,32,9,74
red,0,102,55,24,82,131,38,121,9,4
blue,59,130,115,51,109,107,102,143,9,16
blue,150,38,56,29,93,123,107,124,76,5
blue,146,84,115,9,70,101,67,43,116,153
red,146,127,115,133,100,144,102,11,51,5
red,101,87,115,49,4,0,23,26,76,96
red,146,130,121,106,126,150,141,115,147,82
red,18,84,115,76,45,22,125,23,54,93
red,37,142,2,9,128,90,134,136,29,153
red,18,87,121,69,126,31,30,115,51,109
red,131,84,115,17,71,107,75,104,76,83
blue,0,38,115,9,66,31,28,64,29,45
red,115,28,155,8,119,0,54,146,109,93
blue,48,149,143,133,128,145,65,121,29,9
red,0,27,26,29,99,101,98,121,116,153
red,0,134,3,76,158,101,126,71,49,5
blue,18,134,32,49,53,107,67,110,17,12
red,88,98,154,24,53,43,134,2,69,82
red,137,54,55,109,96,3,134,159,85,119
red,102,13,1,51,74,103,27,143,17,4
red,103,102,61,51,12,43,130,121,133,14
red,103,84,42,106,100,59,60,2,29,96
blue,112,77,42,69,53,103,65,121,120,5
blue,31,46,59,150,121,22,60,25,120,45
blue,77,65,6,76,99,34,60,56,24,128
red,92,38,33,9,41,22,84,151,51,82
blue,36,38,64,17,100,151,107,110,9,82
blue,101,38,121,29,16,142,40,19,51,74
red,0,91,122,29,53,48,65,121,51,82
blue,37,130,129,51,5,59,58,154,17,12
red,22,125,114,76,82,18,111,64,147,100
red,0,75,78,109,82,31,134,1,76,5
blue,0,84,2,76,82,107,13,155,9,158
red,92,113,132,49,71,31,38,121,17,79
blue,107,77,55,17,93,0,38,121,116,96
red,43,65,74,116,83,0,75,158,76,100
blue,107,30,0,76,5,31,13,114,109,53
red,18,145,33,133,70,92,23,150,76,82
blue,92,124,69,29,74,31,13,107,116,5
red,43,38,32,76,53,0,102,41,51,109
blue,18,54,11,129,33,0,65,56,150,100
blue,107,38,11,29,153,59,46,19,133,70
blue,36,94,53,133,37,144,155,11,106,99
red,154,61,1,51,99,103,38,148,106,4
red,0,141,155,76,93,31,27,33,51,108
blue,36,133,143,8,128,101,84,151,9,100
red,22,38,144,49,108,18,67,110,157,158
blue,137,65,33,24,100,92,102,121,133,12
red,18,134,159,150,153,90,61,11,76,82
blue,45,38,124,76,16,101,30,1,50,82
red,112,141,121,147,96,146,87,150,9,108
blue,36,65,121,129,5,31,54,151,109,6
red,0,111,19,29,93,78,58,121,51,53
blue,0,40,150,49,118,38,124,151,17,71
blue,103,65,121,8,96,48,113,37,147,12
blue,114,40,121,24,93,142,113,151,51,70
red,74,60,133,9,16,34,65,121,49,66
red,74,134,64,9,93,36,54,94,52,100
blue,22,125,159,137,12,114,134,151,133,158
blue,47,124,93,76,9,31,65,121,52,100
red,72,38,140,24,5,95,30,159,76,82
red,48,125,32,106,4,59,40,55,49,12
blue,36,134,159,69,80,92,23,158,76,99
red,57,102,159,51,107,31,27,43,85,70
blue,101,44,64,52,108,103,142,37,147,153
red,0,141,1,106,4,101,40,159,17,153
red,0,67,151,109,118,92,154,71,51,4
blue,74,54,151,29,53,18,13,114,8,126
red,74,38,64,156,153,37,60,124,133,70
blue,18,61,64,76,96,0,58,140,147,45
red,43,13,33,147,53,31,28,151,17,100
red,61,154,2,17,45,18,27,43,106,5
red,90,75,143,51,66,0,54,132,29,93
red,31,40,121,76,153,92,60,11,29,96
blue,90,38,121,49,5,0,23,43,133,12
blue,36,102,2,156,153,31,107,121,51,82
blue,151,154,124,29,80,36,40,89,76,82
blue,47,67,155,9,76,90,38,136,69,80
red,43,61,19,9,5,3,67,56,133,53
red,34,154,144,69,53,31,54,155,106,74
blue,34,54,13,17,100,18,61,144,8,119
blue,42,38,19,69,80,78,40,144,106,74
red,144,98,94,116,37,31,46,6,106,4
red,144,38,159,51,108,0,145,64,29,119
blue,19,102,68,17,119,114,142,124,133,96
red,18,38,121,157,5,114,13,59,76,119
red,114,77,132,51,120,88,44,124,76,96
red,22,125,64,133,70,114,65,121,51,74
red,47,130,56,157,9,81,38,68,133,4
red,0,27,125,106,126,114,141,150,8,100
blue,67,92,122,51,70,114,65,155,106,79
blue,114,75,1,52,100,22,125,104,116,4
blue,114,130,124,51,5,92,13,33,133,100
red,114,65,121,9,126,59,102,150,17,118
red,102,141,120,9,123,114,84,94,150,128
blue,151,13,56,85,80,81,60,121,9,128
red,114,46,122,52,100,34,61,2,129,45
blue,114,54,3,29,108,74,155,121,9,126
red,59,142,1,116,45,114,46,3,109,118
red,114,38,158,9,16,107,61,26,76,82
red,114,38,121,133,158,81,67,93,116,45
red,36,90,1,129,4,151,46,114,76,9
blue,114,125,143,156,70,18,54,64,116,14
red,112,149,114,29,53,22,154,151,76,119
blue,41,46,56,156,148,114,61,91,29,160
blue,114,65,56,9,160,144,38,110,116,4
blue,112,86,68,150,82,114,61,91,137,16
blue,18,65,104,49,148,119,13,121,76,70
blue,131,60,136,29,93,18,37,34,150,4
blue,103,98,104,49,120,112,87,124,52,100
red,59,61,104,51,82,112,65,159,106,16
blue,101,104,121,69,82,22,125,33,150,4
red,31,61,104,29,66,114,124,150,17,71
red,0,27,114,133,53,34,141,121,8,14
red,59,46,69,8,74,25,58,159,106,99
red,47,46,104,76,5,18,84,7,24,82
blue,59,149,158,49,45,2,46,0,116,100
red,134,75,155,24,120,0,65,19,133,82
red,90,84,101,76,109,115,54,110,49,120
red,0,102,23,24,99,101,84,33,76,128
red,47,27,155,24,6,0,13,11,49,100
red,92,60,56,129,12,74,65,144,9,5
red,20,125,144,133,74,47,58,159,9,14
blue,134,60,154,133,37,151,23,2,49,4
blue,38,134,26,109,4,146,142,6,24,100
red,7,38,33,129,45,0,54,137,17,14
red,62,40,32,24,158,0,27,3,29,74
red,83,60,33,17,9,137,61,121,24,14
blue,0,149,114,51,100,134,61,121,133,70
blue,31,141,33,150,82,78,102,114,17,12
red,146,65,104,24,79,88,92,94,54,128
red,101,102,140,24,4,90,67,121,106,100
blue,90,67,151,49,82,131,40,104,17,66
red,101,54,48,17,5,151,58,136,49,148
blue,22,13,53,24,16,146,65,32,76,82
red,90,97,13,51,4,22,65,120,157,93
red,101,65,56,8,16,0,40,26,29,14
blue,131,65,1,49,14,37,54,151,24,5
blue,0,38,121,24,82,146,75,19,85,119
blue,151,26,121,136,14,88,27,3,157,96
red,151,30,150,24,118,92,88,121,156,119
red,31,54,121,49,82,18,98,132,63,74
red,36,65,104,49,12,0,40,64,136,74
blue,0,65,154,76,118,45,38,11,17,5
blue,83,40,143,52,5,62,44,121,147,70
blue,31,65,11,8,140,0,28,95,76,5
blue,0,27,124,133,70,34,40,121,109,80
red,34,40,2,17,128,0,54,151,76,66
blue,105,102,38,29,12,84,30,19,76,93
blue,112,30,43,8,119,102,97,32,76,74
red,69,97,30,51,82,0,65,1,50,53
blue,48,30,65,136,16,36,87,23,51,4
red,92,142,143,69,108,74,26,38,76,100
red,18,44,55,76,128,72,111,105,9,100
blue,0,38,122,29,53,107,58,155,76,45
blue,121,40,150,8,119,146,38,140,76,109
red,18,23,34,51,96,0,86,121,156,119
red,47,134,158,76,16,34,58,71,17,100
blue,24,134,64,50,16,103,13,1,76,4
blue,101,26,103,9,53,134,102,121,76,74
red,134,67,103,51,158,144,40,11,106,74
red,22,88,19,52,74,0,67,138,17,79
blue,31,145,1,51,96,57,102,143,120,53
red,3,54,43,76,4,0,23,143,116,45
red,115,98,124,85,82,127,86,159,69,153
blue,31,54,125,49,119,45,87,43,17,96
blue,31,58,26,17,109,34,54,129,76,74
blue,83,124,54,106,100,131,142,68,133,1
red,22,84,33,51,100,90,13,7,133,70
blue,0,107,121,17,79,101,22,7,8,128
red,22,30,6,51,126,115,60,55,133,96
red,121,40,56,85,108,131,23,151,51,5
blue,22,107,23,17,14,0,38,71,9,16
blue,90,13,121,76,80,115,60,143,147,158
blue,90,26,2,76,82,0,38,114,63,66
blue,42,130,109,133,70,90,142,2,76,5
red,54,74,129,147,53,90,13,56,29,100
red,62,38,143,17,128,107,54,56,24,82
red,0,130,150,122,118,34,88,121,9,119
red,0,102,132,17,108,107,13,23,52,83
blue,43,40,2,17,12,0,38,124,157,93
blue,101,44,56,17,119,78,28,65,133,153
red,137,142,19,24,5,134,125,121,76,66
red,25,67,106,69,93,0,142,53,76,80
blue,35,28,93,8,128,31,125,143,17,53
blue,129,130,67,109,100,45,154,151,51,5
red,31,61,2,17,4,35,130,140,150,53
red,127,142,154,136,53,57,75,121,17,71
red,2,28,155,49,12,18,77,68,51,45
blue,121,38,154,129,70,0,65,133,17,5
blue,22,134,11,76,82,90,61,87,69,16
red,123,141,124,51,128,134,94,83,29,74
red,90,54,155,29,109,22,87,104,116,70
blue,151,98,121,157,119,103,142,26,120,4
blue,134,37,151,133,96,0,142,124,49,4
red,134,38,143,156,70,105,23,151,150,82
blue,115,111,159,156,96,18,142,121,51,114
red,0,130,1,106,109,103,40,2,133,12
red,90,142,154,133,70,18,23,144,129,108
red,74,65,11,49,45,151,27,121,51,66
red,110,58,68,136,53,25,65,64,51,74
red,31,74,133,24,45,0,58,56,106,66
red,101,23,159,150,93,74,38,140,51,5
blue,0,13,26,24,74,43,142,33,29,82
blue,0,13,26,76,119,31,65,121,51,100
red,74,58,155,109,5,22,104,125,138,126
red,150,30,91,76,82,36,40,59,9,119
blue,34,78,55,24,128,92,58,64,17,93
blue,18,40,121,29,66,0,38,109,137,70
red,42,94,114,76,100,74,98,150,52,4
blue,36,54,151,29,82,150,23,43,76,45
red,90,38,11,17,158,101,134,151,116,53
blue,0,54,3,76,82,62,91,121,109,4
red,146,54,151,24,158,150,98,72,85,119
blue,101,28,48,51,66,43,67,155,76,5
blue,34,149,56,157,158,47,30,59,29,53
red,45,38,104,29,82,47,58,26,109,108
blue,47,92,105,106,74,72,142,151,109,126
blue,137,54,35,51,53,18,107,144,133,100
red,150,65,124,106,37,127,38,43,29,53
blue,18,65,154,76,66,42,26,151,8,45
red,47,61,11,17,79,19,134,151,9,53
blue,110,46,55,106,82,134,38,158,76,96
red,36,61,140,9,12,74,88,122,76,5
blue,18,84,94,50,4,103,38,59,29,82
red,18,141,121,133,70,0,102,159,76,41
blue,48,30,3,9,119,0,5,144,133,100
blue,47,142,124,158,5,2,38,121,129,119
red,47,13,159,24,119,107,40,121,8,158
red,25,74,151,17,71,67,61,7,50,126
blue,43,142,56,51,82,38,94,107,157,70
blue,92,107,122,51,16,36,154,19,76,66
red,3,60,143,24,41,137,46,121,136,53
red,18,38,122,51,109,11,58,26,17,100
blue,38,134,33,51,100,103,65,121,76,82
blue,47,38,6,51,5,31,154,151,120,4
blue,62,54,109,51,70,31,27,129,29,158
red,0,13,144,106,9,22,38,143,52,100
blue,101,126,122,29,118,47,104,159,17,119
red,18,58,55,136,4,31,38,26,17,123
blue,31,97,89,62,74,0,38,121,83,108
blue,0,142,68,116,12,31,58,140,54,108
red,144,94,151,116,158,47,40,11,129,5
blue,151,23,1,150,82,0,38,64,49,76
blue,90,104,91,106,82,78,102,159,51,119
blue,0,38,79,137,12,31,91,33,106,5
blue,151,61,143,9,4,47,13,114,51,82
red,137,54,129,49,74,0,124,125,76,5
red,129,141,11,29,100,18,61,33,109,45
red,34,65,64,29,118,2,126,125,76,160
blue,25,28,151,116,70,72,94,114,51,5
red,2,130,144,150,128,0,38,68,9,109
red,127,142,115,76,70,110,46,26,29,108
red,143,60,65,29,82,124,155,127,76,12
blue,83,58,124,69,82,0,125,159,76,160
blue,127,46,154,109,108,105,94,1,29,96
red,43,102,56,8,128,0,92,110,9,12
blue,110,102,143,133,70,131,97,124,76,5
blue,88,84,155,76,4,115,23,1,133,70
red,48,154,11,51,4,18,130,1,76,5
blue,0,155,3,69,80,101,13,122,9,126
red,39,75,1,129,126,135,107,19,133,70
blue,2,27,60,51,128,121,102,43,9,70
blue,0,60,1,50,119,88,124,3,106,45
red,101,65,1,24,74,2,86,121,76,45
blue,107,13,143,9,33,53,97,121,51,83
red,62,65,143,51,82,112,13,7,8,74
red,2,97,19,29,12,74,102,11,51,66
red,0,97,159,49,108,31,67,56,51,128
blue,135,97,143,9,96,19,130,121,51,79
blue,18,65,64,76,126,22,61,1,25,119
red,47,65,32,9,80,2,126,43,8,70
red,18,125,32,76,5,112,60,138,129,82
red,74,40,148,51,82,112,61,121,109,99
blue,62,141,19,29,153,101,65,122,147,118
blue,0,102,33,29,153,18,107,121,133,70
red,92,28,33,129,5,131,124,56,9,16
blue,31,134,150,29,121,92,23,93,85,126
red,78,23,150,133,80,42,84,94,50,45
red,92,98,132,109,45,101,65,129,157,114
blue,74,54,129,106,70,18,134,143,85,66
blue,34,77,143,17,71,48,60,11,137,82
blue,22,98,121,51,45,18,134,26,29,153
blue,150,74,38,51,93,11,61,15,49,99
blue,151,125,143,133,139,90,77,154,51,121
blue,62,125,11,29,14,112,61,64,24,82
red,22,65,109,52,119,34,97,33,17,100
red,43,26,155,9,128,0,97,159,51,82
blue,77,13,154,76,5,22,26,151,9,128
red,90,26,3,51,83,62,13,121,133,100
red,0,46,121,49,82,59,102,94,116,9
red,67,86,155,120,74,78,111,23,49,5
red,78,13,19,24,45,134,98,105,51,96
red,101,130,121,29,53,142,111,150,116,41
red,142,87,37,133,70,83,40,143,29,153
red,127,65,121,133,96,142,28,154,85,158
blue,47,23,103,137,70,31,98,37,49,4
red,31,23,150,76,110,18,134,94,9,74
blue,137,102,151,109,120,2,27,101,51,45
blue,151,60,19,17,82,36,124,150,133,70
blue,134,87,64,51,93,18,28,125,8,12
blue,37,74,150,76,153,0,60,159,69,5
red,0,78,6,116,76,134,40,157,49,66
blue,36,113,120,29,80,22,134,41,51,93
blue,92,65,124,17,79,112,111,143,61,93
red,127,46,132,106,96,48,65,6,76,16
red,25,26,61,133,80,47,44,158,17,45
blue,92,46,121,76,109,34,142,159,9,83
red,134,13,154,9,108,43,130,143,133,70
red,0,84,131,76,121,110,13,1,106,82
blue,0,40,55,129,12,134,65,1,17,128
blue,31,67,93,76,100,36,130,56,52,82
blue,43,40,1,50,53,18,54,0,51,12
red,110,124,61,9,70,146,37,33,106,5
blue,18,60,71,52,128,47,65,121,76,82
red,47,142,144,106,96,31,134,121,51,82
blue,134,13,140,51,83,59,67,150,29,153
red,92,130,121,106,12,111,142,143,129,74
red,43,111,121,51,45,36,60,3,56,16
red,0,111,121,116,82,48,60,124,8,5
blue,90,65,2,9,70,31,38,121,49,82
blue,101,142,140,49,119,31,94,1,17,53
red,48,65,6,24,100,0,92,134,124,5
red,144,38,155,133,70,47,61,23,76,14
red,47,38,121,147,100,150,61,37,24,154
red,47,28,129,17,158,2,142,1,150,96
blue,74,38,2,52,82,0,65,124,51,6
blue,103,77,121,51,93,47,65,140,9,12
blue,31,98,124,109,82,59,65,154,17,12
red,78,38,143,8,123,2,126,155,76,128
blue,110,58,56,17,74,114,13,155,52,100
red,35,46,136,76,5,92,54,155,109,108
red,88,38,121,17,100,0,27,6,9,70
red,107,40,121,76,5,103,13,64,29,93
red,47,58,121,17,45,150,134,143,116,114
red,103,61,68,137,70,34,30,62,76,119
red,102,125,11,51,120,150,117,159,133,100
red,137,38,11,8,16,19,135,143,69,82
blue,137,94,11,51,100,134,58,2,24,93
blue,101,38,121,116,9,134,77,19,76,12
red,143,13,11,137,70,127,107,155,24,5
red,127,38,155,76,45,143,13,11,116,16
blue,36,94,83,76,119,121,102,155,157,126
blue,18,40,6,116,82,112,130,3,76,148
blue,48,38,114,51,82,31,125,19,24,45
red,31,134,90,106,82,150,54,121,24,93
red,31,65,148,129,108,48,38,6,9,128
red,22,134,56,63,70,88,142,64,49,53
blue,88,134,2,133,4,34,38,59,157,82
blue,74,58,133,51,5,47,40,150,120,66
red,88,84,0,116,158,31,23,33,150,96
blue,146,91,124,17,119,88,13,105,9,109
blue,31,67,146,29,100,0,30,94,51,5
red,0,102,104,129,83,101,65,64,158,96
red,18,54,11,49,53,101,13,121,17,71
red,0,46,122,24,5,2,38,143,137,70
blue,113,58,143,51,4,34,13,2,49,53
blue,134,58,59,106,5,36,40,159,133,15
red,35,75,142,109,148,112,60,136,24,87
blue,158,87,61,17,126,154,46,2,129,82
red,22,86,78,133,5,2,46,33,17,70
blue,103,154,11,76,66,31,13,19,24,5
blue,36,38,11,51,5,59,141,90,17,79
blue,74,86,155,8,16,0,60,104,24,5
red,37,65,71,24,108,0,141,143,76,45
blue,0,54,56,76,82,131,134,43,138,108
red,0,86,140,24,109,150,23,121,17,41
red,22,97,121,76,126,101,54,55,24,16
blue,151,130,38,137,109,0,102,143,24,5
blue,0,154,132,116,53,103,60,2,137,109
blue,47,13,1,51,96,18,26,142,24,158
red,22,134,121,76,83,47,60,114,129,158
blue,101,54,68,76,53,31,67,131,106,41
blue,62,65,2,17,4,101,40,59,116,118
red,31,58,159,133,5,134,107,121,150,16
blue,72,65,154,29,148,127,60,143,133,93
blue,31,54,129,9,93,62,13,71,85,153
blue,0,40,121,9,82,62,54,26,29,100
blue,103,145,121,51,82,127,38,2,157,66
blue,134,40,2,29,153,121,142,89,106,66
blue,117,13,2,17,41,18,67,11,24,14
red,92,58,1,129,153,18,65,56,8,158
blue,43,38,122,157,158,0,65,124,29,53
red,92,38,151,8,93,74,23,110,138,45
blue,36,46,124,76,12,31,28,143,51,93
red,103,124,2,35,33,127,97,149,51,74
red,19,46,35,51,5,112,98,139,17,79
red,145,60,6,17,100,88,98,121,49,128
blue,34,38,68,118,4,0,149,64,109,66
red,0,28,150,8,158,137,38,114,17,96
red,43,38,56,29,118,0,60,158,17,53
blue,47,26,155,106,82,72,58,121,133,153
red,62,65,89,106,5,0,102,140,24,79
blue,43,28,110,106,66,59,54,3,129,99
blue,0,13,83,17,16,36,142,143,76,80
blue,18,102,144,136,119,31,65,157,17,53
blue,134,113,121,116,70,36,38,140,52,114
blue,143,38,94,9,12,92,67,32,29,53
red,12,97,125,51,15,47,98,105,116,133
blue,47,125,109,133,80,102,97,136,150,99
blue,31,111,140,133,70,101,124,56,29,45
red,102,155,143,9,120,18,54,151,85,119
red,151,125,55,133,70,115,60,121,24,15
red,22,92,71,54,14,112,27,21,49,9
red,101,130,121,51,12,2,102,7,133,74
red,88,65,121,133,70,78,134,1,24,14
red,0,94,133,17,97,2,154,32,51,66
red,145,26,150,133,70,42,61,41,24,80
blue,0,38,2,133,70,36,141,121,24,80
red,47,54,143,29,12,151,58,61,133,100
red,112,155,33,133,82,137,142,120,17,5
blue,134,30,11,133,70,112,97,138,17,108
red,43,142,121,133,12,98,130,2,116,158
red,101,97,64,133,114,0,23,121,51,128
blue,78,38,23,51,119,31,134,83,24,99
blue,47,65,2,133,80,31,142,33,29,53
red,31,54,6,17,9,0,38,29,136,153
blue,112,40,1,24,128,34,130,159,49,119
blue,0,134,160,24,41,115,54,94,76,5
red,101,130,32,133,96,97,13,56,76,4
red,31,65,68,85,45,135,27,94,69,153
blue,36,46,143,76,82,101,38,64,69,96
blue,150,142,124,29,9,2,98,151,76,126
blue,18,58,121,29,111,110,38,144,133,100
red,34,79,159,29,80,74,141,89,8,70
blue,36,60,140,157,108,46,84,61,29,53
red,31,141,68,29,119,22,65,122,133,71
blue,72,98,83,150,119,0,94,151,71,45
blue,62,98,132,51,108,150,141,6,29,118
blue,134,65,114,17,71,92,98,19,52,93
red,34,40,121,8,82,59,125,55,51,128
blue,2,65,43,8,83,59,92,143,51,128
red,47,65,140,17,159,2,142,155,9,139
blue,22,13,138,8,93,151,40,154,51,70
blue,2,134,26,17,108,151,65,64,76,16
red,0,61,64,29,96,31,75,2,106,93
red,127,94,33,106,5,41,61,151,116,12
blue,43,67,159,150,93,36,142,120,116,53
blue,0,38,53,76,83,131,13,2,69,80
red,72,84,3,51,5,131,23,19,108,82
red,2,124,3,17,128,53,46,65,52,99
blue,110,65,2,76,118,18,102,11,51,119
blue,146,38,33,51,99,0,61,26,133,4
blue,74,58,121,129,82,59,13,1,29,53
red,88,23,151,106,100,0,67,143,147,53
blue,72,38,23,85,70,62,141,143,29,93
blue,107,40,121,49,148,158,142,3,19,96
blue,25,40,101,129,82,92,13,121,51,74
blue,0,23,19,17,74,78,60,34,29,153
blue,90,38,1,76,53,83,154,71,52,93
red,134,60,121,76,82,0,125,1,51,16
blue,0,65,26,17,119,3,67,94,76,82
blue,18,23,0,137,153,48,60,148,29,4
red,0,13,159,129,120,34,142,3,17,71
blue,101,141,89,49,74,0,154,37,150,96
red,83,134,155,133,79,3,13,143,76,74
blue,59,65,151,137,110,107,13,140,147,82
red,92,61,19,150,12,121,65,95,109,45
red,38,60,55,106,5,59,149,124,24,100
red,43,61,121,29,53,0,92,56,17,158
blue,0,125,11,24,100,22,102,25,76,108
blue,31,134,121,29,128,36,46,2,50,45
red,0,54,155,106,82,114,134,150,17,108
blue,47,46,59,76,108,101,54,129,52,100
blue,103,91,144,51,5,88,142,120,116,16
red,90,84,129,150,45,92,38,121,106,99
red,0,87,155,120,53,43,38,121,17,119
red,47,87,155,76,5,19,111,151,29,16
blue,101,13,121,9,5,0,30,83,49,74
red,0,46,35,109,12,83,65,121,85,153
red,131,141,154,109,96,151,38,71,85,100
red,18,142,129,109,100,0,40,114,29,158
red,0,23,151,29,82,18,124,91,137,158
red,115,40,138,133,70,88,30,132,76,66
red,90,40,2,76,153,151,125,26,51,74
blue,3,54,120,29,114,36,154,37,133,45
blue,0,134,124,29,96,31,38,121,8,5
red,45,13,144,17,66,103,117,59,116,82
blue,11,149,0,85,153,137,98,2,69,119
red,137,44,11,133,74,90,67,121,9,118
red,37,141,137,71,45,131,79,144,51,114
blue,62,60,2,8,96,0,130,121,9,100
blue,62,27,101,17,158,151,107,125,133,153
blue,62,40,56,51,14,22,142,120,8,128
red,90,141,121,51,126,39,98,25,133,70
red,47,75,158,51,99,107,58,2,29,126
red,31,130,132,51,93,13,134,124,133,126
red,90,130,122,49,12,146,40,19,52,100
red,137,124,32,29,96,0,91,121,49,82
red,112,86,2,51,82,31,60,143,49,45
red,35,23,3,9,53,47,124,157,76,93
red,18,154,91,17,119,105,13,48,76,71
red,78,38,154,133,96,42,61,124,76,82
red,127,38,125,29,45,131,40,7,133,5
red,78,97,94,17,100,47,44,121,51,66
blue,131,38,105,29,4,146,61,7,76,82
blue,112,75,107,29,153,31,40,121,51,4
blue,112,60,55,116,53,101,58,33,76,5
red,107,77,143,17,108,36,13,154,116,70
blue,114,23,3,49,158,83,13,121,17,82
red,127,113,144,17,82,90,13,6,24,14
red,47,44,124,29,53,48,60,71,129,82
blue,43,60,83,51,5,104,44,125,85,4
blue,83,38,6,8,128,146,13,121,17,70
blue,72,65,121,76,128,36,125,19,49,53
blue,31,149,121,29,16,0,78,51,129,70
red,69,54,18,156,119,114,30,155,76,128
blue,59,142,151,49,53,31,67,150,76,5
red,41,130,138,49,66,0,60,1,51,100
red,107,102,34,136,93,0,125,64,76,82
blue,39,26,0,133,70,18,94,3,120,4
red,0,61,143,129,121,90,38,124,76,14
blue,88,13,38,109,93,74,134,142,137,70
red,101,155,121,147,119,104,141,143,133,100
blue,0,65,155,136,53,35,134,71,17,148
red,22,38,33,49,119,77,58,7,76,96
blue,0,125,26,137,45,92,60,33,133,70
red,151,124,155,137,45,2,142,132,29,114
red,0,65,89,51,12,22,92,1,8,66
red,103,58,121,24,14,31,124,0,8,158
red,47,13,6,69,80,2,38,19,8,70
blue,102,65,56,106,82,43,142,121,9,100
red,101,134,121,69,158,103,61,2,116,96
blue,150,61,124,49,12,36,130,159,133,9
blue,127,26,43,51,82,137,141,121,49,53
red,127,30,38,133,108,18,125,158,51,53
red,0,13,109,85,126,47,60,23,69,153
red,0,13,159,106,74,101,75,148,51,100
blue,48,125,11,120,96,36,92,23,29,153
red,2,61,121,51,82,101,40,124,76,119
blue,0,141,11,51,74,91,38,121,136,118
red,18,141,71,150,53,47,124,2,116,100
red,145,102,55,49,12,0,141,11,50,82
red,131,125,114,17,53,2,141,121,76,70
red,146,13,122,51,4,88,38,2,9,160
blue,47,84,143,51,82,0,13,138,108,123
blue,107,65,125,29,71,0,38,143,51,82
blue,18,142,33,76,5,131,60,140,147,109
red,59,84,142,106,100,101,13,157,109,4
red,48,28,41,76,82,131,46,155,109,119
red,0,149,129,109,82,112,38,32,9,16
blue,103,61,121,29,16,67,94,129,109,5
red,2,30,129,157,91,31,142,26,29,45
red,101,27,155,136,45,0,75,144,133,70
red,150,38,121,147,53,18,40,32,157,15
red,112,46,59,147,96,101,61,33,51,153
red,2,102,121,147,14,22,58,32,106,4
blue,121,38,32,29,80,0,61,1,76,53
blue,20,13,124,29,74,0,38,122,17,96
red,18,134,2,51,100,115,40,43,120,33
blue,112,134,151,29,53,22,54,43,129,126
blue,90,125,143,150,99,103,102,122,129,126
blue,59,61,110,51,5,146,60,26,133,45
red,103,74,144,17,109,115,40,138,8,45
red,62,38,32,69,14,134,61,33,133,118
blue,0,40,56,52,100,114,54,19,50,128
red,37,23,151,29,153,47,26,22,24,66
red,38,65,33,8,96,114,40,144,51,12
red,18,117,122,136,123,36,67,1,17,71
red,158,38,124,69,118,0,13,6,51,45
red,38,84,94,133,14,0,141,136,24,71
blue,22,40,64,25,119,41,149,138,17,74
blue,36,74,6,129,118,0,58,143,116,83
red,0,154,151,133,70,103,84,132,51,108
red,35,13,143,17,45,92,38,2,51,158
red,34,54,56,51,5,18,40,11,17,123
blue,22,107,121,49,53,36,13,91,157,74
blue,151,38,158,76,82,18,27,150,51,16
red,127,102,104,8,45,22,98,109,120,93
blue,0,23,159,17,118,67,155,129,51,74
red,62,84,3,51,80,22,65,120,50,108
blue,127,38,33,29,153,20,28,43,69,80
red,67,65,143,9,82,0,38,23,76,108
red,43,65,121,51,53,84,23,151,129,119
red,43,27,56,9,16,107,65,32,76,4
red,34,65,114,109,5,92,126,143,9,82
red,0,65,159,137,53,47,86,104,156,153
blue,95,26,146,137,108,2,65,94,157,12
blue,0,130,2,8,12,110,65,56,76,70
blue,48,142,89,29,4,35,38,155,157,74
blue,101,84,104,17,12,110,74,144,129,82
red,47,65,2,69,153,62,40,120,51,70
red,39,38,1,51,100,90,84,58,17,64
red,151,27,159,51,74,62,98,71,29,93
red,0,60,140,133,45,62,58,64,29,53
red,62,78,155,129,45,0,134,56,147,70
red,18,27,0,116,158,103,74,34,109,70
blue,107,75,32,17,79,62,130,21,106,5
blue,0,26,69,51,14,31,58,124,9,53
red,90,58,129,109,12,18,145,2,76,79
blue,115,141,6,51,126,62,86,41,29,80
red,92,54,151,109,96,0,130,44,133,93
red,59,38,138,51,4,22,23,56,116,70
blue,18,13,23,157,119,145,65,140,76,33
blue,2,38,33,51,148,155,46,6,52,100
red,110,134,143,76,128,47,58,11,49,5
red,107,38,159,51,74,101,134,157,76,4
blue,43,13,127,52,119,151,154,134,133,70
blue,134,23,155,106,4,107,142,121,76,45
red,36,67,56,9,100,112,40,143,52,128
red,34,125,121,51,5,39,38,65,29,41
blue,19,40,121,69,62,31,60,94,120,82
red,31,26,43,76,74,47,58,2,29,53
red,0,98,144,133,126,107,38,19,8,100
red,0,75,144,76,74,57,40,159,120,153
red,47,13,144,51,14,43,67,1,52,12
blue,36,58,144,8,45,74,5,159,29,108
blue,3,27,144,8,158,137,149,55,85,70
red,0,61,114,50,53,90,92,143,17,12
blue,48,125,124,29,5,0,88,120,9,79
red,155,54,56,69,118,74,65,64,76,93
blue,150,13,138,52,100,0,142,132,24,82
red,103,94,151,109,45,0,65,59,51,99
blue,101,142,125,54,12,90,38,1,24,128
blue,110,13,89,29,70,123,77,56,76,12
blue,101,75,15,51,82,134,54,61,17,66
blue,22,27,138,51,70,34,88,19,129,74
red,11,13,2,82,52,134,60,25,17,71
blue,103,154,59,51,93,92,58,140,129,74
red,92,38,159,9,109,74,134,150,116,4
blue,22,125,121,17,119,47,26,61,24,100
red,144,13,140,9,118,92,38,64,156,100
red,150,22,26,129,79,19,60,43,52,82
blue,37,60,26,52,5,112,142,136,116,4
blue,31,91,2,51,82,151,97,64,133,16
red,78,65,56,51,93,31,38,121,116,126
red,0,30,56,129,99,110,58,121,9,16
red,92,28,155,116,12,90,58,63,8,119
blue,74,60,143,51,110,47,142,103,157,82
blue,59,65,143,17,12,0,107,150,158,4
blue,59,13,69,76,80,107,67,150,136,114
blue,127,65,2,69,96,0,30,26,76,4
red,146,23,43,29,153,131,67,157,51,70
red,13,38,56,106,82,115,65,136,116,158
red,47,61,89,133,158,103,125,143,51,128
blue,78,38,11,50,82,37,61,140,51,100
red,0,134,53,49,158,77,88,120,76,118
blue,0,125,19,109,14,62,61,44,17,70
blue,92,54,121,76,70,81,38,143,24,82
red,35,38,89,133,70,41,13,129,76,14
red,103,91,19,24,45,0,94,59,76,158
blue,0,154,155,49,128,72,125,138,116,53
red,0,30,103,17,12,151,91,39,24,45
blue,47,155,124,109,158,62,38,6,25,45
red,43,27,136,51,119,48,13,1,54,82
red,134,40,19,129,153,74,78,155,51,158
red,72,27,56,24,4,35,60,105,29,66
red,112,13,19,8,70,134,65,114,17,158
red,144,134,155,51,82,47,130,11,29,109
blue,151,87,71,116,153,0,75,41,29,114
blue,42,38,2,85,74,31,26,125,129,45
red,102,38,65,157,126,151,40,64,120,119
blue,47,86,64,136,82,131,94,121,76,16
blue,145,38,124,9,100,112,88,19,76,66
red,34,142,23,76,82,92,124,43,129,66
blue,43,92,56,85,5,47,38,120,49,53
blue,72,38,121,29,16,131,40,56,76,119
red,36,126,56,29,100,59,58,11,76,4
blue,102,98,121,133,9,112,92,1,51,128
blue,137,58,124,51,5,91,13,121,116,74
blue,134,77,148,17,53,31,44,159,24,128
red,112,23,43,106,45,34,26,158,17,93
blue,31,65,144,76,5,0,27,150,51,93
red,107,65,37,137,41,0,38,143,116,80
red,72,65,26,49,93,18,98,140,17,53
red,37,38,121,29,53,62,13,104,51,82
red,18,26,150,29,153,47,86,121,116,108
blue,88,40,2,133,45,36,38,121,76,160
blue,67,40,155,76,5,18,65,33,52,100
blue,48,69,68,150,119,103,38,140,9,70
blue,74,61,7,129,80,110,134,89,17,119
blue,0,58,143,115,108,31,75,104,133,70
red,74,60,140,133,100,42,40,121,8,9
red,154,58,143,133,120,0,13,23,106,66
blue,37,98,2,9,128,20,130,155,17,121
red,18,98,1,49,123,31,86,19,8,128
blue,110,124,129,51,93,31,87,3,52,128
blue,0,98,111,6,124,145,60,121,24,18
blue,0,26,151,49,74,31,38,101,9,160
blue,18,28,159,76,108,0,25,2,17,96
blue,3,111,26,29,53,47,25,124,9,70
blue,101,130,159,29,79,112,38,1,150,82
blue,72,79,151,29,53,2,38,65,17,9
red,0,130,2,29,53,134,30,150,49,128
red,0,91,19,49,12,2,40,71,106,74
blue,0,60,1,17,108,31,38,11,9,128
red,31,58,1,19,128,2,13,121,24,5
blue,31,40,121,17,53,22,86,55,24,128
blue,102,97,19,129,45,35,61,26,109,119
blue,18,97,151,138,82,88,23,155,76,66
blue,0,97,33,116,153,2,58,155,29,74
blue,115,97,37,51,82,62,154,19,8,79
blue,31,154,3,9,53,74,88,143,24,4
red,102,97,104,129,4,127,58,19,106,130
red,0,67,43,76,82,127,97,129,9,118
blue,115,97,124,51,128,31,67,1,129,99
blue,95,154,11,116,158,112,40,64,106,45
red,95,61,33,138,82,7,97,124,76,12
blue,31,97,159,133,70,78,60,43,76,14
red,18,28,155,51,82,22,97,7,29,119
red,36,97,91,76,160,37,26,43,9,128
red,47,97,64,17,45,127,40,68,9,126
red,103,97,159,17,53,2,65,33,136,74
red,31,27,136,116,96,47,104,3,51,93
blue,2,58,55,51,79,35,13,64,85,126
blue,35,65,26,136,160,18,142,2,76,41
blue,36,92,64,41,108,88,65,26,157,82
red,22,65,122,17,41,127,13,132,133,93
red,88,67,38,133,158,151,84,120,116,109
blue,104,40,122,137,126,3,23,124,51,14
red,0,60,140,76,41,155,65,33,116,96
blue,35,134,33,133,119,88,30,34,137,80
blue,47,107,43,120,119,35,67,23,133,158
red,137,58,125,29,153,127,60,119,24,82
red,11,38,121,9,130,107,65,136,51,82
red,59,142,101,24,96,131,30,151,147,45
red,72,38,121,24,70,131,40,11,109,108
red,31,145,140,49,93,88,92,133,76,41
red,31,38,53,17,109,18,142,104,29,41
blue,31,46,2,8,41,81,60,23,76,82
blue,103,142,124,133,128,48,58,150,76,148
red,18,54,43,133,4,110,84,121,138,108
red,101,61,142,133,93,0,86,33,15,14
blue,18,40,138,51,14,0,145,124,8,45
red,59,38,0,106,100,144,58,121,51,93
blue,115,60,55,8,128,114,28,121,9,70
blue,155,92,158,51,96,0,23,151,129,126
blue,18,65,64,147,66,92,39,125,51,82
red,101,92,143,29,109,48,84,94,123,108
red,36,141,83,29,82,0,124,151,51,93
red,0,58,150,54,108,31,149,144,17,70
red,78,44,150,29,139,74,60,0,109,119
red,0,30,151,29,160,72,58,150,133,159
blue,34,86,7,17,80,43,58,121,29,153
blue,2,134,43,50,158,114,38,138,17,93
red,0,38,140,29,119,152,77,124,109,118
red,18,46,56,109,128,48,26,115,49,153
red,0,142,121,116,153,103,25,159,29,5
red,2,38,6,106,4,34,86,132,76,99
blue,140,142,151,51,128,101,154,2,50,45
red,41,124,43,9,128,0,84,125,133,82
blue,59,58,89,147,12,144,61,56,51,82
blue,92,131,2,17,5,67,38,120,76,82
blue,78,40,1,136,160,74,61,64,29,45
red,81,40,104,76,5,22,61,127,109,53
red,59,154,155,129,82,0,87,121,17,45
blue,146,61,19,24,158,151,54,3,69,45
blue,134,65,26,8,160,39,61,11,116,45
red,47,154,64,9,16,18,38,1,137,118
blue,78,125,26,76,53,77,65,143,24,5
blue,74,67,104,129,79,112,65,6,17,148
red,47,65,121,17,93,78,130,124,29,53
blue,18,113,120,9,70,74,38,1,133,100
blue,0,61,59,24,74,37,102,121,76,93
red,101,130,19,29,53,134,65,23,51,5
red,0,102,121,76,66,110,40,140,129,45
blue,90,98,143,69,53,144,65,38,76,109
red,90,38,2,69,80,35,13,143,76,96
red,90,60,32,51,82,88,61,159,24,4
blue,22,58,81,122,139,0,154,157,76,80
blue,22,67,47,17,53,0,84,150,76,5
red,0,141,2,17,83,22,142,140,76,53
red,110,61,64,133,70,2,65,68,76,93
blue,103,67,143,49,119,62,60,104,76,80
red,24,67,151,109,74,31,134,56,76,100
blue,150,28,3,76,4,121,67,151,116,82
blue,0,87,121,9,19,18,61,120,76,158
blue,151,60,21,129,80,34,61,33,109,128
red,112,27,121,24,100,154,26,129,51,128
blue,91,86,159,76,160,47,65,1,133,96
blue,107,58,64,24,80,154,38,140,116,70
blue,145,37,3,150,96,36,38,120,8,128
blue,92,38,64,29,119,145,40,159,76,153
blue,131,61,114,109,158,150,23,34,69,80
red,0,40,59,129,121,43,142,56,51,82
red,150,38,11,9,99,74,61,2,76,66
red,47,28,151,106,128,2,134,150,17,153
blue,74,124,3,51,119,150,38,122,76,118
red,107,58,59,3,33,47,130,143,17,5
red,74,98,63,49,153,101,125,33,136,70
red,88,38,148,49,74,0,142,19,147,96
blue,74,38,91,49,148,90,142,121,129,119
blue,88,40,32,116,53,112,102,129,157,70
red,62,92,26,51,128,43,38,121,9,70
red,101,13,23,17,96,110,60,143,76,53
red,112,154,55,24,70,90,60,143,17,12
red,90,86,63,156,45,134,98,138,76,66
blue,92,13,120,9,160,150,23,71,29,119
red,59,142,3,69,160,0,107,81,76,96
blue,90,38,1,17,66,104,13,55,133,128
blue,134,61,35,116,109,154,88,6,76,160
blue,47,61,160,129,70,37,60,114,147,12
blue,37,13,151,116,148,31,61,26,137,53
blue,37,142,2,51,45,127,61,121,106,128
blue,110,23,125,17,9,144,60,154,49,14
blue,144,142,124,76,5,77,102,160,106,66
red,31,65,1,49,126,144,67,0,76,80
red,144,142,155,9,14,84,65,33,76,71
blue,47,67,33,8,82,103,60,121,76,14
red,90,61,56,51,118,37,58,143,8,119
red,62,61,143,150,158,144,28,43,156,118
blue,36,54,3,133,128,90,67,150,76,93
red,62,126,159,29,82,144,60,64,76,70
red,0,61,1,129,12,22,107,62,109,128
blue,78,149,125,9,70,47,61,1,133,100
blue,78,65,105,9,70,127,38,121,29,128
blue,0,97,89,76,79,110,75,144,9,119
red,31,86,121,9,82,151,88,37,150,4
blue,22,38,89,9,45,31,141,64,51,126
blue,110,107,143,76,0,151,13,23,52,126
red,91,142,121,9,74,140,86,2,24,93
blue,150,142,23,9,123,72,65,114,116,109
blue,123,54,151,106,93,19,38,94,9,83
red,74,60,19,116,123,110,61,37,9,12
blue,31,38,121,9,118,74,77,56,17,45
red,18,38,159,9,99,19,142,3,129,128
red,78,58,3,9,128,31,13,65,85,159
blue,41,61,134,17,71,31,125,143,9,53
blue,101,142,157,29,70,95,13,41,51,82
red,102,60,132,9,158,57,61,121,129,126
red,103,67,121,9,93,0,61,2,49,158
blue,18,92,143,109,108,47,141,120,9,53
blue,43,46,64,52,92,0,40,2,9,128
red,31,125,132,9,66,74,38,124,51,82
blue,151,25,2,51,82,48,58,124,9,45
blue,151,13,122,9,118,131,126,104,76,99
red,90,75,55,24,123,97,58,121,49,5
red,22,46,143,147,96,84,77,11,129,99
red,131,107,26,136,4,37,111,132,106,93
blue,2,155,143,52,4,41,38,94,157,82
red,150,38,157,51,4,110,58,78,129,82
red,92,134,144,133,45,86,142,83,129,4
red,110,26,129,146,108,103,67,63,29,128
blue,110,54,94,157,158,103,40,144,156,126
blue,62,54,151,29,83,0,23,150,51,99
blue,38,65,26,150,96,31,23,151,29,83
red,74,38,56,106,96,91,77,121,116,5
red,115,124,142,24,118,144,38,151,29,80
red,115,74,155,29,153,90,65,132,76,128
red,115,67,83,9,5,134,130,56,76,53
red,0,46,148,147,128,110,142,56,29,65
red,110,40,151,49,109,31,61,2,76,100
red,2,111,23,49,45,103,84,3,76,53
blue,90,84,150,133,12,103,30,7,76,139
blue,103,13,144,76,45,92,142,151,17,71
red,114,134,11,137,45,115,102,94,54,53
blue,88,142,144,29,5,0,67,94,49,27
blue,0,84,1,29,53,145,142,104,17,100
blue,144,38,155,76,93,154,102,143,49,12
red,18,155,104,132,46,95,102,138,76,158
blue,103,142,33,116,118,112,61,138,35,80
blue,18,38,91,120,158,74,40,56,133,100
blue,121,5,35,9,126,18,38,32,51,128
red,18,38,109,9,160,74,5,55,51,79
red,92,40,121,76,93,90,60,104,142,139
red,72,125,2,116,153,47,145,143,133,4
blue,78,149,121,24,66,62,30,91,106,82
blue,31,141,2,76,4,18,65,55,24,100
blue,0,142,26,29,153,112,75,121,85,70
red,110,67,94,41,53,35,74,121,50,82
red,90,58,121,41,108,103,61,2,76,153
red,18,154,121,150,16,77,26,105,49,53
red,35,5,143,51,128,91,58,121,133,74
blue,2,65,55,133,70,31,107,121,129,100
red,110,141,105,121,82,0,74,43,138,33
blue,7,154,125,49,139,47,61,91,138,15
red,70,102,121,51,4,31,54,150,24,93
red,18,26,125,49,154,31,38,121,133,119
blue,84,60,110,54,4,18,61,121,76,70
blue,35,38,121,106,100,18,61,124,76,9
red,0,61,140,69,93,46,67,121,49,111
red,36,40,121,29,153,112,130,19,76,110
blue,88,125,121,51,5,105,28,155,69,82
red,31,65,121,137,128,110,61,109,51,82
blue,37,28,155,51,53,74,40,121,116,153
red,90,60,55,29,99,127,38,155,116,118
blue,104,61,121,69,128,78,40,3,136,153
blue,19,13,35,120,4,67,134,91,109,128
blue,110,38,143,51,5,0,134,2,133,45
blue,78,142,151,17,108,37,26,129,116,158
blue,78,46,43,51,4,112,61,120,129,12
red,103,102,26,156,45,146,155,23,51,82
red,90,61,33,29,82,72,60,140,106,119
red,48,65,121,85,5,22,111,155,76,71
red,48,38,121,119,100,146,58,0,129,82
blue,107,61,140,76,82,72,13,41,17,9
red,74,145,143,29,108,90,13,138,17,45
blue,117,38,23,76,74,62,155,2,50,128
blue,146,23,1,51,66,31,130,121,50,45
red,2,38,142,9,82,22,61,121,136,100
red,0,40,64,76,14,90,124,56,69,80
red,92,54,48,69,80,151,40,121,76,5
blue,151,28,155,17,45,112,67,43,106,74
blue,121,38,56,69,74,102,46,68,76,5
blue,0,111,121,76,74,102,88,56,106,5
blue,151,28,155,83,82,0,142,120,29,140
blue,145,38,121,69,114,110,154,63,51,45
blue,0,104,121,106,5,131,38,143,76,128
blue,52,87,121,51,82,31,104,159,50,5
red,74,134,2,50,70,18,60,11,116,45
red,103,130,11,109,5,37,58,19,136,53
red,0,65,57,24,99,43,46,121,129,82
red,11,60,129,51,82,0,67,155,133,70
blue,2,13,121,8,82,18,38,132,17,5
blue,38,102,121,17,83,31,40,11,51,82
red,146,149,104,129,82,43,154,143,49,100
blue,155,13,89,76,158,103,134,64,52,82
red,72,142,114,51,66,127,46,136,29,82
blue,112,30,94,52,110,117,40,68,51,82
red,0,67,110,51,128,101,46,32,9,82
red,144,61,105,52,128,31,27,155,49,82
red,0,13,155,120,82,25,51,54,137,119
blue,35,13,138,133,70,22,149,55,17,93
red,18,154,143,76,5,0,88,120,69,70
red,150,145,83,50,128,18,61,6,116,79
blue,145,107,55,51,82,135,58,159,69,99
blue,31,38,104,51,4,150,142,55,120,82
blue,31,5,32,87,82,137,88,56,29,16
red,36,58,89,69,100,114,84,43,51,82
red,18,75,124,29,153,31,97,143,69,80
blue,92,67,155,29,114,31,142,132,51,82
red,151,61,104,106,82,90,65,143,9,158
red,84,130,26,51,82,115,65,64,76,158
blue,0,5,56,116,70,34,102,104,120,66
red,0,46,136,137,126,57,134,32,106,82
blue,102,111,121,76,108,0,46,136,24,5
blue,151,155,26,106,82,0,60,43,19,108
red,160,30,94,51,82,112,25,26,116,45
blue,62,13,143,76,100,78,23,3,150,82
blue,104,67,3,51,66,47,65,2,129,82
red,37,142,159,76,82,77,40,114,9,16
blue,48,38,121,106,82,115,142,151,109,93
blue,31,38,68,49,46,72,111,158,63,82
red,47,13,129,109,82,22,86,122,51,158
blue,110,23,33,16,5,43,134,0,156,45
blue,74,98,56,29,128,103,37,11,8,100
blue,101,61,143,156,128,127,154,35,29,109
red,131,149,64,76,70,47,40,2,106,82
blue,0,38,140,76,82,31,61,1,17,12
red,37,61,53,76,108,35,38,55,137,70
red,127,61,94,69,80,18,37,138,76,5
blue,127,65,2,76,45,59,60,55,106,80
red,95,65,143,76,70,92,38,7,136,118
red,103,61,148,51,126,90,130,143,116,70
blue,151,126,124,133,70,47,77,143,76,53
blue,0,13,94,157,96,31,134,32,29,45
blue,114,65,104,137,4,34,60,120,9,126
red,114,102,3,24,93,74,30,56,50,79
blue,150,65,121,76,9,114,38,132,51,93
red,102,60,143,17,71,114,98,1,76,80
red,92,40,143,51,100,77,38,19,17,82
red,35,125,68,129,127,92,60,143,17,123
blue,59,92,151,51,74,0,54,125,129,128
blue,92,38,1,106,80,37,61,125,17,12
red,92,46,120,9,5,123,134,143,76,130
blue,92,103,125,157,128,123,60,33,17,148
blue,18,134,142,85,14,92,13,55,76,45
red,67,65,55,137,82,92,104,42,106,14
blue,22,134,2,17,160,92,130,55,129,100
blue,43,54,41,116,100,92,142,143,129,80
blue,0,134,158,49,74,151,67,120,29,96
blue,127,38,124,106,119,0,60,121,51,158
blue,86,98,105,17,160,0,88,104,49,124
red,62,61,124,9,158,86,125,2,76,82
blue,18,142,64,29,53,150,23,77,17,79
red,103,30,35,76,12,36,94,2,17,82
red,127,61,132,8,74,135,86,125,17,45
blue,0,26,35,49,53,47,142,109,129,45
red,37,60,55,51,93,114,26,91,17,45
blue,41,61,121,17,14,74,134,19,51,30
red,0,38,121,29,126,31,58,2,17,53
red,35,134,19,76,9,62,151,64,116,118
blue,3,40,19,137,53,0,134,151,116,153
red,68,141,62,51,128,3,58,0,147,74
blue,101,75,79,51,93,78,74,34,17,53
red,103,98,33,52,100,88,84,155,76,70
blue,134,65,1,17,80,0,67,155,51,82
blue,90,46,124,9,74,92,134,143,51,128
blue,31,44,51,76,160,135,46,83,52,96
blue,59,124,3,51,128,88,98,43,29,80
red,35,142,121,76,126,31,28,0,49,53
blue,151,75,32,49,139,102,46,143,51,82
blue,115,77,56,76,4,123,38,11,51,82
blue,150,23,3,9,66,110,26,125,76,4
blue,95,65,19,129,153,0,23,150,50,128
red,74,142,132,129,158,0,40,21,50,45
blue,90,65,26,137,119,25,58,104,51,82
red,151,40,155,17,139,150,86,120,51,45
red,31,27,129,8,74,37,124,0,69,93
blue,18,124,150,9,4,43,88,104,129,53
blue,37,102,94,106,82,144,75,132,51,16
red,127,28,94,129,109,0,46,1,51,16
blue,0,124,55,69,100,59,5,150,51,82
red,72,38,1,17,93,22,67,142,9,160
red,115,84,151,51,82,107,111,124,69,93
blue,2,13,150,136,160,127,58,11,17,158
blue,38,92,2,133,93,151,54,43,17,53
blue,154,13,54,133,126,31,141,144,76,160
blue,0,54,125,76,45,35,40,140,49,5
red,152,67,71,51,74,25,77,140,116,70
blue,74,84,69,8,37,103,111,26,51,4
red,104,28,3,17,53,77,38,122,136,9
red,107,65,55,137,119,144,13,150,50,53
red,101,154,10,17,71,0,134,109,29,45
blue,135,60,121,17,9,77,40,38,51,82
red,112,86,140,129,5,90,94,121,52,4
blue,107,87,154,129,53,158,60,1,51,82
blue,104,38,32,76,9,72,149,159,29,80
blue,151,67,125,49,74,0,40,138,137,100
red,18,98,89,116,70,36,30,132,133,118
blue,31,60,129,17,158,127,58,121,133,108
blue,90,142,64,29,9,47,40,158,133,45
blue,0,40,56,49,96,112,142,143,17,66
red,107,65,104,51,82,137,28,121,24,126
blue,37,149,143,76,128,22,40,148,133,100
blue,103,130,2,76,96,22,65,144,133,70
red,107,60,68,85,158,92,84,151,29,66
red,22,61,2,29,45,18,84,33,51,66
red,0,84,26,29,16,74,61,143,17,53
red,83,13,26,76,158,48,30,136,17,96
blue,34,38,55,116,119,112,77,109,76,53
red,121,40,151,8,120,112,58,137,116,153
blue,77,134,1,9,121,112,149,140,17,120
red,112,142,121,133,100,0,88,104,29,74
red,0,58,121,29,93,35,38,48,120,160
red,112,38,140,133,74,0,60,121,8,71
blue,0,67,19,29,153,112,26,121,8,70
blue,0,97,64,129,82,112,65,1,76,16
red,144,145,138,49,5,78,40,151,76,128
red,88,40,143,133,153,0,5,121,51,118
blue,48,67,3,17,70,83,134,151,29,109
red,34,38,11,109,82,47,60,121,29,108
blue,37,13,43,133,74,107,61,19,109,5
blue,137,23,95,49,74,90,46,56,116,118
blue,74,58,26,9,5,3,142,120,147,126
blue,31,58,121,76,45,103,40,124,49,14
blue,18,142,55,106,128,143,145,35,51,93
blue,7,38,43,17,74,121,134,110,106,93
red,88,84,151,17,12,0,145,143,51,5
blue,19,102,68,52,126,36,134,121,133,153
red,3,92,121,76,96,31,154,55,17,5
red,74,124,125,17,82,131,97,121,76,109
blue,110,23,94,109,79,0,67,26,76,96
blue,2,38,158,17,119,31,23,115,51,108
red,18,30,43,49,74,47,87,150,9,160
blue,31,38,140,69,53,37,23,150,29,71
red,103,125,143,76,128,0,38,1,106,100
red,31,38,68,129,82,88,130,121,49,109
blue,77,23,142,76,5,31,26,151,9,100
blue,48,84,3,116,128,0,61,143,17,82
red,102,60,23,51,45,2,145,151,133,70
red,0,27,151,137,99,74,60,121,109,53
red,90,74,151,29,153,101,117,143,49,80
red,3,46,41,17,80,95,54,32,150,109
red,72,38,56,51,82,74,60,121,151,91
blue,131,26,151,25,108,101,38,1,29,53
blue,155,67,151,76,74,41,58,121,51,93
red,0,61,30,51,82,18,40,121,129,15
blue,19,142,121,24,92,102,61,124,133,5
blue,92,134,133,49,119,103,142,138,76,100
blue,110,111,143,9,108,18,125,121,76,118
blue,3,13,121,49,128,74,26,143,76,99
red,48,117,2,51,45,59,125,94,29,148
red,35,98,124,76,118,57,134,26,17,153
blue,97,60,26,8,158,35,40,3,51,128
red,0,67,26,76,119,18,130,33,69,80
red,43,86,64,49,45,31,58,143,24,53
red,101,84,125,8,45,151,130,26,122,108
blue,43,30,94,29,53,74,38,138,69,100
blue,22,142,26,51,5,43,141,121,17,45
red,0,28,140,116,45,22,75,26,69,128
red,0,65,56,85,4,115,38,26,17,128
blue,18,30,94,137,70,0,5,155,76,74
blue,151,155,154,106,45,107,58,19,29,153
red,150,154,29,106,74,62,142,32,109,4
blue,34,44,120,17,53,155,65,103,29,9
red,114,58,132,71,108,150,13,64,29,14
red,18,54,151,136,96,92,121,0,52,100
red,18,38,2,106,100,90,60,121,116,9
red,107,84,125,17,80,155,60,148,76,14
blue,151,142,64,106,126,31,60,140,150,153
blue,31,13,68,29,83,107,65,56,106,53
blue,101,54,120,29,12,34,60,105,106,83
blue,35,28,56,106,118,102,38,121,49,74
blue,84,58,68,69,119,151,5,3,76,128
red,47,60,56,17,71,131,38,1,106,126
blue,31,154,143,29,158,39,23,150,116,45
red,0,26,101,51,74,112,23,142,69,93
blue,22,142,104,69,128,31,30,136,29,12
red,110,134,114,109,126,57,130,143,29,82
blue,74,38,64,17,128,110,26,150,29,119
red,131,13,132,49,53,95,26,129,17,109
red,88,38,23,8,5,107,65,1,51,120
blue,0,26,115,129,96,31,58,104,76,153
blue,154,13,11,133,153,0,40,68,116,53
red,37,65,19,17,66,2,38,1,8,82
blue,47,28,3,129,5,19,94,143,116,66
blue,47,13,114,51,91,74,38,150,157,80
blue,37,142,64,76,93,31,13,131,157,18
blue,74,28,155,133,100,35,38,64,9,70
blue,107,13,120,51,128,18,58,121,116,124
red,31,154,120,116,16,38,98,122,51,82
blue,36,61,1,51,66,121,98,129,76,45
red,77,23,129,150,82,112,38,33,76,99
blue,74,60,121,76,82,0,142,19,24,100
blue,81,54,155,8,74,37,38,68,106,99
red,18,60,121,9,93,43,30,155,51,66
red,110,30,38,133,158,47,134,33,9,109
red,123,141,124,106,74,110,46,55,69,80
blue,18,40,32,51,14,92,130,121,52,99
blue,2,40,150,116,128,18,67,155,51,74
blue,47,38,94,54,100,0,23,150,51,93
blue,0,46,1,129,66,22,142,32,109,5
blue,114,75,6,24,80,74,61,124,8,70
red,92,61,33,29,53,47,65,0,133,45
blue,18,134,151,157,5,31,65,124,76,80
red,110,98,7,129,5,18,38,143,76,100
blue,22,38,25,8,139,59,46,56,137,12
red,39,134,3,9,70,0,38,138,51,158
red,74,67,155,9,16,11,126,121,50,70
red,31,134,159,17,53,77,65,144,116,100
blue,101,13,2,8,119,134,58,43,29,45
red,39,27,151,29,70,90,38,19,129,82
blue,101,134,144,17,158,47,58,64,76,45
red,107,60,0,76,66,95,23,132,157,108
red,78,60,107,51,93,95,124,3,17,71
blue,103,23,150,147,12,47,65,20,85,70
blue,47,75,26,109,33,127,142,3,133,66
blue,31,134,21,76,82,92,142,144,156,119
red,0,23,121,51,96,84,117,38,76,82
blue,43,117,2,76,153,151,126,143,17,45
blue,112,134,26,8,99,154,60,144,76,45
red,47,58,121,9,109,26,142,91,76,5
red,151,60,89,133,53,110,5,121,76,45
red,18,87,150,54,4,36,61,136,17,82
blue,102,84,159,24,71,0,130,122,123,108
blue,0,58,140,51,4,114,40,121,116,82
red,101,84,150,129,82,18,60,121,29,153
red,0,124,55,49,71,2,67,38,116,74
blue,150,111,144,51,100,18,124,37,9,4
red,90,27,43,108,30,59,86,89,51,93
red,0,92,11,9,160,47,37,140,150,4
blue,101,124,143,49,70,3,117,150,109,119
red,151,65,138,150,70,43,86,140,106,100
blue,36,67,0,9,12,31,84,121,17,82
red,31,124,19,8,45,37,38,88,69,74
red,31,38,19,9,53,110,40,105,76,74
red,2,107,43,51,74,31,46,19,17,99
blue,0,84,94,24,45,114,60,121,76,99
red,18,27,155,133,53,114,46,122,116,71
red,18,58,159,133,12,47,46,2,51,66
red,107,46,159,17,71,22,130,6,29,108
red,22,46,41,51,80,115,142,11,120,96
red,74,13,121,49,93,150,60,1,120,119
blue,22,38,121,150,74,18,46,143,129,99
blue,112,92,64,133,45,37,155,23,106,14
blue,22,125,68,76,96,131,134,56,106,128
blue,0,25,104,85,100,112,40,121,9,148
red,22,13,33,29,79,88,130,124,76,45
red,22,87,55,106,5,74,141,121,17,79
red,31,102,89,51,37,22,103,64,69,128
red,0,102,121,106,80,22,141,94,109,9
blue,150,26,71,29,100,112,75,94,54,119
red,0,74,143,69,80,22,28,53,9,160
red,112,125,89,51,100,90,88,91,157,82
blue,112,65,143,69,70,104,102,159,9,93
red,151,142,68,9,119,31,38,64,49,5
red,0,61,120,76,66,130,46,144,17,45
red,114,65,159,24,53,88,60,140,29,71
blue,88,65,138,133,119,0,84,43,24,112
red,114,58,64,49,45,88,13,140,106,99
red,3,104,43,49,12,88,40,121,133,70
blue,103,134,140,51,4,101,121,122,9,128
red,154,134,143,17,45,105,46,38,76,82
blue,151,142,68,17,128,2,75,33,51,14
blue,92,102,121,29,110,0,44,124,129,100
red,127,30,142,8,45,0,23,11,133,82
red,115,154,144,51,74,47,84,94,17,27
red,0,87,68,49,18,47,58,154,51,71
red,34,154,94,133,108,37,125,124,29,158
blue,101,111,1,8,123,0,102,154,51,82
red,101,26,129,17,92,151,84,154,150,45
red,154,124,150,51,82,151,61,23,29,5
red,154,58,120,24,12,84,60,134,54,153
red,154,142,56,76,160,18,27,33,17,14
blue,37,75,2,116,70,7,61,33,51,93
blue,154,13,56,85,119,114,97,7,24,5
blue,47,104,144,76,109,114,58,154,50,148
blue,154,67,64,29,9,92,58,159,24,160
red,151,13,104,51,128,154,38,83,129,93
blue,150,54,154,76,148,155,61,104,50,119
blue,114,46,121,51,5,154,84,3,49,140
red,154,54,142,52,121,59,40,77,51,153
red,154,98,124,85,119,103,77,120,129,66
red,134,46,137,133,82,77,111,154,29,12
red,154,87,142,116,158,110,40,143,137,45
red,144,77,154,24,71,22,142,55,51,82
blue,31,88,121,106,70,72,13,33,24,80
blue,103,38,121,116,4,154,40,1,106,82
red,135,46,33,122,100,154,86,23,51,41
blue,22,60,114,49,93,18,54,154,76,119
red,154,60,155,17,70,81,86,120,85,109
blue,151,65,159,24,124,154,38,125,29,15
blue,135,38,154,17,100,151,61,2,24,15
red,31,97,154,137,82,57,77,143,106,74
blue,110,37,138,51,70,48,28,154,76,5
blue,154,38,150,85,100,103,146,121,24,128
red,37,38,154,76,53,92,60,122,69,70
red,112,13,154,106,128,131,54,132,1,79
red,31,60,154,8,53,101,13,55,116,70
blue,0,125,154,69,70,113,102,122,17,128
red,151,98,154,116,119,110,38,125,124,53
blue,127,98,154,51,70,144,141,129,17,79
blue,127,102,154,76,66,18,141,120,69,118
blue,110,125,144,109,9,84,40,48,133,45
blue,18,13,2,136,9,110,28,151,109,108
red,151,28,155,17,83,115,38,140,51,93
red,0,58,140,49,53,31,65,159,76,108
red,95,130,59,133,158,37,88,1,52,93
blue,72,154,38,116,128,47,40,89,76,4
red,104,60,122,9,82,135,74,159,17,70
blue,135,38,120,63,70,90,54,150,51,82
blue,95,86,122,133,70,37,134,125,51,148
blue,90,46,89,129,128,110,38,121,17,158
red,62,67,122,51,158,0,30,124,8,70
red,129,30,151,150,96,34,149,2,51,93
blue,150,130,2,76,118,74,54,143,49,66
blue,31,104,56,50,14,0,74,143,9,16
red,0,58,133,109,83,92,142,33,51,12
blue,92,54,3,8,16,0,60,120,51,82
blue,62,40,121,24,82,34,149,143,8,128
blue,38,26,155,51,158,110,54,142,106,128
blue,0,92,159,83,53,22,54,139,76,111
red,74,102,143,76,119,134,111,142,9,108
blue,135,40,129,19,153,18,27,59,51,41
red,74,27,137,17,9,0,26,35,76,14
red,90,92,132,50,160,110,61,2,76,53
blue,83,60,140,29,100,18,61,121,129,5
red,18,40,71,52,5,123,75,122,17,128
red,18,28,19,129,93,151,98,11,76,160
red,2,131,151,85,119,101,104,124,76,16
blue,22,124,3,9,45,41,61,114,17,118
red,31,75,114,49,53,54,23,150,85,112
red,59,141,114,133,153,151,54,155,109,126
blue,18,65,132,24,108,103,13,122,29,53
blue,18,87,114,106,82,90,13,1,17,128
blue,18,46,33,49,5,78,58,21,76,128
red,104,46,150,116,108,90,23,121,129,14
red,131,74,129,157,93,47,134,114,116,4
blue,151,13,89,116,70,47,98,71,106,45
red,46,125,32,17,128,48,154,64,116,108
red,115,58,159,106,128,3,125,32,122,53
blue,0,75,53,9,70,101,58,104,17,71
red,34,58,2,9,70,117,98,68,69,80
blue,102,26,151,17,160,127,38,150,49,45
red,102,98,150,51,82,144,65,121,29,16
red,74,13,136,51,12,37,23,43,17,45
blue,34,125,55,17,53,103,102,143,76,66
red,150,65,0,109,108,34,26,132,17,53
red,112,61,2,49,158,121,94,64,17,79
red,101,65,26,24,109,0,86,55,8,100
blue,90,92,2,51,14,34,65,121,157,45
blue,18,84,86,8,158,78,40,53,29,12
blue,22,58,68,85,12,107,25,55,9,160
red,37,65,68,24,128,131,38,87,17,119
red,18,111,151,51,79,90,38,68,137,5
red,101,38,68,109,108,0,40,150,53,71
blue,115,75,104,29,66,59,38,53,106,128
blue,0,126,2,17,118,3,84,155,29,53
blue,35,141,120,76,66,114,58,3,157,82
blue,47,92,3,157,5,35,65,124,51,82
blue,0,67,48,157,128,22,154,1,49,82
blue,0,46,121,157,82,31,40,55,8,119
blue,34,142,21,157,128,92,65,64,133,100
red,121,13,115,157,66,90,46,23,9,109
blue,29,61,73,49,12,11,149,38,157,93
red,95,60,150,157,118,151,141,143,51,4
blue,101,84,121,17,79,3,40,129,157,14
red,31,60,71,76,82,90,149,105,50,100
blue,48,58,33,157,126,110,40,56,17,153
blue,38,28,94,157,12,74,60,64,24,100
red,0,142,138,157,82,22,87,143,129,66
red,18,60,15,109,108,101,92,157,116,45
blue,0,67,3,69,118,43,134,83,157,108
red,112,125,157,116,70,47,74,93,129,96
blue,92,124,155,157,109,2,130,125,29,153
blue,48,142,2,157,5,3,38,124,49,121
blue,101,60,120,69,80,95,78,77,157,99
blue,127,65,138,76,82,151,54,101,133,12
red,39,38,143,29,96,77,65,159,76,14
blue,41,38,55,129,66,0,65,121,76,14
red,47,102,143,129,14,151,77,55,76,70
blue,110,60,121,50,119,34,38,132,116,96
blue,47,87,148,17,108,145,58,33,9,139
red,3,84,131,109,119,31,87,140,76,82
red,47,124,150,109,119,101,87,19,52,128
red,0,38,39,109,12,22,61,138,76,93
red,146,26,94,51,14,43,65,142,129,4
red,88,23,140,133,53,110,60,33,51,96
blue,2,107,1,150,96,0,134,124,51,82
blue,114,91,151,136,66,3,67,94,76,5
red,18,67,155,24,82,131,58,68,133,80
blue,151,87,144,49,148,131,65,104,76,41
red,107,87,155,49,82,59,84,151,9,74
blue,131,38,142,137,109,18,13,140,29,45
red,47,92,56,129,74,134,98,53,24,82
blue,65,75,121,85,153,43,38,2,8,128
red,151,154,159,109,12,127,40,72,76,9
blue,22,67,125,106,5,0,13,143,85,12
blue,31,130,56,51,14,0,61,132,17,12
red,103,127,89,133,128,31,98,11,49,45
red,11,86,92,54,14,137,38,37,116,16
blue,43,124,11,49,9,134,54,155,133,158
red,22,130,143,51,108,47,134,7,106,5
blue,112,46,56,9,5,151,142,72,17,126
blue,150,155,37,129,74,72,141,121,76,96
blue,31,65,124,17,74,0,98,121,116,153
blue,90,149,143,29,45,105,141,56,24,71
blue,2,38,121,85,119,47,26,59,150,37
red,47,104,72,116,128,48,26,64,17,45
red,18,58,159,51,93,145,124,94,9,12
red,3,38,56,17,74,110,87,26,29,71
blue,34,141,33,63,70,22,38,121,136,45
red,43,142,143,136,82,20,13,148,29,108
red,22,46,157,9,108,90,30,121,8,93
red,34,38,32,17,53,127,125,21,156,100
blue,18,154,1,106,5,151,61,120,156,158
red,0,30,114,137,158,34,40,57,49,153
blue,114,27,155,9,82,77,61,121,17,93
red,0,102,56,76,14,91,145,121,17,53
red,110,23,83,133,70,72,75,150,76,5
red,3,13,83,49,82,134,60,1,17,45
red,47,65,56,52,53,34,98,143,9,12
red,0,92,154,52,108,151,23,3,106,80
red,0,130,132,9,123,115,142,148,8,12
red,114,58,64,133,153,2,154,150,50,123
blue,35,27,64,24,158,0,124,155,9,14
red,127,61,36,17,109,18,58,11,116,121
blue,19,38,144,51,5,88,142,26,9,79
blue,90,38,53,17,18,47,75,37,29,130
blue,0,40,143,52,5,131,154,129,29,53
blue,22,23,26,116,93,131,38,121,51,16
blue,0,26,121,52,160,41,38,33,133,70
red,121,98,144,63,70,110,102,148,17,82
red,35,30,121,49,93,67,40,132,17,53
red,103,40,121,49,158,81,28,56,116,45
red,88,58,138,129,126,0,102,143,116,100
red,101,134,121,51,99,154,84,150,85,82
blue,31,65,33,76,14,84,61,121,106,4
blue,88,65,64,69,93,47,67,143,8,5
blue,104,113,64,129,82,22,91,11,76,126
red,41,65,94,17,126,25,61,120,49,70
red,134,88,11,24,79,41,46,19,17,93
red,41,30,150,49,74,40,61,124,109,158
blue,84,46,2,24,5,92,54,56,115,82
red,151,61,56,24,121,0,134,19,8,108
red,101,26,155,76,12,103,38,6,150,4
blue,78,98,6,41,93,35,27,11,24,74
red,25,38,19,133,4,107,61,59,76,9
red,131,27,155,51,93,102,61,1,137,74
blue,0,134,89,109,108,131,124,3,51,82
blue,31,131,32,51,93,0,141,104,29,12
blue,131,65,148,51,121,0,155,23,85,126
red,131,65,2,8,45,151,134,132,29,158
blue,43,61,87,116,41,131,67,35,51,119
blue,131,111,148,8,119,0,38,159,24,99
red,25,38,19,49,74,95,23,104,9,121
red,92,65,155,51,121,47,58,140,69,53
blue,41,98,155,116,121,31,38,68,158,119
blue,20,38,121,54,96,104,98,23,17,74
red,154,38,11,17,93,18,60,159,76,119
blue,127,154,151,51,96,86,111,155,120,45
blue,112,27,35,8,128,103,65,124,29,37
blue,127,155,54,9,53,103,46,26,129,100
blue,103,87,1,51,80,101,67,151,120,93
red,103,26,38,49,159,3,154,121,8,126
blue,103,86,32,51,70,31,98,122,8,4
blue,103,111,77,17,16,37,23,91,150,96
blue,103,13,104,116,153,74,155,11,17,79
blue,112,145,155,76,80,18,84,105,49,93
red,101,23,136,106,74,31,141,121,150,123
blue,41,67,7,52,5,0,25,103,50,80
red,35,61,121,76,93,151,40,1,109,119
red,0,28,120,142,70,24,61,103,56,99
red,110,26,103,129,118,123,13,32,147,133
blue,103,88,32,109,93,110,104,159,129,66
blue,121,149,1,136,99,110,30,3,51,4
red,104,75,103,106,14,37,40,2,17,66
blue,18,134,33,137,93,22,38,121,29,96
blue,104,74,103,106,128,95,67,160,49,45
blue,47,40,57,116,118,77,69,121,29,96
red,22,65,68,51,66,47,74,151,106,99
blue,2,107,104,9,83,62,102,124,51,33
red,0,98,157,9,93,47,102,150,122,4
red,48,38,87,9,53,47,61,144,116,153
red,43,61,59,116,12,83,40,64,9,114
red,31,30,158,17,126,78,40,121,76,108
blue,74,38,25,51,93,146,88,121,29,53
red,43,107,121,116,74,0,23,129,9,53
blue,62,58,55,129,37,0,65,121,17,80
blue,36,65,159,9,53,92,61,89,116,93
blue,34,23,155,17,45,0,61,114,150,160
blue,18,40,109,133,153,0,38,64,129,66
blue,137,13,104,129,70,101,38,32,76,83
blue,112,74,144,129,159,88,38,120,49,139
blue,127,30,151,76,53,0,124,150,109,82
red,151,38,143,106,93,154,61,51,24,59
red,18,27,155,116,126,104,125,105,115,128
red,97,134,94,109,128,131,46,56,54,12
red,127,61,72,8,128,95,84,159,29,83
blue,22,107,151,17,71,113,84,143,106,82
blue,95,61,53,76,96,90,58,151,106,93
red,131,58,74,51,4,144,102,120,29,45
blue,47,61,71,17,100,0,65,124,50,70
red,22,38,105,9,14,135,142,158,8,100
red,150,142,119,24,30,103,46,2,76,5
red,101,23,64,24,82,78,30,43,17,74
blue,101,84,94,24,80,95,102,143,9,128
red,115,65,110,63,70,39,40,26,76,9
blue,112,97,72,9,93,150,23,3,24,126
red,92,38,94,109,126,0,61,64,17,70
red,74,84,151,9,70,0,40,2,76,128
blue,103,65,1,51,12,0,111,55,142,70
red,0,13,11,129,82,41,79,48,52,100
blue,0,58,68,147,111,22,86,121,8,45
red,145,13,68,136,100,155,60,121,150,14
blue,43,38,143,109,93,0,30,144,51,16
red,143,60,94,106,121,103,86,11,17,12
red,127,65,68,51,93,150,92,143,29,4
red,88,102,122,49,93,0,13,11,109,140
blue,83,25,159,133,160,0,38,148,76,70
blue,0,38,154,24,14,90,88,121,69,82
red,48,92,55,17,158,20,134,150,136,9
blue,151,44,122,133,153,0,40,2,51,158
blue,145,58,89,136,5,90,38,121,9,70
red,0,13,132,49,128,114,38,64,76,14
blue,59,46,121,51,158,150,38,55,29,53
red,34,149,19,17,126,47,60,68,147,128
red,0,58,37,17,128,103,142,154,116,93
blue,107,38,21,49,128,2,58,121,69,153
blue,84,98,68,116,82,0,26,160,51,128
blue,84,38,104,116,96,0,107,150,24,128
red,90,117,95,109,45,78,24,134,29,128
blue,22,77,144,9,53,110,126,32,17,71
red,95,61,39,29,45,127,40,18,17,71
blue,90,38,121,24,45,18,61,143,49,53
blue,90,38,143,69,79,104,58,68,155,91
red,47,58,119,29,153,31,28,2,9,93
blue,31,13,78,109,158,135,67,81,76,70
blue,18,130,56,51,158,0,61,120,29,14
red,103,38,64,76,14,151,40,68,50,119
blue,0,38,53,116,119,34,125,1,76,93
red,107,38,121,129,66,48,30,56,51,99
red,74,38,56,9,80,62,104,110,17,45
blue,31,65,56,29,93,2,134,83,69,126
red,18,84,115,49,74,31,26,56,129,14
red,151,38,56,133,4,72,49,0,129,45
red,95,65,55,76,114,22,142,56,29,93
red,0,58,68,29,100,155,141,56,17,71
red,92,38,2,129,93,90,58,157,9,160
red,102,107,135,29,53,37,23,150,76,9
blue,36,111,19,17,79,0,13,143,9,53
blue,0,38,55,106,82,22,40,56,51,14
red,135,13,11,133,4,78,113,143,137,70
blue,18,58,41,106,5,119,40,94,29,15
red,83,60,89,29,53,43,125,121,76,82
red,104,60,121,116,45,67,141,19,76,5
red,144,65,150,17,12,59,61,34,133,93
red,115,98,43,19,153,38,65,148,51,100
red,101,13,121,109,79,95,141,26,24,160
red,67,38,83,51,45,111,84,151,52,99
red,104,61,159,76,80,47,26,151,49,45
red,90,58,55,8,53,0,61,121,85,118
blue,35,67,151,49,118,47,40,26,8,119
blue,150,97,68,17,66,19,38,94,136,119
blue,0,13,23,9,87,95,60,104,29,118
red,0,23,139,76,118,88,134,122,17,100
blue,18,40,56,69,80,47,38,138,156,153
red,47,27,120,29,82,34,88,144,76,5
blue,145,134,114,51,118,47,98,120,76,70
blue,112,65,64,85,93,47,154,23,76,148
red,31,86,122,17,71,47,74,121,133,126
red,47,38,122,133,80,2,58,121,51,70
red,47,111,132,116,153,48,98,122,76,5
blue,134,124,155,9,14,90,65,125,49,45
red,18,65,55,123,108,3,26,155,129,14
red,47,134,78,69,139,22,23,125,106,80
red,47,26,125,116,100,92,61,44,52,9
red,47,27,33,8,74,18,102,121,51,96
blue,47,107,144,69,82,72,38,157,29,93
red,31,102,121,106,119,151,30,129,137,126
blue,47,65,122,137,70,101,38,124,49,82
red,47,13,32,17,71,90,134,136,49,16
red,104,60,150,51,82,47,13,1,29,93
red,47,30,151,136,14,31,65,121,17,119
blue,41,86,83,17,79,90,111,94,49,119
red,47,124,151,50,119,127,24,112,49,12
blue,47,111,103,116,99,59,58,151,133,53
red,144,13,129,133,14,18,61,124,50,70
red,47,134,41,129,119,88,38,143,24,5
red,25,40,26,116,83,144,60,121,9,70
red,101,38,143,49,119,25,126,19,106,128
red,90,141,143,85,128,34,130,32,116,126
red,152,74,138,9,100,114,65,143,52,18
red,129,5,32,85,45,112,141,2,76,93
red,74,65,1,85,128,88,60,2,106,109
blue,144,75,11,85,70,101,54,158,76,5
blue,36,142,143,52,128,0,26,68,129,126
red,0,58,64,9,16,48,98,26,85,111
blue,48,130,121,9,37,0,61,33,52,4
red,78,86,32,85,70,84,92,19,29,153
blue,13,98,121,51,82,115,30,155,52,93
red,74,40,143,85,126,72,13,150,51,128
red,18,141,120,85,119,151,154,1,17,126
red,11,142,26,85,100,0,60,159,17,45
red,110,61,105,51,82,67,87,55,133,108
red,127,40,150,54,82,78,145,0,9,100
red,0,104,121,133,74,95,23,155,150,82
blue,34,61,143,17,82,90,13,3,129,158
blue,47,86,53,51,82,92,46,55,106,100
blue,0,38,68,106,82,103,142,55,129,4
blue,92,154,121,49,82,90,13,43,136,160
red,90,75,144,17,82,101,142,121,49,160
blue,3,28,37,150,66,59,23,94,51,82
blue,131,126,37,8,83,123,38,64,51,82
red,41,60,0,9,100,42,38,1,109,82
red,62,65,6,118,12,72,134,151,133,83
blue,0,124,53,51,82,36,37,26,133,79
red,18,107,56,17,126,0,38,1,24,4
red,103,134,64,116,4,101,40,2,51,158
red,0,98,6,76,4,146,38,2,8,100
blue,59,111,158,106,4,34,88,64,137,74
red,104,26,125,137,153,86,98,122,8,106
red,150,13,132,51,74,86,154,155,156,153
blue,3,65,33,17,100,86,67,125,29,53
red,86,102,68,29,93,151,27,136,76,14
red,36,38,71,85,74,86,124,121,9,66
red,47,134,34,160,53,86,40,101,51,45
red,22,38,142,156,41,18,154,19,9,96
red,83,141,43,24,82,131,92,136,156,16
red,74,65,26,52,93,67,27,151,109,118
blue,131,155,122,17,53,35,84,140,116,5
red,35,54,32,129,4,78,5,143,51,14
red,78,113,94,17,120,151,61,121,106,74
red,127,84,151,24,118,119,149,121,29,5
red,107,61,2,51,126,0,30,150,49,158
blue,127,61,69,120,37,36,125,121,49,108
blue,151,142,56,17,108,47,61,26,115,128
red,101,61,140,17,70,37,38,159,29,53
red,88,61,133,136,70,2,38,68,49,14
blue,3,130,2,9,45,43,61,33,76,96
red,151,61,33,76,160,110,142,139,24,16
red,121,38,1,24,5,72,61,64,76,100
blue,134,61,11,51,4,110,60,109,76,93
red,127,44,140,8,128,25,38,64,51,80
red,103,61,159,69,80,101,26,120,106,153
blue,22,38,124,9,82,88,28,121,133,66
blue,18,38,143,24,16,110,102,59,29,100
blue,0,61,26,49,5,59,134,119,129,93
red,103,61,64,17,66,131,58,129,120,5
red,31,60,121,158,45,0,61,136,109,108
red,123,117,155,50,158,151,38,140,116,70
blue,90,61,144,9,119,107,38,138,136,12
red,142,60,124,51,5,91,61,68,24,12
blue,48,40,105,115,80,91,54,143,29,153
blue,47,26,155,109,9,77,61,33,51,82
red,88,149,26,29,9,137,102,140,49,5
blue,150,60,121,51,82,84,54,94,76,100
blue,31,61,1,29,119,94,38,124,76,82
red,47,61,19,24,93,103,84,139,17,5
blue,74,38,26,69,80,107,65,64,8,45
red,22,26,23,76,45,31,61,11,9,128
blue,18,38,136,85,119,90,141,19,8,96
blue,39,65,150,51,128,112,61,143,49,41
red,22,111,120,24,158,18,142,136,157,53
blue,83,23,129,136,126,36,26,121,52,128
red,110,107,55,133,45,114,23,143,24,108
blue,22,5,143,51,121,0,27,94,49,153
blue,0,130,26,51,46,25,88,142,71,153
blue,123,113,35,49,121,39,155,151,17,12
red,0,60,39,109,119,110,155,2,133,53
blue,84,125,3,147,160,0,154,121,106,93
blue,123,5,138,29,158,35,38,21,9,121
red,31,58,122,51,14,47,13,121,76,74
blue,84,60,129,76,124,7,5,91,51,74
red,3,23,127,106,92,78,125,140,63,99
blue,146,13,140,116,72,121,30,43,24,70
blue,22,130,89,76,153,123,126,38,106,121
red,67,88,121,51,14,48,38,104,17,16
blue,104,40,56,49,153,22,107,2,17,71
blue,0,141,64,29,53,3,65,143,17,71
red,145,65,55,9,80,18,134,64,76,160
red,84,46,64,156,153,0,61,121,49,45
blue,130,61,19,76,119,22,60,121,51,74
red,114,125,89,17,12,74,134,150,49,158
red,47,92,68,49,71,31,46,2,51,14
blue,146,30,6,17,119,131,86,122,133,96
blue,47,154,140,138,70,25,40,2,116,12
red,35,98,138,29,100,112,60,104,63,12
blue,31,26,1,17,74,119,125,68,9,82
blue,74,88,144,51,100,134,61,121,29,126
red,0,61,32,133,109,43,28,71,17,12
blue,123,111,2,116,87,41,65,68,50,119
red,150,65,155,17,45,0,61,121,109,119
blue,22,149,23,29,53,24,92,32,120,74
blue,0,23,150,17,4,62,58,120,137,74
blue,0,61,21,120,74,117,130,41,76,128
red,0,38,104,17,83,18,98,2,51,74
red,32,130,150,17,74,34,65,33,76,45
blue,48,40,138,49,12,74,130,143,69,153
red,22,134,150,52,74,0,61,23,76,45
red,103,60,38,49,74,88,67,121,69,80
blue,18,65,68,129,74,34,28,158,51,140
blue,104,46,43,49,74,0,58,121,76,82
red,41,65,23,17,74,3,54,43,109,12
blue,22,142,121,9,37,31,155,89,137,74
blue,154,40,158,9,100,35,38,33,51,14
blue,31,58,37,51,99,43,142,138,133,119
red,103,86,159,51,5,72,91,1,29,80
red,0,134,159,24,5,39,46,129,106,119
red,119,13,35,76,159,59,125,55,129,82
red,112,38,138,49,45,0,74,143,69,139
blue,145,65,143,51,74,31,38,148,120,45
red,36,38,56,106,4,18,94,159,29,111
red,31,58,91,51,66,112,38,55,150,96
red,151,28,3,133,82,34,46,104,49,5
blue,2,84,140,137,80,151,58,83,17,53
red,35,130,114,9,128,34,30,33,49,96
red,110,54,121,24,82,18,23,125,76,14
red,84,60,151,76,109,35,28,140,17,70
blue,144,60,83,137,14,35,38,56,24,45
blue,3,126,25,150,4,48,58,2,133,100
blue,35,60,56,147,45,39,133,124,8,100
blue,135,78,33,52,74,35,154,55,51,82
red,144,38,150,51,99,131,26,122,133,100
red,47,29,3,49,124,0,86,32,115,160
red,25,38,2,29,160,22,26,125,106,74
blue,127,38,143,85,153,90,98,122,29,12
blue,18,40,104,150,123,62,75,93,17,14
red,112,60,104,17,53,150,91,32,9,82
blue,103,38,121,106,82,92,142,104,50,119
blue,135,75,6,24,118,137,104,151,136,74
blue,47,125,104,17,120,48,142,1,137,70
red,18,65,104,17,79,103,13,144,133,74
red,102,74,143,63,12,18,28,104,76,82
blue,43,38,104,24,45,110,130,143,76,74
red,88,13,1,69,9,31,111,104,51,93
red,121,58,53,76,5,67,38,1,49,4
red,150,38,104,17,158,145,61,138,76,53
red,112,58,133,51,128,35,134,104,29,70
blue,31,60,2,129,4,18,98,104,116,82
red,31,38,68,29,126,144,65,104,129,82
blue,0,38,2,129,100,35,134,143,49,81
blue,31,142,143,17,118,101,23,43,9,108
red,72,46,120,129,82,127,40,73,133,70
red,110,5,143,129,82,0,91,146,76,79
red,112,54,2,129,100,35,86,121,24,74
blue,48,142,121,129,99,90,38,125,157,128
blue,107,13,143,49,14,112,134,155,50,53
blue,37,102,150,49,100,0,38,19,69,66
red,35,54,34,85,128,129,102,41,49,66
red,114,46,143,8,70,101,26,129,17,79
red,72,13,150,54,126,36,67,155,51,93
red,151,107,138,49,74,36,5,158,17,79
red,131,133,94,106,93,47,26,129,69,80
red,90,26,155,29,4,31,28,38,106,82
blue,47,61,138,69,80,150,23,132,24,128
blue,0,86,55,51,96,41,38,121,69,93
red,90,38,121,150,93,91,84,55,49,109
red,151,124,3,17,74,104,38,1,51,93
blue,47,28,35,17,158,110,38,1,108,82
red,18,77,1,85,118,62,30,3,147,53
red,43,44,48,52,5,0,107,121,17,119
red,110,5,155,54,119,36,37,143,76,80
red,74,102,11,29,18,41,154,56,147,16
blue,74,61,56,106,82,2,65,150,24,128
red,74,102,155,51,16,35,142,1,137,82
red,74,142,33,76,12,25,38,140,137,81
red,110,38,26,129,16,151,134,1,51,93
red,74,40,2,9,128,22,38,143,76,45
red,74,13,3,54,108,144,40,81,116,109
blue,74,58,2,76,53,101,27,155,51,14
blue,110,125,26,29,158,18,37,3,24,5
blue,11,61,155,109,82,151,113,72,29,126
blue,123,58,120,133,70,74,23,150,49,139
blue,22,61,144,17,74,107,40,120,129,70
blue,37,13,55,133,53,74,38,150,120,158
red,74,40,121,76,45,151,134,68,17,12
red,151,60,56,17,119,110,61,55,9,15
blue,90,38,155,29,118,18,58,144,76,74
blue,72,38,3,120,53,62,40,132,139,128
blue,102,141,143,51,37,114,149,26,76,14
blue,0,142,53,17,70,35,38,11,109,74
blue,31,38,121,76,37,47,54,146,106,82
red,37,61,32,109,108,131,23,89,116,45
blue,62,26,6,51,37,74,102,140,133,70
blue,22,141,155,133,153,78,38,151,52,37
blue,90,23,150,51,139,18,13,143,29,37
blue,43,98,19,133,70,151,134,83,49,37
red,104,102,83,24,100,47,154,115,122,70
blue,74,58,64,17,37,103,61,68,129,70
red,47,40,55,29,37,145,61,121,24,119
red,145,60,68,8,37,121,40,94,51,5
red,58,74,159,17,45,31,38,143,109,5
blue,92,134,109,29,37,46,111,104,51,70
red,107,40,56,51,14,151,28,26,76,37
red,114,111,151,109,108,90,142,121,133,14
blue,117,46,129,109,118,88,134,33,17,100
blue,47,60,83,109,108,18,134,33,9,5
red,78,61,32,106,37,3,154,143,76,96
red,2,134,94,129,119,0,65,51,109,82
blue,62,67,155,147,70,112,40,1,76,37
red,25,38,159,109,100,31,60,3,138,74
red,114,38,19,109,79,31,154,121,51,82
blue,0,88,56,150,12,112,23,155,139,108
red,36,61,53,49,37,0,60,26,76,128
blue,19,44,142,106,66,67,102,56,109,45
red,31,40,132,51,5,151,58,121,85,37
red,62,61,68,109,14,18,38,11,29,153
red,104,65,155,109,118,22,58,159,24,5
red,101,27,121,137,4,113,38,94,109,118
blue,101,38,138,109,45,113,40,1,9,79
blue,127,26,91,76,5,48,84,143,9,66
blue,117,44,94,139,153,34,38,143,136,109
blue,114,40,0,116,153,144,134,129,109,96
blue,142,61,54,76,83,151,38,1,139,82
blue,150,28,151,76,93,112,38,121,109,5
red,3,44,121,76,100,127,125,1,136,14
red,107,58,23,49,153,3,145,119,106,96
red,34,87,77,76,153,3,75,26,51,93
blue,146,88,71,116,53,72,13,19,76,5
red,3,5,121,129,45,67,104,109,116,9
blue,114,13,38,156,71,144,102,142,29,80
blue,22,134,142,109,108,0,88,144,76,74
blue,74,142,89,69,80,112,61,26,109,91
red,47,46,124,17,80,112,58,132,76,160
blue,90,65,37,54,108,18,125,73,49,74
blue,18,65,68,9,100,110,54,64,133,118
red,88,38,43,76,82,74,40,55,51,45
blue,47,134,158,106,82,37,124,101,17,109
blue,26,23,34,150,96,144,74,35,76,82
blue,107,40,158,29,153,18,84,121,51,53
blue,90,97,142,120,66,84,155,56,137,96
blue,48,134,155,52,93,114,27,121,51,4
red,114,98,32,133,70,54,125,142,24,53
blue,110,54,124,129,66,47,98,83,49,93
red,127,60,121,49,82,102,58,122,76,100
red,103,46,121,133,80,77,38,120,76,108
blue,47,13,144,76,5,151,134,21,17,79
blue,59,60,3,24,74,78,65,56,146,108
blue,137,27,32,109,18,37,38,143,17,108
blue,0,23,43,9,96,35,38,143,51,82
blue,127,38,68,106,66,107,102,121,29,80
blue,90,26,109,106,18,95,38,33,54,82
red,36,92,11,76,99,144,111,53,133,66
red,151,111,41,49,66,107,58,94,17,109
blue,90,61,105,3,109,107,142,64,51,99
blue,67,38,138,29,53,34,23,136,150,100
red,2,84,155,51,82,31,107,56,133,12
red,35,98,143,133,96,74,38,56,76,5
red,36,126,19,76,111,142,98,155,109,158
blue,74,61,94,69,9,103,65,19,136,12
red,67,38,94,109,12,155,54,120,49,80
blue,150,124,55,147,96,92,117,37,51,45
blue,91,84,143,17,108,107,38,1,49,123
red,90,38,55,133,66,31,58,121,76,45
red,91,38,33,51,5,34,102,144,129,79
red,25,38,159,120,82,151,54,114,9,45
blue,151,124,89,76,109,22,38,143,126,108
blue,31,67,151,76,66,43,38,19,51,99
blue,114,61,0,24,100,151,38,78,49,93
blue,48,38,68,51,128,134,86,121,63,100
red,48,98,11,106,66,103,27,122,51,82
blue,74,61,57,29,99,90,23,2,24,100
red,18,141,55,51,82,72,40,3,9,128
blue,22,86,1,133,45,123,30,151,76,128
blue,48,154,1,116,12,92,38,121,51,82
red,104,67,150,17,108,142,13,155,159,153
blue,0,40,23,29,153,34,125,121,50,45
blue,107,65,121,76,14,3,30,140,116,108
blue,34,28,151,17,120,115,141,2,51,128
blue,0,65,124,49,139,127,38,150,133,18
blue,0,61,143,85,96,114,38,121,51,4
red,47,134,124,51,82,0,142,1,24,110
red,102,65,124,8,128,0,61,121,133,9
red,31,40,150,129,160,22,58,159,8,66
red,31,46,68,24,81,18,75,26,17,82
red,41,40,121,136,93,155,142,138,49,45
red,43,40,64,29,4,2,13,11,150,14
blue,92,26,124,17,45,131,38,74,133,93
blue,131,60,33,51,119,18,40,158,76,45
red,31,26,143,17,4,113,60,55,129,93
blue,110,60,64,51,153,74,26,120,106,82
blue,151,154,55,76,119,127,67,26,17,153
red,114,75,136,29,109,0,26,65,115,70
blue,2,92,151,85,158,103,60,64,63,153
red,78,38,155,129,82,151,61,89,49,45
red,3,13,120,76,119,31,60,121,24,45
blue,78,26,65,108,100,90,141,68,76,5
blue,130,74,155,106,5,88,61,94,19,45
blue,101,91,138,17,18,0,28,124,8,128
blue,22,58,151,54,74,0,141,148,51,18
blue,0,134,55,133,45,43,30,56,109,126
red,0,142,119,29,9,110,38,1,137,93
red,22,58,64,51,108,0,134,109,69,93
blue,0,84,138,76,5,112,30,94,137,93
red,114,58,38,9,70,88,60,124,17,53
red,67,125,94,106,4,0,44,3,76,109
red,0,26,150,49,74,19,65,104,17,82
red,78,38,159,51,74,115,60,104,69,80
red,131,38,0,76,74,47,124,20,69,70
blue,0,27,143,76,66,48,30,104,129,53
red,90,60,140,51,128,0,38,121,17,79
red,77,58,121,129,79,102,130,144,51,74
red,146,87,150,49,126,88,58,26,29,53
red,74,75,19,17,108,67,134,56,29,53
blue,151,13,11,85,93,62,26,120,129,74
blue,127,30,146,24,93,115,13,159,49,53
blue,0,28,24,9,45,103,155,138,29,153
blue,115,58,33,137,9,74,38,68,106,108
blue,35,124,3,52,74,0,142,33,17,126
red,103,26,109,24,93,36,13,2,17,82
red,150,75,64,76,100,0,28,129,49,45
blue,0,102,32,76,70,150,154,19,49,119
red,31,134,151,133,153,0,58,121,76,74
red,43,54,155,9,79,62,23,3,76,70
red,31,102,151,109,148,0,30,2,63,70
red,74,58,104,129,100,43,134,68,76,9
blue,103,97,43,51,128,47,75,56,54,100
red,151,117,91,54,93,94,28,150,106,4
blue,22,98,63,109,74,114,58,11,137,93
blue,22,30,2,137,82,91,75,143,69,16
red,31,134,144,9,139,112,75,33,136,53
red,115,38,121,52,74,22,84,94,106,14
blue,110,130,101,49,148,19,61,155,129,74
red,31,13,121,136,80,78,65,142,49,148
blue,101,142,148,49,158,104,38,89,76,45
red,104,111,3,129,119,0,97,1,106,100
blue,47,142,140,49,9,0,38,51,17,45
red,31,141,1,76,53,112,60,55,24,108
blue,18,67,32,133,92,107,102,55,50,74
blue,137,154,55,9,53,88,38,94,157,119
red,151,38,121,17,128,115,40,148,76,70
red,114,84,129,8,70,2,60,150,76,119
blue,37,142,150,85,108,35,61,33,51,9
blue,18,23,150,51,93,48,154,144,76,66
blue,41,134,43,76,9,0,13,94,109,119
red,134,102,32,8,45,48,67,101,24,160
blue,127,102,143,17,80,78,92,89,51,130
blue,78,125,155,129,119,47,61,150,157,9
blue,112,134,2,133,70,90,61,33,24,46
blue,81,58,143,76,82,95,84,33,133,70
blue,91,142,144,9,15,90,38,68,133,70
red,18,125,71,129,82,0,84,7,133,70
red,112,84,151,129,100,37,142,121,133,80
blue,59,40,142,8,128,107,26,155,9,18
red,151,154,1,24,83,144,145,114,129,82
red,151,142,122,129,66,115,111,125,24,100
blue,3,30,104,24,5,151,23,125,108,80
blue,62,142,144,17,93,131,61,59,76,74
blue,0,60,133,17,126,62,38,55,119,108
red,18,23,155,29,9,2,40,35,129,82
blue,35,37,143,50,45,134,67,32,17,108
blue,39,77,56,150,82,25,102,143,106,126
red,7,75,151,133,70,104,134,158,76,109
red,77,88,144,17,79,135,23,150,29,66
red,59,74,94,76,100,0,142,143,133,70
blue,134,107,38,17,96,115,26,1,76,119
blue,90,75,32,69,70,151,23,56,76,5
blue,0,38,109,50,119,103,25,157,29,53
red,151,111,142,51,45,144,38,55,129,100
blue,144,134,151,129,5,22,13,1,49,53
red,31,124,34,50,108,144,87,150,8,121
red,0,75,53,49,139,144,98,155,17,126
blue,35,107,11,17,79,150,38,143,76,109
red,3,154,143,150,45,35,13,2,85,100
red,36,60,121,51,108,18,134,2,129,93
red,0,54,65,50,12,31,23,94,76,99
blue,31,13,64,9,45,74,94,143,17,109
blue,90,40,26,49,45,37,30,155,76,14
red,31,134,56,76,45,34,84,19,63,93
blue,0,124,2,51,82,31,134,159,76,5
red,47,145,71,120,9,110,130,143,116,126
blue,18,145,155,157,126,114,40,64,150,80
blue,22,23,89,17,153,31,26,55,51,108
blue,107,60,89,69,158,62,155,26,106,119
red,0,26,151,76,79,37,142,121,17,119
blue,0,13,144,133,153,114,125,151,24,45
red,22,134,43,76,100,77,13,55,51,45
blue,0,40,1,76,153,104,130,121,129,5
blue,2,107,121,137,118,0,67,155,17,119
red,37,38,55,49,153,22,65,155,51,45
blue,37,125,23,24,45,72,92,143,17,108
red,110,38,11,137,45,36,92,26,106,139
blue,48,142,1,49,41,0,65,140,51,45
red,104,40,89,49,118,41,28,155,17,53
blue,36,65,121,51,119,145,38,55,52,5
red,144,65,1,24,119,74,60,120,76,41
blue,114,98,160,9,93,137,126,37,69,118
red,0,30,140,24,45,31,38,2,17,153
blue,102,154,89,24,108,115,30,159,51,74
blue,36,87,148,49,126,134,27,55,76,108
blue,112,86,2,51,128,36,38,23,116,14
red,151,86,143,17,16,115,27,69,76,74
red,31,38,121,76,45,0,111,55,69,80
red,2,40,121,116,158,0,125,155,24,120
blue,47,92,19,51,74,88,130,77,120,160
red,36,46,121,29,119,129,23,150,9,12
blue,39,98,1,49,160,31,26,33,9,6
blue,154,38,68,49,108,78,77,18,150,100
blue,151,28,94,17,126,59,23,150,29,96
red,34,26,94,29,118,22,60,23,9,119
red,91,58,23,9,99,145,46,3,129,126
red,145,60,159,129,99,22,61,124,136,126
red,102,65,120,9,5,13,121,159,76,70
red,145,38,122,9,154,22,75,1,41,110
red,74,13,150,41,53,127,60,71,24,82
red,57,13,72,106,99,135,87,19,116,80
blue,107,38,151,108,126,47,61,121,116,12
blue,150,142,134,29,126,31,40,151,9,70
blue,134,74,121,76,70,88,111,64,49,5
red,48,13,68,133,82,31,60,2,52,16
blue,0,75,132,120,82,31,61,143,24,5
red,0,61,2,106,82,35,134,121,136,100
blue,62,40,121,29,12,117,27,142,133,18
blue,74,134,32,9,109,22,40,34,129,70
blue,145,154,142,76,108,137,134,26,129,70
blue,0,26,73,76,93,145,74,11,51,14
red,88,40,121,17,83,0,142,104,9,108
red,115,26,151,147,158,103,40,150,157,16
red,25,61,120,136,158,81,87,121,17,153
red,0,54,95,51,82,115,134,55,76,153
red,88,40,143,17,119,48,111,1,76,160
blue,48,65,1,106,99,151,40,122,51,74
blue,103,38,68,50,108,48,40,155,106,82
red,2,26,0,17,93,20,65,64,106,108
red,31,88,73,76,158,37,134,159,17,53
blue,18,142,121,76,12,114,97,56,24,128
blue,151,13,64,115,108,110,121,140,49,14
red,0,61,64,29,119,31,40,55,51,54
red,110,91,2,49,108,25,134,151,157,100
red,135,134,7,51,96,131,13,56,76,82
red,74,134,137,9,108,59,40,150,109,5
red,31,38,23,50,96,137,13,143,116,12
red,145,40,134,69,70,103,121,6,17,41
red,2,134,94,17,74,150,65,144,136,89
red,123,134,120,51,128,131,88,140,17,93
red,18,26,154,129,66,131,142,68,49,82
blue,22,13,56,51,5,0,60,32,76,120
red,78,40,19,76,130,2,61,120,24,126
blue,151,94,15,29,93,22,40,2,51,45
blue,18,84,55,17,82,36,40,9,24,111
red,36,102,19,29,96,154,13,138,106,82
red,131,134,64,51,96,35,61,120,76,53
red,151,75,120,76,99,74,40,71,133,12
red,74,38,26,71,119,127,61,104,17,82
red,107,40,143,76,96,22,142,129,54,9
red,22,77,143,76,5,0,142,155,29,53
red,77,84,121,76,109,110,134,1,74,108
red,127,61,124,116,74,77,134,121,137,4
blue,46,13,122,29,70,48,65,159,17,9
red,114,38,60,51,99,112,61,144,136,93
blue,131,61,1,129,108,74,26,150,13,99
red,114,58,121,129,99,35,65,64,29,79
red,88,38,64,51,99,151,58,2,17,27
blue,0,142,143,109,148,72,65,64,17,118
blue,52,60,120,51,4,137,102,121,106,99
red,18,13,55,51,74,22,26,37,69,99
blue,34,38,3,109,139,31,130,143,69,80
blue,110,111,2,50,99,112,25,143,76,33
blue,92,38,55,85,118,144,28,43,9,119
blue,19,65,0,137,66,135,61,143,9,99
blue,84,155,68,51,111,47,23,150,136,99
red,115,130,143,29,99,88,60,120,133,74
blue,72,111,68,76,99,151,23,155,49,45
blue,90,38,140,76,16,114,134,24,129,118
red,0,65,68,24,119,134,98,83,51,118
blue,90,60,155,109,45,101,46,122,85,153
blue,35,54,155,136,99,74,58,68,133,100
blue,38,67,33,116,80,134,23,150,51,99
blue,127,38,3,8,139,42,60,155,51,109
red,83,84,151,76,99,59,88,129,17,128
blue,22,154,121,51,5,25,38,155,54,93
red,146,134,55,25,108,123,65,139,69,80
red,25,92,143,8,160,144,38,33,137,53
blue,35,38,6,136,70,25,134,121,50,45
blue,83,60,154,76,153,25,40,143,150,158
red,0,61,102,52,126,41,26,155,9,53
blue,34,90,1,17,148,47,38,143,51,100
red,112,38,159,29,9,18,46,160,76,119
blue,145,13,121,129,96,2,134,56,69,100
blue,112,60,155,17,120,36,13,68,109,108
blue,146,38,121,85,93,22,141,151,133,119
red,102,58,151,109,18,112,75,53,116,93
blue,22,125,64,116,100,151,91,159,109,66
red,42,60,33,116,158,103,38,140,29,159
red,22,30,151,133,4,115,142,94,109,5
blue,35,92,2,150,5,103,13,64,76,66
blue,131,46,26,17,9,47,13,19,51,96
red,37,75,26,76,83,110,13,121,17,126
blue,0,46,68,129,93,103,23,48,150,135
blue,0,67,71,51,123,104,142,150,29,54
red,0,67,23,8,128,101,84,7,51,16
blue,34,13,64,129,82,114,77,68,49,158
red,22,124,121,29,119,41,38,140,76,14
red,62,125,32,8,126,59,154,77,106,93
blue,0,13,33,136,128,48,40,2,17,126
red,34,61,1,51,14,127,38,62,17,119
blue,90,111,159,133,91,114,98,121,29,93
red,22,67,21,116,5,112,23,150,29,153
red,91,30,143,136,128,151,94,139,17,71
red,74,124,58,17,93,144,107,151,133,118
red,150,124,33,137,45,123,149,151,17,119
blue,133,23,151,17,160,18,94,140,129,100
blue,40,134,120,106,128,48,27,38,76,74
blue,154,107,32,76,126,0,130,139,24,93
red,36,130,159,106,66,110,38,121,17,71
red,2,61,155,106,74,134,23,150,17,158
blue,127,46,3,24,160,90,142,140,17,71
red,144,77,121,8,70,107,54,75,116,119
red,31,5,56,9,100,134,142,19,129,96
blue,0,61,64,116,45,78,111,48,29,70
red,137,125,121,51,70,112,155,64,106,5
red,137,107,7,51,53,90,102,120,133,70
red,18,38,121,29,53,114,60,150,51,70
blue,44,38,89,63,70,119,65,121,9,100
red,0,40,120,115,108,103,65,2,69,80
blue,22,38,159,9,100,90,13,55,29,45
red,90,134,55,24,128,151,142,120,106,79
red,131,58,120,9,100,48,98,142,17,148
blue,31,58,129,9,74,142,23,55,24,93
blue,151,60,143,24,100,145,61,120,49,128
red,25,124,56,106,18,57,65,1,49,82
blue,110,98,55,51,45,90,61,143,8,119
red,72,61,56,17,126,59,142,3,49,80
blue,101,23,155,24,93,103,30,3,120,82
red,151,134,55,76,93,25,58,121,8,53
red,31,134,55,129,70,22,26,151,52,53
red,150,154,120,69,83,47,40,129,109,48
red,72,38,55,24,80,31,13,1,17,119
red,90,38,120,50,45,0,134,19,129,108
blue,0,84,19,49,53,114,155,120,51,93
blue,104,65,29,52,53,48,84,124,24,93
blue,110,65,148,136,128,48,134,120,51,82
blue,103,74,120,17,71,0,38,1,106,5
blue,36,60,120,116,45,35,13,2,76,148
red,74,38,68,29,83,134,67,155,51,108
blue,104,28,0,52,126,101,88,23,51,118
blue,31,134,61,51,158,18,97,138,29,125
blue,121,102,61,29,80,62,38,55,158,108
red,90,60,143,17,153,38,13,59,120,109
blue,130,102,122,49,80,104,60,158,51,82
red,104,88,136,29,118,95,102,150,120,93
red,67,40,2,8,128,0,134,19,76,82
red,22,38,39,29,53,78,102,44,106,99
red,36,38,121,133,70,74,40,137,63,100
blue,151,107,121,129,158,31,60,53,49,74
blue,0,40,132,51,119,62,60,121,116,4
blue,88,26,159,17,12,74,27,155,76,119
blue,110,87,143,49,12,62,13,104,29,119
red,46,38,121,49,158,150,75,32,51,93
red,0,13,156,9,93,18,84,1,76,14
red,101,54,140,119,93,77,26,151,17,74
red,22,103,138,24,93,101,134,143,106,82
blue,145,142,104,106,66,0,134,121,76,41
red,34,142,68,133,70,104,88,64,106,82
red,47,141,33,109,108,31,26,55,52,128
blue,103,40,33,116,79,135,60,37,8,128
blue,88,27,69,9,16,47,117,1,116,128
blue,151,142,87,52,100,31,98,122,133,112
blue,103,87,56,51,82,62,26,94,106,66
blue,115,145,26,49,153,127,38,148,51,16
red,0,134,143,9,93,101,75,142,50,118
red,127,134,81,51,5,84,87,56,50,12
red,95,30,2,76,82,150,87,121,137,14
blue,90,134,125,116,12,34,13,151,41,93
red,83,13,89,17,66,0,58,143,69,14
red,0,60,26,120,119,145,13,155,29,41
red,0,28,138,9,82,145,65,121,76,119
red,103,30,124,51,74,34,61,143,133,45
blue,74,58,151,109,119,47,92,2,106,82
red,19,130,55,133,100,48,38,56,136,66
red,110,54,155,51,119,0,75,148,17,100
red,0,38,1,136,53,72,40,89,9,70
red,112,142,2,137,45,107,38,159,49,158
blue,22,65,119,61,140,0,141,121,69,80
red,127,38,1,51,82,62,58,19,29,45
red,35,65,124,156,45,150,97,56,106,71
red,134,75,2,76,66,104,58,11,51,93
blue,31,38,32,106,126,123,26,104,76,118
blue,22,142,32,116,160,84,13,43,17,71
red,24,65,132,138,14,0,26,121,29,45
red,59,98,138,52,99,107,60,121,69,41
blue,18,38,121,49,91,95,142,2,9,158
blue,2,38,104,76,126,90,142,59,50,118
red,112,134,55,17,5,54,102,150,29,53
blue,57,13,158,24,53,90,134,155,51,82
blue,18,13,64,76,5,90,40,140,69,45
red,90,61,129,52,74,34,134,104,51,119
red,90,54,34,76,66,48,84,7,137,119
red,22,58,121,51,5,137,134,56,29,53
blue,88,134,33,51,118,90,13,136,76,158
blue,36,13,7,138,74,90,58,143,24,100
red,74,5,121,76,18,135,111,19,9,4
blue,18,30,121,9,100,78,60,55,69,80
blue,134,87,23,52,128,104,26,101,150,126
blue,90,88,120,137,4,31,142,105,106,100
red,37,61,33,76,5,135,84,1,17,108
blue,19,154,150,106,45,115,61,124,29,109
blue,135,88,19,49,148,43,134,33,138,108
blue,18,38,39,17,93,0,58,19,109,9
blue,37,40,120,106,14,90,102,122,52,93
red,145,38,143,51,74,0,98,151,49,160
red,0,46,33,85,120,35,102,121,76,126
blue,47,107,121,51,100,35,54,155,29,45
red,35,130,155,51,66,22,75,32,76,5
blue,107,38,121,17,124,47,58,55,51,82
red,74,61,159,133,53,151,38,11,17,45
blue,2,149,143,51,16,150,61,121,9,5
blue,103,142,121,17,70,144,88,124,76,153
red,78,65,1,51,100,0,38,56,50,45
red,151,37,121,51,79,0,28,56,76,70
blue,110,38,2,69,74,151,67,43,76,100
blue,18,87,124,51,128,134,58,143,76,93
red,18,154,57,9,53,0,149,132,49,160
blue,26,145,90,24,45,151,13,140,133,109
blue,74,141,156,9,70,151,77,138,49,118
red,151,38,55,136,153,42,134,143,106,74
blue,152,44,104,106,99,39,13,155,76,74
blue,0,25,33,133,46,145,142,148,8,70
red,0,28,151,106,82,43,67,150,76,14
blue,72,142,56,129,109,102,65,121,17,100
red,0,154,151,49,80,127,75,19,76,109
red,101,30,155,76,82,37,58,2,9,53
red,115,65,32,76,160,0,29,121,150,5
red,54,40,150,51,96,121,142,158,133,83
red,48,142,64,29,119,101,13,53,9,82
blue,22,84,56,136,160,18,65,64,9,14
red,37,134,43,106,99,0,40,71,29,4
red,47,67,3,109,53,31,58,64,76,100
red,131,142,55,9,45,22,13,11,17,53
blue,31,84,155,133,12,22,130,150,17,53
red,31,38,72,147,80,77,61,155,133,153
red,103,60,143,76,82,121,67,0,17,80
blue,0,134,155,69,80,144,65,53,156,153
red,43,58,64,8,4,36,54,151,76,108
red,31,92,140,24,158,146,54,94,51,66
red,18,26,43,129,148,31,77,2,29,96
red,0,134,160,156,12,95,23,150,9,71
blue,74,38,2,49,82,112,58,121,129,128
red,90,58,143,69,80,18,141,121,9,160
blue,31,154,150,29,108,112,40,122,85,37
red,112,38,2,29,53,22,13,122,157,119
red,112,27,140,24,45,107,75,121,109,14
red,22,38,121,76,83,112,40,2,9,100
red,47,84,93,106,126,92,65,138,9,74
blue,123,124,33,50,126,110,58,158,76,118
red,31,130,2,116,96,88,84,110,137,5
blue,31,67,151,3,5,47,46,11,8,158
blue,144,61,119,29,66,0,84,120,76,14
blue,134,130,19,133,5,0,78,26,150,158
blue,88,23,121,24,9,36,40,33,51,74
red,112,60,19,24,74,18,38,143,116,109
red,31,38,43,109,100,102,26,136,51,74
blue,144,98,125,106,74,19,46,33,24,96
blue,0,26,38,150,4,31,102,121,157,74
blue,110,141,124,49,74,18,58,143,116,53
red,150,23,121,29,12,31,61,11,51,74
red,35,30,136,147,74,48,75,6,51,65
red,130,61,1,51,126,112,30,140,29,74
blue,36,26,11,51,153,18,58,121,69,74
blue,0,61,2,51,74,78,38,94,69,45
blue,64,58,3,51,4,114,40,124,8,74
blue,47,23,64,137,83,74,94,120,133,70
blue,42,155,1,109,74,123,60,121,29,96
red,88,58,89,8,74,134,60,120,129,93
blue,74,38,89,76,110,144,58,33,8,54
red,91,30,1,17,74,18,54,95,29,45
blue,54,38,55,17,74,112,98,140,133,119
blue,18,134,32,24,74,48,142,143,49,70
red,59,38,3,147,53,37,58,140,51,82
red,37,58,122,9,45,115,155,32,49,158
blue,37,77,121,29,96,0,65,109,51,14
red,37,75,125,129,93,103,65,138,49,96
red,103,13,32,51,119,144,65,158,129,82
blue,112,23,125,29,18,77,113,89,24,128
red,19,102,114,24,160,127,54,132,116,93
blue,0,13,56,51,100,151,125,143,129,14
blue,0,87,2,24,4,112,125,121,106,12
red,18,145,32,129,109,103,30,35,147,100
blue,115,38,121,76,100,77,61,89,129,80
red,112,98,124,24,9,44,102,1,137,80
blue,74,86,71,49,5,154,75,64,24,158
red,107,23,94,17,100,142,75,26,106,33
red,150,13,121,116,45,84,40,142,24,70
red,90,88,143,138,12,114,117,150,24,4
red,134,54,124,24,74,2,13,89,8,45
blue,2,54,94,24,82,90,142,64,76,18
red,0,23,150,24,160,77,38,2,137,119
red,114,65,148,17,109,3,13,124,137,70
blue,31,98,121,24,45,112,125,56,51,70
blue,134,60,64,17,16,151,30,43,24,15
blue,47,154,150,76,119,134,54,101,24,80
red,144,23,150,76,108,59,134,120,17,66
red,78,38,144,24,66,115,107,142,51,128
red,41,130,155,8,119,114,60,73,24,80
blue,48,30,124,24,148,72,23,150,51,16
blue,90,38,159,17,100,31,60,121,24,16
red,59,98,83,17,126,72,94,144,8,82
blue,78,38,143,29,53,22,54,142,17,80
blue,25,133,121,157,118,18,60,26,24,126
red,114,13,121,49,45,57,74,11,24,12
blue,74,134,143,17,153,103,30,127,29,119
blue,20,27,150,24,153,151,38,32,76,126
blue,144,86,142,24,5,121,94,138,106,14
blue,131,60,26,24,93,31,38,143,76,45
blue,78,146,150,71,87,18,65,32,24,119
red,112,98,11,17,80,47,84,83,8,119
red,123,13,94,129,14,31,40,121,24,119
blue,2,102,101,49,80,135,149,64,17,158
red,77,13,32,17,80,74,40,3,76,158
blue,0,84,129,106,83,47,125,136,17,12
red,112,38,3,54,80,104,97,124,9,158
red,0,124,3,29,93,95,86,11,51,74
blue,43,124,3,106,45,95,60,143,109,118
red,0,54,3,116,83,34,60,155,63,70
red,114,61,143,116,4,78,154,142,29,53
red,31,40,104,116,70,0,58,143,109,74
red,151,141,124,17,139,115,26,21,69,82
red,0,149,19,76,33,2,54,151,106,82
blue,151,102,33,148,108,88,26,143,116,12
red,131,30,151,76,45,95,77,68,133,70
red,18,37,121,49,93,88,38,143,147,96
blue,134,142,72,76,41,88,58,143,9,100
blue,92,145,68,115,108,78,58,143,133,93
red,92,125,39,151,126,0,84,132,49,93
blue,154,61,144,106,99,0,130,138,76,119
blue,0,65,7,8,70,115,26,155,119,108
red,113,26,1,51,93,90,38,157,129,99
blue,134,91,2,116,153,0,40,140,109,45
red,22,134,89,156,153,35,26,56,76,99
blue,0,58,138,24,4,102,44,56,106,82
blue,0,65,121,116,66,22,58,124,9,100
blue,78,102,148,9,66,91,134,121,76,5
blue,59,61,64,9,100,0,86,121,106,74
blue,0,75,56,29,153,48,38,2,106,4
red,0,60,89,29,118,43,107,2,116,119
blue,135,102,155,109,93,18,58,121,150,82
blue,144,65,150,17,99,158,61,37,29,45
blue,90,60,120,29,159,144,38,151,9,126
red,114,61,104,29,119,59,38,1,17,80
red,47,124,155,116,12,31,38,143,51,45
blue,47,61,155,157,74,134,149,2,136,148
red,145,54,150,49,74,101,13,34,122,108
blue,36,142,2,106,82,35,111,56,129,66
red,114,130,33,51,128,102,30,2,24,82
red,84,142,120,52,128,88,38,1,133,70
blue,74,58,142,17,45,0,5,68,24,79
red,48,67,151,76,5,34,124,43,29,53
blue,110,38,155,54,80,0,26,150,76,5
blue,37,61,19,17,14,59,40,151,109,45
red,90,30,150,133,119,95,39,151,120,160
blue,131,38,121,147,45,151,23,6,49,80
blue,150,54,121,76,128,115,38,39,63,53
blue,47,134,0,41,82,95,67,121,52,4
blue,2,77,95,51,93,127,142,143,17,82
blue,92,60,32,76,153,103,30,1,17,12
red,145,60,121,8,128,3,142,56,51,82
blue,3,58,159,49,160,112,113,121,136,109
red,103,134,23,129,82,151,58,105,76,45
red,59,141,48,106,128,150,54,72,51,14
blue,102,61,151,76,14,0,60,121,69,108
red,112,65,73,29,45,60,26,150,49,4
blue,84,65,71,29,53,151,60,23,17,118
red,43,26,64,85,79,103,94,59,29,66
blue,31,77,143,109,70,35,38,7,129,53
red,74,61,158,115,108,130,54,19,17,139
blue,31,107,143,106,128,103,61,1,76,119
red,62,107,1,129,9,151,142,121,76,70
blue,112,67,1,133,153,39,46,155,51,128
red,110,30,26,9,5,31,145,1,49,160
blue,151,23,155,24,45,110,46,1,76,158
red,110,154,6,116,80,91,30,121,106,70
red,36,60,143,76,100,107,26,43,63,80
blue,110,142,159,29,100,74,58,26,133,70
red,88,38,21,136,80,18,65,120,51,100
red,72,65,94,120,80,135,61,121,51,119
red,0,154,94,120,80,127,38,26,76,45
blue,110,102,121,51,70,0,26,94,76,119
red,91,154,150,138,158,48,102,148,49,128
red,92,67,151,76,5,0,102,124,51,44
red,119,77,121,17,109,107,38,1,136,53
blue,155,38,56,120,158,3,84,77,150,70
blue,95,13,155,120,154,0,38,143,29,126
red,31,87,89,76,5,34,30,155,116,82
red,117,58,89,116,123,18,98,68,85,74
blue,112,134,55,51,128,135,54,150,76,18
red,47,141,19,50,70,151,26,132,8,126
blue,114,23,132,69,45,34,38,121,51,82
blue,90,67,94,17,12,24,84,143,76,5
blue,104,13,55,69,123,0,38,32,54,99
red,0,134,122,49,82,43,78,158,8,45
red,134,60,158,51,160,88,61,140,133,82
blue,127,142,143,106,82,31,67,155,17,126
red,95,125,1,17,109,151,58,121,76,71
blue,95,87,43,49,45,78,65,33,17,109
blue,74,38,1,106,128,151,26,120,49,16
blue,18,54,158,76,96,2,38,73,29,153
blue,74,37,150,51,93,0,134,121,76,16
red,43,134,138,133,119,90,154,142,76,124
red,103,141,26,109,108,0,142,121,49,119
red,112,38,121,51,130,31,134,120,133,5
red,2,46,0,108,82,144,38,151,116,96
red,18,75,33,122,109,151,38,64,129,126
red,26,98,47,116,66,151,134,159,17,148
red,120,46,65,76,82,134,13,56,49,128
blue,42,87,122,156,15,134,38,55,51,96
red,47,60,1,129,119,114,98,104,109,66
blue,18,141,143,51,66,19,75,151,49,160
blue,90,13,159,106,18,121,28,43,116,158
blue,37,142,35,129,5,31,38,121,76,153
red,110,141,2,133,70,43,54,68,147,128
blue,107,58,159,51,100,31,142,1,29,9
red,112,94,3,54,5,151,26,140,71,93
red,107,38,121,9,14,48,26,142,51,66
red,43,154,120,76,5,59,61,19,69,128
blue,0,154,102,69,80,22,5,33,29,45
red,112,30,94,85,126,104,134,121,116,9
blue,47,60,114,29,33,18,26,151,9,12
blue,131,38,109,129,160,31,13,23,49,45
red,35,130,159,41,93,22,142,26,136,100
blue,121,134,65,109,93,37,98,110,51,66
blue,48,65,26,49,70,150,23,33,106,100
red,110,38,122,17,71,22,102,159,76,70
red,22,61,33,52,158,114,13,11,116,100
red,78,38,54,76,45,31,61,56,51,115
red,20,38,64,150,4,22,124,142,51,93
blue,74,142,43,51,16,42,23,155,150,70
blue,74,38,105,51,93,104,102,155,9,100
red,115,84,150,76,82,25,38,56,29,153
red,38,58,54,51,53,47,40,143,136,45
blue,37,65,91,76,14,39,38,121,129,82
blue,102,40,140,29,123,37,107,1,137,153
red,0,61,143,29,74,57,154,59,51,66
blue,18,141,121,24,82,110,58,56,106,16
red,22,40,1,137,16,115,5,11,29,4
blue,104,75,3,109,82,35,27,151,9,45
blue,145,60,143,133,5,20,38,105,51,108
red,74,61,136,133,100,145,38,11,129,15
blue,47,141,119,49,80,91,30,1,9,109
blue,20,38,21,76,74,91,142,89,129,79
blue,123,23,155,29,128,0,38,143,85,9
red,137,38,1,50,96,0,107,94,69,119
blue,107,28,43,17,159,95,27,33,150,139
blue,90,46,120,17,66,22,38,140,29,99
blue,78,54,94,137,119,25,38,21,9,76
red,150,38,7,41,12,25,84,103,76,119
red,103,39,3,76,108,48,125,1,49,9
blue,47,61,122,52,100,41,98,121,133,70
blue,127,61,115,9,100,0,84,150,52,148
red,105,61,23,85,118,110,38,144,106,5
blue,135,38,79,17,45,103,65,11,76,93
red,90,38,150,49,93,74,134,3,63,153
blue,6,134,139,133,5,42,84,38,17,45
blue,110,46,11,29,109,57,61,59,129,5
blue,110,61,64,76,12,18,26,38,156,153
red,77,124,150,157,108,0,38,122,17,93
blue,110,134,121,52,93,74,38,151,133,70
red,25,38,68,76,45,92,27,1,51,14
red,114,27,94,106,80,151,61,33,51,71
blue,0,92,55,17,82,78,65,143,106,14
red,22,84,2,157,66,47,38,89,133,82
blue,19,38,91,133,96,0,60,2,120,80
red,47,39,83,129,70,38,65,121,76,119
red,146,124,94,9,66,144,84,155,76,82
blue,104,87,94,51,160,31,65,143,89,9
red,48,60,26,29,160,59,38,94,49,53
blue,0,26,55,116,45,18,40,94,11,5
blue,0,125,121,29,45,37,134,94,76,100
blue,103,87,140,8,82,127,38,94,69,12
blue,107,67,81,150,71,18,130,94,29,45
red,37,142,94,25,119,127,155,132,76,66
red,31,54,94,137,53,0,97,121,51,93
red,35,111,94,50,128,90,58,122,129,82
blue,37,65,121,17,79,119,125,138,51,74
blue,91,134,121,106,96,102,88,1,51,53
red,37,149,138,24,5,0,23,120,51,110
blue,110,27,155,51,93,31,23,150,76,82
red,46,58,121,17,71,48,60,159,76,82
red,3,13,37,116,119,48,38,121,51,93
red,103,23,71,9,126,31,94,32,106,100
blue,36,58,53,9,5,24,84,1,129,4
blue,102,40,143,51,5,31,30,142,106,66
blue,151,142,144,17,82,3,91,124,51,96
blue,35,84,151,51,82,34,13,121,76,74
blue,145,113,19,108,119,0,104,136,129,9
blue,38,134,155,76,93,35,30,138,29,5
red,22,141,121,24,66,20,94,122,49,5
red,112,102,2,85,18,131,111,121,133,153
blue,57,58,155,49,9,22,141,2,109,108
blue,34,98,19,116,153,151,60,55,17,139
blue,0,141,64,76,119,18,27,159,8,153
red,31,38,55,9,118,18,84,56,51,93
blue,101,102,68,137,80,0,58,159,76,18
red,84,102,124,24,74,114,58,144,133,153
blue,127,61,125,137,70,47,142,19,106,4
blue,38,58,54,49,70,104,40,158,51,5
red,34,13,33,49,45,35,28,151,76,74
blue,77,60,121,106,82,90,125,3,54,45
blue,36,26,3,17,14,78,86,11,76,128
red,102,98,143,51,93,103,58,3,109,79
red,151,54,3,29,158,43,124,143,76,66
red,88,86,83,29,119,145,154,157,24,53
red,2,38,143,129,82,37,13,68,29,12
red,35,102,129,76,14,92,134,121,29,45
red,134,98,55,63,4,112,40,150,120,160
red,103,94,26,24,96,0,111,64,9,12
red,104,60,64,51,100,91,102,59,8,128
blue,0,60,73,9,15,18,26,129,63,70
blue,31,98,11,138,4,48,74,26,49,14
blue,78,84,155,51,82,90,75,158,9,126
red,110,40,151,138,158,72,87,121,29,74
blue,110,54,19,116,45,151,30,125,9,14
blue,0,142,132,76,5,114,38,33,51,82
blue,2,102,32,76,53,107,84,155,51,5
blue,88,30,3,8,96,47,92,19,52,100
blue,134,155,140,29,121,47,60,19,76,93
blue,2,86,121,9,100,74,124,151,106,82
blue,101,27,2,17,45,127,141,150,51,12
red,151,54,150,9,14,22,61,109,138,4
blue,53,40,157,133,70,127,125,155,76,139
red,77,125,56,129,5,0,94,23,76,4
red,115,58,64,17,119,90,60,121,29,53
red,31,26,94,133,70,78,38,56,9,45
red,127,61,140,17,12,3,134,121,51,96
red,18,46,2,17,128,134,60,105,133,70
blue,0,134,37,17,115,39,60,136,137,99
blue,103,38,120,133,158,101,84,2,106,100
red,104,134,94,29,111,22,65,121,136,83
blue,101,28,125,50,82,47,54,151,17,79
blue,35,154,61,29,70,62,38,41,54,53
blue,0,86,104,133,96,95,154,6,29,80
red,104,98,121,137,5,114,61,120,49,53
blue,18,13,143,137,100,150,23,89,116,4
blue,0,40,2,49,109,22,13,120,50,53
blue,151,13,143,76,108,74,130,89,49,18
red,144,134,150,51,70,103,40,122,106,96
red,0,13,2,136,100,34,65,121,123,108
blue,34,130,56,106,100,112,134,143,51,99
blue,104,98,159,120,108,78,87,155,17,33
red,38,61,155,54,53,0,98,129,109,158
red,18,65,64,137,159,107,67,6,9,123
blue,22,13,55,41,148,64,154,31,9,139
blue,75,67,144,49,96,22,30,131,76,159
red,101,28,32,76,70,18,60,121,29,45
red,31,40,2,9,45,92,78,151,51,12
blue,59,38,150,76,99,104,111,47,54,93
red,102,130,119,116,16,150,134,23,76,5
red,112,107,150,136,82,120,26,3,137,121
blue,0,117,122,17,71,110,13,56,29,14
blue,22,38,121,29,80,74,46,143,133,12
red,151,65,11,120,109,107,13,2,69,119
red,35,28,132,17,70,88,87,151,109,12
red,2,67,151,17,82,0,154,132,69,80
blue,0,38,132,106,93,74,40,121,76,70
blue,74,111,26,76,16,0,13,132,129,109
blue,37,141,143,76,9,74,65,121,129,99
red,37,40,121,129,119,110,84,132,116,12
red,74,125,64,116,139,90,26,151,49,118
blue,18,30,143,17,83,78,60,132,120,4
red,48,88,143,133,158,72,60,121,129,96
blue,127,65,26,150,109,37,60,77,157,128
blue,35,58,2,76,128,154,65,33,29,93
blue,115,88,138,50,93,34,38,140,29,5
blue,51,134,143,54,82,0,75,1,76,118
red,104,26,3,51,16,115,102,144,17,153
blue,37,58,143,106,82,131,88,121,76,158
blue,31,134,155,8,1,90,125,68,9,37
red,0,23,121,76,100,107,149,104,17,158
red,134,84,159,85,18,0,26,48,51,93
red,62,54,3,24,5,34,77,140,76,12
red,47,98,121,51,109,0,30,148,63,53
blue,47,38,92,76,93,95,142,3,157,5
red,18,61,56,129,45,90,58,3,51,119
red,112,98,120,50,70,103,102,3,63,80
blue,35,30,81,137,45,47,40,78,133,46
blue,3,38,155,106,82,107,84,0,9,108
blue,31,142,143,133,70,39,145,89,106,100
red,47,60,114,133,4,18,113,121,9,66
red,144,61,43,49,148,22,107,120,9,119
red,144,142,151,76,126,22,58,159,136,53
red,22,23,1,17,126,88,142,2,150,154
red,154,40,104,49,109,0,61,87,116,12
red,81,84,155,143,93,34,111,26,29,53
blue,31,26,142,106,128,18,28,143,17,70
blue,0,38,121,29,53,35,23,151,51,14
red,0,65,19,9,53,59,124,94,17,82
red,134,58,144,52,128,91,38,143,9,53
blue,88,142,121,9,126,143,67,151,150,53
blue,90,67,121,106,14,117,124,143,49,93
blue,30,94,143,137,16,90,23,140,106,99
red,83,67,142,85,153,151,26,43,41,99
blue,152,60,142,76,74,31,38,63,129,100
blue,101,98,1,116,45,0,26,54,108,96
red,2,58,121,51,108,37,67,158,17,93
blue,95,30,68,17,79,151,86,143,133,70
red,31,130,132,120,16,90,38,55,49,54
blue,78,65,19,156,139,0,74,104,8,120
blue,104,142,64,116,70,62,38,94,29,45
red,74,13,132,49,160,112,125,38,69,128
red,31,58,19,109,118,154,40,144,50,9
blue,103,154,56,41,5,31,26,7,149,110
red,31,54,121,133,100,22,13,23,51,45
red,127,124,94,76,12,137,23,110,133,53
red,0,13,64,143,82,53,142,120,76,96
blue,0,111,155,106,82,107,65,120,133,70
red,31,98,55,109,93,119,60,1,76,74
blue,121,154,143,52,99,110,124,68,69,153
blue,112,26,143,76,109,34,124,56,24,53
red,134,124,142,116,70,151,74,20,49,15
blue,84,98,1,29,53,134,13,56,116,119
red,84,27,3,120,14,90,142,26,49,66
blue,0,38,68,49,153,18,124,112,17,93
red,22,84,138,133,70,0,154,10,69,80
blue,103,38,124,24,100,31,84,132,76,74
blue,47,54,3,17,160,151,84,77,29,12
blue,150,13,64,137,126,103,23,155,9,18
red,0,65,121,52,82,134,125,122,17,118
red,103,67,155,116,12,31,40,19,51,71
red,47,142,159,49,12,112,141,56,116,96
blue,78,154,155,29,12,104,38,160,76,158
blue,150,134,11,41,14,84,58,124,76,153
blue,18,154,133,8,70,150,111,33,49,128
blue,115,26,150,69,12,31,40,144,54,111
red,114,23,150,76,45,34,38,143,24,4
red,74,23,150,147,93,22,58,121,76,153
blue,22,23,150,29,96,0,26,1,51,54
blue,22,23,72,49,46,20,155,150,109,74
red,123,23,150,106,5,112,142,7,76,4
blue,112,142,68,29,153,47,75,143,76,82
red,31,142,1,17,93,84,54,151,29,79
blue,59,44,150,17,45,0,65,89,50,70
blue,47,26,43,116,148,34,23,150,122,4
blue,47,60,23,51,70,92,13,150,76,12
red,151,58,140,76,148,107,65,2,156,153
red,112,154,150,157,12,31,65,145,49,45
red,123,58,151,54,108,74,107,56,29,158
blue,20,107,91,69,80,101,26,150,51,45
red,110,154,55,17,160,78,107,150,119,89
blue,74,23,150,50,96,154,75,158,106,5
red,40,23,150,29,22,112,155,33,129,82
red,104,149,150,133,53,154,58,121,129,66
blue,47,94,104,133,70,18,26,150,51,76
blue,57,61,124,85,153,114,65,150,9,71
red,137,124,11,17,83,134,26,150,106,99
red,78,92,150,8,4,114,58,120,29,96
red,103,28,91,133,70,104,102,35,49,93
blue,0,107,120,133,119,151,54,3,51,93
blue,146,75,64,76,5,35,26,150,133,139
blue,59,113,23,85,82,31,60,124,133,110
red,18,149,89,17,82,104,142,143,69,45
red,22,61,143,133,128,110,13,32,157,80
blue,18,26,140,24,80,78,38,23,76,99
red,43,28,94,133,96,112,54,144,129,70
blue,48,97,89,9,53,22,102,73,133,119
blue,22,142,2,133,79,90,130,1,24,100
blue,101,88,136,129,82,22,117,144,17,53
red,123,46,11,24,12,22,134,143,29,82
blue,31,92,121,51,119,90,60,23,76,12
blue,145,77,2,49,158,74,38,121,133,108
blue,39,130,121,150,100,92,58,33,9,82
red,151,141,105,17,12,31,38,143,106,126
red,92,5,121,76,70,74,142,120,106,82
red,25,77,19,109,108,101,38,155,53,83
blue,18,134,101,29,74,123,155,138,51,93
red,34,142,122,49,74,101,130,23,17,12
blue,102,61,121,129,5,112,60,23,137,71
red,47,154,64,147,126,22,130,132,51,91
blue,74,37,35,17,71,115,30,155,157,53
red,77,61,114,49,46,0,102,121,17,4
red,77,134,33,116,109,0,142,121,29,119
blue,107,125,64,9,119,0,46,26,76,108
red,121,88,120,29,53,78,86,34,159,80
blue,18,130,143,29,80,0,134,94,136,53
red,74,38,26,49,82,127,134,33,9,119
red,22,38,55,85,119,134,142,33,137,74
red,25,38,132,129,82,31,13,64,106,96
red,127,5,151,63,158,74,28,150,106,99
red,131,28,56,49,4,144,38,23,116,70
blue,47,58,23,50,12,101,134,2,106,5
blue,151,134,55,137,108,36,38,1,76,82
blue,31,154,1,49,5,18,134,121,76,96
blue,104,60,121,51,96,22,54,32,29,41
red,37,142,26,129,158,18,27,143,17,93
blue,90,134,1,76,153,36,65,159,129,41
red,47,26,104,133,82,36,23,35,29,153
red,78,88,121,49,53,91,134,151,76,45
blue,135,13,89,76,128,22,30,155,69,80
blue,3,94,1,76,82,101,84,120,129,128
blue,18,61,121,116,82,47,111,68,106,128
blue,0,77,33,51,93,2,46,151,133,14
blue,41,61,141,106,154,67,26,0,51,45
red,47,26,136,51,108,145,91,68,9,119
blue,74,26,136,133,96,47,60,104,106,82
blue,47,98,136,76,82,103,60,155,19,126
red,47,67,43,116,4,110,65,56,51,12
blue,134,40,64,69,9,35,58,33,76,14
red,123,65,121,76,118,78,155,136,156,57
red,127,60,120,49,14,59,40,125,24,82
red,36,5,120,9,119,102,58,121,49,158
red,95,5,2,147,96,90,40,26,29,12
red,2,5,125,129,128,18,77,158,50,99
red,127,5,3,76,128,18,134,148,29,53
blue,97,5,3,17,158,120,40,121,49,82
blue,110,142,121,106,82,22,58,143,49,12
blue,104,30,125,69,99,31,38,140,106,5
red,101,155,120,51,109,151,5,143,29,45
blue,114,38,121,106,45,37,5,143,17,53
red,0,5,121,49,12,112,26,120,50,100
blue,19,5,34,85,100,48,27,103,106,53
red,102,61,159,24,45,62,75,33,133,70
red,31,40,122,52,126,78,46,1,85,70
blue,107,60,55,76,126,112,40,151,137,70
red,0,58,1,9,158,72,142,32,29,126
red,150,54,121,137,126,127,26,151,51,37
blue,72,61,121,116,153,0,13,26,133,126
red,19,26,34,49,126,127,40,150,133,109
blue,134,60,144,133,153,88,38,114,116,70
red,3,86,33,17,126,127,141,125,24,82
red,114,26,3,116,126,74,60,23,51,53
blue,48,154,150,137,118,18,92,143,9,126
blue,110,60,120,52,126,43,65,68,9,96
red,0,40,148,17,119,31,38,11,49,126
blue,72,38,2,106,126,48,54,43,76,74
blue,22,40,55,147,15,31,54,120,106,126
blue,31,130,144,137,126,47,23,115,49,91
red,34,26,94,51,119,101,65,33,9,126
blue,115,107,1,76,126,35,149,56,137,70
red,151,40,124,9,70,83,30,3,50,126
red,146,28,43,29,158,57,86,121,9,128
blue,0,75,41,76,82,18,94,23,17,123
blue,2,134,94,9,120,102,154,138,76,159
red,62,111,121,24,53,48,134,120,136,119
red,114,142,143,69,126,36,37,129,147,118
blue,112,46,104,49,41,22,38,68,51,74
red,77,26,103,51,126,37,60,150,49,160
blue,72,38,143,9,53,43,40,121,76,109
red,110,75,121,49,66,0,38,89,76,93
red,137,26,125,109,119,90,61,68,129,18
red,47,102,121,49,9,37,13,55,29,100
blue,137,38,68,106,93,110,102,83,69,120
blue,107,142,2,24,66,43,58,68,106,5
blue,31,154,151,137,100,123,102,11,109,108
red,67,61,94,17,5,0,60,159,109,82
blue,47,61,122,17,158,35,30,43,136,53
blue,107,111,121,17,66,90,130,124,49,82
red,110,46,2,24,70,3,58,73,116,12
blue,110,142,1,51,70,34,26,104,76,82
blue,127,65,11,76,96,34,58,121,29,53
blue,22,75,143,9,53,18,134,11,17,108
red,31,154,35,50,128,144,134,155,129,153
blue,43,125,83,17,53,110,40,3,109,9
blue,36,28,26,51,74,0,25,55,49,91
blue,112,13,2,29,12,18,23,34,136,82
red,131,60,114,147,158,110,79,121,51,108
blue,0,65,68,51,82,107,13,3,133,120
red,127,142,19,29,53,95,30,35,49,108
red,22,87,140,51,160,91,23,150,76,53
blue,114,38,140,108,119,22,58,64,116,118
red,72,38,15,76,128,107,61,121,133,9
red,114,40,93,69,45,62,38,144,76,9
red,77,25,129,69,74,33,97,7,49,70
red,137,130,55,150,93,0,92,132,76,99
red,103,65,55,106,119,54,142,121,76,128
red,0,65,155,109,53,62,84,140,76,74
red,22,23,155,76,46,92,54,43,147,83
blue,31,77,1,49,128,115,84,35,133,108
blue,18,154,11,76,108,0,13,109,63,126
red,131,60,41,49,126,2,65,121,106,82
blue,68,92,119,17,71,103,126,124,29,53
red,112,134,122,129,93,78,88,144,51,5
blue,81,84,121,24,5,22,40,143,15,119
red,47,38,142,54,93,0,40,55,109,108
red,3,87,114,51,82,0,40,143,137,66
red,114,58,122,116,80,0,154,21,9,18
blue,18,38,143,9,82,114,60,89,17,159
red,114,130,64,17,14,57,54,151,85,119
red,18,26,3,29,53,88,61,2,157,148
blue,0,145,144,76,66,103,142,159,29,126
blue,114,60,121,51,53,47,30,103,29,16
red,114,38,64,49,53,25,54,150,9,128
red,43,141,143,76,139,78,46,2,9,80
red,0,117,121,51,99,47,75,89,9,158
blue,47,75,144,8,70,112,61,105,51,9
red,0,65,26,51,93,102,58,55,136,114
red,113,61,89,129,120,0,86,68,51,111
red,47,26,151,133,74,131,38,68,54,45
red,104,67,94,69,70,90,134,136,76,126
red,18,58,55,129,45,144,46,120,17,111
blue,107,60,64,116,45,112,61,55,150,37
blue,112,142,64,49,9,74,102,70,76,5
blue,74,28,43,9,82,110,60,140,51,91
blue,91,58,120,116,153,112,38,70,133,53
blue,0,61,1,49,4,102,26,150,29,109
blue,107,142,121,129,82,47,58,143,49,70
red,115,65,138,137,96,74,38,33,106,99
red,145,65,144,9,109,114,142,129,51,82
red,88,74,23,52,96,81,40,68,85,93
red,107,74,121,76,93,47,87,33,29,108
red,90,111,33,129,41,31,84,114,17,71
blue,134,86,83,136,110,67,13,121,49,82
red,67,155,129,63,93,0,65,1,106,99
blue,18,65,68,9,128,115,74,159,133,70
blue,90,75,143,49,53,57,23,155,76,12
red,22,134,159,49,53,78,38,26,17,108
blue,114,65,159,76,5,3,87,121,129,108
blue,78,88,32,109,108,151,102,55,8,44
blue,115,38,120,136,108,18,30,89,150,9
blue,97,142,35,51,93,38,75,56,85,126
red,18,40,155,17,80,33,102,26,8,100
red,151,98,11,106,153,91,58,124,8,128
blue,43,149,138,129,66,151,28,143,29,12
blue,22,37,121,106,128,151,40,2,76,66
blue,101,98,83,51,93,151,142,121,116,119
red,129,58,132,147,96,110,38,120,51,123
blue,104,86,121,29,53,151,38,154,51,96
blue,18,13,1,51,82,127,154,155,76,100
red,151,149,64,147,53,31,46,143,8,80
red,1,58,140,9,45,47,124,129,51,93
red,77,58,117,136,153,74,23,125,17,71
red,102,117,138,17,79,22,13,71,29,45
blue,110,111,121,129,82,42,60,2,116,4
red,18,130,120,29,74,34,60,32,137,45
red,34,60,121,51,139,112,65,2,29,5
blue,31,58,53,19,80,131,107,89,106,82
blue,144,44,151,69,100,103,60,143,51,5
blue,112,84,26,133,121,110,60,56,51,82
blue,107,58,125,51,121,92,86,68,76,109
blue,151,60,143,49,53,72,26,33,133,153
blue,78,60,120,76,70,110,28,129,106,99
blue,18,61,48,109,158,155,28,35,17,14
blue,0,60,11,51,45,95,30,94,76,99
blue,95,28,155,51,82,18,84,142,49,128
blue,127,65,121,8,82,22,38,143,52,119
red,74,134,81,120,5,72,65,103,63,93
red,112,61,56,29,12,90,60,143,8,45
blue,104,28,91,29,119,134,113,150,76,12
blue,72,60,148,137,74,121,75,94,76,5
red,101,61,19,133,96,146,23,150,108,100
blue,110,84,121,133,45,112,65,125,29,139
blue,41,86,18,54,108,35,30,56,133,4
blue,2,77,48,76,41,107,58,109,133,5
red,97,65,121,133,16,101,102,64,129,14
red,48,38,143,129,126,31,87,1,133,108
blue,31,125,121,49,14,59,46,131,133,82
blue,0,54,129,76,45,102,38,143,106,96
blue,31,54,125,76,9,0,98,155,133,120
blue,91,60,23,63,119,110,125,1,133,45
red,90,23,69,76,41,150,38,78,147,45
blue,53,28,3,17,4,117,60,143,51,82
blue,78,40,33,49,100,101,38,2,76,41
red,18,84,155,69,74,145,77,33,76,80
red,62,67,151,76,12,74,86,140,50,53
blue,62,88,124,49,111,151,58,138,76,153
red,0,84,143,129,91,18,77,11,17,153
red,91,58,132,133,45,114,28,77,51,119
red,110,98,155,109,18,78,28,131,147,12
red,88,13,1,76,12,37,65,32,129,128
blue,103,38,140,69,70,62,60,120,76,93
blue,39,141,17,29,108,146,98,140,147,12
blue,18,28,77,8,153,110,46,1,129,70
blue,84,134,143,76,119,31,117,2,24,14
red,48,84,101,51,119,47,65,26,133,108
blue,110,92,89,106,126,25,154,33,51,12
red,110,146,33,147,53,90,54,124,51,82
red,18,98,33,133,70,0,60,132,106,120
red,145,102,33,54,14,150,38,23,106,82
blue,0,75,33,24,93,22,28,132,51,12
blue,74,124,151,51,128,31,142,33,133,119
red,62,124,142,29,100,110,38,33,17,128
red,6,46,33,63,70,127,142,138,51,93
blue,36,67,143,76,100,0,142,121,51,45
red,78,65,157,17,71,22,84,3,29,12
red,2,46,140,50,70,35,27,32,24,5
blue,127,46,122,85,99,37,107,140,150,108
blue,110,154,140,9,100,18,65,143,76,45
red,22,40,33,29,45,152,154,56,85,81
red,90,13,140,49,148,47,77,159,24,53
blue,74,40,124,79,16,110,38,33,137,139
blue,112,60,122,109,4,57,38,120,76,5
blue,65,46,64,29,5,88,145,121,136,126
blue,101,60,143,52,82,0,38,140,9,74
red,90,38,33,85,119,101,13,121,76,100
red,74,84,129,76,53,43,65,143,51,93
red,104,38,125,29,53,31,60,83,133,160
blue,88,25,19,50,79,35,134,7,49,108
red,57,38,64,24,82,72,84,13,9,79
red,47,38,32,29,100,107,26,136,17,5
red,113,38,94,29,53,115,141,143,116,100
red,131,134,68,49,12,90,65,11,50,100
blue,117,134,143,9,4,107,28,91,136,12
blue,39,46,144,133,119,103,30,71,17,12
blue,135,40,119,49,12,39,30,6,17,158
blue,112,97,1,76,9,130,61,120,17,71
blue,43,54,155,50,70,13,146,26,9,128
blue,39,130,140,137,153,107,13,41,52,128
red,74,61,159,9,108,46,58,34,17,12
red,103,40,56,51,112,48,38,53,9,80
blue,131,87,143,49,4,57,40,32,9,80
red,111,107,34,76,126,104,40,43,51,45
red,111,134,150,29,158,22,58,19,49,53
red,31,28,43,24,12,88,54,94,157,71
red,31,54,155,76,66,127,13,150,106,100
red,36,23,150,108,1,48,142,121,133,70
blue,90,40,140,51,79,34,130,2,133,153
blue,77,87,2,51,12,22,65,121,129,14
blue,112,28,1,51,74,113,60,143,8,93
red,103,26,2,29,9,19,67,143,17,119
red,121,46,150,76,70,123,77,2,133,119
blue,15,94,151,116,139,0,102,2,76,119
blue,104,39,2,17,9,53,38,121,133,153
red,104,87,2,24,109,0,142,56,51,45
red,42,26,17,29,71,0,38,2,49,79
red,110,98,2,29,12,151,60,55,129,93
red,135,60,89,24,128,22,107,2,85,100
red,22,38,121,76,70,135,13,2,8,118
red,31,58,55,17,93,7,40,2,9,80
blue,18,26,93,133,45,101,145,2,29,82
blue,31,46,2,71,5,35,38,121,8,99
blue,22,154,122,49,80,35,84,2,51,159
blue,114,84,144,51,82,151,58,2,29,153
blue,103,40,2,24,15,131,26,6,51,82
red,18,61,143,76,33,131,134,140,52,100
blue,121,58,143,52,100,159,60,2,51,66
blue,110,141,1,29,153,152,84,2,52,14
blue,103,54,91,17,120,151,98,2,133,70
blue,31,61,2,71,80,110,74,144,50,70
blue,110,86,2,116,4,31,84,121,129,153
red,0,23,2,150,93,95,58,143,109,46
blue,0,75,19,51,96,78,117,1,76,80
blue,90,75,121,129,128,0,38,2,127,56
blue,77,94,132,129,100,144,13,2,51,93
red,25,38,11,50,70,81,134,2,49,9
blue,48,77,1,76,5,31,113,2,69,126
blue,48,87,140,76,66,43,98,2,49,80
red,88,25,119,24,153,0,58,1,69,14
blue,0,30,2,137,70,110,92,124,51,99
blue,101,28,91,9,53,74,60,2,147,45
red,78,65,2,76,82,74,28,91,17,45
red,22,40,1,24,74,90,67,2,49,128
blue,18,40,121,51,100,36,61,2,29,53
red,88,61,124,106,153,59,111,2,137,119
red,48,149,2,51,82,47,28,121,9,70
red,110,130,121,109,15,90,38,2,116,5
red,31,107,56,29,128,110,40,2,50,100
red,110,97,2,29,71,114,87,94,106,14
red,101,145,10,50,118,84,58,2,17,45
blue,36,38,2,76,80,18,13,121,50,128
blue,0,86,2,137,119,58,60,121,51,74
blue,57,60,71,17,74,114,98,2,51,82
blue,121,134,73,17,45,0,28,2,24,120
red,110,38,2,51,66,31,13,6,133,119
blue,7,60,1,51,128,112,13,2,129,14
blue,37,38,2,17,53,18,86,121,109,93
blue,0,125,64,50,80,60,146,2,29,119
blue,103,40,124,156,153,35,61,138,116,119
red,35,142,2,116,153,25,46,151,51,80
blue,151,37,64,17,158,103,65,2,29,111
blue,37,102,132,116,80,18,40,136,51,45
red,34,26,121,51,93,134,77,159,122,82
red,90,38,37,136,4,72,61,121,129,80
blue,25,155,33,8,128,127,130,7,51,74
red,112,46,121,8,53,72,102,124,52,128
blue,110,61,143,8,124,35,84,91,133,70
blue,35,84,132,29,66,0,40,121,69,14
red,0,84,35,116,111,74,60,124,51,14
blue,0,124,104,24,153,90,142,64,76,91
red,146,102,138,51,100,110,84,151,76,41
blue,151,154,104,129,71,47,125,140,8,148
red,131,46,19,17,82,41,102,143,49,109
blue,35,40,32,109,111,103,87,1,9,160
red,117,58,89,76,153,74,40,157,29,12
red,31,84,150,29,96,0,61,121,133,70
blue,53,125,1,49,100,95,141,120,76,12
red,36,54,94,49,111,91,60,73,9,53
red,31,102,121,51,12,0,23,56,63,100
blue,151,84,83,133,118,103,23,143,51,96
red,43,60,64,51,18,77,40,1,76,14
red,117,134,148,76,119,42,61,139,17,71
red,74,40,26,24,80,25,61,121,129,148
red,3,61,144,51,5,151,98,150,136,70
blue,22,38,121,29,99,78,61,125,51,82
blue,151,61,37,50,45,0,39,125,76,153
blue,18,54,89,51,12,135,102,2,147,93
red,91,54,155,116,153,74,84,125,29,15
blue,134,30,3,76,5,74,102,159,29,153
red,144,102,122,8,16,103,40,143,137,126
red,31,13,56,76,99,0,102,64,17,5
blue,145,23,38,50,108,110,102,124,133,100
red,42,125,121,29,123,20,102,144,76,158
red,39,84,151,51,93,3,102,120,17,14
blue,152,54,110,51,14,74,86,1,8,45
red,72,102,143,106,44,31,54,121,29,5
blue,112,102,151,41,128,22,54,101,24,82
blue,43,38,64,122,14,22,102,94,109,79
red,34,13,56,49,82,103,102,33,29,12
red,103,40,144,136,126,78,102,121,106,53
blue,103,54,151,49,16,25,61,159,51,82
blue,25,134,121,17,74,0,67,11,106,82
red,43,102,159,116,96,103,28,3,51,45
red,107,102,84,29,82,101,117,94,106,5
blue,37,102,94,51,5,103,84,104,29,108
red,36,102,54,49,79,18,38,121,17,12
blue,0,102,55,51,110,25,13,32,76,15
red,2,130,150,76,119,18,86,33,49,99
blue,22,102,109,24,15,131,111,151,106,82
red,47,102,121,76,160,0,107,109,24,128
blue,18,102,1,109,4,39,23,129,51,5
blue,72,38,120,76,128,103,54,35,29,93
blue,74,111,57,76,16,0,102,33,9,15
red,74,134,120,137,66,78,102,143,76,82
red,74,60,120,29,158,103,102,124,17,5
blue,110,102,1,76,148,31,98,56,116,153
blue,146,130,83,137,45,115,154,34,76,159
blue,48,40,124,120,53,107,30,131,76,33
red,34,54,43,116,45,47,84,140,76,119
red,18,107,143,49,148,31,58,157,29,45
red,107,75,37,49,45,0,23,94,138,153
red,0,84,1,17,15,91,154,19,50,70
red,0,46,143,17,128,3,130,120,76,109
red,35,40,2,69,74,18,65,124,51,45
blue,0,40,140,29,70,127,154,121,76,12
red,25,87,151,85,126,22,67,7,49,158
blue,151,87,55,51,91,18,38,143,137,96
red,18,65,21,8,5,43,26,23,129,128
blue,103,130,125,17,108,0,58,138,8,45
blue,134,60,138,69,80,48,46,124,63,70
red,42,65,32,157,128,107,92,104,85,158
blue,18,149,151,106,4,39,142,3,116,5
red,31,38,11,106,14,103,23,150,50,100
red,31,88,70,29,96,47,84,150,147,93
blue,112,13,121,17,80,117,38,144,24,128
blue,0,107,83,29,66,114,155,56,133,93
blue,36,23,136,51,5,62,26,121,106,74
red,0,28,150,29,53,137,40,138,49,33
red,22,141,1,24,15,107,92,150,49,148
red,130,58,122,63,14,112,13,149,69,111
blue,22,26,144,24,80,103,27,132,0,12
red,31,38,11,51,70,127,107,73,29,12
blue,43,142,21,24,145,110,13,124,106,82
blue,123,84,125,29,111,101,38,121,76,70
blue,134,13,121,51,82,112,142,15,106,99
red,0,92,143,15,110,103,129,137,8,82
blue,90,142,55,49,15,3,130,121,69,119
red,103,58,157,8,118,0,134,1,49,53
red,35,38,96,76,128,104,61,121,106,53
red,36,98,64,17,71,107,155,56,8,53
blue,103,38,144,49,71,78,130,125,29,12
blue,110,38,143,76,5,0,40,121,17,45
red,95,58,143,63,53,22,23,55,29,9
blue,90,65,2,76,91,102,78,155,116,70
blue,43,13,78,51,74,0,94,144,9,108
blue,95,130,142,129,53,119,98,146,76,5
red,47,77,140,76,119,18,28,1,17,79
blue,22,60,64,24,109,103,23,125,49,139
blue,31,102,122,49,53,47,38,144,136,5
red,0,38,56,24,96,145,61,64,51,53
blue,57,141,82,51,66,137,61,2,29,109
blue,112,60,33,51,53,121,125,2,76,82
blue,0,38,104,133,100,88,124,94,51,74
red,47,23,121,76,5,43,88,56,49,53
blue,131,28,138,49,4,104,58,32,29,53
red,144,46,140,52,5,0,77,150,157,53
red,90,134,144,24,53,110,38,109,9,118
blue,0,38,19,24,53,112,13,143,109,108
red,22,61,59,9,53,112,38,155,76,109
red,22,30,51,49,80,152,60,148,17,53
red,31,38,122,76,53,48,84,11,24,128
red,101,67,143,147,82,31,154,89,29,53
red,103,27,3,147,82,112,145,151,156,96
blue,39,142,132,49,119,78,145,151,106,4
blue,151,142,124,52,53,47,145,144,133,70
red,31,134,54,24,71,74,145,140,51,45
red,37,145,55,76,70,21,154,150,133,12
red,81,58,56,133,70,115,97,155,24,99
red,123,26,155,137,118,81,97,104,138,70
red,31,107,143,76,91,81,46,56,69,80
blue,135,40,121,76,99,0,84,151,129,153
blue,57,125,94,76,160,101,54,155,49,109
red,91,26,155,49,160,110,134,57,76,5
blue,3,58,57,51,120,37,65,56,106,96
blue,81,54,7,76,12,18,67,109,156,53
blue,81,40,104,136,45,0,30,150,51,20
blue,31,46,57,17,110,36,87,121,24,71
red,7,67,105,29,128,48,154,81,76,53
red,0,58,57,85,100,78,88,155,129,74
blue,35,87,89,116,96,57,60,2,109,108
blue,90,54,93,76,12,146,113,148,17,80
blue,34,142,120,8,82,35,124,57,51,5
blue,77,38,144,49,82,39,88,81,116,148
blue,90,28,150,49,109,57,67,155,76,53
red,81,86,19,137,93,120,38,121,29,53
blue,0,111,26,54,93,57,81,53,49,108
blue,57,60,110,116,100,90,38,19,17,158
blue,95,60,54,116,45,34,125,57,76,80
red,43,23,150,133,153,22,98,57,51,4
red,110,61,57,9,45,47,44,23,51,14
red,62,65,120,108,81,78,135,64,24,128
blue,135,113,56,133,80,57,38,68,17,82
blue,57,101,155,49,128,91,23,143,144,153
red,43,40,109,129,119,110,60,57,24,158
red,151,81,159,51,14,57,61,121,76,74
red,135,87,57,109,5,0,75,81,76,100
red,134,94,56,76,66,151,67,57,17,12
red,142,28,57,17,82,104,124,48,69,80
red,150,23,43,49,139,81,60,144,120,45
blue,74,142,121,156,153,34,26,81,109,119
blue,81,65,121,54,153,74,40,109,76,14
blue,47,97,131,49,160,90,38,151,29,139
red,62,38,64,8,148,13,30,121,17,81
blue,101,65,3,51,93,88,27,55,137,153
blue,101,38,81,120,148,13,102,26,69,80
blue,81,98,121,17,108,115,13,140,76,120
blue,78,125,57,24,79,0,65,7,76,45
red,78,65,68,17,82,47,117,57,108,70
red,101,65,132,51,100,102,97,104,108,9
blue,18,26,81,29,1,37,145,155,133,93
blue,22,46,144,51,5,48,92,81,69,123
blue,36,13,55,9,74,18,107,57,129,5
blue,18,60,159,133,93,81,86,144,106,82
red,0,38,122,129,128,117,149,57,29,109
red,39,142,81,147,119,90,30,3,17,16
red,112,65,81,51,66,131,58,121,76,119
red,35,65,57,76,45,31,58,59,49,80
blue,91,112,26,129,45,22,84,81,24,158
red,88,13,120,17,118,112,92,89,129,153
red,0,107,159,24,53,20,134,55,8,70
red,0,23,150,49,80,113,130,19,17,45
red,113,87,151,133,70,104,38,2,49,80
red,31,65,132,29,45,0,60,121,51,118
red,134,39,32,69,126,0,13,1,51,82
blue,101,27,10,8,74,0,142,122,51,93
blue,0,134,132,29,53,31,98,122,17,119
red,74,98,1,17,70,131,154,26,49,100
red,91,87,121,76,71,31,98,132,29,70
red,117,40,121,24,80,39,30,155,51,82
red,47,130,120,9,128,107,30,150,137,118
blue,102,142,144,120,108,18,65,6,150,160
blue,77,23,150,8,70,31,87,140,29,148
red,0,141,144,69,80,110,23,150,63,70
blue,0,28,23,106,45,78,38,150,76,53
red,103,38,59,29,153,151,142,155,129,70
red,22,26,91,29,9,90,111,150,156,109
red,31,23,150,76,108,35,60,89,51,79
blue,110,146,65,51,153,107,40,56,116,14
red,121,38,1,51,82,3,134,26,29,53
red,3,87,124,49,9,121,67,136,17,5
red,107,61,68,9,148,18,134,155,8,15
red,36,87,57,52,120,107,13,151,24,148
blue,101,28,110,29,109,107,77,26,137,126
red,3,65,143,17,124,22,154,157,9,66
red,107,26,151,76,128,78,38,155,51,99
red,107,23,35,8,70,151,88,105,50,109
blue,18,38,140,137,70,107,97,125,51,15
blue,31,98,2,17,45,3,13,143,9,53
red,107,58,121,9,119,20,13,155,156,128
blue,95,78,104,137,1,107,84,19,120,14
red,3,145,143,76,139,25,102,121,51,30
red,18,145,55,133,80,62,58,120,76,66
red,3,30,151,49,71,31,124,2,17,82
blue,74,75,56,17,108,62,97,124,76,70
blue,90,75,136,24,74,47,38,2,17,15
blue,107,65,125,133,15,47,113,2,17,100
red,150,107,138,76,93,36,60,37,116,70
red,90,40,1,156,158,78,58,2,133,80
red,0,107,91,51,126,114,46,124,133,33
blue,151,154,155,17,108,74,87,106,76,5
red,0,97,75,51,160,102,142,26,137,126
blue,0,86,26,76,45,134,54,91,8,108
blue,31,87,122,75,15,59,38,35,17,93
blue,74,92,136,51,66,107,134,33,9,108
red,31,94,159,106,66,114,38,151,76,108
blue,18,88,140,116,83,114,40,2,150,4
blue,18,23,3,29,53,31,102,2,51,14
blue,18,38,124,29,93,84,58,143,150,74
red,112,154,142,76,16,134,98,143,24,74
blue,115,130,140,51,93,0,87,26,106,66
red,152,98,64,109,93,112,26,155,17,15
blue,43,141,121,133,153,31,61,41,29,71
blue,77,142,140,51,96,146,107,56,76,126
red,127,154,2,24,93,31,134,144,17,100
red,88,54,43,69,93,18,61,6,51,45
blue,0,38,2,17,118,62,134,89,76,5
red,7,38,138,136,148,90,60,140,51,100
blue,0,124,142,51,128,112,98,55,76,100
red,74,38,122,8,45,0,60,143,129,93
red,37,86,73,51,93,31,84,120,17,128
blue,35,98,64,52,126,78,38,150,69,128
red,18,26,150,17,160,22,23,69,116,70
red,31,5,121,129,96,39,38,7,8,160
red,127,61,43,136,160,42,104,159,51,66
blue,0,134,151,29,82,20,75,121,63,45
red,0,113,124,116,66,110,40,11,24,82
red,128,13,120,49,12,112,65,19,17,16
red,151,60,3,120,82,103,107,59,76,70
red,101,28,138,137,70,31,40,120,17,5
red,31,61,33,147,70,101,97,19,29,66
red,31,134,124,51,82,123,154,151,49,53
red,107,54,151,129,53,41,134,26,17,9
red,78,30,151,49,12,0,40,33,133,70
red,34,102,90,9,120,60,124,144,17,79
red,48,154,34,129,53,155,141,64,109,108
red,120,26,151,17,53,37,154,61,51,70
red,104,60,94,51,96,25,38,56,24,93
blue,43,130,56,54,80,104,38,55,76,5
red,0,58,2,129,153,144,40,35,150,14
blue,0,13,64,29,139,154,133,33,76,14
blue,43,65,51,109,14,0,74,143,8,128
red,117,26,155,8,45,88,75,140,51,5
blue,31,26,155,106,5,103,60,144,129,120
blue,22,154,121,76,82,112,38,125,17,5
red,0,65,73,51,5,47,155,2,116,153
blue,78,40,43,76,70,18,107,158,106,5
red,134,97,144,108,4,146,94,143,17,5
red,107,60,56,52,14,31,38,64,9,70
red,77,60,43,52,5,18,13,144,116,45
blue,101,149,143,76,14,121,38,155,9,128
blue,127,38,93,29,91,22,141,143,51,71
red,101,13,114,17,82,22,107,121,76,160
red,22,145,73,133,70,81,125,124,76,82
blue,115,28,3,29,153,101,141,19,49,158
blue,0,38,56,17,9,101,125,91,50,66
red,0,134,150,17,12,22,38,71,76,46
blue,101,54,150,76,82,114,58,158,50,14
red,101,46,143,133,9,2,13,144,76,82
blue,101,27,55,76,153,103,125,11,52,74
blue,47,40,71,109,83,101,134,148,51,66
blue,101,54,3,76,148,18,133,143,49,128
red,92,142,11,17,82,101,98,121,106,99
red,81,154,158,51,80,22,142,124,49,100
blue,101,65,32,51,99,62,84,94,29,153
red,144,77,143,52,71,101,38,109,19,12
blue,47,54,144,24,139,22,141,33,120,160
red,39,38,94,69,80,22,65,2,76,53
blue,101,38,154,137,70,0,130,23,109,160
red,101,65,81,122,9,22,98,89,1,108
red,22,74,143,29,96,101,40,1,51,57
red,144,60,101,106,82,36,37,94,29,71
red,77,26,151,76,5,18,37,1,8,14
blue,101,60,121,17,45,22,26,35,76,66
blue,22,134,159,17,79,20,30,143,76,9
blue,2,154,94,129,133,101,30,125,150,65
blue,101,38,94,123,108,18,58,159,8,5
blue,101,125,73,76,118,43,30,59,52,14
red,22,13,104,29,27,134,38,83,127,93
blue,22,23,150,120,12,134,26,43,76,45
blue,47,149,143,147,14,37,38,23,85,70
red,72,60,94,109,53,101,88,124,8,16
red,22,61,159,106,93,62,87,158,147,96
red,101,38,1,157,96,92,94,2,29,79
blue,48,30,93,51,70,134,65,154,29,9
blue,74,60,73,51,79,19,44,125,29,148
red,110,60,139,17,82,91,87,56,29,70
blue,34,38,87,136,128,90,98,69,138,100
red,102,40,144,29,108,107,26,7,51,82
blue,120,27,131,110,108,53,134,117,156,119
blue,115,58,121,17,71,145,61,158,51,110
red,127,40,2,116,79,115,134,121,17,82
blue,47,54,55,24,74,127,26,94,102,12
blue,127,142,125,76,74,91,60,151,49,139
red,0,60,127,76,70,110,107,35,49,66
red,127,154,129,76,160,0,38,151,157,93
blue,127,30,151,76,93,31,38,143,9,96
blue,37,130,68,29,45,0,27,155,17,12
blue,35,23,89,129,128,48,133,122,106,12
blue,34,87,120,29,12,0,98,68,51,79
red,47,65,148,29,119,22,26,151,51,12
blue,144,142,148,29,100,0,30,94,52,53
red,103,26,101,76,12,78,125,94,150,159
blue,43,60,3,122,12,46,98,121,17,128
red,74,130,143,24,12,115,75,89,69,45
red,123,61,32,17,70,81,154,143,76,80
red,48,98,25,17,160,31,61,19,49,79
blue,37,98,121,50,66,77,75,33,136,160
blue,65,23,94,49,108,36,40,109,85,153
blue,145,38,121,51,12,88,134,151,76,120
red,104,97,1,29,108,31,38,144,54,4
blue,115,117,160,49,82,59,141,121,137,158
blue,134,91,26,136,128,0,124,61,51,100
blue,57,134,143,51,153,107,111,159,147,53
red,41,61,10,51,93,117,65,32,50,153
blue,127,30,89,8,100,51,117,104,17,108
red,2,27,101,51,4,95,65,89,136,79
blue,115,27,68,24,82,0,38,7,83,108
red,135,38,19,9,70,88,40,122,76,123
blue,0,27,11,76,45,48,61,143,17,16
red,102,107,26,122,108,77,27,131,17,45
red,47,27,104,8,126,22,13,129,54,66
red,74,38,90,17,160,103,27,155,24,53
blue,103,75,143,29,153,77,97,124,17,79
blue,101,46,56,17,71,74,27,151,24,93
red,22,27,151,51,119,134,75,154,116,9
red,0,27,121,17,119,151,60,140,51,70
red,102,58,143,51,53,110,149,115,138,100
blue,59,38,146,29,153,22,54,11,76,118
red,43,88,91,17,119,48,67,121,76,45
blue,0,30,124,106,99,22,113,11,29,119
blue,25,38,109,29,118,127,58,144,17,53
blue,101,23,150,116,153,0,154,19,8,158
blue,18,67,155,17,9,137,38,142,76,100
red,18,58,150,51,15,74,23,151,76,12
blue,20,130,121,69,79,39,92,43,106,82
red,48,38,121,69,70,37,5,34,17,79
red,31,13,2,133,70,91,61,121,8,14
red,109,60,120,137,118,31,111,35,29,108
blue,35,154,138,49,119,91,38,120,69,128
red,22,38,35,157,160,18,98,120,137,53
red,150,23,121,49,159,88,60,143,8,128
red,103,40,121,76,158,48,58,148,17,119
red,47,87,129,17,160,36,13,159,109,80
red,150,60,121,133,70,19,102,155,106,93
red,0,60,144,69,53,25,13,56,129,99
red,0,84,35,106,82,47,61,34,157,100
red,34,60,19,116,100,101,38,122,133,118
red,0,61,140,9,100,90,125,122,50,70
red,115,61,124,129,100,151,54,90,106,14
blue,48,130,26,106,100,95,40,121,133,14
blue,110,26,151,139,108,22,98,155,54,100
red,95,134,143,133,100,123,102,121,76,119
blue,31,13,2,8,100,22,38,89,51,53
red,22,145,26,29,100,2,58,120,51,93
blue,36,67,142,116,70,81,60,68,133,100
blue,57,38,55,50,100,35,111,83,54,108
red,48,86,114,29,100,115,113,151,9,93
red,127,142,121,54,108,90,30,96,76,128
red,31,28,120,133,100,135,40,121,137,70
blue,150,88,139,143,100,117,134,101,129,53
red,103,5,143,9,70,114,38,109,51,128
red,37,54,151,156,100,43,84,159,133,108
blue,103,134,120,156,100,39,97,159,129,119
blue,62,23,125,50,82,110,38,121,76,100
blue,42,141,2,76,45,0,142,1,136,74
red,0,102,151,17,71,145,38,143,109,108
blue,145,40,120,17,109,142,26,122,136,70
blue,31,142,109,106,66,18,23,143,51,9
blue,37,98,143,116,53,22,38,71,9,119
blue,134,91,1,106,82,36,60,143,29,53
blue,57,58,124,51,148,78,54,151,29,119
blue,34,134,1,109,80,31,154,41,54,108
red,59,23,129,50,119,31,65,121,133,70
red,47,134,29,9,119,103,38,124,147,108
red,103,30,90,69,100,79,38,143,49,14
red,103,58,6,51,4,90,38,26,49,66
blue,135,98,26,51,82,48,65,37,129,15
blue,43,141,68,17,148,48,65,19,49,93
red,0,23,159,156,128,144,38,155,50,70
blue,36,38,143,17,80,62,87,150,116,119
red,110,98,140,17,74,78,60,144,29,53
blue,90,154,94,136,9,0,27,64,51,93
blue,91,46,56,109,66,78,142,157,29,45
blue,39,61,73,76,82,47,98,124,29,16
blue,13,67,151,49,12,18,113,124,17,82
blue,34,60,19,49,80,101,133,144,9,128
blue,21,40,56,63,119,18,30,43,129,74
blue,134,84,125,51,82,90,102,143,109,108
red,31,84,131,116,89,107,142,124,9,45
blue,34,58,121,29,53,110,61,56,9,109
blue,25,102,157,129,93,81,130,121,51,128
blue,22,23,138,129,82,0,13,33,85,153
blue,103,61,56,157,45,74,38,159,17,118
red,90,92,124,156,96,107,61,143,51,158
blue,74,38,11,133,70,91,125,143,76,109
red,43,88,64,9,160,47,74,125,156,118
red,135,87,69,24,70,144,97,94,76,128
red,36,141,119,54,100,103,154,55,51,128
red,103,30,94,51,5,104,13,11,29,153
blue,3,46,148,133,96,103,107,155,17,70
blue,123,141,21,76,9,103,60,33,29,53
blue,103,26,91,51,128,144,94,129,17,53
blue,101,84,94,8,53,103,38,32,51,92
blue,62,142,109,69,53,103,74,2,17,9
blue,47,26,56,76,99,103,30,155,136,9
red,103,26,104,9,5,18,61,69,63,70
blue,103,102,32,51,53,114,60,124,85,92
blue,74,38,2,24,4,103,61,157,51,93
blue,103,134,87,9,92,0,97,157,116,93
red,103,23,18,137,119,101,149,140,116,93
red,34,54,38,133,128,77,61,143,24,70
red,127,26,140,49,108,0,84,125,51,74
red,114,65,2,17,80,0,54,143,49,119
blue,110,23,11,76,153,123,54,3,136,99
red,102,54,143,137,45,47,38,13,76,4
red,88,38,121,29,93,43,54,125,116,9
red,102,60,11,24,74,95,142,1,29,119
blue,43,38,143,76,54,112,60,55,24,9
blue,0,54,150,24,96,18,104,124,51,158
blue,123,133,104,17,128,110,54,151,76,99
red,123,54,94,24,82,74,125,104,138,140
red,123,26,33,51,54,137,38,104,29,53
blue,7,40,125,106,4,18,23,150,8,70
blue,131,44,155,76,148,35,38,109,52,14
red,127,54,0,49,53,4,40,1,69,74
blue,22,158,54,29,16,112,23,150,76,7
red,72,54,137,49,93,59,113,158,29,153
blue,22,54,94,29,15,31,124,142,17,79
blue,35,102,125,109,53,22,26,132,29,119
red,0,54,151,133,70,78,60,2,129,66
red,38,65,121,24,139,101,54,32,17,45
blue,110,54,94,133,70,151,130,64,49,45
red,117,84,151,76,9,0,54,155,49,82
blue,88,84,125,29,153,0,98,1,51,128
red,43,54,138,106,82,101,65,143,129,4
blue,47,125,64,76,119,62,23,94,49,53
blue,59,133,121,29,45,0,54,3,51,5
blue,88,39,150,76,4,154,54,121,51,128
blue,103,54,2,49,158,90,124,144,51,82
red,151,102,83,51,74,18,54,94,17,119
blue,151,54,125,51,108,0,13,140,137,139
red,31,54,48,9,45,37,38,32,76,5
red,22,54,83,69,119,42,46,56,76,70
red,114,54,155,133,80,18,65,124,19,96
red,78,102,64,133,74,62,146,33,76,5
blue,35,54,122,116,16,46,30,155,156,5
blue,3,28,89,24,93,34,54,121,116,45
red,134,65,138,51,5,42,117,125,133,82
red,42,54,143,49,111,0,46,122,109,76
red,42,27,38,29,82,110,133,1,76,45
blue,62,28,10,106,82,42,117,26,85,96
blue,42,61,19,133,139,0,30,26,76,128
blue,42,84,150,49,4,110,124,143,136,82
red,42,154,55,129,91,112,60,120,51,71
blue,77,86,64,51,41,42,61,120,29,53
blue,74,28,94,129,128,42,155,121,76,53
red,42,28,129,17,70,39,40,110,54,160
red,42,40,34,29,79,110,142,143,8,111
red,20,58,125,24,5,42,46,151,54,74
blue,31,135,120,24,5,42,40,56,76,119
red,42,46,6,8,45,137,58,32,24,4
blue,42,86,104,17,108,107,130,6,116,79
blue,0,61,2,69,80,42,102,143,76,74
red,34,111,155,109,108,42,28,2,129,158
red,0,141,121,17,53,42,54,72,136,14
blue,42,155,121,129,14,101,46,21,29,96
blue,43,134,143,76,80,42,67,121,49,119
red,47,46,143,29,53,42,38,2,116,100
blue,42,84,94,129,74,137,98,140,147,148
red,48,46,64,24,71,42,87,124,116,53
blue,42,38,18,54,9,103,67,3,17,139
blue,101,38,56,29,45,42,141,11,76,66
blue,42,60,32,116,45,0,26,93,150,70
blue,18,40,1,8,5,42,75,94,9,12
blue,135,38,71,8,79,42,28,34,106,5
red,31,86,140,49,9,42,40,139,17,119
red,131,98,2,17,100,159,38,151,136,70
red,151,26,121,9,53,159,30,43,17,93
red,0,102,121,51,159,92,111,2,29,12
blue,74,67,143,49,5,146,40,19,17,159
blue,2,26,53,49,80,78,86,125,17,159
red,123,40,121,76,119,79,58,56,50,45
red,36,125,140,29,53,103,46,33,50,159
red,78,40,55,24,93,35,134,56,29,159
blue,127,141,143,133,159,36,40,11,17,96
blue,159,40,132,129,124,31,60,143,17,71
blue,151,125,1,17,159,34,38,35,133,70
blue,31,60,64,133,159,0,38,140,49,66
red,159,67,150,63,70,43,40,6,51,80
blue,0,154,139,76,159,101,86,19,8,118
blue,159,75,138,76,53,115,154,122,129,9
blue,159,134,121,133,90,18,141,89,8,70
red,159,134,69,51,96,0,54,125,8,119
blue,159,124,47,29,53,90,91,144,17,109
blue,88,125,68,76,15,159,98,155,24,71
red,34,145,71,148,79,110,46,94,29,159
blue,78,26,150,156,70,0,13,74,69,159
red,117,142,105,47,119,134,38,143,150,159
red,0,60,2,49,16,74,77,19,51,91
red,127,23,151,150,160,90,98,56,8,45
blue,101,46,150,49,15,47,87,2,76,74
blue,72,87,144,136,128,159,13,19,133,93
red,31,125,159,17,120,101,84,155,137,100
blue,159,87,69,8,66,90,26,3,106,120
red,151,67,159,129,99,91,141,144,51,119
blue,103,27,159,106,14,97,13,140,17,4
blue,2,23,125,9,123,90,27,159,24,93
red,3,117,159,51,5,88,40,125,49,148
red,104,58,159,9,119,101,60,143,69,128
blue,151,141,159,49,153,0,40,89,9,119
red,31,86,138,136,79,22,92,155,106,1
red,34,98,41,17,100,31,46,64,106,5
blue,47,65,19,133,121,22,125,144,24,128
red,123,38,140,106,5,22,28,64,50,110
red,31,28,138,50,126,34,40,121,29,119
blue,31,134,1,17,148,115,84,151,106,82
red,112,28,121,51,96,36,134,3,76,66
blue,18,28,68,51,66,31,46,109,17,153
red,47,58,3,24,71,103,84,35,109,108
blue,37,134,151,49,15,39,40,1,24,53
blue,121,61,94,49,93,34,75,1,50,82
red,37,13,1,51,66,22,134,139,24,153
red,18,94,120,150,93,134,28,3,24,153
blue,0,92,159,52,70,35,28,144,29,119
blue,107,61,121,9,109,78,142,157,129,100
red,31,27,35,29,45,18,28,143,17,139
blue,115,28,125,49,158,151,65,132,29,153
blue,22,134,11,133,118,114,154,155,17,82
red,103,65,64,137,45,81,134,114,106,27
red,103,134,121,49,158,22,46,142,17,148
blue,0,79,2,133,70,101,67,56,17,119
blue,103,40,133,24,70,43,130,120,8,109
blue,43,37,71,49,148,72,61,151,129,74
red,34,54,155,9,128,72,28,150,137,133
red,145,38,1,29,9,26,98,140,17,53
red,137,46,1,76,93,31,5,73,9,91
blue,0,134,143,49,53,22,77,136,29,119
blue,0,5,150,17,82,78,13,154,29,93
blue,130,87,121,17,12,107,13,140,106,100
red,115,38,121,8,158,0,23,155,50,96
blue,39,26,142,69,80,103,60,55,29,153
red,77,54,132,24,158,31,134,1,29,100
blue,0,65,159,8,93,43,104,151,129,110
red,22,30,86,85,79,114,60,144,9,37
blue,18,75,150,11,14,0,149,101,109,108
red,72,84,155,8,119,103,102,150,76,4
blue,110,98,33,49,45,37,60,73,8,9
blue,115,30,151,17,108,0,60,121,156,45
red,35,40,140,133,126,150,113,1,8,16
red,113,28,125,8,128,30,141,124,133,45
blue,48,141,144,29,76,0,26,155,156,153
blue,0,65,56,136,109,31,146,33,29,153
red,107,97,53,133,41,24,23,33,9,45
blue,43,65,1,109,76,127,13,35,148,45
blue,127,46,121,17,71,103,13,1,51,14
blue,110,149,119,9,70,72,88,121,17,158
blue,0,30,43,29,70,90,38,155,51,111
blue,110,40,140,138,153,47,75,144,29,14
red,18,63,135,51,93,110,38,32,29,12
blue,123,154,68,29,76,144,58,121,52,82
blue,0,58,33,109,108,78,38,143,29,53
blue,90,77,23,49,45,107,60,2,29,108
blue,47,61,121,137,100,112,88,33,29,158
blue,47,30,129,150,70,18,58,144,29,158
blue,115,40,55,116,82,31,38,138,69,160
red,22,154,121,106,93,90,30,135,51,128
red,22,77,19,136,53,152,13,121,17,160
red,103,60,1,136,93,137,30,125,50,5
blue,103,84,140,24,82,3,60,122,137,111
red,131,154,155,29,45,47,46,2,49,9
red,20,142,33,17,71,121,146,91,76,160
blue,103,61,121,49,45,31,58,155,144,128
blue,18,23,71,76,128,0,28,150,8,99
blue,35,40,159,76,15,134,104,121,24,5
blue,18,26,33,8,41,43,38,121,17,80
blue,84,154,129,50,45,36,37,150,136,119
red,114,23,125,29,93,127,65,121,133,119
blue,47,30,94,29,15,146,74,21,85,99
blue,146,141,121,69,158,2,74,131,106,91
red,31,30,86,76,119,72,111,121,52,70
blue,115,124,138,9,82,72,38,64,116,53
blue,31,54,1,29,115,110,102,121,129,80
red,31,65,121,51,71,18,60,143,17,96
blue,47,75,158,106,160,4,38,23,49,100
blue,34,65,151,109,5,59,88,121,76,93
blue,110,38,104,8,70,47,117,3,54,5
blue,91,61,122,129,74,137,38,124,138,96
blue,77,125,23,76,82,48,134,138,17,108
blue,88,60,143,133,70,59,44,121,52,82
blue,78,37,143,106,82,47,98,35,17,14
red,19,38,121,24,45,20,149,148,133,108
blue,90,60,121,76,53,18,26,132,150,118
blue,112,40,26,116,70,114,13,121,69,53
red,72,23,94,49,100,120,54,3,129,82
red,145,98,121,76,100,37,40,94,8,153
blue,103,40,148,51,16,92,13,121,108,93
red,90,46,23,17,148,88,142,121,29,100
red,0,65,59,24,14,20,38,150,51,109
blue,112,61,131,51,100,0,134,121,133,119
red,103,58,138,9,118,53,154,150,85,119
blue,31,38,101,1,153,35,28,150,129,70
blue,77,146,120,51,118,57,26,129,106,128
blue,47,54,23,129,82,74,65,19,51,79
blue,90,26,104,29,53,36,102,2,133,12
red,0,38,143,49,82,34,149,26,24,9
red,145,65,68,116,70,134,38,121,76,66
blue,22,124,2,38,118,90,145,143,29,53
red,92,60,143,137,119,101,149,159,76,5
blue,36,38,33,133,14,0,84,121,51,93
blue,110,13,7,9,53,25,130,136,133,14
red,39,60,143,106,14,0,154,64,29,153
red,22,26,143,51,14,110,107,55,17,12
blue,74,134,151,147,5,103,65,114,51,14
blue,31,37,121,29,14,110,75,69,109,100
red,59,154,38,147,14,112,87,133,106,93
red,74,102,19,52,14,35,46,144,106,128
blue,35,27,125,129,93,0,46,143,17,53
blue,47,23,73,29,45,59,58,34,157,14
red,91,154,121,54,12,131,26,155,129,14
blue,19,58,129,50,119,110,26,121,51,14
blue,0,154,122,133,124,22,141,132,24,14
blue,59,46,43,9,158,103,154,121,51,14
red,47,98,139,49,82,36,13,68,51,14
red,115,23,68,129,80,39,125,56,116,71
blue,103,117,159,49,14,0,65,124,109,108
blue,34,154,124,29,45,103,58,159,51,14
blue,151,130,155,29,45,37,87,144,76,153
blue,62,146,13,133,70,134,44,43,137,45
red,18,98,143,24,99,43,154,150,76,45
red,78,60,32,76,45,0,113,1,138,93
blue,81,65,26,29,45,135,28,121,76,93
blue,78,13,159,129,93,90,46,7,50,70
red,22,58,143,52,66,134,38,81,136,4
red,22,104,159,29,99,101,87,143,49,93
red,110,40,94,137,12,78,13,121,8,99
blue,5,26,94,51,82,90,130,55,69,45
blue,74,22,6,76,109,41,58,143,9,71
red,47,78,144,17,120,151,23,94,29,53
blue,22,26,94,51,82,77,111,143,137,110
blue,0,54,142,50,45,81,30,83,37,108
red,34,58,59,51,96,90,23,94,50,45
red,117,86,7,109,108,0,23,94,129,93
blue,35,141,94,50,100,31,26,139,17,53
blue,31,107,11,147,128,0,154,140,116,153
red,57,154,138,50,82,110,97,109,51,96
red,36,40,143,147,119,0,60,121,49,79
red,77,60,144,76,5,90,40,159,17,9
red,48,125,140,49,45,91,75,144,29,148
red,22,20,64,52,71,101,87,11,133,70
red,91,60,144,133,45,47,38,71,85,126
blue,90,60,159,29,54,121,40,144,51,14
red,62,58,155,137,70,18,26,11,24,128
blue,74,91,37,76,45,151,38,143,129,80
blue,107,38,121,24,66,34,87,11,116,53
blue,78,38,3,51,45,0,154,101,24,74
red,0,13,11,50,15,78,58,151,49,5
blue,51,80,151,34,148,114,27,94,17,9
blue,117,134,11,17,66,18,30,2,76,93
red,137,61,89,24,82,18,38,11,8,45
red,11,38,18,129,82,37,58,35,51,53
blue,114,65,104,51,46,127,142,35,17,118
blue,150,154,138,51,46,127,142,1,49,128
blue,123,61,155,29,15,88,38,11,51,96
red,0,38,11,8,139,130,92,1,29,9
red,0,142,144,76,160,47,149,138,49,12
blue,42,27,11,17,53,35,142,73,51,14
blue,123,124,43,129,82,114,26,104,150,45
blue,74,102,68,51,12,123,26,150,156,53
blue,112,134,138,49,128,42,102,120,51,46
blue,103,84,56,17,108,57,65,1,51,5
red,43,13,11,133,70,0,117,151,50,45
red,102,61,19,51,128,43,124,105,49,45
red,131,102,119,133,33,103,58,11,150,96
blue,37,38,122,50,53,34,61,11,133,158
blue,37,26,125,133,45,18,38,11,49,12
red,22,61,11,17,66,18,60,57,136,82
red,31,65,59,17,12,47,102,11,76,6
red,110,130,1,51,82,90,86,32,9,14
blue,35,38,11,8,128,150,27,23,24,99
blue,112,134,11,17,100,47,58,124,29,128
blue,31,142,11,29,109,39,23,151,51,82
red,2,46,11,51,33,0,94,155,120,123
red,88,65,11,54,93,7,92,138,51,119
red,110,154,89,62,108,37,75,11,76,65
red,95,61,144,51,14,110,84,143,106,4
blue,110,75,143,51,93,127,23,29,133,153
blue,114,102,32,129,82,117,38,89,49,128
red,95,60,19,129,99,88,26,155,17,111
red,121,75,0,106,82,103,130,55,17,148
blue,34,84,125,106,82,135,87,1,76,118
blue,0,75,3,76,109,78,58,68,24,45
red,110,75,94,8,53,114,26,121,76,41
blue,72,75,150,51,128,103,98,143,17,4
blue,104,78,110,76,12,48,75,68,17,158
blue,103,141,143,76,9,41,40,150,52,128
red,95,40,19,76,119,110,98,121,29,53
red,110,134,140,49,158,83,38,143,24,5
red,31,111,35,9,66,18,58,143,51,122
blue,18,46,144,129,66,3,113,109,133,119
blue,111,98,89,51,100,18,67,155,76,82
red,22,154,121,133,74,103,102,57,59,45
blue,95,88,21,51,82,0,40,89,76,120
blue,103,40,121,18,80,131,44,144,29,5
blue,110,142,89,49,158,103,130,121,29,80
blue,119,92,110,133,70,103,23,1,150,82
red,78,65,143,17,45,18,40,120,29,153
red,18,30,71,17,5,62,54,124,8,74
blue,70,38,37,29,82,0,26,41,51,5
red,119,23,150,51,93,134,40,53,116,45
red,48,23,143,29,74,0,30,151,76,82
red,34,58,7,29,15,0,54,56,50,45
red,36,13,144,106,120,78,38,93,51,9
blue,18,60,11,24,66,151,26,33,9,45
blue,47,30,101,76,153,18,75,55,50,118
red,95,142,55,24,119,18,46,89,17,4
red,42,30,155,106,100,0,141,143,51,4
blue,127,65,3,129,4,31,78,144,85,71
blue,0,111,3,8,53,31,98,6,9,108
blue,110,60,53,156,80,127,22,144,85,93
red,114,58,155,106,93,90,26,89,51,82
blue,18,27,43,24,153,48,26,155,85,119
blue,0,154,19,85,53,135,61,159,8,70
blue,101,40,155,8,153,110,78,121,156,15
red,95,142,94,109,33,22,38,56,51,12
red,31,107,56,136,160,18,94,157,116,5
red,127,130,151,8,12,72,40,22,137,15
blue,22,154,140,85,70,0,67,143,147,14
red,2,58,121,85,14,42,75,129,51,45
blue,0,27,150,69,119,101,13,68,51,9
blue,31,77,144,129,74,22,142,104,137,119
red,123,23,125,29,108,34,102,59,50,45
red,151,130,143,136,71,90,39,81,24,158
blue,18,65,143,133,158,0,30,151,137,9
blue,107,38,1,17,45,127,54,43,9,108
red,43,133,10,76,53,35,38,159,24,93
red,117,134,91,29,53,48,38,1,133,41
red,0,38,71,17,128,59,77,26,76,53
blue,152,65,114,69,96,47,86,37,129,53
blue,22,38,104,9,70,115,87,83,116,53
blue,110,87,19,76,15,18,23,32,17,53
red,34,44,32,9,53,13,134,159,24,93
red,95,154,140,17,53,103,28,121,9,71
blue,0,67,120,76,16,114,26,43,116,53
blue,43,74,143,76,93,0,13,158,9,53
blue,91,54,150,29,76,62,87,2,85,53
red,74,60,140,29,53,35,130,143,129,9
blue,57,38,115,49,93,19,13,34,9,12
red,41,23,11,85,153,110,54,3,51,114
red,112,40,143,52,74,78,30,121,9,128
blue,150,30,140,85,14,3,38,159,9,45
red,151,30,143,17,12,150,77,1,76,153
red,81,61,7,76,74,151,130,33,17,5
blue,43,141,140,51,12,31,38,104,29,53
blue,42,61,139,69,70,112,46,138,24,120
red,131,40,143,85,118,90,54,3,29,128
blue,47,141,33,109,108,131,13,151,17,12
blue,117,97,89,51,53,47,141,140,24,100
blue,47,46,150,9,82,35,26,78,52,93
blue,137,125,138,50,118,124,38,35,17,153
blue,137,149,124,49,71,35,40,113,129,153
red,24,38,1,17,79,3,58,56,29,118
red,145,38,124,49,45,72,75,44,116,53
red,103,141,143,24,12,56,98,1,29,74
blue,90,60,1,150,120,154,38,122,29,148
red,47,38,158,9,45,0,102,2,85,53
red,20,77,135,29,82,7,141,32,24,100
red,31,130,120,136,160,145,74,121,17,109
blue,37,23,150,49,100,47,79,132,116,82
blue,90,58,159,52,93,18,141,10,76,74
red,0,141,121,116,158,47,74,2,49,54
red,101,98,143,29,153,0,74,121,116,70
red,144,46,121,49,108,34,141,55,17,74
red,0,23,136,156,45,112,86,143,17,15
red,20,61,56,43,119,146,23,150,17,108
red,31,98,94,17,15,74,61,26,106,82
blue,74,84,110,49,108,101,58,104,116,80
red,88,54,151,51,15,47,38,56,116,100
red,114,60,140,29,15,103,58,121,49,45
blue,47,65,32,51,82,48,75,68,76,93
red,74,60,124,17,119,0,98,1,136,93
blue,110,28,71,50,153,47,58,7,133,70
blue,31,46,140,49,148,43,54,159,17,80
red,72,28,150,49,12,34,30,64,118,108
red,36,28,150,85,118,146,60,2,51,93
blue,135,30,151,24,70,114,61,140,9,153
red,110,58,122,24,92,31,102,155,138,148
red,59,38,155,49,74,90,86,148,17,93
blue,88,60,64,147,96,18,38,155,136,93
blue,74,38,94,109,93,91,37,150,106,100
blue,0,142,120,17,15,103,134,33,49,153
blue,110,65,121,106,93,31,87,144,24,108
blue,3,13,2,129,79,31,124,101,69,15
red,35,54,3,49,93,110,98,124,76,100
blue,90,38,7,50,45,22,65,41,17,93
blue,74,125,32,9,153,115,149,140,17,93
red,78,58,64,106,93,74,38,19,76,80
red,107,13,124,17,93,0,38,15,51,153
blue,43,117,64,76,100,59,155,139,29,5
blue,90,54,151,76,118,18,134,143,106,93
red,18,54,144,29,119,127,75,33,76,91
red,31,38,35,106,66,57,65,143,116,70
red,130,125,155,49,15,62,98,68,51,9
red,39,65,91,17,108,72,61,56,8,100
red,120,39,151,106,9,70,38,143,29,153
blue,78,146,159,129,82,0,46,121,137,15
red,78,13,121,76,93,135,60,19,51,100
blue,74,87,7,8,108,95,58,2,24,128
red,22,74,140,106,4,60,38,64,133,108
blue,20,5,150,69,80,115,13,143,129,100
red,74,58,1,51,66,25,23,150,116,100
blue,103,38,155,9,118,47,28,68,76,160
blue,48,104,140,150,100,31,26,125,24,119
red,114,117,34,51,108,39,46,24,17,158
red,123,61,121,51,5,135,40,104,8,82
red,151,23,57,106,5,127,39,138,17,14
blue,47,60,104,17,66,72,38,121,9,154
blue,150,60,90,17,45,18,23,78,106,80
blue,31,134,122,150,9,43,149,121,17,93
blue,152,149,110,157,71,103,125,148,17,45
red,47,38,121,17,118,18,113,11,116,158
blue,47,38,73,17,71,151,65,159,49,93
red,113,133,120,106,99,41,142,143,17,139
blue,131,84,120,17,70,41,141,148,49,82
red,115,154,55,17,158,144,94,129,137,96
blue,92,65,151,17,71,112,26,150,76,124
red,72,26,19,106,33,48,67,155,17,70
red,0,75,94,17,79,101,154,143,129,141
blue,62,40,11,76,71,74,60,132,17,45
red,48,65,121,17,128,34,38,132,24,53
blue,114,40,56,51,9,77,38,55,29,153
blue,77,54,155,76,128,18,111,55,51,82
blue,0,77,143,49,45,110,54,102,51,128
blue,31,134,148,63,128,112,98,138,51,160
blue,43,38,143,51,37,77,130,71,136,15
blue,2,60,94,9,14,101,124,64,76,93
blue,22,23,121,76,12,77,134,55,106,126
red,77,23,150,49,139,123,26,120,136,62
red,101,23,121,133,96,90,13,26,116,119
red,77,37,132,106,91,88,28,127,50,16
red,0,23,132,106,93,35,61,143,49,70
blue,74,142,144,17,124,103,38,120,50,70
blue,0,23,43,120,12,48,38,121,17,70
blue,41,130,90,8,45,15,13,155,150,80
red,57,65,159,133,70,101,13,32,51,93
blue,144,141,43,49,100,101,30,155,29,80
blue,0,13,144,9,80,25,60,64,54,53
blue,35,5,20,63,70,34,38,140,76,99
red,18,77,140,76,80,144,145,159,24,66
red,90,23,71,106,5,43,130,140,133,92
blue,88,13,143,109,118,31,60,140,9,53
red,37,61,140,17,5,59,58,11,51,66
red,113,92,83,9,45,110,125,140,133,153
blue,74,107,43,116,108,0,87,140,69,93
blue,72,13,81,106,160,31,38,83,49,120
blue,90,65,140,129,5,114,27,69,51,45
red,31,60,157,106,124,0,26,140,76,119
red,90,61,140,136,80,18,23,81,69,120
red,90,58,140,76,45,110,78,125,137,126
red,0,23,151,116,118,31,145,83,51,158
red,34,88,140,133,96,123,74,104,108,109
blue,22,142,138,76,82,152,98,140,106,96
blue,90,125,2,51,80,112,75,151,69,70
red,101,97,140,24,45,131,65,70,35,153
blue,22,54,132,17,14,34,134,71,49,158
blue,92,54,150,69,158,123,13,121,76,66
blue,35,84,125,156,158,113,13,155,109,82
red,36,26,91,51,93,47,38,104,140,108
blue,107,30,150,157,93,144,60,15,123,108
blue,35,23,135,17,45,88,75,121,129,153
red,101,38,53,17,71,112,26,126,51,82
red,31,40,122,51,128,43,134,143,9,45
red,62,30,150,9,128,18,111,122,51,45
blue,127,40,55,9,108,90,65,143,76,4
red,22,98,33,9,16,31,65,121,29,128
red,42,58,104,29,79,20,67,151,8,128
red,104,58,155,8,139,151,134,143,69,82
red,123,40,1,76,109,18,23,140,9,128
blue,47,58,94,51,121,48,37,71,8,9
red,101,27,155,85,15,0,134,110,24,54
red,146,23,43,29,16,2,60,37,8,148
red,31,145,64,8,80,57,13,2,76,45
blue,0,88,124,8,12,103,142,19,15,148
blue,114,26,110,76,74,90,23,150,8,12
blue,13,40,2,9,128,114,26,38,8,118
blue,11,61,132,29,53,101,38,144,8,153
red,90,88,121,51,118,101,54,105,76,74
blue,11,142,144,76,119,81,86,121,116,74
blue,114,38,71,8,119,47,107,143,17,128
blue,39,84,94,8,93,110,125,143,76,46
blue,18,23,11,106,82,151,40,55,8,93
red,95,30,32,29,96,81,54,104,9,41
red,34,88,140,8,45,115,84,101,50,82
red,152,130,33,8,70,27,13,94,76,41
blue,131,58,56,8,153,103,27,94,29,9
red,101,27,94,106,41,31,84,157,133,153
blue,101,87,32,17,79,103,28,71,8,118
red,103,91,124,17,66,107,13,19,29,82
blue,22,60,120,116,111,121,58,89,8,82
blue,43,46,1,29,93,57,102,54,24,128
red,114,60,56,8,153,101,98,104,57,108
blue,37,92,155,8,74,110,61,71,76,140
red,22,28,125,49,74,35,86,121,106,82
blue,47,40,73,51,14,134,75,81,8,53
blue,114,26,15,24,14,48,38,81,49,128
red,31,130,144,69,16,62,46,124,8,108
blue,110,124,143,156,15,81,38,140,8,74
blue,90,67,155,8,126,0,28,143,156,118
red,127,65,121,8,45,146,23,104,50,93
red,22,75,2,51,71,91,60,121,24,93
blue,18,44,132,8,4,88,26,0,133,70
blue,74,65,121,24,128,127,61,33,17,5
blue,34,60,121,29,153,103,65,124,8,100
red,0,67,122,8,16,31,38,124,106,14
red,74,145,104,49,108,88,65,11,8,53
blue,74,130,2,51,5,131,75,32,8,153
red,90,23,151,8,70,127,40,68,76,74
red,74,40,1,8,153,59,38,140,63,70
red,43,74,64,51,93,115,23,3,8,108
blue,112,102,120,116,148,36,133,144,52,126
blue,37,46,121,52,126,112,98,104,8,148
red,78,142,35,54,153,18,102,121,17,80
red,74,142,124,29,153,131,133,121,17,108
blue,31,134,155,24,153,20,39,104,17,93
blue,31,38,122,8,45,91,40,64,29,99
blue,36,125,121,9,45,114,58,3,136,128
red,2,134,155,116,70,101,38,121,108,5
red,115,40,35,138,109,0,113,155,51,159
blue,18,37,155,76,111,104,58,143,51,53
red,46,87,144,29,118,34,84,138,106,5
red,77,23,89,29,100,46,38,121,69,53
blue,37,98,144,9,45,101,124,102,109,16
blue,110,23,102,106,5,135,61,144,137,128
blue,38,65,104,76,119,43,40,154,63,80
blue,31,134,56,49,53,102,38,144,17,96
red,143,102,144,133,70,107,141,1,49,45
red,57,65,56,29,45,151,107,121,76,82
blue,127,40,43,51,120,37,86,144,29,9
blue,102,65,140,136,108,39,38,3,51,14
red,48,58,55,129,128,104,38,143,137,96
blue,47,30,151,76,53,18,65,64,29,12
red,31,46,143,51,40,18,38,144,9,158
red,127,38,143,69,160,65,130,155,76,119
blue,48,40,121,49,82,127,58,144,133,153
blue,31,134,122,17,82,0,130,143,9,119
red,31,38,159,129,71,88,40,2,147,119
red,81,23,144,76,139,151,142,1,116,12
red,18,27,109,50,66,112,65,64,129,119
blue,103,65,109,51,70,37,46,143,29,53
blue,115,54,121,51,45,22,145,89,116,70
red,146,27,121,29,71,59,23,75,69,80
red,31,27,121,9,93,47,26,155,49,71
red,6,87,143,116,74,90,26,110,29,153
red,18,67,159,24,16,0,40,43,51,82
blue,110,39,1,133,80,78,40,43,76,96
red,18,44,75,69,93,2,154,43,29,153
red,18,38,6,106,66,72,107,43,29,12
blue,57,154,109,9,82,43,38,151,136,93
blue,36,46,23,17,53,0,154,43,9,108
red,142,124,43,76,80,0,60,121,116,71
red,134,87,43,9,93,78,40,56,76,82
blue,144,58,68,76,9,115,67,43,49,91
red,18,142,56,133,9,114,155,43,17,80
blue,18,26,94,136,93,43,23,81,50,53
blue,43,46,1,129,158,22,58,124,137,153
blue,110,124,43,51,45,113,134,144,133,108
blue,117,98,140,133,108,101,26,43,106,5
blue,151,113,73,76,153,103,38,26,17,150
red,78,84,43,50,128,35,86,121,17,4
red,31,26,43,106,45,110,60,151,8,70
red,34,26,43,76,108,97,46,94,109,93
blue,34,141,43,54,14,0,13,64,51,9
red,134,46,155,106,82,43,111,104,50,100
red,0,26,83,147,71,151,54,155,129,93
red,151,74,159,136,14,43,38,68,29,53
red,37,75,43,24,119,0,39,2,52,100
red,6,61,121,17,45,3,154,43,76,109
blue,31,107,93,17,79,37,75,43,133,74
red,134,75,68,133,70,31,27,43,106,100
blue,88,141,43,106,5,22,61,121,50,100
blue,105,130,155,51,45,35,102,43,157,153
red,35,28,151,76,5,110,65,56,69,12
blue,152,92,43,133,100,101,46,23,24,45
red,0,26,37,133,12,90,65,1,63,119
blue,39,30,61,17,53,115,60,143,76,79
red,34,13,33,29,53,62,155,11,9,71
red,34,124,132,106,82,151,60,139,29,71
blue,104,60,121,29,14,43,154,110,116,70
red,121,154,81,137,79,31,134,140,51,96
blue,35,58,143,69,14,114,130,158,24,16
blue,34,40,139,136,53,74,61,122,17,45
red,34,84,3,76,16,0,27,152,29,53
red,0,75,13,29,158,91,142,151,49,66
red,0,75,78,147,5,31,38,11,106,4
red,0,74,2,51,100,59,84,125,76,118
red,103,65,132,51,82,0,40,140,116,14
blue,144,149,19,116,100,0,134,143,133,109
red,41,124,0,137,92,33,60,77,17,79
blue,18,77,132,137,100,78,61,0,129,5
blue,31,133,120,49,82,18,67,151,51,74
blue,77,58,2,137,79,47,13,56,51,4
blue,47,75,64,29,16,37,98,144,52,9
red,135,37,155,51,80,47,61,124,17,79
blue,20,38,56,17,96,78,134,155,116,45
blue,42,23,101,106,4,91,134,143,24,128
red,59,60,109,51,82,36,75,33,17,119
red,36,38,124,17,82,62,102,143,116,100
red,34,130,104,76,15,31,134,136,138,93
blue,92,87,159,50,70,110,26,103,49,66
blue,78,13,94,50,128,31,60,56,144,82
red,77,30,21,17,82,18,133,2,116,100
blue,137,91,89,106,5,101,134,1,51,108
red,90,111,33,51,45,18,28,151,116,119
blue,88,40,32,76,128,115,65,73,24,82
red,18,86,109,9,160,74,30,1,76,45
blue,0,37,132,85,158,103,133,2,116,109
red,81,114,6,133,109,115,61,89,106,128
blue,18,61,55,29,80,19,65,56,106,82
blue,103,134,143,51,109,101,60,56,137,99
blue,144,142,35,129,148,56,13,22,51,109
red,90,149,151,29,109,134,65,64,116,128
red,51,75,109,120,80,22,13,143,49,53
blue,0,65,56,17,91,114,75,43,24,79
blue,18,155,109,129,91,90,134,159,29,128
red,3,113,11,17,12,36,58,143,9,128
blue,31,38,64,17,158,35,75,11,106,91
blue,101,27,33,17,79,110,58,134,106,158
red,127,40,43,106,160,144,107,56,133,126
blue,110,130,7,29,45,37,40,158,9,14
blue,18,54,56,76,160,3,98,2,51,53
blue,110,26,155,29,139,107,142,121,17,79
red,151,26,10,29,12,18,142,2,51,100
red,0,54,155,29,93,74,38,144,51,5
blue,35,13,143,29,123,152,84,155,17,45
red,18,38,19,17,45,78,92,155,76,9
red,34,65,121,50,74,0,130,56,8,119
red,101,60,159,76,53,0,13,2,132,100
red,31,87,143,106,5,112,107,121,17,79
red,154,13,2,17,119,31,38,120,69,80
red,62,23,150,147,70,90,26,121,17,108
red,47,65,144,9,71,145,84,121,133,70
red,22,61,1,116,108,74,130,19,52,100
blue,31,65,64,29,74,110,27,121,106,14
blue,36,65,121,29,91,144,98,2,150,93
red,35,154,64,24,80,90,142,139,50,153
blue,39,65,64,29,108,112,40,129,109,120
red,22,154,2,49,158,18,28,155,76,119
blue,36,102,1,51,93,107,40,56,136,5
red,31,13,131,85,82,74,98,2,136,79
red,37,75,155,9,153,135,27,120,29,53
red,31,97,121,76,82,81,23,150,51,128
red,0,74,121,17,45,90,98,2,136,119
blue,22,65,26,85,153,74,38,43,51,53
blue,145,154,89,76,82,48,58,2,106,99
red,36,46,56,76,5,131,87,122,51,153
red,31,142,159,116,100,131,124,144,24,82
red,7,84,19,137,128,154,60,155,106,82
red,103,142,64,116,12,101,125,159,17,70
blue,43,142,143,76,153,107,60,1,63,119
red,25,38,121,17,66,47,134,143,49,76
blue,114,130,158,156,53,25,67,101,51,74
red,22,145,114,133,158,74,13,121,76,79
blue,110,60,109,29,68,91,61,121,51,5
red,36,13,89,133,70,18,38,2,29,12
red,31,87,94,49,148,103,134,19,116,119
red,18,26,125,24,128,34,74,64,8,45
blue,18,87,75,49,120,110,38,121,17,71
red,101,58,21,109,118,107,38,157,9,108
blue,31,74,138,51,120,103,142,121,24,82
red,88,65,159,50,158,0,46,144,8,118
blue,88,60,23,17,4,101,65,143,116,109
red,131,154,150,109,14,31,61,10,76,5
red,97,130,89,69,108,103,87,155,76,96
blue,31,53,132,147,139,112,134,56,49,74
blue,137,26,34,17,93,92,142,155,109,118
blue,77,98,94,24,128,34,154,155,109,45
blue,114,23,3,109,80,101,13,104,17,128
blue,31,84,143,29,45,0,86,140,49,53
red,102,98,35,54,53,110,65,143,76,74
red,77,113,121,150,16,31,30,3,9,66
red,48,30,71,133,14,0,58,54,17,158
red,103,38,122,17,70,31,130,11,133,153
red,123,154,26,51,96,18,23,150,29,53
blue,31,40,121,50,70,65,0,143,147,45
blue,90,44,143,9,108,131,65,138,17,128
blue,2,61,119,150,74,104,134,125,76,80
red,31,67,155,51,37,22,60,140,43,66
red,18,84,7,29,118,123,61,11,52,93
red,107,26,134,129,46,84,60,122,29,9
red,31,98,151,138,53,7,145,143,29,108
red,59,142,104,76,12,18,26,56,106,82
red,22,61,159,133,82,31,117,101,109,9
blue,18,65,122,51,82,37,98,38,29,158
blue,72,40,55,52,12,31,86,1,106,9
red,74,86,140,51,120,117,13,121,29,96
blue,110,61,140,51,9,2,84,94,29,5
red,31,142,120,129,93,74,134,3,9,53
blue,31,38,143,106,82,18,27,33,51,128
red,18,124,144,24,119,48,30,121,17,14
blue,31,98,124,43,128,18,28,1,52,82
blue,110,65,89,17,153,18,67,140,63,96
blue,114,61,90,133,70,31,23,64,24,128
red,127,26,125,29,9,115,130,104,24,66
blue,31,13,121,106,14,18,130,109,76,82
blue,112,23,158,129,70,31,141,125,15,53
blue,149,130,104,136,9,110,39,1,133,99
blue,34,61,144,29,70,18,134,1,17,158
red,114,61,43,133,46,0,74,155,106,100
red,37,58,64,133,70,101,102,121,24,108
blue,65,60,26,129,80,110,146,155,116,5
blue,144,13,87,17,79,43,141,56,24,93
red,135,86,132,76,119,0,125,143,29,81
blue,35,46,140,116,74,18,26,120,137,9
blue,43,61,148,116,5,47,58,121,115,160
blue,90,86,144,49,153,103,26,124,76,118
blue,48,98,53,17,119,103,23,64,85,126
red,112,65,122,76,45,127,98,129,157,46
red,91,124,19,49,160,107,38,138,69,153
red,114,91,150,51,12,36,117,1,17,148
blue,131,40,56,51,66,0,58,143,76,74
red,103,102,144,24,5,101,26,94,17,15
red,152,58,121,29,80,102,74,19,9,12
red,43,30,94,50,119,74,65,64,17,79
blue,31,60,121,9,80,22,98,11,147,71
red,0,142,143,50,70,131,26,140,106,93
blue,112,38,148,52,5,151,54,138,17,71
red,31,154,140,116,158,39,142,143,17,100
red,112,107,125,54,119,62,65,132,49,128
blue,74,98,132,24,93,47,13,94,51,100
red,22,54,159,50,53,0,23,94,8,45
blue,22,46,62,106,153,101,142,121,17,93
red,112,30,151,17,53,0,23,150,51,99
blue,143,98,155,76,53,31,81,10,49,110
red,115,146,143,49,108,114,13,56,133,153
red,144,13,94,69,80,43,78,155,9,108
blue,74,142,150,51,5,114,13,120,29,100
red,47,38,55,51,5,46,13,121,49,148
red,43,13,71,24,12,48,98,2,109,93
blue,48,38,121,49,109,0,146,148,137,12
blue,74,86,124,29,53,31,142,23,9,119
blue,47,23,155,108,66,18,13,32,106,14
blue,22,46,2,50,4,18,38,143,17,14
red,90,81,138,17,100,0,13,35,50,83
blue,31,13,121,106,128,145,54,94,8,45
blue,22,38,11,17,79,31,13,19,29,153
blue,74,23,151,76,108,47,30,94,106,82
blue,53,77,19,76,80,131,27,23,24,82
blue,114,142,56,156,153,110,125,109,76,71
red,34,92,121,52,93,90,87,2,51,1
red,47,44,89,51,93,0,141,120,29,82
blue,18,141,104,17,79,81,44,56,133,45
red,104,60,143,129,82,113,97,120,17,53
blue,35,97,150,17,139,88,67,2,106,45
blue,90,44,61,17,70,59,65,56,51,4
red,22,104,109,29,92,101,44,121,129,80
blue,0,44,138,9,100,88,61,19,29,45
blue,47,44,109,137,93,144,155,15,50,119
red,22,104,56,133,12,117,44,77,137,109
blue,34,154,104,9,158,31,124,11,17,153
blue,34,92,11,9,16,90,142,144,52,66
blue,37,58,143,69,70,25,102,121,51,80
blue,34,38,55,29,100,110,27,151,133,126
blue,110,97,56,129,14,34,90,104,63,80
red,34,130,125,17,139,107,142,122,76,53
blue,151,30,94,51,45,34,74,6,106,99
red,34,13,138,129,79,54,149,3,49,15
blue,34,46,19,138,109,18,13,1,51,82
red,107,58,150,109,9,34,104,122,76,82
blue,31,38,148,29,109,34,61,140,24,126
blue,34,86,2,76,53,112,87,19,133,70
red,34,102,140,85,108,31,65,144,51,5
blue,72,65,2,52,128,34,38,140,17,82
red,34,124,21,8,128,91,65,143,76,74
blue,104,87,150,129,93,0,23,125,9,119
blue,114,87,89,76,153,110,54,125,9,16
blue,103,38,26,76,108,18,13,143,109,118
blue,37,111,155,147,82,101,27,144,76,119
red,31,104,139,76,119,0,86,2,24,160
blue,2,58,155,50,12,127,38,122,29,119
red,72,58,26,43,9,103,30,143,8,70
red,110,67,59,136,119,35,151,11,15,118
red,112,26,109,24,119,47,130,120,76,100
blue,18,141,140,129,9,102,154,44,24,45
blue,22,141,155,109,139,0,38,64,9,119
blue,31,54,48,49,9,57,58,56,17,12
red,74,40,121,137,53,36,145,138,63,70
red,48,38,159,133,128,62,124,155,137,99
blue,2,87,10,51,93,20,86,143,137,70
red,22,86,132,51,70,101,84,121,147,5
blue,18,130,158,109,121,0,97,2,106,74
red,0,134,32,51,4,22,26,2,137,12
red,47,154,64,17,160,151,38,11,147,80
blue,90,40,151,49,15,47,155,11,76,82
blue,101,38,143,133,153,18,113,125,9,5
red,74,61,122,129,93,47,38,55,106,82
blue,3,46,121,51,66,0,38,134,157,82
red,0,67,94,29,148,134,92,78,17,71
red,114,141,32,17,45,62,111,143,51,108
blue,0,154,121,63,5,62,107,150,9,139
red,112,23,101,51,93,123,46,55,49,45
red,47,142,121,49,80,31,38,2,8,53
blue,74,75,151,17,148,42,142,121,51,82
blue,0,154,109,52,80,146,98,121,9,14
red,0,102,109,147,91,90,75,48,51,153
blue,145,58,71,150,119,101,40,121,1,91
blue,18,38,83,109,108,47,61,143,52,5
blue,78,38,71,76,83,0,65,121,9,5
red,22,117,56,76,9,0,26,144,17,12
blue,0,155,121,116,82,43,142,120,76,118
blue,103,134,144,116,96,101,58,32,29,45
blue,35,84,43,76,9,0,87,121,106,66
blue,48,27,56,69,14,0,13,121,129,53
red,144,145,121,24,53,78,61,159,76,100
red,103,38,121,51,74,31,98,24,109,5
red,77,107,121,24,139,0,26,19,106,5
blue,91,61,140,52,53,0,142,33,76,100
red,90,61,121,129,14,67,26,81,29,53
blue,22,46,68,9,79,107,61,144,136,100
blue,134,46,94,137,45,39,77,121,50,120
blue,67,65,125,106,110,57,142,19,29,128
blue,0,94,32,81,118,130,26,140,24,153
blue,101,113,73,136,128,90,154,155,120,9
blue,101,60,121,76,109,0,13,105,157,70
blue,145,141,1,29,89,107,38,121,17,128
blue,42,154,56,17,79,107,142,121,129,153
red,143,44,0,29,5,31,26,101,133,128
blue,22,98,104,51,100,18,13,121,116,158
blue,19,154,150,17,158,0,26,122,50,79
blue,34,60,1,51,66,62,102,121,29,110
red,18,46,140,17,160,22,75,121,85,126
blue,0,58,26,29,120,39,75,143,8,99
blue,102,125,140,17,100,43,75,143,9,41
red,43,124,155,51,160,91,88,121,17,70
red,35,38,41,69,45,88,125,121,52,4
blue,37,13,1,76,45,34,86,121,150,128
red,107,38,143,106,100,101,28,19,137,12
blue,31,44,121,24,82,72,86,19,9,108
red,22,60,124,17,79,0,75,33,109,9
red,39,54,155,8,153,35,38,144,17,119
blue,18,26,121,8,153,62,13,143,29,74
blue,112,38,143,136,118,34,27,152,24,119
blue,0,94,11,17,71,112,91,2,29,119
blue,144,38,121,29,53,78,97,19,17,45
blue,142,75,125,29,79,101,134,121,24,100
red,78,13,144,133,53,22,155,56,137,109
blue,151,88,136,17,119,0,28,155,106,5
blue,146,124,56,50,100,112,46,121,120,126
blue,2,146,121,51,9,103,61,143,24,5
red,137,125,158,29,139,90,40,19,49,108
red,115,113,143,51,119,101,78,144,52,74
red,0,30,55,108,118,115,58,43,143,99
blue,31,40,121,52,48,13,44,140,133,100
red,131,65,121,147,45,110,67,144,17,128
red,47,102,121,156,82,35,38,143,76,14
red,59,60,34,76,128,121,155,112,29,80
red,18,46,121,108,126,144,87,155,51,100
blue,137,84,55,106,82,2,38,43,76,4
blue,152,38,143,147,66,112,88,26,106,5
blue,144,38,94,17,99,72,87,1,116,9
blue,103,28,144,29,76,43,38,121,50,109
blue,31,91,121,51,82,20,13,1,19,70
blue,131,134,1,51,74,0,61,143,8,100
red,34,38,121,129,80,47,134,140,157,45
red,37,60,140,51,53,121,27,155,129,12
red,112,130,19,116,93,43,54,143,106,4
blue,110,130,121,52,45,39,38,151,50,81
red,121,38,56,8,45,47,13,143,85,53
blue,107,23,121,150,4,0,134,144,116,119
blue,2,38,91,29,108,121,94,110,50,70
red,47,58,136,85,93,43,5,121,49,96
blue,107,141,121,133,153,0,111,125,76,120
blue,151,61,143,50,70,43,26,1,133,153
blue,0,65,11,50,71,43,58,6,49,53
red,0,75,144,24,71,22,98,104,17,70
red,31,125,121,17,79,127,38,120,116,14
blue,145,38,43,157,109,110,98,55,76,82
red,34,23,2,76,70,43,125,56,17,82
blue,110,38,121,116,71,143,98,26,24,53
blue,0,88,121,51,82,37,13,150,137,5
blue,110,154,143,76,119,31,111,121,137,30
red,37,154,131,147,45,43,61,144,8,70
blue,43,30,68,24,53,0,60,124,17,160
blue,34,134,121,52,9,37,75,132,129,18
red,22,26,144,8,80,137,97,109,49,158
red,103,86,144,106,45,0,58,121,109,74
blue,18,84,143,106,82,43,26,94,9,128
red,78,30,151,76,5,18,75,121,29,70
red,34,77,140,51,158,115,58,121,17,79
red,74,38,150,136,158,103,61,121,29,80
blue,110,98,121,15,153,112,27,125,51,66
red,101,54,144,116,14,110,130,89,29,45
red,18,58,93,24,119,0,155,121,51,96
blue,152,40,144,24,66,150,65,132,29,12
red,117,38,150,109,126,0,142,32,24,119
red,22,130,143,49,108,110,102,2,76,109
red,31,111,11,49,45,0,65,132,76,153
red,0,88,73,50,99,31,65,19,85,119
red,25,30,32,8,128,144,94,10,76,82
red,110,54,121,29,118,135,58,120,106,93
red,90,65,11,106,12,95,38,55,24,70
red,0,107,56,76,92,3,87,125,133,74
red,3,134,132,159,16,88,38,32,24,74
red,151,87,34,17,79,90,86,94,76,74
blue,88,65,132,50,70,47,154,69,9,158
blue,0,107,143,109,119,42,67,121,137,82
blue,135,26,121,24,93,0,27,142,133,119
blue,22,125,121,76,83,112,60,143,137,5
red,0,26,144,150,80,36,13,33,29,153
red,31,23,143,150,4,19,88,155,106,153
red,74,102,120,133,93,18,86,158,116,153
red,90,61,121,156,5,31,142,2,133,120
blue,95,142,143,116,158,18,38,2,76,160
blue,90,40,71,106,82,11,38,121,85,45
red,90,134,56,51,66,101,26,155,109,53
blue,0,5,121,17,53,78,98,138,137,128
blue,25,58,21,76,66,47,130,10,51,139
blue,2,40,122,52,70,43,65,68,109,108
red,59,46,143,51,66,35,27,121,17,74
red,42,26,19,76,79,78,38,132,106,66
red,25,134,155,49,15,127,30,26,24,45
red,18,54,110,49,139,90,154,1,106,82
red,101,88,121,51,45,37,60,19,85,153
red,90,102,64,76,128,121,130,19,106,66
blue,101,97,83,106,93,103,60,143,49,74
blue,101,107,26,51,82,18,38,121,76,14
blue,0,60,71,49,128,18,65,143,76,5
blue,37,38,139,129,74,31,61,89,76,66
red,130,154,150,29,139,74,61,55,69,99
red,114,38,140,116,5,35,149,155,147,82
red,35,60,121,17,79,127,61,33,9,45
red,145,154,64,24,4,88,67,1,69,74
red,123,65,121,69,14,22,142,144,29,80
red,57,86,132,69,99,31,23,144,24,45
red,48,40,143,29,53,31,102,121,137,14
red,0,60,121,147,96,31,65,23,51,128
blue,22,142,105,76,4,18,141,139,147,126
blue,130,30,159,17,158,107,40,56,9,45
red,47,13,143,9,45,134,38,55,147,118
red,110,154,74,51,41,31,75,114,120,108
red,114,38,89,147,96,112,40,158,50,70
blue,151,75,121,109,15,91,98,138,51,80
red,47,54,121,136,93,72,26,150,76,96
red,18,54,2,51,93,25,61,140,29,53
red,47,26,155,69,16,74,38,2,17,108
red,47,65,34,136,123,121,30,62,49,93
red,101,54,33,76,82,121,149,110,51,128
red,18,154,155,17,12,31,46,19,49,45
red,101,154,150,49,45,77,60,2,9,70
blue,127,61,143,51,93,107,141,124,116,12
blue,131,102,120,49,53,74,23,150,129,82
blue,47,38,120,51,14,20,98,143,29,93
red,47,26,159,133,70,90,145,143,150,74
red,36,38,121,120,108,0,40,144,114,153
red,110,141,143,76,5,0,65,11,50,114
blue,39,107,110,133,79,31,61,122,136,16
red,110,38,138,76,53,137,84,94,51,16
blue,127,154,125,106,4,2,142,32,76,93
red,74,60,55,136,53,114,46,43,76,15
blue,22,98,8,133,45,0,38,120,76,100
blue,59,60,159,76,74,127,107,143,129,96
blue,0,37,140,52,5,145,38,56,51,82
blue,103,28,143,76,9,47,142,122,29,118
red,42,28,0,52,128,110,40,55,9,4
red,33,98,0,41,4,42,142,7,29,71
blue,78,97,94,85,153,48,75,136,76,9
blue,74,38,32,49,153,65,39,139,106,100
blue,47,40,53,51,96,90,30,1,129,100
red,127,111,11,29,119,0,38,104,116,41
blue,101,26,43,9,100,78,130,104,106,82
blue,22,145,122,52,100,31,26,43,116,96
red,65,30,142,76,96,0,13,124,106,93
red,36,75,87,133,70,114,61,38,8,128
blue,88,58,143,147,96,81,67,150,24,119
red,129,58,143,76,5,42,141,55,69,16
blue,46,28,124,76,108,47,65,19,51,82
blue,31,154,10,133,96,110,61,159,76,93
blue,3,154,71,150,93,7,61,124,137,119
red,135,61,20,106,53,59,58,56,29,15
blue,90,141,143,106,100,131,155,1,76,53
red,18,130,143,49,158,47,77,53,24,148
red,22,142,159,137,126,151,97,122,8,12
red,31,38,138,137,158,103,97,151,109,160
blue,18,13,11,51,45,103,97,122,29,158
blue,69,38,26,29,82,42,60,121,85,45
blue,36,74,140,129,70,88,23,125,76,148
blue,22,28,56,49,111,47,60,71,51,14
red,18,88,132,49,96,115,46,159,76,139
blue,47,124,143,17,12,31,141,120,49,119
red,36,40,139,76,93,114,61,144,116,153
red,90,154,121,49,9,101,104,43,51,45
blue,91,26,121,76,5,25,38,1,106,82
blue,43,154,155,76,14,112,26,133,9,4
blue,134,102,151,106,148,18,154,150,51,82
red,18,141,144,51,5,103,130,91,17,120
red,0,38,140,76,93,77,40,2,51,45
blue,74,40,2,51,93,59,60,151,76,14
red,137,77,143,76,5,78,61,148,17,53
blue,48,46,53,50,74,90,65,104,8,123
red,110,40,56,138,80,47,65,121,8,139
blue,129,154,121,76,111,22,38,56,116,119
red,110,84,155,76,128,20,102,64,8,74
red,74,13,150,51,118,0,38,143,50,119
blue,144,28,3,133,118,72,134,150,8,37
red,90,30,131,24,5,110,38,119,116,160
red,101,38,78,51,148,31,117,104,129,80
blue,25,40,138,50,128,90,84,78,8,9
blue,101,113,159,147,158,57,46,64,76,9
red,110,60,124,8,53,39,65,125,106,100
red,62,23,125,24,93,101,38,78,51,82
blue,18,61,121,49,82,37,46,1,17,12
red,39,38,132,8,70,18,113,71,51,12
red,35,60,124,109,71,39,38,121,29,93
blue,43,134,101,116,53,78,38,125,106,4
red,107,27,151,109,93,78,60,121,76,53
blue,0,58,71,9,123,107,60,132,49,128
red,107,40,55,133,70,110,38,124,8,16
blue,81,54,129,8,5,103,23,150,17,71
red,34,46,21,50,14,110,54,122,8,70
red,101,88,159,8,74,107,54,110,17,45
red,74,27,3,76,5,120,65,124,8,14
blue,30,60,57,9,45,22,38,124,76,99
blue,69,38,78,63,70,144,30,150,76,14
blue,103,26,39,106,82,58,27,148,116,100
blue,35,13,144,76,91,110,38,22,109,118
blue,131,125,143,129,71,47,60,159,76,93
blue,3,61,132,109,74,2,60,89,76,70
blue,47,65,24,8,45,72,146,2,76,70
red,47,154,54,116,53,62,13,158,8,15
blue,35,78,41,8,45,0,154,69,76,153
blue,78,38,132,108,70,74,23,3,150,37
blue,72,13,68,9,100,90,38,121,8,70
red,2,30,159,76,118,20,40,150,49,71
blue,146,13,23,8,109,25,142,132,108,9
red,37,40,121,106,128,65,130,124,108,158
red,110,46,59,116,158,121,40,104,8,53
blue,35,54,11,116,9,22,154,1,8,12
blue,144,58,124,8,91,103,40,109,76,119
red,77,87,142,49,66,22,38,56,8,93
blue,0,65,44,133,70,104,58,94,17,80
blue,18,155,2,8,119,104,107,91,76,93
red,110,125,140,29,148,47,58,2,49,108
blue,74,61,125,109,118,31,60,56,76,158
red,47,44,55,8,100,22,23,94,137,158
blue,47,67,120,8,128,81,39,19,9,76
blue,90,86,159,76,100,77,26,155,49,118
red,53,94,134,17,148,127,38,115,8,5
red,78,154,150,8,14,18,111,55,49,153
red,154,141,121,51,14,151,87,155,49,41
red,74,65,143,129,128,31,23,155,76,12
blue,110,13,2,17,123,90,88,138,49,53
red,101,141,143,51,93,22,146,3,133,15
blue,152,125,143,29,100,155,26,157,137,124
red,0,75,159,120,74,3,28,55,69,80
red,131,30,19,24,82,74,65,150,157,93
red,19,134,103,129,160,101,38,104,76,70
blue,31,39,19,76,79,18,98,144,17,139
red,20,130,55,136,45,0,154,144,133,70
blue,74,134,140,85,91,36,98,19,76,14
blue,101,30,94,76,5,22,38,120,17,70
red,101,84,19,17,79,48,98,124,76,71
blue,103,65,56,9,70,90,125,19,76,153
blue,91,38,10,109,82,114,133,19,29,128
red,37,60,144,8,148,110,65,19,50,45
red,31,67,124,133,45,0,60,19,85,148
blue,47,38,19,147,93,22,60,1,9,70
blue,84,26,129,116,16,35,5,19,76,128
blue,110,61,68,17,118,18,60,138,24,80
red,48,26,1,116,80,22,27,10,136,148
blue,131,154,136,137,82,19,26,125,51,5
blue,19,38,140,29,53,104,87,94,51,80
blue,103,65,132,24,12,31,125,143,8,79
blue,135,154,19,29,119,0,86,157,24,82
blue,78,54,142,29,16,0,87,19,17,5
blue,0,86,109,147,93,22,40,2,136,89
red,18,74,71,76,79,19,38,143,17,82
blue,36,58,120,133,153,78,74,151,106,100
blue,0,134,120,133,70,103,88,19,9,45
blue,43,40,138,109,158,0,98,19,49,119
blue,121,65,159,29,119,110,27,143,129,74
red,34,30,94,24,5,110,46,121,49,153
red,103,92,120,137,109,110,154,143,52,74
red,95,58,7,49,100,112,38,121,136,70
blue,123,142,140,49,119,46,134,121,129,96
red,110,130,56,76,74,103,54,94,17,45
red,48,142,121,29,160,31,74,59,49,53
blue,113,23,121,85,80,47,154,55,17,12
blue,41,54,56,106,93,48,22,122,29,82
blue,88,58,121,17,118,114,27,150,24,99
red,0,104,64,116,70,90,38,144,85,9
blue,0,107,56,76,74,77,133,159,24,45
blue,0,40,26,133,93,47,134,121,76,128
red,125,146,159,51,153,127,98,155,29,158
red,27,18,89,106,82,31,38,143,29,108
red,144,38,151,52,5,74,60,1,51,12
red,78,92,155,51,14,0,60,139,49,4
red,90,61,1,51,100,88,60,104,49,93
red,78,38,64,49,82,90,142,54,69,45
red,103,38,1,17,100,91,13,121,9,54
red,18,38,33,17,45,22,61,150,51,12
red,123,23,150,133,99,134,61,3,148,53
blue,34,102,125,11,74,112,30,150,116,93
red,102,141,2,122,66,31,23,150,51,37
red,91,26,150,76,5,18,46,124,106,82
red,34,46,6,9,100,120,38,150,116,119
red,0,26,81,76,41,74,27,150,109,82
blue,31,30,104,150,158,43,92,33,106,93
blue,90,30,73,150,70,25,65,140,51,45
blue,36,38,151,150,80,113,92,35,51,79
blue,0,37,132,109,108,42,30,150,106,14
red,22,134,157,150,15,18,38,143,49,126
blue,150,102,59,8,45,31,26,91,116,53
red,0,107,151,51,126,90,37,150,116,16
blue,0,38,33,51,5,90,28,150,76,82
blue,18,97,121,17,80,0,58,140,76,79
blue,22,30,144,69,80,111,61,140,24,53
blue,144,84,32,29,80,110,94,121,136,158
blue,2,102,121,24,93,47,60,144,51,128
blue,39,38,56,129,110,18,23,155,51,158
blue,18,92,143,17,100,62,13,56,24,5
red,67,86,144,29,45,47,38,155,69,74
blue,47,79,54,49,45,117,26,159,50,128
blue,134,97,150,24,76,35,86,33,106,93
red,0,75,32,51,128,22,38,124,17,82
blue,37,60,143,133,112,31,58,140,9,128
red,31,60,132,49,124,18,98,33,76,53
blue,74,23,121,17,45,0,58,120,9,109
red,107,38,104,106,100,18,61,121,76,82
blue,36,79,142,24,99,47,46,120,106,14
blue,47,84,124,51,93,0,60,121,133,99
blue,2,60,55,106,93,107,38,120,133,119
blue,35,58,32,106,45,110,38,64,136,70
red,151,60,140,76,119,22,38,124,29,79
red,101,84,124,156,158,43,77,140,49,82
red,151,134,35,106,45,18,75,155,15,139
blue,31,5,56,50,70,0,88,121,43,41
blue,144,86,55,9,14,83,133,124,106,16
blue,57,38,55,51,91,0,133,143,24,82
blue,18,134,131,8,153,0,37,69,137,119
blue,114,154,155,129,109,0,40,121,106,54
blue,102,58,140,51,82,34,77,64,19,93
blue,77,142,32,106,5,47,107,7,133,45
blue,43,58,129,51,160,0,134,55,76,71
red,121,134,3,17,71,31,77,109,29,119
red,78,38,151,29,12,0,37,2,106,74
red,110,74,151,83,119,57,40,121,52,128
red,114,60,140,147,96,137,154,26,17,148
blue,145,60,2,51,5,137,142,120,17,79
blue,48,111,143,76,66,83,60,138,24,18
red,78,60,125,49,53,34,30,64,29,5
red,31,54,3,29,153,78,60,125,9,159
blue,78,61,121,29,53,0,60,132,133,126
red,48,77,64,49,74,22,60,155,9,148
blue,18,154,120,29,45,0,60,56,133,70
red,131,38,2,106,82,0,27,121,129,9
red,127,125,144,123,108,0,60,143,76,119
red,37,65,68,29,119,74,60,121,133,70
blue,2,65,69,17,128,59,60,140,49,45
red,25,60,155,136,153,74,77,94,116,93
blue,151,60,132,9,53,114,40,33,17,96
red,137,60,140,116,53,22,134,64,49,108
red,31,60,20,17,93,117,61,33,51,148
blue,0,61,132,29,93,35,60,1,137,45
blue,34,60,121,76,148,0,77,119,106,96
red,40,102,140,29,74,110,60,120,108,100
red,107,60,89,24,93,0,27,43,29,15
blue,101,38,121,51,82,18,97,1,133,126
blue,135,13,37,29,74,25,86,124,51,66
blue,47,125,143,29,12,18,60,122,50,70
blue,0,60,56,147,96,107,142,121,9,160
red,88,60,143,49,93,47,154,159,76,108
blue,31,124,56,24,14,43,60,55,52,16
blue,101,38,89,129,66,22,60,21,51,14
blue,36,60,159,133,93,78,54,125,116,12
blue,31,60,159,116,93,91,107,124,17,128
red,35,60,159,76,5,18,40,104,116,119
blue,91,27,124,85,96,145,60,143,76,66
blue,35,65,160,147,153,72,60,115,133,118
red,135,26,56,9,53,78,146,155,76,70
red,91,65,56,136,53,0,154,64,29,108
red,90,88,56,137,53,155,149,121,50,109
red,37,75,158,85,126,18,154,68,9,119
red,22,125,121,49,53,81,26,155,137,100
red,36,154,138,76,119,114,65,143,17,53
blue,18,40,121,49,9,145,84,155,76,53
red,127,27,94,133,53,90,38,55,85,119
blue,59,46,155,76,53,48,102,125,41,160
red,36,134,64,24,53,101,98,19,29,66
red,22,98,19,17,53,0,87,81,106,153
blue,130,155,138,29,45,78,141,124,49,119
red,37,40,143,51,53,18,154,144,8,74
red,91,60,136,51,53,103,38,121,133,82
red,84,154,143,106,99,114,155,124,109,108
red,18,60,159,76,93,114,65,61,54,108
blue,47,98,68,85,53,37,94,120,52,5
red,91,27,43,76,148,62,124,155,129,53
red,103,130,124,17,71,37,38,121,8,119
blue,91,40,143,76,70,35,142,121,54,119
red,31,27,110,49,139,72,38,33,69,80
blue,74,61,71,51,70,47,111,11,129,119
blue,101,54,11,24,53,134,117,155,29,119
red,146,60,121,8,100,47,58,144,9,70
red,117,58,2,29,99,107,23,150,50,45
blue,47,134,150,29,9,88,130,1,8,70
red,88,38,121,116,120,146,58,26,76,153
blue,31,107,159,8,118,125,23,148,17,53
blue,134,98,56,51,70,43,38,143,29,108
red,18,141,134,9,71,103,102,26,133,119
red,31,154,143,17,14,12,26,151,156,45
red,95,61,94,116,70,72,111,101,17,45
red,0,125,144,17,45,36,60,32,76,119
red,78,102,150,109,74,0,107,19,136,119
blue,31,38,120,29,53,144,46,143,8,128
blue,88,40,144,133,93,81,130,59,17,45
blue,134,40,159,29,148,0,130,56,9,139
red,110,65,2,76,45,42,77,64,106,99
blue,18,65,120,116,66,150,46,143,129,96
red,112,38,11,120,66,103,60,148,51,12
blue,103,60,143,17,71,35,38,121,29,158
red,36,38,122,76,14,2,60,35,9,158
red,144,46,104,8,45,101,154,105,106,70
red,31,28,155,29,53,154,65,132,76,66
red,83,38,11,109,108,112,77,124,51,5
red,97,154,55,51,74,101,27,140,147,14
red,144,141,151,51,70,18,65,1,143,12
red,115,23,33,17,119,47,87,67,133,153
red,151,38,121,76,18,103,23,143,51,96
blue,36,38,138,9,100,103,107,121,24,80
red,126,40,19,76,14,0,67,142,63,100
red,151,107,56,17,160,43,130,122,51,148
blue,39,107,34,147,93,95,134,121,51,45
blue,31,107,2,51,82,123,23,3,8,155
blue,34,26,122,137,96,134,107,32,29,66
blue,35,88,2,136,128,101,38,104,17,79
blue,22,134,122,133,153,90,102,139,136,15
blue,43,141,138,133,70,35,125,104,52,100
red,101,107,151,29,153,31,98,55,17,71
red,90,130,23,106,128,134,160,151,24,5
blue,110,134,143,50,45,78,65,34,29,15
red,101,87,94,138,93,110,98,2,29,15
blue,74,98,64,8,14,107,26,23,51,119
blue,47,125,11,9,53,22,58,59,51,160
blue,103,134,140,51,45,101,40,121,85,158
red,90,60,140,29,66,18,102,3,24,82
blue,104,58,21,29,45,103,154,23,17,82
red,121,26,101,49,15,34,146,144,109,5
blue,110,142,11,49,79,51,40,1,129,15
red,36,134,55,51,100,115,60,109,49,15
blue,107,134,122,129,109,78,84,103,17,82
blue,0,134,144,76,109,154,98,143,49,82
red,110,134,2,49,45,36,58,124,24,100
red,78,38,48,51,82,47,134,125,8,70
red,115,40,64,24,15,0,30,138,29,74
blue,90,155,56,137,80,112,134,41,51,93
red,103,5,55,51,82,74,13,121,8,153
red,112,134,94,76,120,114,23,119,129,46
blue,47,39,19,116,4,18,134,2,8,82
blue,88,40,6,17,93,47,60,104,29,45
blue,43,98,121,157,5,31,104,150,109,82
red,43,155,120,17,80,0,149,140,69,119
blue,103,94,59,24,82,22,134,144,29,53
blue,18,75,64,106,126,135,134,55,49,160
blue,112,38,65,133,53,115,40,56,51,93
red,145,134,143,49,15,103,46,56,76,118
red,137,154,140,133,66,112,40,2,85,5
red,112,61,143,76,108,22,154,3,24,5
blue,101,40,144,49,66,114,155,55,133,93
red,134,38,121,136,53,101,13,2,17,139
red,22,134,11,29,14,46,13,148,8,79
red,3,134,94,156,108,135,98,140,29,138
blue,135,134,138,69,80,0,38,143,29,119
blue,137,141,158,51,14,90,134,48,150,4
red,36,142,32,29,153,127,40,121,51,93
red,112,65,138,133,12,127,38,18,51,108
red,31,88,143,74,108,144,134,155,8,139
blue,31,38,11,24,53,36,134,124,116,82
blue,90,134,109,24,5,127,125,120,17,119
red,77,26,0,17,53,115,145,55,76,82
blue,22,130,143,54,82,81,46,89,76,128
blue,36,74,155,17,96,18,58,121,49,139
red,22,38,143,49,119,74,134,120,17,128
red,103,134,1,76,128,74,28,91,116,82
red,95,88,57,29,45,36,23,150,49,158
blue,95,154,143,17,70,155,134,122,76,119
blue,103,13,2,69,93,78,38,135,76,66
red,114,65,121,116,124,135,40,91,63,53
blue,135,155,154,54,80,112,13,1,51,119
blue,103,141,121,24,66,31,26,135,69,93
red,117,54,135,51,119,0,86,116,109,30
blue,135,145,23,17,5,78,86,56,116,158
blue,135,23,157,137,12,114,124,94,116,93
blue,22,61,23,51,100,103,87,10,147,41
blue,103,23,56,24,66,141,102,64,17,14
blue,31,54,33,76,74,103,111,124,51,121
blue,159,111,144,106,4,103,155,56,109,9
red,103,98,140,85,99,0,102,122,137,96
blue,35,26,3,136,153,144,60,151,24,128
blue,102,65,1,136,4,144,38,23,29,5
red,103,102,2,29,119,144,60,143,85,153
blue,22,58,124,137,119,151,65,73,29,93
red,37,111,124,129,74,103,5,94,85,126
red,103,146,140,9,16,90,155,121,41,14
red,0,40,109,129,153,144,146,33,51,126
red,62,27,151,109,5,103,125,143,17,126
blue,144,65,23,51,9,131,142,114,133,100
blue,103,61,140,106,153,144,40,155,51,53
blue,103,23,87,137,66,34,75,144,8,74
blue,112,142,32,129,45,144,60,121,9,108
red,31,65,2,49,96,103,81,11,17,53
red,18,27,2,138,108,22,97,143,29,148
red,36,113,7,51,74,59,67,155,133,14
red,103,58,151,109,79,43,87,78,147,70
blue,144,97,151,150,108,90,145,121,9,139
red,18,141,32,17,96,103,130,124,76,45
blue,150,23,35,49,74,77,58,1,137,119
blue,135,111,125,106,14,103,65,67,76,160
blue,90,65,89,51,66,103,27,21,109,14
blue,110,87,3,17,74,103,28,124,51,128
blue,103,38,132,85,45,36,84,56,76,153
red,114,61,143,38,158,103,28,107,17,148
red,144,97,155,85,126,46,61,159,17,15
blue,91,61,11,17,71,22,97,144,133,70
blue,3,86,122,106,158,112,87,94,17,53
red,35,86,32,133,70,90,141,64,137,53
red,0,61,138,51,100,137,142,124,29,18
red,22,46,142,143,93,154,61,1,116,53
blue,95,38,23,133,100,127,84,155,69,119
blue,145,75,11,8,45,88,65,124,49,119
blue,35,142,55,76,9,2,28,151,24,53
blue,107,38,1,133,160,88,23,124,24,70
blue,43,23,125,76,82,107,65,1,69,74
blue,107,65,119,49,9,90,61,151,129,82
blue,107,98,1,76,70,110,38,55,15,119
blue,127,30,19,43,9,47,58,26,17,119
blue,35,65,3,133,70,18,75,2,29,118
blue,31,84,129,17,53,83,23,101,49,128
red,34,23,3,17,71,20,86,136,52,12
red,18,78,32,76,66,0,38,140,17,128
blue,88,142,122,8,123,110,107,7,133,70
red,90,134,93,29,96,101,84,1,17,6
blue,91,61,144,49,128,150,134,1,17,153
blue,0,35,75,9,109,47,58,144,17,5
red,18,60,33,17,100,38,154,121,76,128
blue,0,23,1,76,82,22,77,7,29,108
blue,74,142,140,116,46,131,130,121,69,119
blue,0,13,2,116,96,3,65,140,63,70
red,31,154,104,29,9,101,151,56,85,5
red,151,130,32,51,82,47,87,143,137,70
blue,110,38,32,133,93,90,142,55,116,153
blue,31,75,143,76,53,107,84,43,24,100
red,101,154,6,51,80,34,54,151,116,14
red,101,61,26,116,12,110,134,124,51,128
red,107,30,1,116,14,48,134,122,76,119
red,35,54,155,147,45,25,91,121,76,5
red,103,54,151,76,45,74,46,64,29,53
blue,114,86,121,136,93,47,77,143,29,15
blue,131,75,140,9,118,0,142,121,51,119
red,151,26,121,133,160,37,134,113,17,45
red,123,142,112,109,129,84,155,64,63,70
blue,112,104,121,76,153,103,23,3,136,128
red,77,61,56,8,5,22,102,139,49,120
blue,39,65,51,49,74,0,27,3,24,128
blue,0,26,48,9,80,145,67,51,120,100
red,110,26,93,49,160,47,58,124,76,45
blue,0,141,55,76,119,31,38,56,49,14
red,114,61,33,106,71,88,154,64,49,70
blue,74,38,157,51,45,0,58,6,109,80
blue,0,23,69,159,80,35,44,26,76,53
blue,48,149,20,76,153,39,58,109,129,80
red,101,141,7,8,66,37,38,121,17,71
blue,62,40,144,106,119,18,134,124,76,66
red,103,149,121,29,70,77,61,2,49,66
red,22,84,109,17,93,42,75,55,63,119
red,59,104,155,29,70,131,60,121,85,14
blue,31,40,64,116,70,137,46,2,150,128
red,25,27,155,106,82,112,38,19,116,109
blue,47,149,89,116,70,127,38,143,51,5
red,78,141,159,133,70,103,77,89,51,82
blue,74,13,157,63,100,81,27,89,133,70
red,18,107,155,116,70,62,130,64,41,100
red,151,102,101,157,4,53,40,143,29,100
red,103,141,105,129,5,35,58,93,29,53
blue,0,46,143,17,53,18,37,150,116,70
red,110,65,54,76,70,115,141,69,49,27
blue,31,107,121,133,126,154,77,19,29,4
red,78,60,151,24,74,34,40,121,17,153
blue,107,75,124,29,14,91,27,125,106,4
red,31,60,55,29,4,101,65,43,116,153
blue,72,107,150,51,126,81,60,155,17,79
red,0,92,132,133,45,88,30,143,106,74
blue,31,23,3,29,70,107,27,75,106,153
blue,0,92,151,17,15,90,26,155,106,96
blue,90,113,119,106,99,58,26,10,24,16
blue,78,65,54,133,45,22,84,148,106,99
red,90,38,143,69,153,110,141,109,76,5
red,35,107,83,69,93,20,98,121,106,5
red,78,98,121,24,4,0,130,56,106,153
red,110,107,1,24,9,101,130,132,69,128
red,0,38,143,106,128,114,13,19,24,139
red,78,58,132,52,126,35,60,120,17,12
red,92,134,124,133,70,47,84,32,69,153
red,22,75,104,17,118,74,54,94,29,9
blue,90,65,120,29,128,19,154,151,69,80
blue,90,26,1,106,93,48,154,10,29,158
red,47,141,89,69,70,0,46,143,51,108
red,146,141,2,69,108,110,87,26,116,153
blue,131,65,143,129,74,88,58,124,69,119
red,62,111,132,106,79,88,13,23,76,82
blue,78,84,101,29,153,35,28,151,24,100
blue,78,23,89,106,82,0,134,1,51,45
red,137,84,143,106,80,22,67,90,76,108
red,78,58,90,17,119,22,142,89,69,80
blue,43,149,68,51,119,90,65,71,106,82
blue,18,87,136,129,153,90,98,131,24,14
blue,145,30,1,24,66,121,75,155,17,153
red,72,26,56,106,5,90,151,55,147,108
red,114,40,120,106,82,104,60,121,51,100
red,47,61,132,9,119,107,30,90,106,79
blue,107,61,23,120,93,19,27,137,106,82
blue,114,23,69,133,109,112,13,121,106,5
blue,121,13,143,8,1,74,23,150,106,100
red,72,40,69,8,70,51,142,121,49,16
red,0,38,64,49,148,74,61,19,76,108
blue,0,54,155,24,82,43,65,55,69,93
red,90,65,159,9,53,95,58,121,51,153
blue,101,142,122,116,9,78,30,155,51,108
red,78,107,125,69,80,74,124,43,51,160
red,115,125,26,106,71,72,77,136,9,119
blue,103,28,56,85,119,18,84,151,17,93
blue,81,141,56,137,119,34,40,2,17,109
blue,90,30,94,17,119,131,130,140,69,80
red,97,61,129,109,118,151,87,33,85,153
blue,36,38,121,133,79,150,92,154,51,96
red,112,26,143,29,4,90,102,151,116,96
blue,134,91,159,50,153,0,26,71,51,82
blue,0,38,121,109,93,101,26,105,50,128
blue,134,145,55,49,80,110,61,33,24,148
red,37,25,7,137,53,101,151,64,17,153
red,30,40,121,69,108,41,61,1,51,82
red,123,13,155,109,158,115,84,56,133,70
red,37,142,64,24,4,11,38,148,51,45
blue,114,94,143,50,128,135,38,132,24,4
blue,53,61,148,137,82,0,13,19,76,14
blue,135,38,2,136,82,0,87,122,49,9
red,53,38,144,76,93,0,65,7,49,15
red,3,98,148,24,99,31,65,6,49,108
blue,107,149,33,76,70,117,38,121,24,158
blue,110,61,33,136,93,22,13,124,150,82
red,91,13,21,29,118,18,154,158,51,66
red,127,40,132,52,93,90,38,143,147,53
blue,47,86,133,76,143,0,30,136,150,93
blue,0,40,2,9,100,47,81,140,76,12
blue,31,13,121,138,79,145,146,1,17,45
blue,103,13,53,133,5,78,149,155,29,100
blue,37,134,43,9,12,62,13,140,136,108
red,112,94,23,52,96,31,27,38,136,93
red,78,13,151,49,119,0,67,3,54,93
blue,110,141,140,76,45,37,40,150,9,82
red,151,134,138,51,82,38,142,54,129,66
blue,144,60,3,136,53,88,145,89,24,100
red,101,87,150,129,119,25,40,89,24,14
red,134,23,150,133,70,0,60,109,136,108
red,0,102,143,51,100,36,124,125,54,108
blue,31,40,121,136,82,0,23,150,24,45
red,37,133,43,51,93,47,60,144,76,91
red,115,67,120,49,123,90,130,121,50,71
red,151,130,140,51,45,101,134,89,17,80
blue,115,40,144,69,80,78,134,94,8,108
blue,135,61,121,129,16,134,38,71,133,74
blue,43,23,140,76,66,114,145,0,133,41
red,53,149,159,76,160,38,117,73,17,9
red,95,130,143,63,119,78,37,3,9,100
red,37,38,143,116,119,135,46,56,76,12
red,0,38,159,24,14,18,46,2,85,139
blue,43,67,143,116,9,0,145,155,54,93
red,37,38,144,29,70,151,27,19,106,91
blue,78,134,110,24,14,25,92,124,133,16
red,78,149,120,51,93,2,40,109,8,119
red,59,44,43,49,9,0,124,155,137,128
blue,110,134,32,51,93,22,38,11,137,45
red,90,37,150,24,45,102,38,11,133,153
blue,31,130,3,17,74,91,40,120,9,53
blue,90,40,144,136,100,0,149,137,157,119
blue,101,84,2,50,100,39,40,56,17,93
blue,37,60,143,24,108,39,98,55,116,118
blue,134,65,56,116,109,20,38,73,76,71
red,5,38,1,129,80,134,87,33,24,93
red,38,58,104,9,108,95,65,94,138,118
blue,115,155,136,69,80,37,142,158,17,14
red,38,111,132,51,119,115,65,1,29,133
red,5,9,155,63,79,131,40,33,51,128
red,34,130,121,51,70,22,134,151,9,15
blue,48,58,143,49,119,112,23,11,51,99
blue,155,145,21,116,109,48,27,110,29,158
red,0,40,7,85,9,48,75,64,17,100
red,18,130,1,49,128,38,27,0,29,153
red,31,87,122,133,96,135,145,2,109,108
red,110,58,64,69,100,18,92,73,76,109
red,35,44,121,52,128,37,141,20,29,53
red,38,30,159,76,12,114,54,129,106,99
red,103,125,2,51,93,37,40,94,116,158
red,114,13,151,17,119,78,142,143,133,45
blue,115,75,121,76,93,74,13,10,133,53
red,72,154,151,17,108,38,149,121,49,160
blue,0,98,121,76,96,47,125,64,116,45
red,37,107,43,17,71,41,91,121,85,153
red,78,40,21,17,153,103,117,3,49,71
blue,47,84,26,24,15,18,77,143,116,153
red,47,61,143,49,119,115,13,11,29,82
red,31,23,143,50,128,37,65,87,51,5
blue,104,23,150,76,109,37,61,144,29,70
red,37,27,125,116,53,91,75,132,24,109
red,37,134,140,51,79,135,65,120,129,128
blue,0,134,144,17,79,48,61,121,51,96
red,104,130,143,51,119,0,84,150,24,160
blue,34,113,146,76,133,90,58,143,29,82
red,48,13,64,133,96,135,27,143,147,93
red,104,92,155,76,96,112,141,122,24,93
red,2,98,122,24,66,155,30,143,133,153
blue,0,134,64,51,109,31,124,1,50,99
blue,81,26,56,29,153,112,38,21,51,70
blue,43,60,144,49,108,91,75,71,17,148
blue,34,40,3,17,121,0,44,89,76,12
red,134,146,19,109,53,110,40,144,133,153
blue,107,61,21,49,124,18,38,23,17,79
red,39,134,94,76,100,0,67,11,50,118
blue,47,65,20,29,120,112,27,121,51,82
blue,36,58,140,24,53,18,23,1,133,9
blue,0,60,121,76,108,47,26,1,106,82
red,78,98,1,106,4,13,54,89,24,5
red,43,27,6,29,5,0,26,121,50,16
red,114,58,1,50,100,41,75,109,63,70
blue,62,60,89,133,153,114,38,2,51,109
red,88,26,121,17,79,91,87,64,76,66
red,42,58,19,129,82,22,88,32,136,9
red,90,58,122,76,66,0,27,143,24,153
red,103,92,19,116,82,151,58,159,69,93
red,110,86,148,69,80,22,97,89,76,100
blue,18,141,89,51,82,43,40,121,76,153
blue,43,58,89,9,109,22,67,48,17,53
red,101,40,57,69,74,34,38,19,8,12
blue,103,26,94,109,93,3,65,1,52,148
red,34,149,1,69,93,110,87,129,157,148
blue,142,134,1,8,119,145,46,55,29,160
blue,144,54,56,75,14,91,30,1,51,4
blue,90,13,1,9,54,35,30,101,29,53
blue,57,38,7,76,14,31,60,1,29,111
red,121,102,10,24,53,90,38,143,51,45
blue,31,91,104,156,45,37,125,19,9,124
red,121,46,151,51,4,154,74,143,129,14
red,18,67,143,148,14,36,60,11,76,45
blue,18,38,121,122,108,81,149,2,9,158
red,88,134,11,17,12,34,149,138,9,89
red,47,23,150,49,9,78,84,91,17,79
blue,31,142,55,50,139,47,87,35,116,71
blue,22,130,140,51,53,91,87,121,106,82
blue,35,61,20,17,79,48,145,121,116,148
red,62,98,29,116,139,103,40,45,76,153
blue,88,38,120,49,160,25,134,32,52,93
blue,88,84,150,106,93,0,26,125,17,126
blue,37,130,151,129,74,88,13,103,17,118
blue,88,38,11,8,100,0,84,35,49,15
red,88,38,32,76,5,130,65,23,133,70
red,88,23,150,17,16,145,58,159,9,14
blue,88,40,121,129,66,101,142,143,150,160
blue,88,26,33,150,93,47,46,140,106,82
blue,88,60,121,76,79,18,154,151,147,96
blue,114,60,33,49,15,84,26,129,17,71
red,88,13,120,9,53,34,30,91,133,70
red,18,58,94,133,15,0,13,32,51,118
blue,62,86,132,54,128,88,27,21,69,80
red,92,94,55,17,99,31,141,57,106,82
red,101,87,155,8,1,18,107,83,116,70
blue,43,87,151,51,80,31,130,143,76,14
blue,101,84,11,76,120,150,38,109,138,71
blue,103,154,2,76,80,36,30,43,51,82
blue,101,113,68,29,108,31,25,33,49,12
blue,110,94,1,17,153,92,91,104,50,119
blue,78,38,26,85,135,110,58,2,76,18
red,110,87,19,29,108,83,13,151,116,45
blue,103,46,2,106,82,35,13,144,9,16
blue,59,102,94,50,128,127,58,120,129,93
red,101,26,120,49,100,74,154,151,109,76
blue,78,46,94,51,121,95,13,68,116,82
blue,39,124,94,49,108,145,13,64,76,121
blue,134,88,94,9,121,22,23,142,17,12
blue,123,23,150,51,74,35,88,143,116,121
red,0,60,122,51,93,131,58,55,29,111
red,114,145,19,76,93,131,67,139,136,83
blue,104,58,3,49,54,48,98,143,17,93
red,34,111,109,51,53,31,84,155,49,71
blue,31,155,159,24,96,34,145,1,9,119
blue,110,46,64,17,71,18,154,55,129,96
red,62,102,150,109,45,18,107,2,51,119
red,53,40,71,51,79,31,130,155,136,93
red,144,102,1,29,45,101,141,124,85,9
red,74,28,129,106,70,72,54,56,133,119
red,131,13,159,17,16,48,60,89,76,96
red,114,130,64,69,108,47,91,140,17,9
red,90,75,121,109,108,78,61,143,3,4
blue,22,65,55,17,89,114,13,19,76,66
blue,72,75,143,17,153,131,88,19,24,118
blue,88,75,26,51,4,131,38,144,29,45
red,137,38,143,106,82,157,98,123,76,16
blue,18,154,124,17,119,0,134,1,76,153
blue,112,130,143,29,93,0,38,55,76,82
red,31,30,2,17,70,151,87,114,24,9
red,0,98,7,116,100,37,23,3,17,71
red,57,13,93,29,148,0,38,144,131,4
blue,90,40,143,133,80,78,58,56,29,153
blue,22,30,41,17,79,90,38,140,9,108
blue,22,113,51,17,79,88,133,35,29,14
red,47,102,1,17,119,78,98,71,29,9
blue,142,23,155,17,100,62,111,121,76,82
red,0,54,155,106,119,53,60,121,76,9
blue,119,88,136,116,153,90,40,10,29,74
red,127,46,131,69,80,74,111,3,129,120
red,81,111,155,133,45,150,61,143,76,160
red,103,39,56,51,93,107,111,150,17,12
red,78,111,6,29,109,0,23,94,49,159
blue,101,141,73,51,9,144,111,41,24,100
blue,18,65,143,76,79,144,111,150,50,100
blue,18,98,32,76,53,127,111,56,24,100
red,59,23,150,76,119,74,142,109,69,93
blue,0,111,143,29,14,18,88,30,8,70
blue,0,134,151,51,124,115,111,144,76,16
red,22,111,122,51,128,31,142,143,49,53
red,112,111,56,17,118,18,40,59,49,14
blue,142,87,155,29,54,48,111,43,76,100
red,42,111,56,51,5,34,30,143,147,119
red,121,86,20,137,119,72,111,143,133,4
blue,120,111,150,29,124,151,154,56,51,45
blue,18,65,143,24,82,34,111,155,109,53
red,18,111,33,76,53,74,40,35,51,5
blue,31,111,138,24,128,59,26,43,51,80
red,101,111,64,52,160,0,142,19,69,14
red,103,142,23,17,53,22,84,159,133,153
red,101,111,3,15,93,117,58,43,29,124
red,25,58,7,116,70,110,111,137,76,45
red,18,40,56,17,70,35,30,143,106,153
red,43,30,129,19,153,9,46,73,57,121
blue,36,111,121,136,74,0,40,143,133,100
red,112,111,33,106,82,18,125,69,51,148
red,81,84,143,136,96,115,111,159,61,93
red,104,111,89,76,108,34,65,155,109,91
blue,135,38,143,49,74,20,142,48,54,100
blue,146,13,132,133,14,103,30,54,116,109
red,59,145,125,133,16,18,142,7,54,5
blue,110,75,143,9,45,112,27,43,54,93
blue,110,86,131,54,93,31,104,139,51,128
red,39,98,71,54,74,34,102,140,49,45
red,145,38,144,54,45,103,98,120,133,70
blue,110,38,55,54,82,22,58,65,133,79
blue,0,75,139,54,82,31,46,158,29,118
blue,114,26,91,17,79,103,38,132,54,9
red,101,117,151,54,80,90,84,3,29,93
red,36,87,93,54,82,88,78,125,76,128
blue,18,27,26,24,12,69,23,0,54,153
blue,90,26,94,29,119,91,65,71,54,82
red,62,65,55,133,80,158,46,3,54,53
blue,77,134,143,29,153,59,65,43,54,74
blue,18,38,114,54,80,43,28,64,29,14
red,18,98,151,76,74,20,40,121,9,12
blue,0,26,75,76,82,83,60,143,17,66
red,112,40,124,9,80,72,61,122,76,5
blue,112,40,104,133,70,31,30,121,106,82
blue,110,54,151,133,16,22,134,144,129,82
blue,145,54,125,51,128,18,23,140,76,119
red,47,75,121,51,82,112,40,89,76,128
red,74,142,68,76,99,18,134,64,9,70
red,31,65,122,116,158,127,86,138,49,45
blue,59,84,129,69,14,104,13,121,116,82
red,95,40,26,106,82,102,141,120,24,18
red,22,13,68,51,82,31,155,120,116,53
blue,74,37,121,156,153,78,13,120,50,81
blue,0,26,150,133,108,101,134,110,51,45
red,0,40,56,63,119,18,111,64,17,16
red,72,113,3,150,120,20,134,26,29,119
blue,92,141,121,63,70,112,75,79,9,100
red,64,134,2,76,12,18,60,11,109,108
red,117,134,6,29,148,123,60,26,8,14
red,135,134,121,51,99,2,26,151,69,93
red,36,142,26,106,93,39,40,148,76,80
red,112,107,56,106,45,103,40,3,109,4
red,0,102,55,29,108,81,40,143,17,153
blue,22,113,143,76,12,91,134,104,133,70
blue,144,141,31,137,14,43,40,7,24,128
red,110,54,43,51,82,31,87,2,24,100
red,110,86,64,49,9,35,141,104,17,119
red,47,40,121,138,119,37,13,150,76,5
blue,115,13,105,147,4,20,30,43,17,5
blue,35,141,21,76,66,34,134,11,106,99
red,127,102,43,76,80,19,54,3,17,45
red,35,74,87,129,14,48,134,143,17,128
red,57,13,120,76,5,31,149,121,137,70
blue,47,58,132,29,45,88,26,38,51,128
red,31,102,1,106,109,57,111,55,50,108
red,35,88,155,109,108,34,23,122,106,139
blue,59,130,2,29,153,25,84,129,85,4
red,0,88,2,17,126,101,40,56,29,71
blue,31,154,121,51,139,103,26,109,29,45
blue,47,23,91,156,14,103,77,121,51,5
red,131,54,90,24,5,22,26,155,51,128
red,0,38,121,156,153,78,61,157,49,96
red,88,65,11,136,14,146,84,155,51,9
blue,0,40,143,29,121,88,84,150,136,82
blue,31,149,144,109,118,151,142,94,51,82
red,22,30,56,29,100,0,65,19,51,45
blue,47,61,140,129,5,18,97,26,29,53
blue,115,98,143,29,109,114,154,43,17,118
red,46,38,15,29,45,18,142,54,17,120
red,95,58,19,17,79,53,40,64,24,119
red,53,40,121,29,70,34,98,64,137,45
blue,53,119,35,156,12,25,61,64,85,109
red,19,65,140,106,93,7,38,71,109,9
blue,36,38,26,17,109,22,20,143,9,108
red,59,142,93,15,119,22,84,155,136,111
red,46,65,159,76,27,127,87,150,109,108
blue,90,13,64,9,128,110,27,121,106,54
blue,42,149,148,51,16,48,98,2,76,82
blue,127,38,143,129,100,31,58,64,49,45
red,22,142,68,9,70,103,23,125,129,53
blue,145,124,158,133,108,88,26,2,8,70
red,101,142,143,69,45,0,154,150,157,128
red,151,23,3,51,53,48,40,68,129,153
red,81,125,143,51,100,22,74,144,133,90
red,31,75,89,76,82,22,23,3,29,90
red,103,38,132,76,160,46,125,144,51,128
blue,103,155,143,51,153,135,134,26,129,5
blue,62,141,26,24,15,103,23,158,49,108
blue,31,98,1,106,5,110,113,68,52,41
red,42,40,143,29,9,74,87,140,106,5
blue,78,75,55,17,71,103,111,143,129,74
red,110,113,56,17,91,48,146,64,49,100
red,101,134,68,29,4,48,40,140,50,108
red,127,37,151,106,100,110,149,125,143,45
red,41,130,155,29,119,47,142,11,137,108
blue,0,27,151,76,160,22,145,2,17,53
red,47,98,138,76,148,0,145,55,17,71
blue,88,40,71,9,96,0,75,7,51,120
red,74,134,3,109,80,110,28,48,29,118
blue,35,38,68,17,128,95,67,138,76,158
blue,110,38,124,17,4,20,149,6,49,128
red,3,27,64,49,148,31,134,2,29,9
red,0,142,7,76,109,81,134,56,17,70
blue,101,60,32,109,53,103,134,151,157,41
blue,36,60,109,129,82,35,134,143,51,70
blue,110,134,144,17,79,18,87,55,49,153
blue,74,61,138,76,66,31,58,1,136,153
blue,48,46,138,17,53,91,27,143,9,70
blue,18,98,121,8,70,22,142,143,49,153
red,110,142,143,133,153,48,38,26,116,9
red,77,75,121,29,9,22,46,143,49,12
blue,131,134,30,116,100,22,38,26,52,82
blue,43,91,23,24,5,22,78,144,17,79
blue,36,75,121,136,100,31,60,105,17,128
blue,107,13,73,129,79,127,130,138,49,74
red,18,61,33,50,160,101,67,71,17,128
red,123,60,89,49,74,101,40,26,76,100
blue,18,26,43,109,6,36,38,140,49,71
blue,43,46,7,85,82,0,125,122,69,45
blue,144,65,57,69,45,110,61,73,76,5
blue,145,5,122,17,119,103,84,129,69,53
red,110,27,1,51,82,31,38,138,52,128
blue,101,27,64,29,100,37,102,7,51,119
red,22,54,151,51,118,107,142,56,49,53
blue,110,124,105,137,91,59,97,151,17,96
red,18,78,104,9,93,91,97,94,76,96
red,151,60,33,50,70,0,40,53,109,119
blue,0,65,33,17,79,22,61,144,109,128
red,110,142,159,109,14,131,133,64,24,80
blue,131,38,109,29,15,103,30,68,17,70
red,31,44,125,109,12,103,75,143,51,80
red,110,23,3,17,100,59,65,109,49,153
blue,146,58,155,129,82,123,142,73,109,119
blue,31,38,2,51,70,103,40,150,109,139
blue,107,98,140,85,70,152,155,144,109,108
blue,135,26,91,9,82,103,65,2,109,45
blue,91,13,132,8,121,22,154,144,109,93
blue,57,26,150,109,4,48,23,132,107,93
blue,103,60,143,9,45,47,61,109,49,66
red,131,65,43,109,153,0,75,121,137,5
blue,37,134,132,109,93,35,28,129,24,139
blue,59,13,144,137,70,35,28,81,109,118
blue,39,77,143,129,148,78,60,122,76,108
blue,34,65,23,51,5,78,125,143,109,93
red,81,77,6,51,82,114,75,7,109,66
red,143,60,109,9,70,34,38,89,76,119
red,39,38,121,29,5,90,75,140,156,119
red,0,26,151,76,119,39,149,64,49,9
blue,145,94,138,116,109,20,134,1,76,99
blue,67,98,1,76,82,0,134,150,109,70
red,37,75,144,133,153,110,78,138,109,74
red,18,61,121,76,128,110,13,109,129,160
red,74,102,64,156,123,90,38,140,109,93
red,88,65,64,109,108,47,28,121,9,5
red,101,60,71,109,93,0,124,26,76,12
blue,114,38,11,116,79,22,60,143,51,99
red,25,111,124,116,160,0,86,19,76,128
blue,78,102,89,76,108,0,40,140,9,118
blue,115,26,155,136,118,35,102,121,137,80
blue,43,125,121,50,119,91,40,41,76,118
blue,154,65,151,9,5,92,134,6,17,79
blue,74,104,43,17,53,37,65,11,106,128
blue,114,94,2,17,96,101,142,121,24,79
red,77,30,144,76,96,78,60,63,49,71
blue,18,30,121,9,118,135,65,114,76,111
blue,0,40,144,17,45,74,26,155,137,118
blue,0,60,32,24,128,110,37,129,109,80
blue,0,75,114,17,80,59,23,155,24,108
blue,22,88,64,129,37,112,134,124,51,99
red,37,65,94,69,80,131,154,143,51,93
red,0,65,11,76,99,18,46,19,29,53
red,103,125,11,54,99,37,38,69,76,110
red,0,145,121,24,80,104,40,139,17,93
blue,48,142,71,51,100,0,26,121,52,93
blue,2,134,48,24,14,3,46,154,76,139
blue,0,149,104,17,41,88,23,139,51,82
red,103,142,2,51,53,48,38,71,29,74
red,112,60,23,76,100,22,134,3,29,96
blue,110,88,143,129,93,77,40,1,51,120
red,31,13,143,29,118,47,40,136,50,109
red,74,125,136,29,53,37,38,41,8,82
red,31,38,121,147,66,47,60,104,17,4
blue,62,61,71,51,80,88,60,136,147,100
red,57,141,1,29,93,145,61,121,51,82
blue,90,98,56,69,139,112,102,32,76,80
red,22,98,122,29,153,35,40,143,24,120
red,47,98,1,50,139,37,38,143,24,5
blue,74,26,35,116,133,31,130,56,51,82
red,107,111,11,76,128,91,125,143,29,74
blue,26,38,91,136,119,115,146,55,49,148
blue,142,38,32,51,45,107,67,150,17,12
blue,131,141,6,129,158,47,67,155,24,100
red,137,28,143,24,82,22,38,3,109,83
blue,22,58,154,133,160,2,23,105,24,100
blue,87,46,6,9,100,57,26,151,133,70
blue,23,38,121,51,70,48,65,132,63,53
blue,37,58,55,85,93,103,102,6,24,66
blue,127,30,159,76,82,47,26,56,29,153
red,131,23,143,76,9,35,121,109,129,80
red,78,38,104,136,93,43,102,23,76,96
blue,59,23,151,150,128,77,38,32,109,108
red,47,54,3,50,70,88,60,94,157,82
red,31,65,33,9,70,18,134,19,29,158
blue,9,26,90,129,153,7,130,33,51,118
red,3,86,33,85,160,72,107,2,9,119
blue,31,30,53,85,153,112,133,68,76,5
blue,90,97,148,116,79,31,74,124,17,70
red,47,117,140,8,70,35,130,33,133,153
red,34,134,121,50,128,46,75,94,24,5
blue,0,102,140,29,159,2,97,151,17,100
red,18,102,33,17,96,47,77,138,116,74
red,78,13,136,76,79,47,46,33,49,148
red,18,60,68,24,93,110,125,1,29,79
red,22,61,33,29,119,47,75,121,9,93
red,114,60,32,29,79,18,23,94,133,5
blue,13,58,64,129,5,18,38,2,143,53
red,18,98,150,138,12,131,141,159,49,158
blue,2,40,139,129,119,59,154,132,137,12
red,48,133,56,49,45,31,154,143,50,80
blue,42,46,33,109,108,110,141,56,17,12
red,3,86,19,109,119,7,97,55,49,14
blue,81,142,1,85,153,84,97,144,147,128
blue,59,146,155,69,80,39,75,101,85,12
red,107,134,64,50,133,103,86,1,51,12
blue,0,84,47,85,108,91,107,120,116,12
red,0,102,140,17,12,18,30,125,8,160
blue,31,40,104,49,93,0,61,1,9,12
red,135,84,43,29,12,31,58,64,49,124
red,135,61,144,17,12,22,13,55,157,5
red,112,65,143,76,66,31,77,26,29,153
red,34,38,122,17,128,91,107,121,51,12
red,19,38,159,133,93,144,87,155,76,158
blue,78,65,121,49,12,110,141,94,109,148
red,18,154,121,24,16,78,98,35,76,12
blue,22,102,132,51,12,74,98,35,106,82
red,90,38,2,50,12,7,65,1,51,82
blue,151,155,140,116,12,91,61,56,17,158
red,110,26,119,129,12,37,125,131,147,45
red,48,38,143,9,12,0,23,109,63,119
blue,25,117,1,17,153,39,87,94,147,74
red,131,26,11,116,12,47,46,157,29,14
red,31,87,20,133,12,101,38,155,24,53
blue,112,75,121,129,12,2,26,94,85,53
blue,31,93,143,76,14,151,74,11,8,12
red,34,130,140,133,128,107,125,32,43,12
red,43,40,144,116,9,48,13,6,50,12
blue,25,38,131,17,12,90,47,136,51,53
blue,43,23,150,106,128,90,46,21,76,12
blue,36,77,104,17,160,110,40,157,29,153
blue,154,142,155,109,45,35,134,122,29,93
blue,31,26,81,9,12,18,61,139,29,53
blue,123,61,1,109,9,2,65,57,29,128
red,107,86,121,17,109,22,40,81,9,12
red,107,13,64,29,12,22,65,11,51,71
red,101,134,55,8,45,0,13,56,49,12
red,48,75,57,51,12,18,65,2,8,70
blue,84,38,41,76,12,57,40,59,24,160
blue,154,65,30,76,12,127,102,121,8,82
blue,22,30,129,76,45,20,38,159,17,12
red,43,102,104,129,12,90,134,125,24,66
blue,104,30,35,51,119,1,61,112,109,5
blue,145,65,121,76,12,48,13,143,49,118
red,78,60,109,51,53,74,30,155,116,153
red,41,58,19,29,12,46,61,159,76,45
red,121,60,140,17,12,112,113,56,76,93
red,101,65,104,109,93,0,67,155,1,45
blue,92,28,7,17,45,103,102,116,1,153
blue,18,141,23,41,12,0,44,2,51,99
red,18,23,89,109,79,101,13,114,106,5
red,18,92,81,29,118,112,134,55,17,158
red,103,102,64,49,12,81,26,89,76,9
red,35,27,129,76,109,31,75,55,24,100
blue,121,97,88,24,118,115,26,91,120,109
red,18,86,140,17,82,77,113,143,24,93
blue,31,60,144,109,45,22,77,19,51,93
blue,25,142,2,17,4,31,107,159,76,99
red,95,20,3,17,121,34,134,143,106,66
blue,22,134,55,17,128,0,23,75,49,14
red,121,149,78,51,82,104,61,101,136,153
red,121,22,26,9,108,31,111,64,136,4
red,22,23,150,17,99,62,65,11,24,74
red,0,65,140,24,99,135,84,151,51,37
blue,112,65,143,8,153,103,27,124,17,5
red,0,58,56,29,139,107,13,26,51,5
red,110,26,143,76,14,74,149,140,116,12
red,135,27,155,29,119,31,60,32,137,93
blue,95,67,143,51,5,107,88,94,17,160
blue,37,13,138,76,80,48,111,132,129,82
blue,95,134,151,9,128,30,27,11,17,108
red,103,142,19,116,82,0,23,150,51,45
red,0,102,83,29,119,2,30,94,49,109
red,91,130,56,17,79,31,134,151,24,96
red,22,74,120,50,53,110,84,151,54,108
red,78,60,129,24,45,88,75,122,51,93
blue,145,38,53,29,118,22,91,155,109,14
blue,72,38,6,136,139,31,61,120,76,74
blue,31,119,89,106,5,47,134,19,29,111
red,0,98,120,51,119,34,146,121,106,82
red,139,60,0,50,45,37,146,91,106,82
blue,120,145,151,29,53,47,65,159,54,46
red,145,65,23,51,109,101,13,55,17,159
red,19,142,2,51,128,78,58,150,17,45
blue,120,134,3,1,9,47,60,121,17,53
blue,22,130,109,29,99,123,40,1,51,74
red,154,146,33,17,79,144,60,104,49,160
red,47,44,120,69,74,37,75,7,29,153
blue,110,46,158,76,70,115,75,120,24,80
red,67,61,68,50,70,78,91,94,17,108
red,57,23,64,17,66,114,40,155,9,79
red,22,75,23,69,153,78,38,140,9,148
blue,114,26,19,8,14,154,61,121,17,9
blue,123,142,121,17,79,110,13,73,24,108
blue,19,125,105,106,74,48,84,143,51,158
blue,144,38,62,51,79,31,58,19,116,14
red,34,102,19,129,53,18,61,133,136,41
red,90,98,120,29,109,72,13,6,17,53
red,34,125,104,50,96,110,40,23,17,79
blue,114,98,19,51,82,135,124,144,106,93
blue,35,40,120,8,128,112,78,121,76,15
red,0,40,120,106,158,135,60,131,157,100
blue,88,124,2,29,93,127,65,109,76,66
red,154,125,120,17,66,110,60,139,137,100
red,67,98,109,9,70,123,38,140,17,71
red,3,98,56,109,99,31,30,143,51,44
blue,123,65,129,120,53,0,26,158,156,108
red,123,111,19,17,82,110,13,79,137,100
red,0,149,11,29,9,135,46,120,51,153
blue,88,38,19,29,9,0,40,143,116,53
red,114,23,129,29,80,18,38,143,106,5
red,151,58,120,156,53,152,65,140,24,82
blue,101,13,120,29,100,151,65,56,106,45
blue,0,38,148,17,108,31,141,143,24,74
red,77,38,148,9,119,70,60,19,49,80
blue,77,155,59,51,99,123,67,150,120,118
red,0,38,121,69,80,36,84,23,51,93
red,151,46,148,51,111,112,102,11,9,108
red,102,77,104,106,27,47,60,11,51,46
red,25,13,68,24,93,74,130,1,85,153
red,3,26,19,116,100,22,5,136,49,53
red,145,130,2,116,53,47,142,19,17,9
blue,0,65,89,76,12,46,130,143,116,118
blue,114,46,33,49,53,117,124,90,29,71
red,62,130,56,51,82,103,98,144,9,108
red,31,40,144,133,100,78,46,2,9,109
red,123,67,155,76,118,78,92,142,29,153
red,47,130,138,129,120,112,58,121,49,153
blue,107,130,35,116,110,3,141,121,24,82
blue,77,61,11,137,45,97,130,10,109,71
red,37,58,150,106,5,47,38,91,85,153
red,35,141,15,49,79,31,98,138,76,45
red,25,98,56,17,14,2,145,94,9,118
blue,103,125,140,116,128,78,102,159,51,153
red,88,77,159,29,119,152,26,121,76,70
red,31,60,143,49,12,152,26,55,50,128
red,101,141,143,24,5,115,26,151,76,45
blue,134,98,89,51,100,90,38,138,76,126
red,0,146,55,9,126,57,40,150,50,53
blue,0,125,56,29,153,46,86,64,17,70
blue,110,54,86,129,80,22,87,140,116,128
blue,115,114,150,76,82,22,86,75,116,79
red,34,60,64,51,70,13,37,155,133,128
red,112,113,120,9,53,107,30,43,17,119
blue,18,88,120,156,45,141,134,33,50,93
blue,107,60,136,85,126,110,37,155,137,79
red,47,37,150,147,5,22,23,121,29,9
red,0,30,124,76,126,112,23,3,129,100
blue,0,40,71,69,128,110,107,143,76,93
blue,150,88,1,106,118,103,67,143,156,99
blue,103,87,143,54,33,110,75,124,109,118
blue,78,86,23,106,79,35,142,143,50,119
red,90,86,55,76,82,91,134,21,29,16
blue,31,13,56,133,108,114,37,79,63,45
blue,2,28,150,17,128,101,35,6,76,93
red,145,65,144,106,74,47,84,129,49,93
red,78,65,19,51,66,35,102,148,49,74
red,78,77,104,76,109,62,38,1,51,96
blue,3,38,144,129,82,152,13,143,106,99
blue,47,134,144,17,120,131,58,6,49,74
red,0,107,6,51,5,22,60,159,85,120
red,151,13,150,8,53,127,38,6,51,12
blue,103,54,43,29,111,62,58,87,137,100
red,22,60,64,8,53,127,28,138,116,128
blue,35,38,159,137,5,88,102,120,29,153
blue,90,61,2,51,5,74,38,64,133,72
blue,31,58,64,51,14,84,75,32,116,74
blue,84,60,132,139,14,110,58,64,129,158
red,91,58,64,129,9,92,23,144,50,93
red,127,26,155,17,93,37,40,121,76,45
red,0,149,64,51,93,107,46,56,24,96
red,3,58,104,51,82,72,124,155,29,53
red,103,104,159,17,14,101,97,144,76,153
blue,43,67,64,129,93,114,30,22,24,70
red,84,61,53,133,70,47,40,158,8,153
red,115,97,143,109,108,48,75,1,24,100
blue,90,111,144,51,158,3,60,159,29,153
blue,104,58,64,24,12,112,26,151,76,74
blue,144,84,155,24,153,134,40,122,50,118
red,114,61,87,147,153,101,38,124,156,119
red,18,88,64,51,128,22,154,140,49,66
blue,92,27,64,106,93,151,117,55,24,114
blue,110,65,89,136,18,103,155,159,63,70
red,78,65,150,24,109,0,40,121,63,45
blue,18,13,89,29,148,112,38,56,116,108
blue,110,117,33,17,128,18,30,150,136,14
blue,43,142,143,51,82,90,65,144,147,15
blue,101,87,19,136,74,31,88,120,24,100
blue,0,65,121,52,128,18,26,89,51,82
red,81,13,159,17,9,58,30,91,24,53
red,110,154,64,24,100,47,141,132,116,9
blue,31,38,19,24,112,36,54,102,50,128
red,22,61,71,24,45,144,26,112,129,82
blue,145,28,125,63,70,117,58,121,49,148
blue,150,23,33,133,79,103,155,64,24,5
red,115,124,94,51,74,102,27,132,9,70
blue,101,40,41,29,5,90,149,1,9,45
blue,114,87,2,24,100,0,30,1,17,82
blue,83,142,33,9,70,31,86,23,76,120
blue,134,117,121,129,45,146,26,155,76,108
red,72,65,155,51,160,0,142,150,138,45
red,91,77,2,51,12,152,92,159,76,5
red,35,40,140,17,80,31,38,121,9,100
blue,62,65,33,9,81,74,38,94,51,45
blue,0,98,51,29,82,101,60,64,106,100
red,43,38,51,76,160,90,30,159,9,99
red,31,154,51,9,71,110,61,144,133,153
blue,110,38,89,136,93,88,142,138,52,120
red,110,134,56,29,158,101,154,143,106,82
blue,48,28,150,9,12,31,130,143,133,153
red,134,60,139,29,37,114,65,121,17,12
blue,88,104,121,51,82,0,65,26,133,153
blue,48,40,11,129,100,0,67,120,51,14
red,146,142,33,76,109,2,61,11,9,70
red,62,38,138,85,96,2,97,73,76,100
blue,130,13,159,17,128,110,155,143,8,160
blue,90,26,155,76,5,112,74,140,147,100
red,74,77,71,76,79,102,111,150,63,70
red,78,58,143,76,111,2,74,155,51,82
blue,30,84,150,51,99,47,77,143,137,70
blue,0,65,26,52,5,110,74,143,116,71
red,18,77,6,50,70,47,23,3,29,93
blue,18,38,21,76,12,110,125,121,29,53
red,39,154,150,24,138,18,86,2,17,71
red,0,38,138,29,12,115,87,131,76,37
blue,151,46,41,9,7,47,86,55,137,45
blue,88,117,19,51,70,90,154,56,129,93
blue,31,98,68,106,82,97,13,1,24,93
blue,0,91,121,109,80,146,97,41,51,93
blue,90,23,69,76,14,31,141,150,49,93
red,22,38,121,49,93,36,149,74,9,79
blue,22,65,6,8,45,0,87,121,76,93
blue,104,58,73,76,74,22,26,155,51,82
red,72,23,150,51,82,0,38,33,24,128
blue,0,38,120,29,45,112,154,121,129,158
blue,22,38,155,9,139,34,28,74,76,153
red,110,26,74,17,5,137,102,140,9,12
red,90,65,11,137,100,58,26,74,76,148
blue,131,149,150,109,74,90,67,33,69,108
blue,78,26,155,76,4,0,40,74,133,139
blue,2,28,155,76,119,94,130,21,17,96
red,114,134,140,76,53,47,142,6,51,100
blue,131,141,33,52,82,103,84,94,136,119
red,0,26,138,52,93,74,30,151,76,71
red,114,38,55,51,100,31,61,124,136,70
blue,110,13,11,133,76,123,65,2,17,119
red,103,30,151,9,16,43,38,109,51,14
red,112,13,109,106,158,95,130,144,76,119
blue,151,13,122,49,9,3,38,1,129,70
red,47,30,121,51,9,37,23,94,29,128
blue,47,38,144,9,1,154,13,132,51,119
blue,36,125,138,85,118,74,13,127,29,27
blue,77,38,21,24,53,36,23,35,76,71
red,72,26,104,133,119,48,13,32,106,66
blue,38,23,150,76,153,90,65,143,29,53
red,57,65,143,17,79,47,54,94,8,45
blue,70,38,125,157,53,0,26,151,29,153
red,0,23,53,51,119,31,67,125,133,100
red,37,46,155,49,83,90,154,121,76,79
red,22,60,2,76,126,103,28,11,29,100
blue,77,30,35,51,93,36,67,114,29,71
red,114,130,94,24,82,91,28,150,9,160
red,114,27,94,129,70,47,40,6,136,80
blue,114,40,91,17,148,74,23,94,51,80
blue,35,65,144,17,128,114,40,55,69,80
blue,152,134,32,8,109,114,86,1,51,100
blue,114,65,124,29,45,103,30,86,17,79
red,114,38,124,9,111,0,125,26,76,153
red,114,30,151,106,5,39,98,125,24,119
blue,114,58,33,147,153,18,134,55,51,108
red,114,75,11,49,14,59,38,155,29,45
blue,114,26,56,116,153,103,30,86,9,126
blue,57,58,94,157,82,114,40,91,52,109
red,114,88,124,24,128,151,40,159,29,9
blue,114,102,81,50,93,77,58,121,24,45
blue,0,54,34,51,45,114,40,33,156,9
red,35,40,57,140,160,114,125,151,147,96
blue,72,75,94,8,79,114,65,138,116,46
red,114,81,43,108,80,90,94,33,136,100
red,18,60,120,24,5,114,125,150,49,148
blue,0,98,7,51,74,110,65,121,106,148
red,37,61,143,76,80,47,40,105,116,70
blue,144,75,112,137,70,31,27,115,17,108
red,137,40,150,24,74,31,27,129,17,108
blue,74,46,122,76,83,77,154,143,136,41
red,0,75,64,106,66,114,98,151,51,93
red,22,46,138,76,45,18,23,2,49,153
blue,20,97,1,9,128,35,67,121,76,158
red,0,26,91,49,119,90,98,140,151,120
red,47,104,71,129,93,0,26,114,76,41
red,101,13,138,76,139,78,23,150,49,108
blue,134,87,94,51,153,103,23,150,133,109
blue,18,134,150,24,128,2,155,105,29,153
red,22,98,101,109,45,115,58,114,51,93
red,0,40,158,17,12,57,142,11,76,126
blue,115,38,157,51,5,90,87,89,17,128
red,36,38,138,24,82,110,98,19,106,139
blue,25,38,11,76,99,74,98,19,49,139
blue,144,102,150,8,111,65,37,88,147,139
blue,18,30,151,24,139,22,46,143,85,5
red,22,13,3,49,139,0,134,143,129,45
red,31,40,33,129,139,130,60,2,51,53
blue,90,61,33,17,80,35,141,64,29,139
blue,57,134,23,52,5,151,98,56,133,139
blue,39,58,150,147,70,74,26,136,106,45
blue,91,98,56,106,139,13,134,2,51,93
blue,53,75,120,106,5,47,77,143,50,139
red,18,28,121,17,79,88,38,160,76,53
blue,112,133,89,156,81,31,65,64,116,37
blue,62,92,7,51,81,72,23,124,24,112
red,72,38,1,76,70,18,54,48,24,45
blue,0,60,121,76,153,78,61,140,17,71
red,135,26,94,106,93,59,38,132,49,120
blue,34,111,144,29,99,81,134,143,24,45
blue,117,38,7,116,153,131,154,64,17,100
blue,134,149,26,106,74,104,13,64,24,96
blue,42,65,33,24,128,74,102,143,116,100
red,90,92,143,51,109,91,30,64,76,119
red,101,38,159,133,160,2,28,3,17,153
blue,144,149,121,51,79,57,124,19,76,82
red,18,38,140,129,96,107,40,2,51,93
red,95,40,55,50,53,20,102,32,133,158
blue,90,38,2,24,71,119,92,121,76,12
blue,47,23,94,85,74,103,38,155,158,108
blue,0,75,20,116,45,110,130,68,49,126
red,34,40,32,133,12,131,75,138,129,160
red,25,40,15,51,118,22,65,132,137,12
red,81,98,143,51,128,22,149,83,109,12
red,18,58,10,24,1,78,86,140,29,9
blue,110,84,104,49,158,41,38,121,76,12
blue,101,134,122,24,82,34,60,140,69,119
blue,78,61,34,24,12,101,46,32,69,45
blue,20,40,89,52,12,39,38,104,24,45
red,104,154,55,9,108,101,67,124,49,12
red,115,133,23,17,66,90,54,129,15,100
blue,74,102,159,76,158,115,98,2,17,70
blue,34,23,124,150,16,0,125,55,49,79
red,134,23,56,51,45,88,117,121,24,70
red,104,155,109,116,79,101,30,23,133,70
red,151,67,155,29,120,107,65,68,138,79
blue,36,40,155,9,158,43,87,19,76,12
blue,36,28,150,129,82,0,30,56,76,108
blue,0,46,121,76,9,36,98,10,24,128
blue,81,40,89,129,118,36,92,143,51,128
red,36,38,2,76,66,18,61,124,9,119
red,39,102,37,24,70,110,27,131,133,81
blue,0,65,2,106,5,36,47,132,51,96
red,101,30,35,3,99,47,5,23,49,70
blue,121,107,155,76,5,36,23,143,17,45
red,78,87,109,29,53,88,54,159,24,70
blue,114,98,7,51,70,72,40,124,29,153
red,62,61,104,133,70,37,30,56,129,66
blue,22,30,41,137,99,36,104,121,51,108
blue,103,23,3,51,80,36,98,55,85,119
red,154,98,56,106,99,36,40,124,76,79
red,36,13,56,137,96,115,98,1,69,93
red,36,26,155,137,45,31,13,148,8,109
blue,36,61,11,137,119,121,40,124,52,118
red,20,65,53,24,93,18,23,56,137,79
red,36,84,20,8,70,34,86,1,17,119
red,0,142,119,29,80,36,38,159,76,82
red,110,134,132,76,109,36,130,89,24,128
red,36,113,109,76,9,34,77,23,29,118
red,91,87,151,17,100,36,58,11,129,70
red,47,38,121,136,109,36,40,33,17,53
red,36,107,121,24,93,0,13,55,29,76
red,36,23,110,129,70,135,65,64,147,96
red,103,28,124,17,119,2,46,155,51,70
blue,18,28,33,29,53,35,30,155,50,109
red,2,98,48,85,100,159,65,107,29,108
red,31,51,1,9,100,78,142,121,49,45
blue,103,125,138,52,100,42,38,140,69,80
red,0,26,151,43,153,110,23,150,49,119
blue,31,23,150,109,100,114,84,19,43,53
blue,91,77,56,51,100,34,46,64,116,118
blue,90,26,3,76,45,78,38,56,50,100
blue,43,38,121,116,100,0,133,41,76,5
blue,0,38,143,8,153,78,98,121,116,9
red,37,27,94,52,100,114,38,89,24,53
blue,144,65,1,49,100,39,134,125,76,74
blue,2,38,155,24,128,35,30,121,106,99
red,90,142,121,147,12,74,13,143,116,70
blue,74,130,2,24,14,0,23,143,106,93
blue,134,38,120,9,12,137,77,2,8,118
blue,151,142,140,29,9,22,141,35,51,153
red,18,141,121,8,82,57,61,2,147,12
red,134,58,143,51,93,135,39,13,129,14
red,0,134,3,49,82,131,13,91,116,41
blue,0,134,151,129,70,43,13,150,136,128
red,123,142,124,24,128,0,13,68,29,153
red,101,13,139,106,93,22,54,155,51,70
blue,31,13,120,137,45,101,38,56,29,119
blue,107,65,140,76,108,81,13,23,116,118
blue,88,155,64,17,109,47,13,19,76,100
blue,74,75,69,24,14,104,13,155,50,128
blue,24,7,73,78,108,39,13,148,17,82
red,107,124,151,24,160,47,13,104,7,93
red,152,13,121,147,96,34,65,1,9,108
red,117,13,139,106,74,48,134,121,24,96
blue,43,13,121,116,119,3,134,124,8,118
blue,115,102,71,30,108,43,113,104,76,109
blue,22,65,89,106,118,72,13,71,51,100
red,13,154,155,69,45,48,142,2,17,12
blue,18,142,150,106,74,114,13,43,29,100
red,113,13,19,9,119,127,58,121,50,100
red,0,97,155,133,100,20,13,151,106,99
blue,2,60,143,106,128,20,113,32,116,118
blue,91,23,151,147,70,115,13,124,129,153
red,34,141,13,76,160,0,142,95,63,70
blue,101,97,143,29,108,151,141,13,85,79
red,0,26,125,116,153,81,117,1,136,148
blue,110,38,32,17,45,22,134,144,9,53
red,0,78,35,133,70,107,134,155,120,153
red,42,20,121,133,4,134,75,140,51,99
red,33,38,21,17,71,104,40,121,49,79
red,104,134,120,137,79,0,20,33,133,108
red,18,20,7,76,74,112,40,148,137,123
red,131,20,64,156,53,152,84,143,29,119
blue,22,149,140,85,96,103,20,7,17,158
red,48,54,89,116,5,144,149,148,69,80
red,0,149,120,76,108,78,46,151,9,45
red,48,54,121,49,118,127,149,143,17,119
blue,131,77,121,137,66,123,149,143,8,82
blue,0,124,131,116,119,90,149,2,136,100
red,18,149,32,29,53,95,77,104,24,45
blue,18,65,121,76,93,112,102,33,51,82
blue,46,26,155,51,4,74,102,143,24,96
red,18,86,11,129,100,0,102,148,63,5
blue,140,46,56,50,99,77,102,94,129,153
red,134,30,101,116,153,42,23,150,147,96
red,39,149,155,51,45,158,40,23,129,153
red,0,40,19,50,128,91,58,121,17,139
red,103,27,129,116,158,72,67,7,17,45
blue,115,134,78,51,114,110,58,71,137,153
red,134,149,11,69,100,18,97,19,106,74
red,18,149,151,138,108,25,102,64,29,153
blue,78,40,121,24,93,77,102,19,17,80
red,107,102,136,76,70,144,133,81,129,91
red,145,102,121,116,128,110,134,124,76,109
red,101,102,143,17,128,110,38,56,76,82
blue,20,38,136,147,5,22,102,159,51,100
blue,81,98,56,17,119,151,26,125,51,100
blue,0,102,143,51,79,91,111,11,147,45
blue,22,65,37,50,99,39,98,73,76,5
red,47,87,2,133,12,67,102,3,116,153
red,0,23,33,150,108,95,102,81,49,153
blue,110,61,104,9,160,115,102,121,50,70
red,95,102,25,120,53,88,40,143,51,82
red,37,58,158,49,5,43,102,132,108,45
red,62,26,125,29,139,152,28,89,133,53
blue,88,75,122,137,15,90,40,41,24,5
blue,78,75,55,17,100,62,40,89,9,93
red,31,40,26,133,70,59,149,1,106,93
red,0,86,143,106,14,31,65,23,51,66
red,34,23,125,51,118,62,146,121,116,148
blue,110,75,32,24,109,114,23,94,51,82
red,102,154,120,51,5,131,75,160,148,118
red,88,75,7,116,159,114,40,155,51,45
blue,121,149,68,17,96,107,75,1,51,128
blue,0,75,144,24,100,152,60,158,50,109
red,120,60,132,24,14,103,58,124,133,100
red,131,65,121,29,153,36,111,69,51,149
red,22,75,143,49,9,18,84,116,50,14
blue,112,38,54,17,120,0,75,143,116,53
red,18,30,104,9,45,91,134,21,49,108
red,18,134,104,51,99,37,65,35,9,53
red,47,146,143,17,53,74,75,120,76,45
blue,47,40,21,76,128,74,75,159,116,153
blue,62,54,139,17,80,20,58,11,106,82
red,2,38,143,136,70,91,46,19,29,109
red,0,30,41,129,91,110,26,1,116,108
blue,154,91,3,51,82,121,38,151,108,153
blue,90,141,59,116,119,102,38,144,69,108
red,42,102,20,133,53,81,56,144,129,45
blue,3,79,138,8,45,110,60,1,133,153
blue,48,149,68,51,45,31,145,120,24,128
red,22,125,159,51,45,120,28,150,102,4
red,0,61,159,76,70,43,65,21,116,45
blue,62,60,1,51,118,47,65,38,17,45
red,112,117,124,116,45,47,38,1,24,82
blue,0,75,143,17,79,146,5,121,106,71
blue,135,125,2,51,74,110,87,121,69,71
blue,2,58,64,49,158,47,84,155,51,71
blue,37,38,148,76,12,36,111,159,137,70
red,18,38,7,8,70,53,146,104,17,71
red,0,26,104,51,71,90,154,144,17,45
blue,0,113,121,24,74,146,98,56,9,79
red,20,113,124,106,93,137,60,81,76,15
blue,62,38,6,69,80,107,98,73,76,148
blue,41,61,35,49,148,107,74,120,76,93
red,115,61,6,17,148,121,58,140,51,53
red,90,74,151,116,148,22,30,19,51,82
red,48,23,1,29,108,90,30,148,76,80
red,145,130,10,76,5,31,61,122,136,45
blue,22,133,1,120,71,131,26,69,51,160
red,47,75,139,129,71,37,60,73,156,100
blue,78,40,122,51,70,151,154,9,109,119
red,34,40,142,9,118,121,38,33,29,82
red,144,13,150,29,93,31,142,151,49,148
blue,0,38,143,29,15,18,26,136,9,70
blue,0,58,89,76,66,90,65,122,136,74
red,113,40,2,51,15,101,130,143,147,82
blue,31,142,56,133,153,43,65,143,137,66
blue,43,60,32,76,109,57,145,122,29,12
red,65,28,19,106,112,48,88,55,24,153
red,48,26,151,51,71,135,75,23,17,74
red,18,58,1,51,93,127,102,7,85,148
red,31,40,7,157,93,48,26,6,24,109
blue,48,61,19,49,80,107,54,43,17,128
red,18,65,1,51,100,0,86,121,85,12
red,48,110,138,51,14,37,65,124,49,74
red,43,30,110,49,53,0,74,125,138,91
red,48,154,151,109,118,110,40,121,106,5
blue,48,113,143,51,16,90,38,1,156,153
blue,43,13,2,137,118,104,65,64,29,53
red,22,154,2,76,33,112,26,43,51,93
blue,0,87,110,133,12,151,88,89,69,2
red,74,61,2,76,5,36,38,68,116,12
blue,78,102,144,49,66,0,27,89,24,80
red,88,141,121,109,108,38,107,138,129,4
blue,36,26,41,156,14,112,38,140,133,108
red,78,154,125,129,148,81,58,124,147,123
red,22,44,1,129,74,81,13,121,76,82
blue,135,23,121,106,74,110,154,150,109,139
red,31,23,143,129,80,110,97,151,29,74
red,112,46,109,129,14,35,134,1,116,80
blue,114,141,89,129,45,0,38,19,136,16
blue,62,125,19,76,82,31,28,35,129,5
blue,101,84,151,129,100,18,134,33,51,108
red,31,58,71,106,82,65,46,159,17,53
blue,110,87,132,24,93,36,30,151,129,100
red,19,27,94,24,96,47,77,2,9,53
red,0,92,64,129,120,78,60,26,17,45
blue,101,60,132,137,119,0,46,154,129,109
red,145,39,140,8,70,91,154,61,50,153
blue,104,30,155,29,5,0,54,125,129,45
blue,20,60,157,129,118,0,104,159,43,70
blue,18,74,64,129,148,154,38,89,76,128
blue,134,65,150,138,66,34,54,151,129,16
blue,90,60,6,129,70,146,75,120,29,119
red,0,46,121,29,45,146,27,3,85,9
blue,81,102,32,51,5,48,38,121,116,158
red,74,61,10,129,70,78,154,150,51,45
red,48,154,131,129,70,31,61,114,76,158
blue,34,26,69,129,4,31,54,85,51,148
blue,69,23,32,147,14,78,146,94,129,104
blue,22,38,132,106,82,0,134,48,85,90
red,37,65,23,51,155,134,74,122,129,93
red,92,124,121,129,128,18,154,155,136,119
blue,74,38,143,76,93,0,92,120,129,119
red,22,124,151,76,5,146,61,35,129,53
blue,31,61,32,76,12,103,54,151,129,128
red,0,22,121,29,53,59,58,142,17,12
blue,110,40,1,71,79,112,58,10,106,66
blue,78,97,10,9,93,113,38,7,50,4
blue,90,65,122,51,153,114,81,43,129,5
red,104,149,34,76,99,65,38,121,133,53
blue,0,67,48,51,70,151,38,64,49,158
blue,92,98,56,50,70,101,149,94,133,153
red,78,130,19,17,118,121,65,11,49,119
red,78,65,19,9,100,110,75,159,106,5
red,115,154,121,50,4,107,38,151,147,99
red,22,58,143,17,82,111,130,159,76,139
blue,47,113,26,51,126,20,23,150,136,109
red,0,38,1,106,82,154,65,124,49,4
blue,2,130,155,17,79,43,65,144,51,82
blue,103,38,159,51,120,0,75,140,17,148
blue,135,98,144,24,45,115,58,120,51,93
red,77,38,11,9,100,134,58,119,17,53
blue,110,58,11,17,153,90,38,109,76,96
blue,35,58,143,76,158,110,61,89,109,70
blue,0,88,55,133,153,110,28,159,29,12
red,135,13,19,49,96,78,98,121,85,128
red,134,38,11,9,53,47,13,121,76,100
blue,103,38,56,51,96,101,26,104,63,45
blue,22,39,159,133,96,84,65,56,50,9
blue,103,98,2,17,128,84,46,33,24,119
red,0,65,55,85,96,103,61,6,109,16
red,127,142,1,17,128,72,155,56,51,96
red,18,61,1,17,45,62,60,154,116,12
red,72,58,121,24,93,36,38,122,116,53
blue,43,60,151,116,108,144,141,1,76,53
blue,34,13,143,106,139,88,134,159,29,12
red,103,133,32,52,82,57,65,132,15,93
red,3,141,122,69,96,0,149,120,29,14
red,62,94,3,51,120,103,92,7,106,5
red,31,94,56,76,12,77,38,151,17,100
red,34,38,122,129,66,0,125,148,51,153
blue,37,145,151,17,93,18,107,71,106,16
blue,31,65,144,29,53,48,141,55,8,82
red,0,84,142,106,82,102,54,155,133,18
blue,31,38,20,129,120,115,92,33,133,70
red,137,23,43,9,5,78,117,121,76,96
blue,127,77,140,49,45,35,65,144,136,80
blue,114,26,89,17,93,48,134,104,9,45
blue,0,113,151,17,148,22,98,121,29,54
blue,22,30,69,148,82,0,60,57,133,70
blue,16,13,75,69,71,0,60,32,85,119
blue,101,154,11,51,5,22,58,143,29,53
red,95,13,2,147,96,91,40,11,106,5
red,0,38,33,116,53,74,58,21,51,128
red,131,61,143,49,74,18,38,21,51,53
blue,43,40,129,29,14,117,60,55,51,128
red,92,107,6,116,71,74,98,159,43,53
red,48,58,140,147,33,62,44,21,129,82
red,127,134,151,137,45,90,67,43,109,93
red,104,141,64,24,5,103,84,26,106,14
blue,115,46,124,24,119,151,102,7,17,71
blue,18,133,64,24,14,35,84,23,116,37
red,90,60,143,76,120,88,61,121,24,70
blue,25,26,159,24,82,18,75,41,17,128
blue,91,58,7,147,139,43,27,132,24,45
red,47,107,142,24,53,78,88,144,8,108
blue,0,84,73,29,53,36,58,64,147,96
red,131,114,83,49,4,43,134,26,24,93
blue,0,107,56,106,82,115,79,150,29,12
blue,103,134,55,24,79,114,130,32,49,93
blue,88,124,94,76,109,0,154,144,129,121
red,0,13,26,76,93,91,58,32,51,4
blue,74,142,104,17,79,31,38,56,51,128
blue,18,60,121,51,93,101,23,132,133,12
blue,43,60,33,116,15,117,38,121,24,93
blue,145,86,33,51,16,59,134,38,147,93
blue,18,145,94,51,70,115,98,19,17,93
blue,150,30,33,29,70,47,65,34,76,93
red,43,30,155,51,70,114,0,121,17,100
blue,112,77,138,137,93,25,134,2,24,45
red,0,67,91,15,96,90,38,157,106,93
red,88,107,143,69,119,20,46,56,106,82
red,18,84,7,24,53,127,67,110,29,82
blue,0,13,19,51,93,74,77,122,17,12
red,110,27,121,123,108,134,46,64,76,120
blue,110,13,83,51,80,3,46,120,76,70
blue,151,92,26,8,53,22,38,124,122,74
blue,78,38,148,147,82,142,67,1,156,112
red,121,38,104,24,82,88,26,155,76,5
red,22,134,142,106,66,112,102,124,133,70
red,22,26,56,49,82,107,13,33,76,110
red,103,54,56,49,82,65,58,2,129,4
red,36,26,78,24,96,39,113,3,49,53
red,83,61,140,133,53,59,134,3,49,153
blue,51,115,143,49,158,130,125,124,129,82
red,57,134,3,24,71,112,28,6,116,53
blue,47,58,3,49,153,0,141,64,29,119
blue,132,61,159,76,33,0,130,124,49,109
blue,43,154,3,9,82,90,13,64,76,79
red,0,107,3,76,5,101,141,138,144,108
red,88,60,11,76,15,115,134,3,129,119
blue,36,26,3,106,126,48,28,155,54,100
blue,115,88,3,17,93,117,74,143,9,80
red,151,94,3,144,158,0,13,148,29,119
red,0,130,64,129,120,145,107,3,49,139
blue,103,107,3,50,126,0,113,26,17,74
red,92,84,78,106,82,103,134,3,29,93
red,38,23,109,29,4,121,107,32,49,82
red,35,141,3,63,100,151,142,2,29,118
red,134,27,3,116,109,22,54,139,17,70
red,0,27,3,49,45,47,142,69,51,74
red,25,60,109,49,82,145,61,159,106,14
red,18,65,71,8,45,115,27,159,52,100
red,57,26,19,51,4,145,30,56,49,12
red,107,102,150,76,79,37,111,3,147,100
blue,135,134,3,49,158,51,87,148,129,93
red,110,60,87,24,128,35,65,3,54,79
red,127,38,155,49,9,72,142,91,51,128
red,22,38,121,116,5,127,125,3,17,9
blue,90,87,140,129,82,102,44,143,49,96
red,31,30,3,54,118,53,102,124,76,109
blue,31,65,7,76,12,104,130,33,49,74
blue,112,30,3,136,120,47,26,94,17,96
blue,88,38,132,51,93,91,84,150,106,118
blue,0,28,55,29,93,123,38,124,49,5
blue,115,134,121,49,119,36,113,2,133,66
red,88,145,143,51,119,43,65,121,49,160
blue,0,65,1,8,128,88,38,159,147,100
blue,39,40,121,137,70,110,67,155,24,158
red,31,26,2,49,160,37,13,125,133,45
red,36,154,121,69,82,151,142,43,116,15
blue,37,84,150,76,99,152,38,2,51,4
red,22,46,138,133,45,0,40,136,76,119
red,37,134,17,106,53,81,67,35,29,108
red,22,65,121,29,45,0,40,33,160,108
blue,78,134,150,49,99,22,40,120,29,53
blue,0,102,121,43,126,77,40,91,136,158
red,0,67,121,50,53,151,38,144,76,9
red,77,78,140,129,80,31,40,53,76,9
blue,37,81,55,51,93,31,40,89,137,119
blue,134,98,33,51,128,0,40,15,29,53
blue,22,75,144,17,82,35,40,143,76,109
blue,22,75,155,49,148,131,28,150,157,80
red,110,134,150,17,71,90,60,121,133,15
blue,0,58,121,51,100,77,134,2,29,96
blue,88,75,89,24,160,35,134,138,85,66
blue,115,60,109,133,74,137,40,104,147,118
red,102,142,144,133,109,0,38,3,54,45
red,18,30,155,76,93,92,117,140,50,70
blue,37,113,144,69,9,114,28,35,17,45
red,0,27,64,133,100,146,142,160,76,159
red,91,134,21,76,5,90,124,155,133,96
blue,47,134,19,76,12,114,58,132,24,100
red,121,75,64,133,45,72,61,87,106,82
red,0,124,120,63,45,47,134,11,51,70
blue,74,40,64,29,153,31,46,55,49,71
red,62,94,64,133,82,34,58,41,17,80
blue,43,61,144,106,12,39,98,159,76,128
blue,31,60,143,129,14,103,38,71,123,108
red,135,30,94,51,118,0,65,124,29,45
blue,43,111,143,49,108,103,30,55,9,70
red,112,38,2,54,66,22,40,144,9,15
red,114,134,125,17,108,22,61,143,147,96
blue,22,75,89,116,90,119,40,121,51,153
blue,39,134,3,109,93,31,61,132,50,82
red,103,77,121,136,126,18,134,64,24,96
red,84,134,71,29,83,90,38,124,116,128
blue,72,38,143,106,93,91,134,73,76,4
blue,34,130,140,17,53,131,97,29,9,100
blue,88,38,122,136,53,31,61,143,85,12
blue,115,65,1,51,5,57,47,83,76,9
blue,74,125,48,49,82,31,145,155,69,80
blue,31,58,143,76,128,74,38,7,49,53
blue,18,98,121,129,119,0,38,26,51,153
red,18,38,138,76,80,0,142,104,106,9
blue,35,38,109,17,71,37,28,104,24,82
blue,78,61,155,17,53,110,134,159,49,66
red,31,28,43,51,119,41,30,107,9,123
red,22,58,56,133,53,31,61,51,9,80
red,74,142,69,120,119,2,38,89,76,109
red,151,40,120,108,118,90,67,33,51,158
red,74,107,55,29,80,13,130,144,76,12
red,127,65,55,133,70,90,38,143,17,109
blue,48,46,143,76,119,154,58,124,29,79
red,41,117,0,17,53,107,40,155,138,54
blue,18,134,138,49,109,62,38,144,133,70
red,37,125,140,136,53,46,130,138,76,80
red,114,40,2,138,93,37,124,155,85,12
red,3,38,143,17,41,74,46,138,50,128
red,20,30,138,116,70,92,154,73,29,153
blue,57,155,138,29,12,112,60,140,54,82
red,72,102,138,147,119,47,141,11,51,99
blue,110,102,155,9,5,74,38,121,17,45
red,43,78,121,76,109,34,65,33,24,128
red,47,75,48,76,148,131,13,104,29,109
red,43,141,55,49,71,59,113,81,29,93
red,0,130,120,51,109,112,13,138,17,9
blue,18,23,155,29,9,77,86,11,54,108
blue,136,98,83,54,9,144,86,11,29,45
red,62,86,56,51,153,34,46,144,49,66
blue,0,145,121,49,79,35,86,120,133,74
red,123,134,140,24,14,0,65,7,29,153
blue,78,23,150,147,45,145,86,33,69,119
red,78,102,43,51,45,127,86,151,29,93
blue,101,86,64,76,96,102,27,68,116,16
blue,22,38,109,29,74,123,86,143,51,5
blue,107,86,139,129,153,90,26,150,85,70
red,39,86,150,109,71,0,146,155,76,93
blue,103,86,144,9,14,22,84,155,29,53
blue,151,102,143,29,14,47,30,138,116,70
red,22,60,55,137,5,31,86,121,9,15
blue,74,125,107,51,93,47,75,2,41,5
red,22,86,143,51,118,104,40,131,109,4
blue,135,142,121,76,82,37,86,13,116,93
red,43,86,10,51,93,36,141,11,29,111
blue,103,113,109,29,126,101,86,122,17,119
red,0,86,122,15,4,104,44,151,29,74
blue,88,86,41,49,4,47,44,122,29,121
blue,152,86,32,76,9,47,91,138,29,41
blue,104,61,6,51,100,103,60,94,29,124
red,72,38,155,136,9,74,124,150,129,45
blue,145,61,55,49,99,18,60,124,69,12
blue,135,40,37,8,153,31,65,124,51,82
red,59,141,150,136,128,0,26,120,76,119
red,31,30,136,9,4,90,38,55,147,93
blue,48,154,55,17,79,37,13,142,51,93
blue,135,65,32,137,16,90,38,55,116,79
blue,31,134,37,133,153,114,107,151,106,82
blue,90,23,150,51,82,34,134,109,29,128
blue,90,124,143,85,108,103,142,121,17,14
red,22,38,2,24,110,90,65,159,9,12
blue,101,61,138,24,80,90,65,23,51,109
red,90,141,56,76,82,72,46,101,51,37
red,103,60,33,29,37,123,26,104,63,99
blue,90,37,155,147,45,88,60,7,29,70
blue,95,130,143,129,82,90,40,1,109,108
blue,74,38,41,29,45,90,142,124,133,119
red,121,141,151,116,41,90,60,139,49,82
blue,90,87,143,8,45,42,23,94,29,53
blue,0,65,121,17,159,114,26,142,49,93
red,114,60,43,76,5,47,40,3,9,128
red,114,60,131,120,45,19,94,56,51,100
red,114,60,109,17,82,74,77,1,156,80
red,114,60,121,49,80,78,38,19,9,118
red,114,60,143,49,74,108,102,61,76,66
blue,114,26,138,76,5,151,65,56,136,79
blue,74,61,33,29,109,114,60,143,76,82
red,114,60,140,76,9,134,23,125,133,93
blue,36,102,1,76,5,114,60,143,29,9
blue,114,60,19,116,119,90,91,37,9,158
blue,114,60,159,50,109,110,134,56,129,80
blue,59,154,57,106,4,114,60,159,24,14
blue,114,60,81,17,12,115,26,121,24,160
blue,114,60,121,29,109,81,30,55,51,108
blue,152,142,23,9,158,114,60,140,29,12
blue,0,75,73,51,122,114,60,64,29,100
red,18,75,33,106,4,114,60,137,109,99
red,11,60,114,133,45,22,38,33,9,148
blue,104,88,3,29,80,97,149,2,76,93
red,102,58,2,51,16,144,134,1,29,100
red,37,30,125,129,96,112,38,121,41,80
blue,94,104,143,106,109,2,38,1,49,4
blue,48,28,151,8,160,11,58,121,106,96
red,127,58,11,129,45,42,61,6,76,53
red,114,38,43,76,53,39,86,94,116,153
blue,95,38,20,137,153,91,141,155,29,96
red,90,13,120,76,82,48,5,121,29,45
blue,88,65,2,76,100,103,40,33,50,96
red,0,124,43,147,66,72,40,15,9,109
blue,0,46,2,116,153,31,13,73,137,118
blue,114,91,55,29,158,115,38,15,54,96
blue,47,125,15,51,74,22,65,120,76,45
blue,36,65,83,52,128,34,13,124,106,14
red,34,23,138,150,108,91,38,68,9,82
red,34,38,121,116,53,0,40,63,76,71
blue,90,117,151,150,83,127,92,143,116,128
blue,22,67,151,51,128,0,102,54,76,93
red,62,27,143,76,45,103,26,55,8,53
red,42,44,87,49,45,91,77,21,29,153
blue,57,75,143,24,109,114,60,158,17,96
red,37,75,11,76,93,119,38,124,106,96
red,0,65,143,137,153,22,84,151,51,96
blue,127,134,143,29,4,74,102,26,76,96
red,91,38,122,17,12,144,86,143,9,109
red,101,75,155,29,79,19,142,122,76,5
red,41,38,32,29,53,20,154,33,49,70
red,134,38,68,69,16,74,27,151,49,139
red,84,86,140,51,82,129,142,155,76,74
blue,22,26,151,52,66,112,40,143,9,53
red,48,26,148,49,80,18,13,11,52,66
blue,112,38,1,24,5,60,94,124,17,70
blue,152,13,159,51,96,107,102,56,136,99
red,57,58,102,76,96,134,61,144,129,45
blue,134,91,56,49,12,22,61,55,50,70
blue,127,104,2,76,128,31,65,64,49,41
blue,43,60,159,29,41,112,113,139,76,5
blue,103,38,44,49,82,31,26,155,29,148
red,2,130,138,76,66,131,107,144,69,80
red,78,65,2,24,119,18,155,143,29,82
red,145,130,2,76,5,135,38,68,116,53
red,84,60,150,136,153,145,65,143,17,119
blue,115,142,121,116,16,47,134,157,106,82
blue,18,26,155,116,91,115,98,23,17,71
red,146,102,26,116,109,78,38,132,96,147
red,18,134,68,49,160,0,67,34,63,70
red,0,40,136,49,160,77,141,143,81,53
blue,135,58,148,24,70,103,23,122,29,160
red,112,65,1,17,160,115,38,138,51,128
red,33,60,140,76,12,48,30,144,29,160
blue,145,38,121,157,119,0,60,11,8,128
red,22,102,121,106,128,0,26,143,136,45
red,74,102,155,69,96,107,60,121,29,12
red,34,65,32,52,14,131,61,144,29,45
red,2,65,155,8,100,130,26,143,136,139
blue,43,38,121,49,5,78,58,132,51,93
red,81,38,1,129,74,121,13,114,76,119
blue,2,13,155,63,16,0,154,38,51,99
red,42,134,121,9,14,127,141,2,51,99
blue,37,142,155,8,80,103,77,11,49,158
red,0,111,155,50,45,152,87,151,49,5
red,48,61,1,9,45,18,23,3,136,119
blue,129,134,140,63,9,22,142,33,137,5
blue,34,97,33,50,70,0,26,150,49,118
blue,25,13,17,19,108,114,61,129,109,71
red,102,107,121,17,100,110,130,104,129,79
red,114,38,140,8,53,47,60,19,133,157
red,131,134,10,49,158,114,113,124,76,108
red,35,38,55,24,82,103,124,89,133,100
red,103,54,38,17,108,22,58,72,76,9
blue,92,13,143,129,118,115,98,144,9,119
blue,31,23,38,9,16,0,74,138,147,93
red,88,142,121,76,82,0,98,138,49,9
red,123,155,158,51,45,0,65,23,49,82
blue,134,60,136,76,9,112,38,26,17,100
blue,0,30,1,17,148,134,58,73,133,160
blue,115,75,155,136,100,31,38,78,50,14
blue,67,60,83,137,80,43,40,56,8,9
red,142,61,34,109,148,144,107,72,29,153
blue,62,27,1,106,82,74,154,3,17,79
red,123,141,64,136,9,48,38,146,116,70
blue,59,38,64,133,139,47,60,159,136,160
blue,3,65,83,54,93,101,84,6,150,45
red,107,102,140,116,109,18,23,138,76,5
blue,151,154,140,85,153,34,13,157,106,99
blue,123,38,121,116,70,110,75,140,17,128
red,144,88,121,8,45,46,65,143,76,158
red,47,54,1,49,9,103,58,155,17,82
red,131,60,23,76,99,121,102,155,51,70
red,62,111,155,116,153,0,13,121,51,82
blue,90,28,155,106,54,129,77,144,133,93
blue,129,102,1,17,158,103,23,155,52,5
red,151,40,155,54,74,150,61,72,51,82
blue,95,38,68,29,160,22,61,1,24,108
red,144,92,155,51,82,77,60,104,148,5
blue,145,102,68,49,18,37,58,23,85,80
blue,112,23,155,76,12,0,61,89,137,45
red,2,26,91,76,53,0,98,68,17,80
blue,22,97,68,50,70,0,117,56,29,12
red,22,38,68,9,158,112,154,143,29,108
blue,103,130,68,51,82,18,26,20,116,153
red,22,86,68,49,119,37,102,2,69,93
blue,22,130,104,51,119,48,65,68,76,45
blue,114,130,124,133,70,31,60,68,17,53
red,22,94,89,17,79,114,111,68,51,158
blue,41,38,140,76,70,102,26,68,17,128
blue,0,84,68,49,14,91,134,148,85,153
blue,74,30,34,8,96,103,87,68,49,18
blue,43,60,68,133,12,0,40,144,50,100
blue,101,94,68,76,4,0,98,122,106,99
blue,35,30,68,51,71,123,124,155,8,100
red,78,134,148,51,74,91,27,68,116,9
red,91,38,7,106,74,101,107,32,29,100
red,91,84,138,76,45,107,65,41,49,119
blue,91,141,1,51,74,135,46,26,136,79
blue,121,58,155,109,119,91,28,33,29,45
blue,47,61,143,51,93,91,124,155,52,82
blue,91,134,124,136,14,0,23,155,129,79
red,107,125,121,17,53,91,23,155,116,93
red,91,38,33,106,4,72,61,110,51,70
blue,90,60,1,129,108,91,102,140,8,93
blue,62,27,151,106,5,91,149,144,51,45
blue,0,133,138,157,45,91,84,90,24,5
blue,0,58,89,116,70,91,154,143,51,9
blue,151,23,2,133,5,91,61,140,106,96
red,31,54,19,51,128,91,98,71,133,119
red,22,74,35,133,15,91,98,102,156,128
blue,0,141,94,51,118,91,13,19,133,70
blue,31,38,148,24,45,91,141,56,49,82
red,91,98,136,106,37,34,113,159,50,100
red,91,84,151,147,128,78,26,94,106,71
blue,115,92,56,116,153,91,75,120,147,70
blue,22,58,23,17,53,91,130,121,49,148
blue,0,13,1,17,109,91,27,64,51,45
blue,37,149,104,116,9,91,26,159,50,153
red,91,130,7,136,128,151,134,101,133,109
blue,37,46,64,137,82,91,23,151,29,16
blue,91,26,144,51,93,39,38,155,129,100
blue,137,65,55,157,158,31,107,143,50,119
blue,31,54,159,17,158,78,40,43,129,5
blue,0,30,150,51,74,127,40,124,24,82
red,31,13,140,29,74,0,102,32,51,96
blue,0,58,73,51,82,84,22,94,9,14
red,47,134,64,129,82,36,13,55,136,70
red,107,125,2,156,108,88,87,124,49,82
blue,110,142,64,133,153,34,65,68,9,76
blue,35,130,104,54,108,101,61,121,76,119
blue,31,75,104,17,4,101,61,2,49,153
blue,110,104,155,29,109,0,28,151,17,71
blue,36,104,151,116,119,145,94,120,17,71
red,90,104,94,17,71,112,60,56,8,128
blue,74,65,136,17,12,18,155,2,20,108
blue,31,77,37,29,100,103,23,104,24,108
blue,0,61,104,17,128,18,13,56,50,100
red,78,60,140,63,4,113,141,11,85,70
red,31,38,144,49,15,103,40,121,106,82
blue,0,98,1,49,153,134,58,104,17,100
blue,47,124,56,76,45,154,27,155,29,71
red,90,54,155,49,12,31,78,124,137,82
blue,103,27,104,9,83,18,88,151,76,99
red,0,27,104,51,108,101,58,138,29,158
blue,18,93,104,157,100,103,38,121,63,79
blue,18,149,105,24,118,37,54,150,147,153
red,0,13,143,17,108,146,38,104,109,53
red,35,13,64,147,93,22,40,56,29,153
red,151,26,35,129,139,152,38,56,9,15
blue,145,102,120,17,153,127,58,35,109,66
red,21,102,35,133,153,110,30,81,76,9
blue,57,61,64,49,93,35,146,89,17,53
red,91,38,89,29,74,35,26,121,76,70
red,0,38,19,49,158,2,58,35,29,80
red,72,61,56,137,53,131,84,35,129,5
red,36,124,1,24,128,107,26,35,150,99
red,35,134,160,24,9,31,154,122,133,70
red,22,102,105,19,74,35,98,143,29,53
red,110,38,11,51,153,35,30,109,137,70
blue,43,37,35,17,74,36,78,69,144,5
red,34,111,35,29,133,57,60,144,51,9
red,78,111,35,17,15,143,38,155,29,53
red,134,13,144,17,46,113,111,35,29,148
blue,48,146,1,50,93,31,40,35,8,82
red,127,65,35,63,70,18,125,1,133,100
blue,35,30,56,17,153,78,75,55,51,108
red,35,27,125,8,108,112,154,19,76,158
blue,43,154,1,51,109,35,37,157,85,5
red,35,30,64,24,53,31,5,94,51,45
red,34,142,132,49,79,90,30,35,156,108
red,35,27,41,24,70,34,61,138,116,53
red,20,38,138,24,128,112,23,35,9,45
red,35,142,151,51,108,103,61,2,29,70
red,112,111,35,51,82,22,97,121,29,153
blue,18,111,2,17,45,35,98,114,29,108
blue,0,54,132,17,16,114,98,35,51,148
red,20,61,124,51,108,35,133,64,50,91
red,35,133,121,51,99,112,84,155,108,100
blue,81,61,35,116,66,37,146,121,9,119
blue,134,58,124,133,148,43,61,26,49,53
blue,35,134,121,8,119,74,142,143,76,100
red,35,46,6,49,160,57,60,1,9,148
red,110,124,125,116,93,35,38,1,51,14
blue,101,117,33,85,118,35,86,53,9,124
blue,72,23,35,51,9,90,145,121,147,108
red,131,38,11,156,93,18,149,56,17,148
blue,114,46,148,137,70,103,102,72,49,15
red,18,60,19,85,118,90,54,150,133,153
blue,0,98,124,116,45,22,30,10,51,153
red,91,154,151,54,100,31,28,150,133,153
blue,43,23,155,24,53,35,28,144,69,119
red,35,38,138,106,82,36,65,55,17,5
red,107,26,3,9,53,0,75,140,76,45
red,22,125,105,116,118,20,46,136,51,16
blue,47,145,120,41,74,155,142,55,49,128
blue,101,65,143,49,80,0,84,43,29,158
red,0,88,124,24,128,90,65,122,133,70
red,36,30,150,49,53,18,61,64,137,70
red,37,92,10,8,128,88,60,104,51,66
blue,48,54,94,8,128,18,142,33,63,70
red,151,38,143,29,96,78,98,2,106,82
red,62,61,124,147,82,22,23,142,29,54
red,74,38,143,133,96,34,61,89,29,27
blue,78,98,62,76,119,31,26,151,29,153
blue,90,154,56,137,119,150,38,143,136,128
blue,90,142,143,17,118,103,98,120,51,128
red,144,149,109,49,12,151,125,159,106,14
red,39,149,151,29,54,144,38,155,147,82
red,121,54,3,29,153,119,40,148,116,70
red,103,38,122,17,80,74,102,124,9,153
blue,34,117,56,29,14,104,155,3,106,82
red,0,77,32,24,158,42,88,33,17,70
red,47,65,53,106,128,34,60,143,9,80
blue,117,30,151,69,80,90,38,134,106,66
red,134,61,23,29,119,43,54,151,129,93
red,103,65,71,24,93,2,77,150,29,53
red,103,92,77,17,109,78,65,151,69,118
blue,20,84,150,29,12,22,40,124,137,70
blue,91,38,56,52,100,59,26,143,29,108
red,48,133,33,17,18,22,26,129,51,80
blue,74,98,121,29,153,78,102,155,136,82
red,22,38,143,29,16,31,134,150,17,160
blue,31,54,104,51,93,112,26,3,133,16
red,110,104,139,50,128,90,61,157,106,130
blue,53,61,1,136,118,134,104,129,51,99
red,103,84,105,8,126,131,38,104,49,9
red,112,102,104,51,158,18,26,35,29,45
blue,115,58,104,69,53,151,134,89,133,12
red,78,58,144,157,12,22,28,155,51,93
red,103,58,20,157,96,88,28,104,63,153
blue,110,77,2,8,15,88,134,104,116,119
blue,18,65,104,133,14,81,38,55,116,120
blue,138,61,33,133,96,0,26,104,51,93
blue,127,154,148,137,14,25,104,121,43,45
red,0,38,134,76,70,150,104,155,17,120
blue,81,23,150,76,119,47,44,104,116,45
blue,36,145,104,50,158,114,77,125,76,93
red,22,44,120,50,128,88,91,104,49,100
red,114,75,155,120,153,88,61,121,147,12
blue,110,75,159,24,45,103,40,109,116,70
blue,22,26,148,17,119,101,75,19,116,153
blue,42,40,55,116,153,144,60,23,8,14
blue,0,40,140,29,153,22,61,159,136,100
blue,131,13,143,24,5,74,40,139,76,153
red,77,40,155,157,153,110,117,159,85,74
red,74,75,55,129,153,145,44,19,9,79
blue,78,40,109,29,153,112,54,94,43,71
blue,115,75,109,24,153,130,38,11,76,80
red,74,75,1,147,153,72,141,155,54,119
blue,135,98,131,106,5,101,75,26,109,153
blue,115,40,73,8,82,78,75,56,116,153
red,134,124,137,17,160,48,60,139,29,12
blue,2,61,38,52,128,37,67,155,76,118
red,43,87,143,29,108,91,98,19,51,74
blue,0,38,64,17,71,91,26,150,9,74
red,91,141,132,24,100,31,86,121,116,74
blue,35,54,11,17,14,110,107,155,29,100
red,110,38,121,29,96,88,113,26,17,126
blue,18,26,33,51,153,110,38,32,52,100
blue,110,38,71,24,70,90,54,150,51,108
blue,78,38,54,85,100,110,88,143,129,5
blue,0,88,90,49,79,72,28,110,137,82
blue,0,102,143,49,74,31,26,125,76,5
red,31,27,121,76,100,110,38,158,29,96
red,112,102,23,50,70,92,27,3,17,74
red,47,130,1,116,100,88,142,121,24,70
blue,47,65,120,147,15,74,23,43,150,80
red,57,98,120,51,100,36,142,23,29,53
red,37,23,155,133,153,115,65,159,51,118
blue,0,124,94,9,12,110,142,2,106,82
blue,18,142,120,49,9,0,26,140,133,153
red,22,91,121,120,110,72,98,19,137,4
blue,48,40,1,133,70,112,58,129,138,108
blue,103,149,68,157,108,110,27,3,24,100
red,43,26,125,137,119,90,124,94,106,66
blue,103,142,11,8,70,78,38,33,147,15
blue,18,88,120,17,53,134,142,121,106,82
blue,95,113,57,137,153,144,86,71,51,70
blue,59,61,150,137,100,47,98,143,106,14
blue,90,142,159,106,82,0,38,11,9,70
red,88,74,13,49,158,35,40,122,50,70
blue,43,113,129,147,53,110,40,120,106,82
red,35,27,125,76,100,0,58,159,29,119
blue,112,142,151,54,9,31,38,56,76,82
red,31,113,155,116,12,57,38,43,136,53
blue,78,38,1,116,74,112,142,143,76,93
blue,146,130,121,85,118,0,98,73,52,100
red,25,30,124,49,9,134,54,48,133,128
red,25,125,0,69,12,3,30,1,29,45
red,19,46,151,116,12,25,23,150,76,5
blue,18,65,121,85,16,107,61,140,109,126
red,151,142,143,129,66,25,26,124,17,12
red,34,154,124,129,70,25,38,1,9,119
red,47,87,159,156,93,25,23,151,51,5
red,25,60,121,50,99,18,87,48,17,14
red,47,130,121,133,158,31,40,71,49,15
red,0,104,159,133,153,25,102,71,50,128
blue,112,142,146,24,66,25,60,81,106,5
red,31,58,107,109,108,25,121,125,51,96
blue,25,38,41,9,14,0,60,143,51,82
red,150,30,3,29,82,25,26,38,17,79
red,77,84,104,9,119,25,102,19,24,128
red,25,87,150,24,82,90,98,144,147,119
red,22,58,2,29,153,25,155,11,85,5
blue,95,134,150,133,108,144,60,2,51,15
red,25,26,140,29,14,137,130,56,76,66
blue,25,13,148,50,9,131,142,32,116,70
red,0,145,151,143,93,25,61,148,150,74
red,101,30,43,120,109,25,27,121,76,128
red,25,60,143,116,9,150,142,151,120,100
red,25,65,143,106,96,152,142,73,156,100
red,31,38,25,29,12,36,67,138,116,139
blue,0,13,132,63,70,25,38,143,76,109
blue,127,38,143,29,109,25,84,155,17,9
blue,25,79,140,76,108,0,65,26,50,45
blue,39,130,151,8,100,25,107,43,106,93
blue,103,13,150,51,15,25,154,68,137,153
red,131,26,25,136,53,18,84,90,76,120
blue,151,65,6,49,109,0,130,94,76,15
blue,57,38,2,17,71,0,60,121,109,53
blue,134,40,122,51,70,25,13,124,76,118
red,0,58,55,157,118,25,60,91,51,53
blue,22,142,19,85,80,25,54,56,17,128
blue,88,142,64,83,53,25,58,2,24,82
red,103,23,155,150,82,25,65,68,49,53
blue,25,113,56,29,80,77,30,105,24,14
red,25,13,129,17,79,51,141,132,29,153
red,127,107,142,17,128,25,87,35,29,9
blue,48,142,158,51,99,25,61,55,133,110
red,25,94,56,29,126,72,65,150,9,118
red,25,67,43,17,53,18,58,121,133,96
red,33,58,51,5,93,134,102,131,9,14
blue,36,102,143,76,96,37,86,34,116,12
red,113,26,150,52,93,48,61,121,17,71
red,1,98,0,24,45,90,40,55,50,70
red,146,102,151,9,139,43,60,59,76,70
red,0,61,89,9,16,78,122,132,29,24
blue,151,37,150,69,108,34,28,33,156,153
blue,103,134,56,49,148,0,40,10,29,9
red,18,38,64,69,15,0,134,2,76,158
blue,145,38,143,49,108,90,65,89,17,66
red,18,84,59,133,108,34,27,143,29,53
red,47,102,143,50,119,74,86,2,52,100
red,31,26,131,29,120,22,78,143,49,74
red,31,84,41,120,45,90,27,94,147,74
red,117,98,33,49,5,18,46,143,51,93
red,151,65,55,69,93,48,23,94,106,5
blue,151,142,55,9,82,2,26,150,17,14
blue,39,38,2,29,4,18,23,150,9,12
blue,145,40,121,76,70,0,54,94,106,154
blue,22,86,2,136,100,117,94,32,29,118
red,90,46,146,52,158,34,22,32,76,53
blue,72,13,56,29,100,121,98,125,51,93
blue,107,38,121,17,53,88,134,125,138,12
blue,0,107,132,17,45,146,125,94,157,9
blue,34,13,138,106,128,110,102,68,157,45
red,47,117,89,133,53,103,13,124,106,66
blue,47,38,121,51,45,78,117,139,106,66
blue,22,38,55,116,53,0,61,41,138,139
red,37,65,150,17,153,104,38,89,129,45
red,103,13,26,109,82,38,142,143,76,45
blue,88,67,155,29,153,35,125,117,120,5
red,88,40,122,116,70,47,98,124,133,54
red,18,134,33,29,9,34,61,120,51,82
blue,88,98,120,133,45,115,61,33,52,5
blue,0,133,132,122,5,88,125,121,17,79
blue,0,111,136,49,5,88,86,144,129,119
red,62,61,2,106,82,104,40,19,51,53
red,151,30,48,76,130,0,87,159,106,82
blue,47,65,159,29,93,127,87,144,51,96
blue,35,87,144,24,93,77,30,155,51,99
blue,0,86,140,54,53,110,87,150,24,79
blue,41,125,71,76,99,144,87,94,17,79
red,22,87,155,24,5,34,26,32,29,118
red,110,87,151,159,119,102,65,33,147,71
red,31,30,74,53,108,110,23,7,49,66
blue,37,13,2,29,153,31,87,143,52,114
red,35,58,21,24,99,2,87,155,17,128
blue,18,67,23,69,82,103,113,35,106,119
red,0,87,33,51,37,22,65,144,129,70
red,130,87,136,51,158,74,40,26,50,153
blue,0,87,119,116,153,90,67,56,133,70
red,22,46,1,76,9,47,87,143,17,70
blue,0,87,150,116,119,103,23,64,76,128
blue,135,87,122,133,11,18,23,26,136,118
blue,67,87,91,63,70,39,117,56,17,53
red,47,87,19,137,70,107,58,143,51,5
red,74,75,19,129,96,18,87,142,8,70
red,114,87,55,137,139,20,111,150,129,4
blue,72,28,43,29,160,101,87,35,51,110
blue,112,67,140,76,119,62,87,144,137,45
red,78,98,132,24,93,0,87,56,17,80
blue,0,98,7,106,74,43,26,158,133,96
red,114,113,25,133,14,31,75,55,51,74
blue,78,133,129,76,139,123,38,115,17,71
red,43,44,124,76,15,72,38,71,139,120
red,59,38,114,76,12,2,60,125,69,139
red,78,54,33,106,82,103,26,151,50,139
blue,0,142,155,109,80,103,65,144,9,139
blue,144,88,35,137,139,36,141,53,69,45
blue,43,40,7,29,139,0,145,19,52,14
red,103,84,155,24,100,114,86,43,9,139
red,91,13,143,49,139,22,61,124,51,100
red,88,87,104,76,74,0,38,159,29,160
red,135,54,94,133,74,110,65,140,17,128
red,115,26,143,76,45,31,30,150,71,74
red,37,13,155,150,96,34,98,83,17,74
blue,135,23,143,9,139,110,67,64,76,5
blue,127,134,57,50,74,48,58,144,120,118
red,47,130,121,51,16,112,37,150,106,74
red,62,38,143,76,5,88,65,121,133,139
red,39,60,41,24,74,110,30,73,158,93
blue,31,65,138,24,93,47,98,10,51,74
blue,22,142,56,17,128,151,134,19,136,74
red,145,102,33,49,66,74,141,23,150,70
blue,2,60,11,49,100,127,38,53,29,70
red,130,134,3,120,100,78,38,61,49,93
red,112,67,155,69,80,151,134,138,85,70
red,101,113,109,24,82,151,134,83,8,53
blue,62,23,150,50,93,134,141,105,85,100
red,42,104,102,29,109,2,46,19,69,53
blue,18,58,11,9,153,88,38,19,29,71
blue,47,38,143,29,4,145,134,139,106,5
red,31,44,121,69,119,112,38,138,54,118
blue,35,125,139,85,118,88,98,143,109,80
blue,18,97,19,69,45,0,134,140,76,109
blue,7,107,19,116,4,117,130,143,9,153
red,131,26,19,63,70,130,87,56,24,53
blue,101,40,19,137,45,81,38,132,49,93
red,91,38,19,17,128,0,125,73,133,153
blue,31,84,53,133,45,114,60,104,24,128
blue,151,87,59,136,128,88,125,64,29,153
red,31,26,140,50,160,112,58,73,17,119
blue,101,23,158,8,14,37,38,71,51,99
blue,0,142,138,51,93,36,124,55,17,79
blue,131,74,2,29,70,103,142,93,63,79
red,92,38,138,106,12,31,104,73,29,119
red,22,60,73,51,100,127,149,144,29,126
red,104,23,73,63,93,101,51,68,156,70
red,22,46,2,51,82,110,154,155,29,139
red,36,40,64,51,12,115,27,151,50,109
blue,91,61,33,133,53,110,26,1,51,66
blue,39,98,144,51,14,131,23,94,49,119
red,31,46,143,51,109,21,65,144,129,82
blue,131,154,94,51,119,35,130,151,63,70
blue,110,141,155,24,80,74,98,43,63,100
red,110,13,41,133,74,151,125,124,106,66
red,22,58,143,106,66,0,134,109,51,5
blue,150,13,1,116,4,31,87,33,106,70
blue,102,134,1,109,111,151,13,56,51,70
red,39,54,69,51,53,31,134,55,29,148
blue,35,60,56,24,100,0,38,19,136,5
blue,112,58,150,51,99,35,145,140,129,74
blue,144,60,3,51,128,35,133,33,24,100
blue,35,107,89,51,99,102,28,150,143,82
blue,31,58,143,116,45,74,142,125,51,108
blue,0,75,56,136,139,101,97,155,49,160
blue,37,40,143,29,53,103,79,131,76,45
red,107,37,131,76,45,0,65,124,138,108
blue,120,40,154,49,12,101,26,131,129,14
blue,72,30,91,76,53,78,111,131,50,82
blue,35,102,121,85,118,67,13,131,49,153
blue,152,98,155,76,119,149,84,121,8,158
blue,72,154,49,109,45,88,61,131,76,153
blue,110,38,89,120,70,101,26,131,17,79
blue,22,154,152,29,90,39,60,131,49,120
red,0,124,131,50,128,90,38,1,17,79
red,74,134,131,24,70,22,30,11,49,14
red,110,38,157,76,111,55,40,56,17,148
blue,83,58,155,17,128,34,26,1,29,80
red,72,38,144,85,118,39,28,131,129,93
red,101,113,155,51,70,103,28,151,116,128
red,31,60,55,76,45,151,75,159,63,70
blue,114,98,26,116,119,151,65,56,106,74
blue,20,98,109,116,70,121,61,143,51,82
red,91,54,151,49,96,41,23,150,52,119
blue,0,87,136,147,96,127,102,109,106,5
red,114,102,137,29,53,0,65,94,1,80
red,97,86,10,69,80,101,102,89,106,46
blue,18,102,155,49,153,31,75,151,106,82
red,113,142,140,24,93,31,102,1,49,82
red,78,102,33,85,53,22,28,150,54,45
blue,144,102,73,29,15,115,65,120,24,5
red,37,102,151,109,119,110,141,89,137,148
red,112,102,2,119,71,35,125,132,24,100
red,35,102,64,76,70,31,23,155,9,53
blue,90,102,2,1,45,3,61,33,50,93
blue,114,102,89,129,1,34,40,143,17,93
blue,103,124,129,109,158,34,60,71,106,80
blue,103,125,55,52,100,158,38,143,133,45
blue,0,38,138,9,12,53,91,55,52,82
blue,81,130,144,109,12,78,40,150,29,45
blue,125,65,105,49,9,103,67,0,76,108
red,103,27,151,85,119,36,61,132,38,66
blue,62,65,55,129,99,2,38,144,51,45
blue,72,58,59,133,128,3,142,143,50,100
blue,31,58,105,9,119,48,65,109,24,66
red,47,84,94,51,139,115,38,138,24,109
blue,47,38,33,69,70,101,58,104,76,80
red,2,134,1,51,93,127,38,69,24,128
red,0,54,129,51,93,127,40,151,133,100
blue,22,61,1,137,70,31,40,83,24,14
blue,103,104,151,106,16,31,38,94,129,99
red,107,65,122,8,93,42,46,19,116,53
red,151,61,71,24,126,0,38,56,76,82
red,101,142,54,8,118,81,65,143,133,70
red,19,98,129,71,119,113,40,23,17,9
blue,110,58,57,9,74,101,84,155,63,99
red,74,154,3,156,119,34,142,26,24,153
red,103,37,144,17,71,0,38,3,51,93
red,31,130,144,133,70,2,74,35,51,45
red,46,65,68,137,109,90,149,83,17,128
blue,35,65,83,24,128,90,149,143,17,33
blue,18,134,120,76,82,151,26,143,17,79
red,47,65,56,116,93,114,38,89,133,96
red,134,46,26,147,96,110,30,94,51,82
blue,31,30,140,29,12,18,65,55,1,9
red,81,75,132,51,118,22,141,11,29,9
blue,20,58,159,76,5,152,104,140,129,128
red,74,54,150,129,96,145,60,89,51,158
blue,77,30,121,51,100,123,65,122,76,9
blue,2,65,33,49,46,0,130,32,51,82
blue,43,74,109,106,33,112,134,2,76,93
red,134,91,23,116,9,34,61,71,17,12
red,39,61,64,51,74,112,38,56,17,100
blue,74,98,159,29,14,77,58,59,24,93
red,97,44,125,50,16,35,145,59,137,14
blue,42,38,1,29,74,112,40,121,49,93
red,22,61,7,49,124,47,79,1,29,108
blue,90,154,1,76,82,104,65,155,51,5
blue,110,26,33,49,82,90,104,136,137,109
blue,0,97,150,19,4,151,104,53,51,82
blue,25,61,125,106,5,123,104,43,49,71
red,88,54,104,133,70,34,141,144,106,14
blue,0,86,104,49,3,59,38,159,106,82
red,59,65,155,116,53,112,51,104,23,93
blue,72,38,94,49,148,48,130,104,24,14
blue,112,38,140,8,128,95,74,157,136,118
blue,0,61,10,109,128,22,54,151,85,118
red,103,40,121,51,120,22,142,64,24,71
red,114,61,120,156,53,152,38,54,116,153
blue,152,23,133,106,93,0,26,69,51,5
blue,22,38,132,51,5,88,107,11,76,110
red,78,141,89,8,128,74,61,33,9,100
blue,102,23,150,8,121,145,61,151,136,109
red,101,107,124,76,18,25,58,144,51,45
red,47,26,151,120,82,37,54,129,76,100
blue,110,134,59,49,128,18,60,151,157,71
red,22,102,121,17,139,0,141,1,76,53
blue,134,92,1,49,80,84,77,59,106,74
red,62,155,124,52,82,3,142,120,8,45
blue,74,67,43,147,111,123,58,120,17,45
blue,34,86,136,76,153,0,84,56,69,80
red,112,154,143,17,70,0,26,38,129,110
red,22,47,121,17,124,0,28,140,9,82
blue,110,61,144,51,14,31,58,121,106,93
red,152,60,1,106,82,22,61,56,76,74
blue,88,26,124,49,74,31,38,1,109,160
red,0,65,6,8,45,90,102,64,17,100
red,113,86,125,122,108,18,65,26,109,70
red,31,124,151,29,79,22,26,43,49,139
blue,127,154,105,136,18,31,130,11,133,148
blue,112,61,32,17,119,145,124,18,133,70
red,151,46,23,133,160,31,134,143,51,128
blue,127,60,23,17,70,90,86,1,133,14
red,102,60,33,51,70,0,87,143,24,45
blue,20,67,0,51,160,31,102,143,129,44
red,0,26,143,129,74,31,102,140,116,9
blue,110,65,143,24,14,114,61,121,106,5
blue,90,125,55,29,70,0,13,143,17,79
red,3,65,150,157,5,151,13,2,17,74
blue,0,60,143,51,45,151,38,2,136,9
blue,31,39,2,137,93,47,65,155,51,140
blue,74,133,26,69,160,31,61,105,24,128
blue,38,26,71,29,153,114,141,151,106,158
blue,107,38,73,129,71,47,40,34,116,153
blue,107,155,19,24,45,74,77,11,49,108
red,0,125,64,69,12,101,26,21,49,99
blue,48,26,155,51,100,103,65,68,120,119
red,11,107,131,29,126,43,65,1,24,53
red,48,38,120,8,121,0,28,3,108,148
blue,110,86,158,147,1,0,13,143,51,160
red,72,60,143,17,71,42,74,104,76,148
red,115,27,38,136,82,22,77,23,109,5
red,110,102,56,133,153,90,60,55,9,109
blue,36,111,143,76,153,136,38,150,51,154
red,18,27,43,116,119,146,28,159,76,5
red,0,111,143,136,70,88,38,56,116,120
blue,90,75,132,50,53,22,98,124,9,100
red,22,130,2,63,70,151,111,55,148,53
blue,72,60,124,51,128,91,30,132,150,45
blue,97,91,159,76,100,35,60,3,136,158
red,31,92,68,8,158,43,61,1,106,14
blue,115,111,56,129,79,35,98,89,29,9
blue,131,134,159,116,158,3,46,140,76,160
red,22,23,143,116,153,120,13,94,76,15
red,59,60,65,49,79,2,125,124,150,53
blue,72,60,1,9,141,62,77,120,49,153
blue,114,111,155,9,119,25,26,94,156,153
red,119,58,143,69,82,36,26,6,137,75
red,22,27,32,76,45,127,26,125,29,153
red,0,111,64,51,5,103,60,121,24,153
red,0,111,11,49,79,103,107,33,29,93
red,134,142,157,50,16,135,27,115,17,12
blue,90,60,157,17,100,74,38,56,29,14
red,34,27,110,157,145,95,46,26,51,100
blue,31,154,155,106,82,12,30,3,76,119
red,42,58,1,29,66,74,40,73,9,120
blue,112,65,1,9,45,103,61,91,108,148
red,78,142,19,133,80,74,61,121,106,128
red,31,27,109,51,5,144,141,61,29,82
blue,0,141,143,133,93,112,38,2,29,53
red,107,26,136,106,74,78,155,151,51,108
red,104,40,11,51,53,134,28,151,69,66
blue,22,84,56,49,4,112,134,143,51,15
red,34,38,71,8,53,74,155,2,29,160
blue,90,141,1,133,153,114,46,109,76,126
blue,110,88,143,17,158,103,38,56,9,74
blue,112,113,143,51,93,34,38,138,76,94
blue,110,13,143,76,128,41,61,33,17,108
blue,88,65,114,49,160,0,38,1,51,54
blue,134,77,19,118,96,35,142,121,9,4
blue,31,60,32,51,53,47,13,124,24,70
red,152,149,143,51,120,19,125,3,133,66
blue,152,146,124,150,99,103,149,68,29,118
red,72,38,159,24,80,18,154,124,76,109
red,101,113,68,133,70,59,13,132,76,93
red,95,23,131,51,93,2,38,124,133,70
blue,40,60,121,8,45,74,102,3,9,15
red,110,58,143,51,108,103,65,124,76,5
red,74,26,89,51,158,110,98,124,136,100
blue,131,124,19,17,128,18,13,144,51,15
blue,110,13,143,29,153,90,155,159,51,148
red,101,13,139,52,79,0,5,144,76,140
blue,31,74,140,50,109,0,13,53,129,128
red,103,124,91,52,126,72,65,2,17,158
red,35,13,11,76,153,155,20,132,17,53
red,103,61,124,133,70,78,27,94,136,153
red,65,13,124,106,82,110,145,121,51,80
blue,31,54,19,76,99,144,142,68,49,153
red,112,87,124,24,93,18,145,19,17,109
blue,77,13,11,24,100,104,60,19,76,82
red,36,91,19,51,133,22,61,64,52,66
red,18,97,159,76,80,31,13,19,29,96
blue,36,102,68,76,45,0,40,19,106,128
red,0,23,150,76,158,72,58,71,51,53
blue,19,38,140,17,119,110,60,83,106,82
blue,25,54,19,133,158,18,134,138,51,80
red,112,67,151,8,82,101,54,19,52,128
red,151,130,19,24,93,152,40,121,106,5
red,2,142,64,106,82,47,38,19,17,79
blue,18,40,121,116,45,0,38,144,109,158
blue,90,142,150,29,148,59,38,125,136,14
blue,88,54,43,49,108,72,84,3,116,53
blue,7,65,6,85,108,43,88,32,76,99
red,3,40,33,17,82,119,134,64,147,66
red,144,86,143,24,128,36,46,53,17,109
red,158,98,74,76,53,78,28,131,29,9
red,36,26,121,133,96,0,65,64,63,53
red,0,58,121,134,12,78,130,151,76,53
blue,74,28,104,137,96,90,38,6,8,53
blue,47,75,121,24,119,0,107,1,29,53
blue,104,65,64,17,12,127,102,43,49,119
blue,112,38,19,49,66,91,98,132,133,70
red,78,98,143,76,66,22,111,1,51,18
blue,92,60,121,51,80,0,13,2,76,53
red,48,26,121,129,45,92,149,2,85,153
red,92,38,121,51,96,110,124,90,17,45
red,90,28,101,50,100,39,40,33,17,96
red,78,77,1,17,71,92,149,33,9,53
red,92,130,140,8,158,127,60,120,50,82
blue,92,38,1,24,71,107,58,129,157,45
red,92,117,143,24,148,103,75,151,63,70
red,47,117,143,85,153,92,87,78,116,5
blue,72,60,3,54,128,43,67,121,51,9
red,0,46,144,51,12,92,142,121,76,66
blue,31,78,150,147,148,92,130,55,51,70
red,101,38,121,49,14,0,40,11,116,119
red,22,38,143,24,71,110,30,89,76,119
red,43,38,159,52,5,0,84,151,8,74
red,18,155,64,24,5,110,149,140,8,70
red,85,75,109,17,100,121,38,143,24,70
blue,6,38,144,29,16,0,28,125,24,53
blue,131,13,51,133,71,31,28,121,106,82
red,31,98,55,133,119,144,58,104,76,128
blue,18,98,57,17,66,146,130,140,24,53
red,90,84,155,17,128,78,38,56,24,80
red,135,84,151,133,128,48,58,55,51,82
blue,74,60,150,24,119,131,98,140,49,79
blue,91,97,121,24,158,0,27,144,116,82
blue,0,102,56,17,45,34,65,68,29,74
red,72,40,33,24,118,22,54,155,49,108
blue,35,54,125,133,53,110,134,121,129,5
blue,88,142,23,133,80,74,94,68,17,45
red,0,117,33,24,15,103,65,64,17,71
red,151,102,121,24,12,31,13,132,76,4
red,107,38,140,24,14,48,75,121,29,74
red,127,38,144,133,100,103,141,143,76,132
blue,112,58,55,150,20,107,98,124,76,15
red,107,130,3,17,74,81,61,1,24,100
blue,151,26,155,52,14,127,124,104,106,80
red,91,26,121,69,80,22,58,56,9,45
blue,115,38,7,76,128,37,130,11,24,12
blue,103,107,56,24,45,77,113,121,76,53
blue,91,61,94,76,148,47,113,104,24,82
blue,78,97,151,17,82,158,46,150,157,139
blue,39,98,64,17,82,112,67,43,133,53
blue,90,58,159,133,79,115,97,3,24,66
blue,123,40,155,17,45,151,84,73,24,153
blue,31,40,32,129,6,0,54,155,24,109
blue,0,58,159,29,153,88,23,150,106,5
red,22,142,121,106,5,74,58,140,147,119
blue,48,38,53,24,153,110,98,143,76,118
blue,31,26,155,71,153,36,97,124,156,119
red,35,38,56,24,99,72,28,143,76,79
blue,31,61,71,51,80,110,26,158,106,82
blue,42,98,1,51,5,18,40,33,109,71
red,123,38,1,54,9,35,65,120,17,71
blue,90,149,121,137,100,31,134,19,76,80
blue,150,37,122,51,82,101,38,121,29,12
blue,103,38,23,76,93,101,58,132,51,74
red,46,27,64,133,153,110,107,151,51,9
blue,18,87,144,51,12,34,65,124,29,128
red,47,54,151,51,119,18,124,94,156,153
red,107,58,71,17,45,48,155,143,51,100
blue,0,38,144,76,123,114,65,143,49,160
blue,131,26,125,29,15,90,13,121,51,53
red,88,65,71,29,128,107,146,150,51,99
red,152,130,155,29,124,151,38,6,51,128
blue,0,40,10,17,70,92,98,121,51,128
blue,131,30,151,106,5,74,61,157,51,93
red,78,141,2,116,45,127,58,151,51,46
red,145,58,19,49,45,107,130,78,51,70
red,22,125,68,29,12,110,65,6,8,45
blue,47,58,133,51,82,78,141,11,8,79
blue,35,154,33,8,139,110,61,140,9,119
blue,97,130,159,51,128,39,40,33,8,54
blue,38,154,155,8,80,0,13,132,136,82
blue,62,58,143,49,14,22,60,19,8,82
blue,145,134,89,63,70,18,27,121,8,74
red,47,145,71,29,109,112,65,89,51,45
red,42,54,140,51,93,101,84,150,49,80
red,37,13,41,63,128,74,40,33,51,5
blue,117,142,56,136,82,31,38,64,51,128
blue,22,65,73,51,119,0,58,20,49,160
blue,107,124,102,116,9,110,38,21,51,5
blue,134,38,11,76,41,112,23,120,29,100
red,103,30,94,51,96,115,40,37,8,100
red,74,13,33,133,82,115,149,120,8,70
blue,107,155,121,8,119,18,77,11,51,45
blue,74,75,2,17,9,114,125,144,76,45
blue,37,75,129,17,66,0,27,43,76,160
red,18,75,23,51,158,95,60,56,76,82
red,22,75,120,49,53,135,26,151,133,70
red,72,75,138,50,70,101,38,37,17,12
red,151,40,121,133,119,144,38,155,76,53
blue,25,75,64,41,74,78,40,129,116,5
blue,22,134,144,49,153,62,54,33,51,5
blue,62,149,140,76,70,35,111,1,49,128
red,72,38,143,150,128,62,98,138,106,96
red,62,91,33,49,108,22,134,1,76,53
blue,62,98,32,69,108,90,58,144,51,27
blue,22,92,1,136,45,62,130,140,17,119
red,144,37,62,50,45,78,154,0,29,53
blue,62,23,64,129,66,18,26,3,109,108
blue,18,38,109,49,82,62,133,19,52,108
blue,62,154,151,76,5,18,113,140,51,99
blue,134,30,151,8,53,62,60,121,9,118
blue,62,38,140,76,118,101,107,139,156,153
blue,62,46,121,17,109,47,38,143,76,100
blue,90,125,124,49,82,62,61,41,17,45
blue,3,26,151,136,53,92,23,140,17,71
red,46,38,64,51,45,59,141,151,136,5
red,101,38,10,51,14,78,133,138,109,0
red,18,94,10,76,118,81,26,129,29,153
red,0,38,143,9,70,31,84,121,76,108
red,20,102,26,50,153,142,133,6,24,160
red,22,60,138,76,71,20,61,143,17,119
blue,47,26,121,51,126,20,133,122,24,100
red,91,130,26,116,53,146,134,68,29,71
red,47,124,48,136,45,77,97,0,69,15
red,103,30,33,29,14,2,98,122,51,96
red,20,87,71,29,53,25,61,94,9,160
blue,103,61,105,147,96,78,60,143,76,74
blue,31,107,26,49,109,22,30,121,9,128
blue,131,26,143,133,14,151,38,53,76,74
red,37,104,155,51,93,0,38,26,76,82
blue,78,13,151,85,45,22,27,155,76,96
red,18,130,1,51,108,62,142,140,9,53
red,117,38,19,9,119,34,67,89,106,153
red,110,22,33,76,93,39,26,155,9,100
red,88,38,159,17,74,48,65,7,51,100
blue,151,98,144,116,80,103,58,89,17,71
red,90,78,151,76,128,144,40,94,106,100
blue,101,142,120,49,119,88,58,89,76,80
blue,146,38,11,17,93,90,124,55,116,158
red,127,67,116,24,158,0,97,140,76,14
red,114,38,150,29,93,151,67,155,133,118
red,115,38,125,157,96,43,28,7,50,70
red,103,154,104,49,148,91,30,121,29,118
red,31,65,144,49,82,101,74,64,76,139
red,121,102,101,29,153,127,38,59,76,5
blue,34,124,101,133,74,127,38,121,116,93
red,107,88,19,116,53,152,113,1,85,120
blue,43,46,120,51,70,65,38,121,133,45
blue,31,65,2,17,128,131,40,55,133,153
red,115,142,73,49,53,0,65,21,17,148
red,18,13,2,29,66,3,58,143,137,5
red,127,65,143,9,119,78,60,55,76,74
red,3,154,150,29,37,18,60,144,76,99
red,123,38,122,49,153,48,26,11,63,74
red,152,38,104,29,4,110,133,143,106,74
blue,42,40,121,133,123,77,38,1,63,70
blue,115,26,71,156,97,114,61,43,157,82
red,0,23,140,9,15,103,145,32,76,80
red,154,30,69,29,93,117,65,143,156,74
blue,121,130,43,52,74,0,54,155,106,66
red,127,46,137,49,70,0,58,140,76,160
blue,78,87,94,116,71,0,142,143,106,93
blue,144,38,55,137,45,114,65,155,157,12
red,18,65,35,157,119,43,87,59,24,53
red,0,23,64,106,93,127,155,43,17,53
red,112,74,109,9,79,152,134,41,8,118
red,20,141,74,29,119,110,98,56,17,45
blue,90,23,69,137,70,135,30,55,106,5
blue,34,44,151,63,70,31,46,104,24,71
red,145,26,68,51,93,38,154,148,76,74
red,107,46,124,8,53,104,65,157,76,45
blue,135,111,94,9,99,22,97,143,106,118
blue,22,23,121,8,118,0,65,109,76,100
blue,22,38,127,132,118,90,141,159,49,123
red,22,102,121,8,79,110,97,2,9,128
blue,3,130,143,106,70,34,149,7,49,109
blue,112,75,53,24,70,47,142,143,129,100
blue,22,133,19,129,74,0,38,159,17,79
blue,101,77,143,76,160,22,38,104,51,66
red,22,38,32,51,45,90,124,23,69,80
blue,22,26,140,85,45,78,46,150,129,70
red,22,58,151,9,160,113,38,101,29,153
red,22,38,55,50,149,43,27,105,51,5
red,134,38,151,116,82,22,75,120,76,70
blue,146,58,11,50,153,22,142,159,106,5
blue,74,75,122,69,79,0,107,2,147,96
red,22,65,139,17,128,7,30,155,76,5
red,22,27,125,17,109,90,13,155,51,82
red,90,40,157,106,82,43,98,121,137,70
red,46,38,104,76,64,90,67,86,17,108
red,90,58,159,137,45,115,40,121,133,153
blue,131,23,150,106,100,90,38,151,51,128
blue,115,28,124,116,160,90,54,23,76,99
blue,131,67,140,133,100,152,155,1,29,108
red,47,65,157,69,80,101,134,140,76,119
red,35,87,33,51,100,0,40,32,17,119
blue,58,98,41,129,99,0,104,1,29,96
blue,0,67,136,106,66,47,134,155,51,123
blue,74,107,43,133,119,22,27,158,24,45
blue,107,26,3,51,109,74,84,43,17,70
red,74,58,121,17,45,0,102,137,129,53
red,137,67,136,9,45,18,61,151,76,66
red,47,23,155,49,82,101,84,121,76,80
red,83,98,33,76,5,131,142,7,52,53
blue,90,28,91,76,93,22,88,124,9,82
red,151,65,121,17,71,0,38,78,76,5
red,150,134,143,129,128,22,38,26,49,45
red,90,61,159,9,70,68,134,7,17,119
blue,131,134,143,106,100,34,84,89,17,71
red,2,60,32,147,128,65,23,107,51,93
blue,110,97,121,17,45,0,40,32,76,126
red,22,111,150,76,96,31,58,23,29,9
blue,2,98,155,49,108,0,84,94,69,45
red,7,61,120,129,5,114,134,55,69,16
red,78,58,2,85,53,43,28,144,24,82
red,107,102,83,133,96,103,84,121,29,9
blue,31,60,56,106,100,22,111,144,49,9
red,46,154,121,150,45,101,30,2,17,93
blue,18,154,56,76,82,72,23,155,150,70
red,77,26,129,54,66,0,28,41,147,12
blue,0,77,2,129,9,18,38,69,157,159
blue,22,145,55,17,5,112,46,11,49,96
red,101,65,122,51,82,0,60,79,147,96
red,18,145,140,49,123,144,141,151,136,4
red,55,130,95,8,96,127,38,83,49,108
red,47,38,83,24,46,35,26,143,133,70
blue,72,134,157,106,74,47,130,124,133,70
blue,112,38,143,69,18,37,58,157,106,82
blue,0,67,155,17,128,18,102,140,106,45
blue,47,38,140,9,53,74,75,2,133,153
blue,81,155,121,24,119,31,107,157,9,53
blue,0,13,1,29,119,114,38,140,122,110
red,18,124,55,29,96,0,38,11,109,93
blue,22,54,155,110,108,74,38,124,24,70
red,35,142,89,51,45,110,65,143,49,153
blue,90,58,41,133,45,36,23,151,24,82
red,25,125,26,24,100,34,60,6,17,118
red,31,102,83,24,100,78,94,55,76,74
red,127,38,144,24,45,102,107,19,9,109
red,62,77,1,8,93,22,38,157,129,100
red,62,26,121,29,96,47,125,19,147,93
red,62,38,143,29,45,0,154,64,116,93
red,115,23,143,129,93,3,38,41,51,96
blue,0,78,144,76,93,127,26,155,51,92
blue,47,87,94,24,119,37,38,121,29,100
red,103,98,56,29,45,59,40,151,76,153
blue,90,98,138,9,119,0,58,33,29,96
blue,127,58,26,24,82,0,134,155,29,74
red,88,58,143,17,70,0,98,71,49,139
blue,35,5,94,116,53,0,13,15,133,70
blue,110,23,151,29,9,144,5,121,51,82
blue,0,94,11,29,66,74,26,129,51,93
blue,0,155,73,51,160,74,98,143,85,126
red,103,60,19,51,153,0,38,151,50,158
red,47,145,143,29,158,103,38,132,24,82
red,110,38,11,63,70,114,60,138,29,153
red,123,130,26,24,82,104,23,150,76,79
red,18,38,26,49,15,123,134,143,133,119
blue,90,58,11,17,128,74,102,121,8,70
red,151,58,143,76,153,47,149,129,19,14
red,0,87,121,49,45,117,30,48,51,153
red,74,65,143,137,16,127,40,2,17,108
blue,36,40,143,29,100,127,30,77,8,128
blue,0,142,32,24,79,43,38,104,29,124
blue,103,46,138,116,12,22,38,121,17,9
red,90,54,143,69,128,0,30,55,29,118
blue,34,145,32,106,121,110,154,71,69,153
red,22,125,56,17,153,115,84,155,51,45
red,19,38,114,9,119,127,87,3,49,109
blue,78,60,83,76,100,92,26,124,69,82
red,0,142,157,9,126,18,124,32,24,16
blue,78,26,151,17,118,0,61,143,85,109
blue,31,38,121,76,66,90,60,144,50,82
red,62,61,121,17,82,88,65,143,9,148
red,62,141,2,51,14,134,113,1,69,82
red,0,38,144,29,118,31,87,53,8,45
red,0,26,104,76,126,103,38,32,133,12
red,22,26,120,51,96,95,40,68,106,66
red,22,26,56,129,5,42,141,124,51,93
red,18,88,33,51,100,34,149,121,76,45
red,22,84,155,24,82,0,98,23,8,4
blue,18,61,1,17,71,78,38,150,51,14
red,18,38,144,129,53,114,40,105,76,12
blue,127,113,121,76,100,31,40,140,43,108
red,151,60,159,76,45,110,40,133,17,160
blue,36,54,94,29,45,0,84,64,133,70
red,115,60,120,69,160,7,38,43,1,108
blue,78,141,89,76,93,57,38,43,138,108
red,0,60,68,51,82,144,75,150,136,124
red,18,154,150,29,79,43,61,35,157,128
blue,131,61,159,29,5,107,28,68,133,74
blue,31,27,33,52,71,110,125,120,50,45
red,114,26,155,85,70,57,60,7,137,5
blue,48,30,89,51,139,0,60,2,137,9
blue,18,61,144,93,153,36,142,151,120,109
red,0,54,121,69,128,31,84,138,129,71
red,144,60,155,51,53,31,38,124,76,5
red,115,84,155,133,99,110,65,121,63,53
blue,107,40,33,106,16,35,67,91,29,80
blue,35,154,101,76,45,3,58,32,129,100
blue,81,28,2,120,108,110,13,32,85,45
blue,78,98,19,29,45,110,26,24,120,5
red,107,60,140,129,45,88,65,121,133,100
red,22,40,124,29,74,114,46,105,24,100
blue,110,23,33,76,108,101,124,125,51,82
red,72,60,56,29,100,47,27,125,121,66
red,35,27,132,24,99,47,65,121,17,79
blue,34,13,19,109,4,77,40,140,136,148
red,18,23,150,133,118,0,61,7,24,100
blue,0,77,33,8,160,123,61,143,51,100
red,110,60,159,106,14,36,78,33,17,79
blue,107,94,142,108,148,18,38,124,63,74
red,0,142,148,106,93,31,38,143,136,119
blue,0,40,132,138,118,78,98,120,106,128
red,37,60,56,129,96,95,154,87,133,128
red,47,154,125,76,82,112,134,140,51,128
blue,43,111,10,137,82,0,87,151,119,128
red,101,40,106,1,128,103,54,62,29,80
red,0,146,32,9,128,36,60,89,129,80
blue,131,58,26,29,153,110,124,2,9,45
blue,25,28,150,51,128,92,38,55,129,80
blue,78,88,150,17,82,103,23,151,51,128
blue,0,37,125,109,96,78,141,140,17,128
red,59,40,3,17,45,110,58,56,136,128
blue,0,40,64,133,128,43,98,144,49,12
red,114,13,124,76,128,91,44,120,50,70
blue,112,13,76,116,128,31,54,73,69,93
blue,110,67,151,51,128,57,75,121,49,45
blue,137,125,54,116,108,154,46,71,76,148
red,110,145,124,17,119,88,38,104,76,45
red,74,58,157,17,159,31,38,143,9,76
blue,90,60,33,8,15,0,23,56,17,45
red,18,38,3,63,70,78,141,121,76,45
blue,90,98,121,133,45,151,84,124,51,82
blue,59,86,7,116,118,47,38,1,9,53
red,18,38,11,50,4,103,86,71,29,66
blue,90,26,94,51,82,78,58,129,50,100
blue,113,74,119,116,123,72,67,94,129,81
red,103,134,2,52,82,78,26,81,106,14
red,72,23,150,29,82,94,77,120,129,12
blue,78,61,144,106,5,74,86,109,85,53
red,74,58,120,76,128,67,86,143,24,100
blue,0,58,151,133,45,114,125,155,51,109
red,114,65,10,51,93,81,60,53,147,109
blue,31,134,114,29,74,18,113,54,51,100
blue,18,54,33,133,70,114,124,129,17,71
red,114,77,121,24,74,78,154,125,136,70
blue,159,46,48,116,153,114,54,94,133,118
red,114,26,24,49,139,0,54,69,17,71
red,114,38,90,143,108,22,134,157,76,4
blue,114,149,1,49,148,113,60,159,137,9
red,121,98,57,17,128,81,61,56,76,5
red,22,44,125,136,5,37,40,1,29,119
red,31,104,94,133,126,47,60,71,147,118
blue,19,46,1,9,66,31,87,26,52,128
red,0,60,7,51,160,42,46,120,29,93
red,114,46,3,116,109,115,38,7,137,119
blue,113,67,3,24,74,78,58,151,109,93
red,134,84,119,9,53,31,38,33,54,128
red,101,40,68,50,119,103,134,159,51,45
blue,78,65,1,29,119,0,107,3,109,108
red,18,26,72,29,160,47,27,155,17,158
red,22,58,11,129,66,112,133,109,69,118
blue,110,134,94,9,119,127,13,89,17,12
blue,0,46,27,17,79,91,38,143,69,80
blue,78,124,155,51,100,90,60,121,133,148
red,2,40,33,76,16,18,60,19,29,66
red,74,98,151,109,118,0,26,1,29,108
blue,18,98,138,76,128,35,130,144,71,82
blue,88,107,11,24,5,35,98,26,17,70
red,144,26,150,24,119,155,54,101,157,108
red,43,98,64,51,119,144,77,150,76,53
blue,35,40,94,41,139,77,98,68,129,93
red,0,58,64,76,108,36,38,144,133,100
red,78,142,155,17,71,112,98,121,51,65
blue,22,38,1,29,96,112,75,140,24,12
blue,77,58,83,55,119,74,38,1,17,139
red,31,65,32,29,80,103,38,11,17,12
red,18,58,121,9,15,34,40,89,49,158
red,0,130,21,49,79,88,97,71,17,20
red,110,60,56,9,96,104,13,19,76,12
blue,47,154,71,116,120,107,58,104,51,70
red,31,60,144,76,148,47,46,56,138,126
red,43,54,3,85,153,110,98,124,49,128
red,31,61,64,51,154,115,91,11,29,139
blue,22,119,151,51,74,135,38,64,29,71
red,62,134,121,17,5,18,28,33,29,118
red,43,58,94,51,82,113,84,151,29,4
red,81,61,140,85,66,103,26,109,24,96
blue,158,134,157,106,5,22,38,109,51,153
blue,47,38,144,35,153,0,58,64,85,119
red,151,124,140,17,14,48,75,64,76,119
blue,31,58,155,49,71,47,111,121,51,14
blue,78,61,121,76,109,112,38,55,116,153
blue,91,87,148,133,158,115,142,109,76,71
red,112,98,159,51,108,18,65,55,63,66
blue,62,61,143,17,71,0,58,32,54,108
blue,43,113,1,137,128,88,61,159,156,108
blue,107,86,65,17,71,37,102,132,69,153
red,110,38,120,29,118,18,40,7,15,45
red,102,23,110,17,15,34,26,107,9,5
red,35,26,104,133,79,150,58,33,29,9
red,0,23,94,129,100,104,40,121,17,5
red,34,88,55,9,12,127,65,143,136,79
red,31,130,23,133,70,88,145,121,49,15
blue,0,23,155,24,53,36,26,151,49,89
red,20,145,151,29,53,22,28,155,52,108
blue,31,81,11,51,66,74,86,121,137,80
blue,81,65,2,51,53,0,91,1,49,148
red,90,38,121,29,130,31,142,105,133,108
red,31,130,121,24,100,127,40,2,116,53
blue,31,155,1,76,9,22,65,10,17,99
blue,36,28,150,51,100,31,26,94,69,153
blue,131,23,143,49,9,31,38,55,137,45
red,22,46,56,71,109,62,141,89,49,53
blue,78,23,150,29,5,101,84,151,24,128
red,47,67,136,49,108,31,124,150,63,99
blue,36,30,132,17,53,78,61,64,133,45
blue,101,27,149,63,79,0,111,143,109,70
red,31,67,109,9,4,90,154,32,116,14
red,115,13,55,24,119,31,86,144,50,118
red,31,149,56,106,66,152,75,155,137,153
red,31,61,140,136,15,0,84,143,106,74
red,31,30,81,85,119,136,78,125,106,158
red,136,65,2,76,120,22,28,155,116,70
red,3,30,144,106,4,31,111,55,8,109
blue,31,84,105,116,153,13,65,23,76,5
red,31,60,83,51,121,47,65,56,76,5
red,103,27,91,129,45,31,84,155,17,100
red,127,38,155,106,9,31,60,87,133,118
red,31,154,38,29,45,35,40,109,50,12
blue,114,54,35,147,100,145,28,110,49,82
red,31,28,94,50,93,18,38,104,76,96
blue,110,13,104,51,82,31,125,144,17,128
red,31,75,120,109,66,77,142,57,129,96
blue,131,111,121,129,96,31,30,132,108,9
red,115,61,121,157,153,31,142,2,123,108
red,31,67,34,112,108,0,30,121,49,96
red,31,23,143,123,108,47,58,155,137,74
red,57,61,121,106,5,31,60,1,24,100
red,31,61,159,69,45,18,58,121,49,100
red,62,47,120,133,96,107,46,143,24,82
red,151,141,144,51,82,150,60,143,24,80
red,22,111,55,51,96,0,58,1,50,14
red,22,26,144,24,9,90,134,109,76,82
red,22,44,143,137,5,31,146,122,9,153
blue,18,44,33,24,70,22,38,136,76,158
red,137,13,124,24,128,22,46,55,29,53
red,47,38,121,133,100,114,78,155,52,74
red,0,130,3,120,82,90,67,155,17,128
red,18,13,64,120,108,22,102,90,76,15
blue,75,38,2,85,66,22,60,151,120,12
red,144,124,91,51,45,112,37,150,151,128
blue,103,141,143,49,12,0,26,19,29,108
blue,95,60,1,24,25,3,26,53,29,14
red,22,154,155,24,80,2,40,83,76,119
red,110,13,87,137,158,31,38,2,9,100
red,150,65,151,49,83,53,87,33,76,111
red,112,65,81,147,108,131,102,143,17,83
red,31,26,155,76,100,146,98,136,147,118
red,101,65,32,133,126,114,26,155,49,160
blue,110,38,124,63,70,0,54,114,133,45
blue,20,38,37,76,160,78,154,19,136,4
red,110,60,159,50,100,0,46,105,136,70
red,121,130,71,69,100,0,102,94,120,108
red,36,38,1,147,92,77,65,139,129,153
blue,7,65,155,129,45,74,60,159,51,108
blue,31,26,155,76,128,0,67,24,49,83
blue,18,87,33,51,82,0,38,1,85,83
red,135,30,139,136,100,35,87,64,50,14
blue,42,154,148,50,108,22,28,26,8,123
blue,110,134,89,137,83,151,23,124,51,80
red,131,30,56,129,53,22,111,81,24,92
red,34,54,1,51,66,103,97,124,106,83
blue,0,97,11,24,5,90,94,23,51,83
blue,42,86,120,109,108,90,111,71,138,119
red,120,67,155,8,92,78,13,19,76,82
red,48,23,150,156,160,152,54,103,50,74
red,103,38,140,17,12,48,26,56,69,80
red,48,38,64,133,70,31,58,32,29,12
blue,107,26,136,29,108,120,134,55,24,93
blue,37,60,1,51,74,78,61,158,17,83
blue,78,38,55,17,70,0,61,32,76,5
blue,131,13,121,106,45,20,23,150,92,108
blue,74,27,43,24,126,88,58,1,137,70
red,35,60,1,133,118,31,141,34,50,158
red,74,30,63,106,93,81,75,143,51,112
red,0,61,56,108,15,62,13,89,83,20
red,110,61,56,83,73,37,86,33,106,70
blue,0,74,2,123,108,151,111,48,29,71
blue,115,28,121,51,66,112,61,56,76,92
blue,0,134,1,24,53,34,111,136,137,70
red,34,87,121,116,108,90,78,157,29,158
blue,56,60,151,106,74,62,30,55,69,70
red,107,154,37,51,83,110,38,133,19,33
blue,0,126,143,17,108,101,124,1,49,118
blue,67,65,64,76,118,47,13,159,51,83
blue,72,92,139,136,5,22,60,55,29,74
red,103,65,55,109,82,0,145,120,50,53
red,47,84,144,24,14,110,94,105,17,66
blue,22,30,158,24,119,34,38,89,76,153
red,103,98,19,133,100,110,130,143,17,119
red,0,13,140,8,74,34,77,159,49,53
blue,110,155,121,29,111,31,26,91,51,14
red,34,102,2,51,82,35,61,122,29,111
blue,22,142,104,49,111,110,91,23,17,70
blue,107,13,55,29,119,34,75,151,54,5
blue,110,38,2,150,108,151,28,121,51,99
blue,127,110,19,76,45,34,134,11,17,119
blue,48,65,73,76,80,31,28,120,17,148
red,83,38,143,9,45,114,58,140,50,118
red,83,98,144,136,128,36,26,151,76,4
blue,83,58,155,136,153,90,46,144,50,5
blue,22,154,150,76,45,20,38,151,83,99
red,0,61,144,116,45,31,54,91,8,118
blue,0,74,122,49,99,90,38,143,76,71
red,37,38,151,76,157,22,23,120,29,118
blue,103,26,89,17,9,78,155,33,76,14
red,0,124,120,9,109,22,38,73,76,5
blue,48,40,143,116,70,115,38,26,17,118
red,78,98,121,133,96,137,124,115,76,45
blue,131,142,2,51,80,20,23,44,17,99
blue,74,26,125,69,16,47,130,121,133,80
red,48,23,121,76,80,107,38,122,116,160
red,0,107,121,116,45,110,65,124,51,14
red,18,38,33,29,45,36,46,143,49,9
red,117,142,1,156,112,121,44,109,116,96
blue,31,60,138,156,119,1,65,43,116,118
red,69,46,125,29,45,95,25,10,137,109
blue,0,75,121,116,70,114,117,158,51,74
blue,134,65,143,8,128,91,67,94,137,15
blue,78,141,132,106,74,88,60,89,51,157
red,7,61,43,85,119,47,149,132,109,99
red,20,142,11,9,148,145,13,2,29,70
blue,74,38,121,116,41,110,40,122,8,4
red,91,134,143,50,119,74,61,1,116,80
red,39,111,151,116,45,0,65,140,129,91
red,112,26,143,116,16,22,40,2,76,5
blue,112,54,2,51,108,127,46,43,17,53
red,22,154,32,29,100,74,5,38,51,99
blue,22,46,1,76,70,151,65,68,51,14
blue,31,87,104,15,41,103,28,101,137,82
blue,121,40,77,52,82,143,38,72,76,128
blue,92,84,1,29,53,48,154,150,17,5
blue,31,26,143,76,82,110,38,121,129,128
blue,113,30,151,106,5,95,26,103,133,128
blue,0,13,11,29,9,113,60,159,17,109
red,131,54,159,109,108,74,38,94,17,100
red,18,13,124,9,14,110,58,121,109,4
red,131,134,6,17,80,22,38,19,29,109
blue,127,46,121,50,128,25,38,56,76,109
blue,0,154,143,8,119,22,60,56,9,109
red,103,38,121,76,109,47,30,10,9,82
red,31,102,26,50,80,101,58,89,24,118
blue,90,75,140,109,118,104,38,132,51,108
blue,74,142,2,147,53,22,30,143,129,100
blue,88,23,150,49,109,22,30,104,76,100
blue,35,97,155,156,109,12,61,39,29,100
red,31,27,91,76,53,123,84,155,116,70
blue,31,154,2,24,158,48,67,91,17,79
blue,95,60,109,17,45,22,91,56,133,119
red,134,67,89,52,91,18,107,124,24,160
red,43,75,94,143,12,36,60,148,51,82
red,43,23,159,50,53,102,97,144,17,128
red,22,86,64,29,93,18,46,144,17,82
blue,110,61,138,51,153,35,65,56,9,16
blue,91,130,144,51,5,112,30,10,49,100
blue,137,65,71,49,82,91,141,139,9,5
red,31,154,124,24,90,131,130,143,52,99
blue,34,38,89,8,118,0,60,7,116,153
red,7,38,159,49,71,34,134,124,51,148
red,13,130,64,69,108,0,67,151,41,9
red,112,61,19,29,53,35,46,138,9,71
red,18,142,138,106,100,47,60,2,51,45
blue,78,40,33,76,70,152,141,1,156,153
red,74,65,64,85,15,104,91,43,29,153
red,48,98,121,85,153,31,27,56,9,16
red,110,27,125,17,119,112,60,59,136,158
blue,151,154,72,63,148,127,27,94,24,93
red,18,60,56,50,5,31,86,3,136,120
red,35,46,32,49,109,31,154,7,52,126
blue,18,61,140,51,66,114,40,26,76,5
blue,78,65,144,106,45,91,67,155,137,148
red,7,65,2,52,100,146,38,121,17,82
red,18,65,41,49,74,31,102,138,129,126
red,20,65,150,93,148,0,154,94,106,30
red,18,46,144,85,70,78,23,151,51,128
blue,127,65,93,9,126,107,134,1,49,119
red,131,30,43,106,139,145,102,53,50,148
blue,90,142,104,29,100,38,84,151,106,82
red,0,13,19,106,80,35,60,89,50,153
blue,43,26,89,24,5,112,102,121,49,109
red,78,40,144,129,119,150,13,53,116,153
red,31,40,2,129,14,103,28,125,76,45
blue,34,58,64,29,100,112,27,55,9,128
red,31,60,89,51,119,0,87,143,133,70
red,0,60,59,49,100,34,98,143,54,108
blue,18,30,38,29,45,112,102,68,49,119
red,90,60,11,69,5,62,102,56,29,71
red,11,28,31,147,119,55,134,127,51,12
red,18,38,1,76,139,47,84,157,156,158
blue,103,38,64,51,70,31,124,155,76,93
red,18,134,33,9,5,91,102,159,116,119
blue,114,38,150,52,14,31,98,121,76,119
blue,110,54,101,8,128,146,60,43,120,119
blue,112,38,1,49,148,7,13,19,51,119
red,131,58,144,51,119,151,124,56,85,99
blue,48,130,26,24,119,110,67,151,9,82
blue,0,134,56,17,79,110,5,1,116,119
red,110,130,104,29,119,35,87,23,8,66
blue,31,58,104,50,120,20,61,150,109,1
red,0,133,55,76,5,35,61,2,50,153
blue,0,38,55,138,119,90,58,143,76,9
blue,151,38,144,116,119,35,102,55,133,5
blue,47,54,155,49,71,48,26,143,17,124
red,22,61,155,157,119,0,102,71,133,124
red,0,111,129,76,124,144,87,55,8,9
blue,0,142,78,137,4,152,102,89,133,124
red,33,102,151,1,12,22,40,11,24,79
blue,88,60,56,54,45,103,149,120,106,124
red,90,60,64,133,80,110,155,143,76,82
red,90,61,91,76,71,135,142,26,129,124
blue,115,125,143,24,14,0,58,150,76,53
red,110,60,124,24,5,31,38,143,17,80
red,47,26,3,76,124,34,54,33,49,70
red,115,13,26,49,124,47,38,140,51,108
red,102,134,87,133,70,151,44,144,150,126
blue,0,124,55,129,126,22,28,56,76,5
blue,43,67,155,51,70,0,28,33,8,100
blue,43,74,140,133,41,47,38,34,17,124
red,91,40,139,49,111,101,58,56,51,100
red,72,141,34,133,70,43,13,64,129,108
red,144,38,1,24,14,88,75,89,133,70
blue,110,91,59,76,153,144,60,143,133,70
red,34,97,155,106,96,107,38,55,108,124
blue,31,98,64,147,108,3,38,23,129,124
red,90,26,101,76,5,48,27,104,150,108
red,88,26,140,17,70,127,75,143,137,14
blue,25,54,101,29,74,114,142,143,8,82
blue,135,54,151,133,74,31,23,121,29,153
red,151,107,23,51,120,115,102,104,85,96
red,47,154,143,51,128,101,40,120,24,5
red,35,134,3,136,158,47,125,64,50,74
red,110,67,155,29,45,47,40,35,8,124
blue,113,74,58,147,93,91,61,54,109,124
red,18,44,138,76,7,36,27,143,8,109
red,47,38,2,76,124,43,60,26,9,126
blue,22,142,155,17,124,62,26,89,29,53
blue,43,97,143,49,124,127,38,68,52,96
red,135,38,1,51,124,152,134,56,49,74
blue,22,61,144,76,82,74,130,143,17,118
blue,152,40,120,156,128,92,134,37,137,124
red,78,61,2,9,66,42,149,55,76,53
blue,107,60,43,76,12,101,61,122,51,100
blue,35,61,44,24,4,42,84,150,85,82
red,112,40,144,137,4,0,75,81,29,153
blue,151,75,144,29,45,114,134,64,51,93
red,0,30,144,17,71,78,75,151,51,160
blue,47,54,93,17,53,39,75,0,76,109
red,20,75,89,17,122,152,54,94,76,74
blue,38,75,159,29,66,43,134,7,49,82
blue,115,27,119,51,71,112,75,143,24,70
red,121,75,71,24,118,47,26,125,120,108
blue,78,107,155,51,70,67,75,1,76,128
blue,112,98,159,9,100,78,75,120,69,153
blue,74,154,124,9,53,22,75,121,133,80
red,62,75,2,51,128,18,60,144,17,71
red,37,113,94,147,96,59,58,23,17,108
blue,59,142,121,17,153,74,40,55,24,37
blue,151,65,2,49,5,47,38,33,17,79
red,34,154,91,76,41,101,141,138,17,74
red,115,38,11,150,123,34,97,148,51,96
blue,3,117,121,133,160,77,102,120,76,123
blue,151,61,121,129,126,22,40,11,29,153
red,74,125,157,17,66,35,142,140,133,160
red,107,125,121,17,12,36,87,141,51,5
red,72,141,56,49,100,0,98,7,29,118
red,22,26,20,29,158,103,125,124,50,70
blue,31,28,125,147,96,103,98,89,52,126
red,72,38,26,137,1,25,13,143,76,5
blue,31,141,10,129,108,114,58,32,29,109
blue,107,38,15,51,158,110,65,2,122,108
red,57,65,143,51,12,31,13,71,17,91
red,37,65,143,51,153,113,75,129,29,53
red,91,134,73,76,9,0,38,26,133,45
blue,34,23,140,51,12,95,28,56,106,66
blue,62,60,2,133,70,31,28,150,9,14
red,117,111,144,51,99,151,61,121,29,9
red,22,86,143,24,100,101,26,148,51,14
red,127,23,140,29,9,74,124,38,51,93
red,112,23,35,147,12,90,87,121,24,66
blue,151,60,6,49,5,0,58,121,116,148
red,22,87,68,29,71,18,92,41,50,148
blue,107,67,140,70,9,95,23,150,133,53
blue,0,65,71,17,120,88,86,109,133,14
blue,110,40,81,51,93,103,30,119,85,66
red,74,125,159,49,148,110,154,94,17,109
red,90,134,2,49,148,131,67,132,156,100
red,90,134,93,63,15,112,38,33,106,128
red,72,38,26,51,148,131,88,138,116,119
blue,0,26,125,106,153,90,23,150,76,5
red,43,130,55,29,93,146,125,143,69,153
blue,74,84,150,137,12,110,46,56,51,5
blue,110,40,124,157,80,0,58,159,116,109
blue,110,40,55,51,5,0,54,150,17,45
red,110,40,159,51,14,62,65,144,69,108
blue,110,40,120,129,153,0,141,150,76,5
red,37,61,6,76,14,101,84,2,156,79
red,42,60,55,17,53,110,87,139,9,16
blue,145,146,2,51,82,34,60,121,137,128
red,110,98,159,106,83,39,27,43,133,45
red,77,113,124,50,15,90,38,35,54,128
blue,0,65,122,24,82,110,145,1,49,119
blue,0,38,33,29,79,110,84,122,76,128
red,110,65,23,17,71,101,60,30,137,53
red,110,26,11,49,160,47,141,71,106,4
blue,31,40,2,51,128,59,58,151,29,54
red,90,44,151,29,108,35,61,34,71,153
red,37,38,94,24,74,127,28,155,17,16
red,107,13,157,24,128,72,65,6,52,53
blue,72,149,64,17,93,41,58,3,76,128
red,127,60,121,76,53,74,65,144,17,128
red,34,40,90,133,100,42,38,144,129,53
red,62,111,138,29,153,151,61,159,157,9
blue,110,40,122,51,66,20,130,132,133,153
blue,151,134,121,133,153,31,30,54,50,5
blue,152,91,71,54,118,151,155,121,129,99
blue,74,97,11,29,82,6,75,119,51,126
blue,48,46,159,24,148,31,26,71,129,93
blue,36,46,2,51,14,34,65,121,129,93
blue,102,84,129,76,74,31,38,56,8,128
blue,22,74,121,29,12,112,113,104,109,108
red,72,26,11,24,14,135,38,10,29,82
red,72,61,122,136,70,135,13,124,51,82
red,22,27,94,9,54,127,154,121,52,93
red,0,38,124,133,119,134,23,151,29,71
red,18,61,33,109,70,151,27,101,51,82
red,3,60,121,136,93,115,134,151,83,119
red,152,26,120,29,9,22,38,140,129,80
blue,20,60,109,106,120,135,39,2,43,70
red,101,44,3,29,108,37,26,21,116,14
blue,101,155,109,76,82,36,142,125,129,80
red,81,65,144,133,70,112,77,114,76,9
red,0,28,1,76,158,74,134,159,9,119
blue,149,46,144,29,93,154,98,155,136,70
red,41,107,132,129,71,101,54,124,29,53
red,43,38,21,29,99,31,40,150,17,71
red,127,134,101,76,93,123,28,155,116,74
blue,154,61,131,116,119,149,26,53,76,5
red,0,102,109,29,139,22,38,1,63,70
blue,115,125,122,29,82,46,94,1,106,110
red,37,65,121,17,45,22,40,143,29,53
red,34,67,33,29,53,103,13,140,51,93
blue,69,145,120,51,108,137,87,55,29,118
red,46,141,33,76,119,53,38,121,49,118
blue,137,102,121,29,100,74,38,56,76,53
blue,135,104,21,137,120,1,40,122,29,4
red,134,38,136,129,14,36,40,110,76,100
blue,0,61,11,133,93,137,38,64,76,109
blue,78,61,125,129,99,146,39,155,24,128
red,36,84,144,106,93,31,28,143,51,100
blue,36,141,64,29,80,37,13,89,85,119
blue,151,141,157,49,160,134,40,155,106,74
red,34,61,1,49,119,115,75,53,50,100
blue,48,142,56,29,82,34,86,19,24,99
red,48,91,1,50,70,22,65,56,69,45
red,101,38,140,17,128,145,23,150,116,79
blue,91,58,1,76,70,43,127,19,51,93
red,88,61,3,17,74,48,30,11,136,109
red,91,38,26,9,37,72,61,124,29,126
blue,0,38,19,17,4,35,124,121,24,45
blue,151,38,71,129,45,34,46,19,76,82
blue,31,60,140,51,100,103,58,121,129,93
blue,144,60,43,49,119,47,61,55,76,70
blue,48,61,1,8,16,0,60,144,106,100
red,31,142,19,76,93,48,141,144,51,100
red,18,134,125,9,100,25,27,7,147,96
red,150,38,121,129,66,101,61,56,93,15
red,95,65,2,51,53,31,58,144,9,70
red,151,61,144,29,119,22,145,132,76,93
blue,103,60,2,50,100,31,26,94,76,93
red,48,98,143,133,53,110,61,120,51,96
red,143,142,41,133,100,34,60,32,17,45
blue,7,46,121,76,74,34,38,143,51,112
blue,18,26,55,106,128,31,38,125,127,153
blue,39,38,143,24,70,2,65,159,29,118
red,95,38,143,129,80,43,94,148,156,70
red,48,13,124,51,74,0,38,121,29,53
red,115,38,143,51,93,31,40,2,24,70
blue,91,27,32,24,82,31,87,143,76,66
blue,12,30,151,29,82,127,13,143,9,41
red,78,142,143,76,160,0,94,11,17,71
red,114,58,143,133,153,91,28,120,76,80
red,31,133,43,156,70,22,146,150,129,80
blue,101,46,143,133,15,0,38,109,17,45
blue,31,107,140,29,53,115,111,125,49,160
red,101,60,2,9,79,48,142,143,17,108
blue,110,75,143,114,108,22,38,64,76,70
blue,43,124,49,71,93,103,27,143,76,128
blue,102,65,148,49,109,31,142,143,29,119
red,0,61,132,49,70,35,134,143,69,80
blue,37,111,143,51,66,2,26,91,8,45
blue,74,26,125,51,14,72,38,143,29,128
blue,88,154,23,76,100,22,38,73,29,119
red,48,13,143,76,74,0,98,11,106,120
blue,31,154,91,69,71,36,13,143,129,79
red,20,28,150,85,74,103,13,143,133,82
blue,2,134,43,17,108,31,141,21,137,100
blue,0,30,143,17,119,48,61,155,29,53
red,101,61,2,76,53,151,65,143,9,153
blue,48,91,143,49,119,131,86,1,133,41
red,103,44,94,24,74,0,98,143,17,1
blue,151,13,143,49,15,104,38,33,52,126
red,18,60,1,49,41,31,61,33,116,9
blue,36,30,140,29,96,18,86,23,51,82
red,47,154,33,116,128,31,27,1,50,108
red,92,142,48,51,53,103,65,159,49,45
blue,110,23,151,76,18,102,26,7,106,99
blue,31,61,124,17,158,115,30,41,29,80
blue,53,46,125,9,158,90,60,143,17,119
blue,31,54,41,76,119,53,38,144,29,82
blue,90,58,32,76,45,31,23,64,51,93
red,31,107,2,9,109,146,38,133,24,45
blue,31,28,38,24,15,74,65,144,29,70
blue,22,60,143,29,16,31,26,109,51,82
red,101,46,7,49,15,103,23,150,50,119
blue,22,75,64,29,45,62,149,121,51,82
blue,0,65,143,76,120,103,38,55,29,53
blue,31,30,33,106,74,146,104,94,24,37
red,48,65,1,157,74,90,54,110,50,70
red,0,38,64,17,71,22,130,32,29,139
red,110,23,150,51,82,22,125,104,9,12
red,25,40,121,51,82,0,134,124,106,66
blue,134,37,144,116,119,90,38,41,29,12
red,47,40,144,51,91,7,38,121,24,9
red,101,38,143,24,70,103,60,2,49,109
red,31,60,159,24,15,146,124,151,106,82
blue,37,58,56,24,153,110,130,21,76,14
blue,78,107,56,76,82,112,26,94,52,14
blue,115,30,56,76,80,0,26,122,24,74
red,0,149,19,8,4,151,124,2,106,93
red,84,133,120,24,100,137,67,125,51,70
red,0,26,109,133,70,151,86,143,49,119
blue,123,30,124,76,12,84,26,94,24,160
red,31,75,55,24,82,22,58,121,106,4
blue,34,142,72,52,110,0,92,56,24,66
red,19,88,109,24,82,35,155,124,106,4
blue,36,65,41,129,70,112,40,56,156,153
red,43,40,109,24,70,121,13,138,49,45
red,35,65,150,122,119,18,38,144,24,100
red,101,87,43,24,5,110,142,121,29,45
red,78,60,94,24,82,48,75,140,136,100
blue,35,74,6,76,71,31,38,144,24,93
red,47,30,56,51,153,36,58,121,133,91
red,123,125,140,49,53,22,107,151,148,100
blue,0,38,26,76,119,34,60,41,133,153
red,35,141,64,50,148,146,38,23,24,45
blue,34,149,143,49,128,48,40,109,76,148
blue,83,84,1,24,14,110,87,26,51,5
blue,34,87,151,9,121,90,38,33,24,79
red,0,91,64,76,74,39,98,32,69,45
blue,22,84,19,76,5,0,87,32,116,66
red,0,46,55,51,99,39,87,150,133,54
red,18,87,121,29,70,31,61,64,76,53
red,18,87,159,106,5,107,38,19,29,153
blue,47,54,129,51,91,113,97,87,138,45
red,90,87,7,85,4,103,141,23,150,79
blue,18,87,143,9,16,31,84,38,76,70
blue,18,40,91,24,82,42,87,43,51,153
blue,31,40,23,51,45,22,87,64,69,108
blue,103,97,120,49,148,0,87,26,76,45
blue,22,87,56,9,158,110,26,144,24,14
red,31,87,143,76,53,103,54,125,17,71
blue,107,87,3,24,5,43,154,89,17,71
red,0,38,21,15,80,74,87,56,85,96
red,127,23,7,8,70,90,87,1,76,16
blue,31,134,32,106,99,103,86,143,133,70
red,92,134,2,147,14,18,154,3,157,82
red,78,38,129,9,158,110,40,32,76,148
blue,25,154,151,133,93,88,60,144,51,82
red,18,13,143,24,121,31,58,140,49,5
blue,90,30,69,50,128,0,54,129,76,70
red,150,23,120,8,70,90,107,159,29,153
red,0,102,64,50,79,119,40,155,17,70
blue,2,65,150,76,119,90,61,143,49,70
red,42,98,124,17,118,22,38,104,106,66
red,115,155,33,24,66,110,145,32,76,128
blue,152,155,64,49,148,59,75,19,17,70
blue,18,125,132,109,5,0,46,32,69,45
red,47,38,1,24,5,39,77,143,49,66
red,0,65,71,29,66,18,141,140,49,93
blue,0,13,140,133,70,62,84,94,50,153
red,101,38,124,50,70,0,130,26,156,53
red,114,38,155,106,66,0,113,144,51,45
blue,43,142,114,50,153,36,92,19,137,70
blue,0,75,120,157,108,103,124,37,17,66
blue,152,77,21,51,45,110,113,139,76,70
blue,31,130,1,133,121,134,13,41,29,93
blue,114,102,71,150,123,62,58,72,133,53
blue,59,149,142,137,153,104,38,33,106,128
red,3,30,151,9,74,0,60,89,137,109
red,3,13,122,133,158,151,84,68,76,153
red,151,98,68,137,108,103,37,56,51,100
red,110,60,2,106,66,48,38,121,76,16
red,110,61,159,137,93,131,23,56,49,4
blue,110,38,64,137,80,18,13,33,109,108
red,144,98,2,76,109,110,94,132,129,45
red,42,113,124,76,45,159,104,91,51,4
blue,151,26,3,106,100,110,40,32,76,99
red,35,61,32,76,4,81,130,121,51,92
blue,18,58,121,29,53,0,141,143,129,128
red,112,58,132,9,109,110,38,143,133,158
blue,112,87,155,9,15,22,23,1,76,93
blue,18,142,132,63,53,103,28,151,9,45
red,0,77,132,9,99,47,38,119,17,45
red,34,26,124,156,153,103,98,119,69,53
blue,35,142,2,9,109,0,26,69,133,100
blue,107,125,143,116,45,25,38,104,9,14
blue,120,65,151,17,93,74,60,144,116,70
blue,34,30,140,17,100,37,60,6,129,128
blue,123,61,121,17,120,101,26,24,49,15
blue,42,27,138,17,128,36,46,143,49,53
blue,37,87,121,49,108,43,30,124,51,82
red,112,28,150,49,4,114,58,56,51,66
red,78,125,144,49,9,101,65,151,8,124
red,31,130,143,106,5,18,98,148,49,118
red,0,145,132,24,153,47,65,120,49,53
blue,145,26,158,17,82,67,27,3,49,12
red,121,27,155,8,5,20,46,151,49,70
red,103,111,32,106,5,31,102,143,49,99
red,22,40,19,49,80,72,38,51,17,109
blue,91,125,89,49,158,74,58,94,76,118
red,42,27,125,49,41,34,98,7,106,153
blue,37,91,138,49,74,0,44,144,29,45
blue,127,98,11,106,158,72,60,144,49,93
blue,112,26,94,49,93,38,23,73,150,5
red,31,37,89,49,80,2,38,1,129,119
red,114,38,144,76,109,146,58,1,49,14
blue,151,38,6,106,93,114,60,132,49,100
blue,31,154,121,24,119,112,141,94,49,16
blue,74,26,56,52,128,0,40,124,49,126
blue,74,38,41,49,93,88,142,122,29,118
red,74,60,33,51,153,103,38,2,49,9
blue,0,26,121,147,93,31,102,64,49,71
blue,59,65,154,133,96,104,91,76,93,119
red,31,26,7,17,65,123,125,56,49,16
red,144,61,33,17,14,123,13,2,116,70
blue,3,67,120,137,128,18,154,136,76,15
blue,77,91,143,50,60,110,130,18,51,14
blue,135,58,41,8,100,0,38,56,76,109
blue,145,38,26,49,66,78,25,56,24,82
blue,145,139,32,133,79,74,61,56,108,15
blue,145,65,56,29,100,110,27,125,76,45
blue,91,60,55,76,109,145,134,121,29,153
red,145,60,143,137,45,112,13,120,17,128
red,18,97,155,120,45,22,75,151,17,79
red,78,98,64,106,80,127,58,138,8,70
blue,43,60,153,106,160,18,130,64,76,74
red,72,27,155,76,119,47,65,32,29,37
blue,77,124,71,29,96,0,60,155,51,74
red,20,88,71,116,100,145,107,64,17,14
red,0,113,64,24,93,107,44,151,133,41
blue,145,38,151,49,41,110,84,158,24,70
blue,145,61,143,8,70,48,30,0,85,108
blue,115,61,56,17,70,135,91,64,50,4
red,13,141,121,129,82,34,40,120,50,70
red,18,98,56,51,14,31,86,120,85,128
blue,135,61,56,24,82,18,141,7,85,119
red,135,13,158,147,45,151,40,121,17,148
red,103,26,135,133,70,91,23,150,24,9
red,112,13,151,17,15,74,75,26,49,79
red,101,38,56,116,53,65,58,120,106,100
red,20,75,120,50,100,58,86,33,76,153
red,31,155,55,136,74,11,134,121,76,53
red,47,146,26,76,104,18,155,71,9,158
blue,90,46,120,76,45,78,38,20,24,5
blue,0,141,120,17,158,107,58,143,76,74
blue,78,46,3,50,70,77,92,120,76,5
blue,104,92,7,116,100,25,38,120,17,12
blue,59,60,64,116,128,0,77,55,9,45
red,48,75,120,24,5,151,38,56,85,1
red,101,26,143,51,108,31,58,120,24,96
red,18,102,120,137,53,42,40,143,50,0
blue,22,38,13,24,45,47,40,120,54,128
blue,34,98,121,24,82,22,74,56,8,66
blue,110,54,131,51,5,2,87,155,9,82
red,115,5,124,51,82,0,130,143,138,53
blue,145,54,151,137,128,110,117,6,106,82
blue,43,113,124,50,118,31,13,143,17,66
blue,18,134,26,147,82,47,124,55,76,108
blue,78,65,54,17,108,62,13,159,76,66
red,123,60,120,106,82,57,98,124,156,74
red,22,67,125,51,66,114,154,7,76,119
red,78,61,144,137,66,90,23,151,51,93
blue,121,155,143,106,82,22,124,159,51,16
blue,62,142,144,69,82,0,38,140,17,66
blue,37,60,140,51,93,22,102,13,109,118
blue,0,102,138,106,126,110,61,121,76,93
blue,101,60,1,76,96,144,38,55,118,9
blue,0,84,143,51,118,92,60,26,29,108
red,81,77,140,29,118,78,65,43,157,153
red,112,60,138,17,119,22,91,1,69,82
red,112,134,73,49,111,110,92,104,76,118
blue,47,46,121,17,128,43,58,143,24,118
blue,74,88,2,29,71,78,98,33,106,14
red,90,38,148,29,119,78,67,94,136,158
red,31,60,23,51,14,78,13,157,129,82
red,25,125,2,147,160,152,84,32,116,45
red,47,92,2,49,4,48,134,122,17,5
blue,31,102,143,17,126,123,65,144,106,82
red,18,38,19,29,80,0,26,151,144,9
red,104,117,155,129,15,0,67,158,17,5
blue,105,26,48,29,119,103,27,155,17,45
blue,91,28,33,29,27,0,26,38,69,66
blue,0,58,155,17,16,22,63,64,51,153
red,0,87,102,51,44,59,92,56,136,71
red,130,54,2,29,45,102,67,120,51,128
red,123,38,143,29,119,47,26,151,129,80
red,18,38,56,63,12,78,130,110,116,128
red,0,149,124,29,153,35,38,89,76,5
blue,90,26,155,29,93,35,58,64,137,53
blue,110,98,139,116,105,31,27,91,29,45
red,107,13,1,29,153,151,84,125,108,100
red,90,60,156,29,119,34,92,148,17,81
blue,0,111,34,51,153,110,23,150,29,118
red,91,134,56,129,109,36,86,1,116,5
blue,31,61,33,17,66,18,58,120,29,96
red,0,102,140,109,66,78,58,120,29,108
red,19,75,151,76,4,35,13,122,150,82
blue,18,142,55,50,66,35,67,129,109,160
red,131,40,159,129,153,103,38,35,76,109
blue,47,67,23,69,99,112,74,121,50,70
blue,114,75,56,109,14,47,98,143,76,15
blue,78,65,121,51,108,88,154,93,76,80
blue,78,38,59,9,153,112,84,142,129,70
blue,112,40,55,76,100,47,60,19,116,70
red,47,38,124,136,82,74,28,3,49,92
red,78,142,38,49,14,67,98,143,133,4
blue,62,61,121,76,96,90,40,2,129,4
red,78,111,94,51,128,150,23,71,147,96
blue,0,58,7,9,53,31,23,3,76,12
blue,91,77,56,116,5,0,44,143,76,16
red,110,75,138,133,70,88,40,120,8,100
blue,110,149,144,138,118,59,102,125,129,18
red,48,124,91,129,148,144,65,1,133,128
blue,42,97,159,116,45,59,134,34,17,14
blue,102,38,144,156,70,31,75,55,138,74
blue,31,142,19,51,4,0,58,121,133,104
blue,115,98,151,49,53,22,58,121,76,14
blue,134,23,121,106,108,0,13,1,17,45
blue,72,142,138,147,53,0,38,143,50,45
blue,0,151,34,52,109,47,38,121,9,4
red,0,142,11,17,74,88,58,55,51,70
blue,88,130,120,76,9,22,54,33,50,93
blue,72,113,57,29,108,115,38,33,49,5
blue,131,75,26,29,120,90,102,109,51,9
red,102,38,109,123,108,116,149,124,9,54
blue,134,38,148,9,109,117,60,151,29,111
red,31,86,104,156,119,135,40,143,133,109
blue,77,58,155,138,139,31,125,94,109,148
blue,95,26,94,51,18,90,23,62,29,54
red,18,40,56,51,14,110,58,71,29,128
blue,78,26,150,9,120,101,117,124,29,80
red,78,154,43,51,99,144,40,62,76,153
blue,43,117,143,29,74,0,78,151,137,54
blue,39,98,104,76,5,18,78,151,106,93
red,0,102,89,29,53,112,40,143,49,108
red,3,40,78,29,153,0,47,125,76,5
red,151,58,19,24,93,145,40,78,17,74
red,43,75,78,129,96,0,61,143,29,33
red,88,13,78,76,96,0,65,125,51,79
blue,151,38,104,51,100,72,98,55,17,45
red,0,58,11,85,91,18,141,78,8,82
red,0,40,64,129,70,47,88,78,76,96
red,151,102,89,17,100,0,142,132,63,93
blue,135,134,33,49,53,107,84,151,24,82
blue,103,58,71,76,5,112,84,78,116,118
red,107,30,43,51,53,57,98,121,106,82
red,34,58,56,52,93,43,124,139,76,109
red,131,23,109,51,93,34,58,122,52,5
blue,78,58,151,29,70,101,30,19,76,100
blue,31,54,19,69,80,0,30,32,76,93
blue,101,75,70,116,74,48,97,151,69,80
blue,72,26,151,51,93,74,134,125,8,45
red,146,77,78,17,15,0,65,121,29,5
red,152,94,56,17,70,103,134,55,106,79
red,143,58,55,24,109,90,13,19,69,80
red,117,102,159,29,80,22,75,138,116,70
red,74,23,150,17,71,102,146,68,116,14
blue,43,38,109,8,128,48,40,2,17,4
red,0,27,81,116,53,111,84,110,85,12
red,43,58,140,50,70,0,92,121,49,118
blue,62,130,71,76,108,144,27,151,51,66
red,18,142,55,51,99,5,23,121,17,128
red,72,102,140,49,74,31,121,64,29,158
red,18,77,32,49,5,103,75,55,24,148
blue,137,65,143,52,128,48,38,122,49,93
blue,101,74,7,51,158,0,87,121,24,96
blue,103,142,143,24,53,114,38,109,8,158
red,31,142,122,76,108,103,65,120,133,12
red,101,75,121,51,70,90,38,71,49,5
blue,31,75,121,106,119,2,142,94,116,128
blue,74,38,1,51,9,60,77,150,116,157
blue,22,75,41,133,153,97,113,151,17,119
red,152,38,7,133,91,154,26,64,76,153
red,77,26,2,17,12,152,37,94,85,82
red,152,23,22,85,70,47,58,55,51,14
blue,142,46,55,50,70,152,27,56,17,100
blue,36,130,104,139,93,152,26,32,76,108
blue,152,86,1,76,70,103,142,121,17,45
blue,120,145,140,9,119,95,98,19,17,71
red,36,46,143,8,120,145,124,2,9,5
red,0,124,55,136,5,144,30,3,8,108
red,0,46,159,52,128,102,30,94,17,120
blue,74,27,125,9,119,103,61,64,106,120
red,95,40,144,24,120,39,27,94,29,45
red,91,155,68,147,96,43,28,3,136,45
blue,22,107,121,51,108,18,40,90,137,70
blue,111,67,68,116,93,22,60,90,17,100
red,47,60,143,49,100,72,38,23,116,96
red,47,60,23,51,82,18,26,20,76,120
red,90,51,124,109,108,0,40,122,8,153
red,81,142,124,157,119,37,98,121,76,120
blue,31,26,121,106,100,0,40,140,24,120
red,47,142,26,29,120,78,134,155,17,12
blue,18,40,159,147,96,2,141,132,129,80
red,134,130,150,116,45,0,154,41,50,120
red,91,60,109,8,128,22,134,1,17,93
red,65,141,121,51,93,34,134,144,29,100
red,145,38,144,49,109,91,155,110,63,80
blue,91,134,10,51,153,90,130,124,137,158
red,43,38,143,29,108,65,113,155,137,158
blue,0,54,109,76,82,107,65,2,17,119
red,38,125,151,51,128,42,65,2,17,53
blue,78,54,3,116,153,91,29,155,76,30
blue,35,145,121,8,45,91,142,2,17,80
red,69,84,110,76,93,7,92,94,29,4
red,39,111,94,51,82,117,28,32,29,153
blue,145,40,121,69,45,18,67,155,51,66
red,31,27,55,8,70,90,98,32,29,158
red,95,74,56,24,12,31,98,57,133,108
blue,91,61,11,116,118,31,58,19,85,119
blue,77,154,121,137,45,0,97,122,29,119
red,20,65,124,17,70,103,46,143,29,79
blue,0,27,129,17,80,74,155,143,49,4
blue,114,98,55,29,93,127,142,64,76,109
red,18,61,7,157,45,78,84,3,50,70
red,18,30,1,76,45,22,84,140,17,128
blue,0,38,143,50,70,18,40,30,51,100
blue,107,58,121,50,128,112,130,120,106,4
red,38,23,140,76,128,18,26,143,29,45
blue,25,13,23,51,128,131,58,140,137,15
blue,34,134,143,129,82,110,145,2,17,79
blue,110,92,138,29,153,34,67,125,17,79
red,57,98,56,133,153,35,38,143,29,100
red,62,134,56,24,82,31,98,51,29,153
blue,115,111,43,49,82,31,87,144,52,5
red,112,77,125,133,79,0,65,132,85,70
red,103,40,121,17,12,151,125,11,24,5
red,31,61,33,17,12,135,134,109,49,1
blue,127,65,140,116,119,19,30,150,17,79
blue,88,46,56,85,119,53,141,43,109,82
blue,78,142,44,17,93,81,28,129,49,53
blue,77,113,43,49,120,107,98,104,63,45
red,92,130,11,106,15,77,145,144,8,70
red,145,38,157,29,82,84,133,94,41,93
blue,74,142,55,136,45,88,38,6,133,70
red,38,94,55,116,160,74,40,121,49,108
red,107,46,151,157,71,36,23,94,147,139
red,43,149,89,76,45,134,38,144,136,53
blue,134,54,6,76,159,151,26,3,29,65
blue,31,154,105,137,14,144,58,55,24,100
blue,0,37,89,106,99,43,61,1,51,82
blue,0,130,1,49,139,37,61,64,24,5
blue,0,124,132,17,99,22,77,55,76,158
red,0,84,121,63,70,36,40,143,9,158
red,22,40,143,29,153,18,54,53,17,80
red,103,79,138,150,96,0,40,140,76,158
red,131,133,143,106,82,103,124,53,51,91
red,22,60,7,8,128,103,155,56,69,45
blue,36,142,122,9,160,103,58,20,50,153
blue,103,65,121,76,5,18,133,119,106,93
red,103,13,19,137,119,78,133,43,129,70
red,103,58,121,17,108,31,61,64,51,45
red,151,98,26,17,53,18,54,3,133,100
blue,107,134,144,8,53,103,40,121,15,93
red,103,30,33,136,111,78,58,2,9,100
red,36,60,120,76,153,43,130,143,129,70
red,0,142,1,76,132,137,146,150,49,15
blue,0,46,138,76,108,91,38,55,17,119
blue,0,60,144,51,99,59,145,132,106,128
red,0,38,143,9,160,47,67,144,85,79
red,135,26,2,76,100,36,92,94,24,45
blue,0,124,125,69,93,18,23,114,24,153
red,36,61,159,50,74,90,155,1,17,79
blue,152,26,137,136,45,2,40,144,9,70
blue,18,23,125,29,71,90,75,144,49,100
blue,42,60,56,85,112,18,61,11,52,126
red,36,23,151,24,118,110,61,143,49,53
red,48,111,122,49,119,47,75,32,17,16
red,18,23,132,8,100,112,102,121,129,82
blue,81,130,143,17,79,31,54,86,9,70
blue,101,154,140,129,119,110,30,37,76,93
red,110,40,37,52,126,115,98,143,137,148
blue,0,61,19,52,100,110,30,3,106,93
blue,31,40,148,116,119,157,38,115,9,93
red,31,125,72,51,5,78,46,94,17,71
blue,110,98,136,51,70,31,28,143,29,14
red,31,13,56,76,153,110,38,122,136,114
blue,35,75,68,76,128,31,13,89,51,14
red,35,44,56,50,119,31,154,143,17,71
red,31,60,89,52,66,152,38,143,85,119
blue,90,38,143,8,148,110,60,73,17,128
blue,18,134,121,137,148,31,87,56,17,109
red,31,88,143,9,109,22,26,35,106,82
blue,101,46,94,76,53,31,134,121,29,9
blue,110,154,121,29,9,30,141,3,24,100
red,0,27,55,50,119,151,107,144,51,45
red,102,130,56,29,45,110,38,144,51,100
blue,0,67,110,51,128,27,58,159,8,100
blue,27,38,140,51,96,25,60,1,29,45
red,62,130,19,29,118,146,27,33,49,82
red,95,27,144,106,82,18,98,120,116,118
blue,43,67,131,76,66,22,27,35,133,45
blue,103,27,6,137,160,0,75,148,106,82
red,129,27,94,50,93,90,26,150,9,112
red,151,27,125,49,14,0,63,104,136,45
red,103,27,94,129,111,20,58,155,17,118
red,0,142,138,29,79,103,133,109,54,108
red,112,61,73,49,139,0,27,121,17,53
red,131,13,54,76,100,22,23,150,85,126
red,110,88,124,17,148,0,38,143,138,108
blue,74,155,140,138,108,95,84,124,76,82
blue,43,65,10,24,66,62,38,121,76,160
red,74,38,7,29,45,81,27,120,49,91
red,112,40,56,109,100,47,27,121,133,70
blue,22,27,155,29,53,43,65,6,150,15
red,107,27,155,51,118,110,54,94,137,119
blue,18,27,121,137,100,115,145,125,51,66
red,90,84,129,17,153,74,27,150,50,70
red,25,23,155,76,74,81,40,159,29,153
blue,104,145,155,49,71,22,40,1,17,93
red,0,23,68,136,100,2,154,151,29,119
red,18,84,143,106,99,92,65,32,129,100
red,47,23,94,17,45,151,142,120,24,46
red,47,61,143,76,93,112,125,132,109,46
red,59,40,2,29,153,22,91,121,136,108
blue,78,134,1,49,108,22,38,55,136,16
red,7,38,2,29,53,46,40,124,133,76
blue,18,5,32,76,100,90,38,143,8,108
red,0,28,151,49,93,2,145,131,116,53
red,81,67,140,9,45,77,30,34,51,100
blue,81,84,71,24,119,0,155,19,54,118
red,0,58,121,9,153,19,86,71,17,100
blue,43,58,53,50,5,0,40,122,133,70
red,103,67,0,29,45,77,87,56,24,93
blue,35,28,94,17,53,59,65,110,51,158
blue,0,60,64,49,82,101,40,143,76,12
red,0,107,55,106,5,130,27,124,133,159
blue,62,60,1,106,66,18,107,121,17,159
blue,81,60,55,116,118,154,23,129,76,5
blue,37,84,155,24,93,36,124,125,51,74
red,107,38,32,29,4,101,67,155,49,74
blue,18,65,140,133,70,47,74,32,54,153
blue,101,67,155,52,128,131,61,32,106,93
blue,110,23,140,129,5,31,113,143,29,139
blue,18,26,89,108,9,90,61,32,24,82
red,74,92,32,137,108,62,38,64,29,53
red,34,134,32,137,5,91,87,121,69,9
red,39,40,151,50,5,110,54,64,76,79
blue,22,60,64,49,53,110,40,68,29,93
red,152,134,140,116,74,31,60,121,24,153
red,110,28,151,51,93,88,125,26,17,71
blue,133,40,151,9,1,53,65,78,29,153
blue,112,61,155,129,70,101,84,125,76,148
red,0,154,140,8,82,101,134,2,106,126
blue,72,75,55,106,5,74,113,95,85,153
blue,114,38,21,63,153,65,54,124,85,126
blue,88,67,125,76,128,31,26,124,133,14
blue,39,13,144,8,82,88,60,26,50,108
blue,0,134,159,133,91,78,94,71,24,119
red,88,40,139,24,82,18,98,33,29,153
red,88,141,19,76,45,151,23,159,51,96
blue,88,61,143,24,93,2,84,155,137,14
blue,146,74,91,133,128,88,26,120,29,70
red,150,27,78,129,45,151,54,35,69,80
blue,146,134,11,136,4,88,92,33,106,99
blue,74,40,104,69,128,103,58,120,133,16
blue,38,113,121,136,108,0,46,89,69,53
red,18,27,26,51,45,31,142,55,29,128
red,0,23,35,85,119,34,87,37,51,108
red,60,54,155,116,119,35,84,47,85,27
blue,78,40,155,9,12,35,75,124,17,100
blue,90,130,93,17,53,35,40,159,51,153
red,114,155,109,52,128,35,40,43,29,126
blue,78,75,150,50,128,91,38,1,106,5
red,88,142,121,51,100,101,130,11,106,99
blue,103,87,150,1,45,0,107,33,50,100
blue,88,102,140,17,65,121,13,11,49,118
blue,117,134,121,29,53,135,111,21,133,118
red,112,60,142,49,148,20,26,56,9,109
red,22,154,122,133,16,0,84,94,85,74
red,112,67,140,52,82,22,38,143,63,70
blue,18,134,56,133,93,74,38,15,9,128
red,0,23,143,9,128,31,46,144,76,100
red,20,58,11,49,5,115,26,124,106,82
red,112,38,143,137,100,34,30,23,150,110
blue,62,134,56,145,80,65,98,68,9,53
red,25,77,71,133,100,115,28,124,24,82
blue,22,142,35,136,153,59,107,155,93,139
red,103,58,1,9,148,90,38,55,17,82
red,114,75,158,147,5,34,113,150,133,153
blue,101,87,89,129,93,18,38,7,17,119
red,22,130,143,51,160,62,154,139,17,82
blue,0,67,143,51,80,11,27,150,133,70
red,90,38,56,76,153,101,13,140,29,96
blue,20,58,23,150,70,144,154,35,137,14
red,22,67,121,24,100,90,98,56,106,107
red,48,154,32,129,19,18,124,120,29,93
blue,53,40,124,29,74,78,13,1,76,18
red,112,38,104,51,108,31,28,150,29,45
red,112,40,56,129,93,81,88,23,29,120
red,57,38,136,29,4,43,35,64,106,66
blue,30,88,121,76,93,78,134,155,29,119
blue,112,142,157,29,45,34,38,138,106,82
red,18,104,35,109,5,149,40,55,147,54
blue,57,65,94,51,99,0,38,2,137,153
blue,112,40,157,106,81,31,28,121,147,14
red,34,23,131,29,71,135,65,143,51,128
red,103,75,33,52,100,2,67,125,76,82
blue,121,142,19,8,158,59,134,34,9,70
red,127,102,33,9,158,62,13,68,8,100
blue,90,54,121,51,70,0,65,26,109,148
blue,88,23,158,50,5,101,60,68,8,93
blue,46,67,1,51,82,74,38,138,76,100
red,144,60,81,52,100,39,142,121,9,12
blue,107,84,3,24,66,81,142,11,76,5
blue,131,38,41,69,37,35,142,124,106,12
red,90,149,144,106,100,107,60,109,24,160
blue,48,149,41,49,96,88,37,1,51,82
blue,18,27,43,9,12,0,102,33,76,14
blue,22,134,122,29,9,37,88,120,51,118
blue,22,98,143,17,153,48,23,35,116,66
blue,78,67,48,85,153,0,58,104,106,82
blue,151,26,143,76,111,3,134,124,150,126
blue,78,38,122,49,12,47,134,21,51,139
blue,20,134,143,51,53,131,23,119,8,99
red,103,30,140,51,45,88,40,124,50,158
blue,110,141,129,59,159,78,149,135,9,70
red,34,38,132,8,12,0,134,2,51,82
blue,134,107,150,51,79,121,38,125,137,5
blue,158,142,11,106,12,110,98,55,17,53
blue,47,65,2,106,74,110,113,33,29,53
red,47,125,158,24,128,114,30,155,50,66
red,0,65,143,24,45,110,142,32,109,128
blue,62,124,143,49,109,0,38,121,106,100
blue,151,13,143,51,82,2,107,43,41,45
blue,135,154,157,106,5,0,87,81,137,153
red,127,61,73,76,45,47,40,1,148,108
red,149,65,7,17,160,103,37,143,24,126
blue,114,58,3,50,12,150,23,107,51,119
red,22,130,2,150,74,114,40,124,137,100
blue,34,61,71,24,119,0,40,6,136,109
blue,47,38,56,51,109,112,13,64,24,79
red,107,61,138,85,45,114,60,55,147,96
blue,42,30,155,51,9,110,23,140,49,119
red,37,145,155,76,109,34,60,28,51,82
red,34,61,160,116,45,0,40,19,50,70
red,18,111,120,9,80,34,154,71,76,118
blue,22,61,121,83,70,90,26,94,109,12
red,0,38,121,29,118,114,141,68,8,74
blue,22,84,142,76,45,112,40,138,9,109
blue,137,23,150,50,70,91,65,32,24,14
blue,22,124,151,76,5,112,38,143,50,66
red,22,60,2,49,9,151,38,109,133,96
blue,110,26,140,129,70,34,61,138,63,9
red,36,141,151,106,90,18,28,121,51,9
blue,35,60,56,51,5,103,87,144,76,14
blue,0,38,19,129,5,47,84,143,51,91
red,35,61,6,116,12,117,130,121,129,5
red,34,92,56,29,14,0,61,138,51,82
blue,2,58,155,29,153,117,142,11,106,119
red,107,67,155,49,66,115,30,37,76,53
red,31,65,104,17,9,95,26,132,116,45
blue,18,26,33,129,41,151,98,120,29,9
blue,0,141,32,17,53,90,51,73,69,80
blue,112,38,93,51,96,18,54,56,49,108
red,18,125,158,76,66,25,111,53,17,15
blue,31,87,64,24,45,18,84,155,51,128
blue,18,44,2,49,45,59,61,43,51,15
blue,18,60,121,122,80,131,58,41,116,118
blue,31,78,72,106,74,18,98,1,52,93
blue,18,107,2,24,80,31,26,120,17,45
red,18,145,3,129,37,43,13,157,24,45
red,18,65,121,133,119,37,40,139,51,45
blue,18,38,143,51,128,114,13,121,76,45
blue,22,107,143,17,79,18,61,144,51,82
blue,88,142,71,106,99,18,74,120,50,119
red,90,60,18,17,79,101,58,132,76,160
red,43,46,143,137,70,18,134,122,147,80
blue,0,111,140,136,5,43,38,2,17,12
red,34,26,143,9,118,131,125,140,129,12
blue,0,94,2,9,93,131,26,73,17,12
blue,130,28,150,76,82,78,125,64,29,12
red,115,38,55,76,12,37,40,91,17,110
blue,78,141,89,106,12,158,27,3,76,128
red,151,134,1,157,108,97,40,143,51,119
blue,22,30,109,29,79,31,87,19,17,15
blue,95,23,3,136,15,151,38,159,29,45
red,130,54,55,29,100,20,87,151,106,148
red,18,54,131,116,53,78,125,82,17,15
blue,26,86,94,17,148,84,134,143,51,82
blue,112,13,68,29,148,35,38,1,63,82
red,103,58,109,17,15,90,65,21,24,120
red,48,75,144,49,15,151,54,81,129,12
red,48,88,73,116,12,113,30,127,29,71
blue,74,65,1,49,12,90,38,155,129,15
red,0,27,37,50,82,78,60,57,17,148
red,18,26,107,24,70,57,98,151,69,15
blue,115,142,71,29,45,7,87,155,116,118
blue,13,26,104,29,109,31,38,41,147,96
blue,112,74,107,17,118,115,154,109,137,15
blue,101,60,111,8,148,94,98,48,29,15
red,31,61,121,24,15,34,38,56,8,70
red,114,65,155,49,148,31,38,87,17,100
blue,112,78,159,133,93,145,94,121,136,12
blue,112,60,56,49,45,74,27,3,69,12
red,101,154,56,29,118,103,30,77,17,109
red,90,65,94,76,158,25,154,150,51,96
red,39,58,102,116,119,123,141,121,129,99
red,3,145,143,116,93,110,111,124,137,128
blue,123,65,121,54,108,2,130,144,69,80
blue,91,149,26,129,82,144,60,124,50,45
blue,107,87,144,17,126,34,102,89,24,99
red,110,102,19,24,4,114,57,11,109,81
blue,110,130,19,116,16,0,40,143,76,74
blue,0,28,32,85,96,104,125,121,69,16
blue,47,30,155,137,119,110,26,43,51,5
red,43,87,1,76,118,95,54,155,29,53
blue,74,38,151,137,119,2,86,159,129,99
red,103,60,121,106,4,145,54,53,116,93
red,152,61,138,17,100,124,75,143,133,5
red,90,102,56,76,99,65,58,159,133,70
blue,114,37,71,116,158,18,125,34,41,9
red,95,38,56,109,126,72,67,125,9,74
blue,47,98,125,76,99,110,38,56,129,16
blue,47,67,26,51,74,41,38,56,29,45
blue,152,107,56,29,12,34,28,121,17,118
red,115,26,121,52,126,151,58,122,76,74
red,3,27,19,76,5,59,13,144,116,153
blue,18,26,104,49,5,121,92,151,106,4
red,152,87,155,76,128,34,111,148,129,110
red,135,26,91,50,5,114,75,37,8,128
red,114,75,1,17,16,137,154,104,120,119
blue,18,58,55,17,153,74,40,2,76,128
blue,112,77,21,76,82,103,28,124,51,18
blue,18,46,143,24,93,81,94,104,129,45
blue,143,46,48,52,53,2,58,131,51,158
blue,107,142,104,85,93,103,40,32,69,18
blue,114,46,34,85,108,18,98,121,51,99
blue,78,40,3,50,160,145,98,159,51,14
red,74,60,56,85,153,123,124,94,106,45
blue,127,38,155,51,128,151,84,3,136,81
blue,110,74,129,76,53,151,40,121,29,118
red,135,134,1,8,74,47,65,121,69,93
blue,3,84,55,49,5,0,61,1,9,45
blue,78,26,41,133,128,0,84,121,49,71
blue,31,28,144,49,93,127,60,19,24,14
blue,114,125,121,51,53,35,54,159,24,80
red,103,134,102,136,148,114,38,132,69,80
red,131,13,143,24,128,18,58,144,69,139
red,144,60,38,69,126,115,84,6,139,108
blue,115,40,33,51,12,103,28,7,116,119
blue,88,67,7,109,9,0,46,143,50,82
red,110,155,132,76,100,134,61,2,129,70
red,101,46,51,109,108,0,87,121,17,16
red,136,40,159,69,53,37,23,21,76,109
red,115,94,104,9,45,114,61,120,24,158
blue,114,97,89,29,53,152,61,158,69,80
red,22,40,2,17,100,101,13,7,106,128
red,115,86,33,76,139,90,124,121,9,108
red,88,130,41,133,14,110,107,2,24,119
blue,43,142,1,137,99,36,40,104,133,128
red,2,61,119,85,99,115,26,136,24,100
red,114,98,34,29,71,0,75,121,9,148
red,90,142,143,29,160,25,38,140,49,71
blue,112,61,2,8,80,0,26,64,85,126
red,101,61,143,106,74,0,39,6,133,108
blue,91,84,56,129,70,115,38,53,9,119
blue,31,65,68,49,119,0,155,2,85,118
red,47,26,35,49,79,91,154,21,17,118
blue,25,75,19,129,82,47,26,155,17,119
red,103,38,143,116,111,47,26,91,51,14
blue,22,61,105,157,109,47,97,150,147,45
blue,15,58,151,8,109,31,61,64,56,45
red,47,26,89,76,5,90,13,19,50,70
blue,90,134,68,17,108,95,98,154,41,79
blue,59,134,120,106,79,103,37,68,76,9
red,57,38,68,29,148,0,84,3,17,79
red,107,75,68,138,99,47,146,34,109,108
blue,110,113,120,51,14,53,75,143,29,9
red,123,60,55,50,70,18,67,151,76,109
blue,3,142,33,17,74,115,46,68,147,82
blue,151,77,57,24,4,0,130,143,116,153
red,158,28,155,136,12,2,125,3,137,70
blue,107,98,104,129,93,146,102,132,29,14
blue,0,38,120,17,128,92,23,150,9,66
blue,0,145,7,147,45,62,102,132,76,139
red,78,104,150,24,5,0,72,7,76,70
blue,114,145,132,136,53,0,149,26,76,100
red,0,107,54,17,148,18,98,27,76,4
red,18,58,6,129,93,131,134,121,76,100
red,0,30,1,129,5,146,88,121,29,153
red,74,60,56,17,53,101,46,132,129,128
blue,135,134,73,51,93,0,60,138,50,70
red,72,145,2,76,109,103,77,105,29,128
blue,0,38,121,51,70,91,67,55,17,100
blue,130,13,32,69,139,0,46,144,51,93
red,0,13,121,69,93,18,84,142,63,70
blue,18,26,121,52,93,78,65,94,51,128
blue,20,61,21,17,158,72,26,155,9,74
blue,78,38,33,24,14,37,28,150,17,16
red,22,40,56,133,70,110,84,33,29,128
red,22,37,32,17,120,0,65,138,29,100
blue,4,119,140,17,100,44,127,23,9,155
red,62,28,121,17,74,37,38,19,109,118
red,35,65,140,51,128,78,26,3,106,82
red,0,111,64,9,12,62,125,143,147,96
blue,91,58,72,136,100,74,13,3,63,45
blue,77,37,150,129,93,74,141,33,76,82
red,41,102,33,9,119,115,38,144,17,12
blue,107,46,89,129,47,112,30,121,137,82
red,144,58,143,51,128,90,142,121,136,70
blue,0,26,35,24,100,90,58,10,29,9
blue,112,102,124,51,16,0,134,121,76,70
red,37,155,144,106,82,103,38,121,133,45
blue,43,65,23,49,5,103,27,132,76,4
blue,90,27,158,9,110,18,58,138,76,82
blue,92,124,6,51,82,90,61,11,63,70
red,0,23,132,85,5,90,86,121,133,70
blue,43,46,143,24,82,0,61,148,76,158
blue,18,102,68,29,79,47,61,55,17,66
blue,62,78,155,137,128,152,134,69,133,70
blue,31,40,33,136,53,0,60,11,29,128
red,107,61,120,133,70,47,142,132,29,128
blue,31,149,23,29,118,47,54,132,17,128
red,0,26,140,17,128,107,98,120,49,82
blue,150,130,7,133,120,107,142,121,106,82
blue,84,133,19,51,80,92,38,15,76,5
blue,36,13,148,51,93,18,38,143,147,5
blue,3,37,104,109,119,103,65,144,116,82
blue,18,40,159,76,45,0,28,3,136,70
red,20,26,125,17,82,0,75,68,29,53
red,22,13,56,106,14,43,98,121,51,93
red,104,75,33,133,153,22,46,121,106,5
blue,0,75,89,157,119,31,13,55,51,82
blue,107,134,143,29,120,0,75,56,76,158
blue,31,75,68,76,82,37,135,73,69,27
blue,151,38,120,51,82,103,75,143,76,64
red,107,130,144,51,153,22,54,7,76,114
blue,101,23,87,129,148,97,75,125,51,100
red,95,40,140,76,70,112,75,1,51,45
blue,34,134,32,51,109,135,75,143,8,53
red,110,125,143,136,45,91,75,56,108,118
red,19,38,125,9,91,103,75,121,17,53
blue,34,75,148,106,118,62,58,23,29,93
blue,112,60,121,136,153,134,75,68,133,45
blue,144,75,43,69,153,55,65,77,17,111
red,31,75,132,116,15,131,142,78,9,45
red,57,75,33,106,96,74,40,1,85,153
red,127,75,53,76,74,18,86,55,24,80
blue,47,65,143,24,100,74,130,61,53,108
blue,48,67,143,133,126,13,38,121,49,53
blue,22,145,43,51,108,103,75,94,76,100
red,18,23,150,133,70,35,44,151,29,128
red,47,54,139,49,128,22,26,11,51,96
blue,112,98,138,76,70,88,40,121,29,12
red,127,61,150,17,74,103,84,11,9,108
blue,0,77,143,51,12,18,154,11,133,9
red,90,26,155,51,82,134,58,159,69,79
red,22,87,155,109,70,34,134,26,106,82
blue,103,107,56,76,91,24,23,26,129,150
blue,91,65,139,49,158,103,26,138,17,9
blue,114,84,122,76,100,18,38,1,9,128
red,22,102,129,54,80,90,30,91,106,74
red,134,61,7,17,79,110,86,2,9,120
red,2,38,154,76,5,31,58,64,136,148
blue,35,61,26,129,154,131,75,140,29,71
blue,112,130,132,76,93,134,26,150,137,100
red,131,124,2,76,118,0,65,19,109,71
red,31,40,41,24,153,114,54,94,9,53
blue,34,5,157,129,66,78,98,143,85,100
blue,43,111,151,49,93,34,30,35,51,72
red,18,154,159,76,37,48,92,121,129,66
blue,101,61,143,116,45,115,75,55,51,37
red,152,125,55,76,66,91,54,2,17,15
red,3,102,56,76,37,59,77,144,29,93
blue,110,92,159,76,74,121,75,94,9,158
blue,67,58,7,51,9,74,38,94,8,53
red,127,111,15,76,72,18,117,55,29,93
blue,35,74,56,1,108,135,107,71,17,14
blue,88,130,81,147,96,137,142,121,51,72
red,2,60,155,17,45,104,65,143,74,108
red,47,40,1,51,53,146,113,121,133,37
blue,31,84,129,147,99,18,74,3,49,37
blue,101,65,160,24,93,3,13,120,29,12
blue,0,38,148,116,130,103,154,150,76,74
red,0,107,132,129,112,103,26,104,51,100
blue,90,107,114,147,70,146,38,2,137,96
blue,34,107,132,50,70,0,38,121,106,79
blue,34,107,151,54,45,3,60,144,76,96
blue,0,28,151,76,160,78,107,3,129,111
red,77,87,1,69,80,0,65,64,129,5
blue,31,26,151,52,16,47,60,32,24,45
red,47,60,143,9,118,110,38,109,49,139
red,107,38,143,29,45,0,84,3,136,82
red,62,102,71,29,15,103,40,69,54,14
blue,0,40,2,51,93,107,58,124,24,54
blue,145,58,1,63,4,22,154,144,29,128
blue,74,54,94,24,70,120,38,121,9,41
blue,31,58,155,51,70,2,40,150,106,93
blue,101,38,109,8,70,120,87,155,24,74
red,151,26,150,106,154,53,98,121,51,91
blue,39,142,155,24,70,62,26,132,17,18
red,103,40,55,24,45,18,130,121,76,128
red,78,107,48,24,82,81,98,56,85,128
blue,47,60,56,17,45,72,134,132,69,80
blue,103,40,120,49,5,0,60,159,51,93
red,37,130,121,116,70,134,40,7,76,82
blue,81,58,7,85,5,74,38,144,76,70
blue,110,113,150,69,70,59,124,151,129,5
red,127,142,2,24,160,62,78,23,76,92
red,22,97,122,24,119,47,134,64,116,100
red,84,46,151,51,128,90,65,64,24,16
red,84,75,154,85,93,114,113,121,51,99
blue,110,60,140,51,99,3,117,138,17,12
red,110,40,143,51,119,107,65,81,150,154
blue,31,46,26,106,9,0,154,68,24,45
red,43,38,121,129,99,22,40,143,51,74
blue,90,28,151,129,93,18,65,55,76,5
blue,22,60,3,51,9,34,13,121,76,74
blue,107,13,104,156,153,0,58,56,49,82
red,127,28,155,76,126,115,124,149,49,82
blue,22,75,121,49,93,0,98,56,24,80
red,34,127,143,76,74,110,77,124,51,99
red,107,102,11,49,111,101,58,129,15,80
red,110,102,19,76,111,38,75,1,137,70
blue,110,124,151,76,70,47,97,155,9,45
blue,136,65,158,29,16,115,38,143,76,82
blue,36,130,7,137,53,112,37,140,106,45
red,107,75,140,17,119,22,84,151,76,5
red,0,102,121,51,9,31,58,93,76,5
red,47,111,110,24,80,43,107,144,17,5
blue,0,154,121,29,4,90,102,1,51,5
blue,43,28,131,49,53,0,23,150,129,93
red,72,28,142,109,108,0,60,64,76,5
red,134,142,122,17,82,90,154,3,24,120
blue,103,97,151,109,5,107,39,1,76,82
blue,101,145,154,17,70,88,75,37,51,82
blue,74,60,110,116,119,90,65,21,17,4
blue,103,27,121,76,96,134,98,24,51,74
blue,127,61,104,116,96,107,98,11,49,160
blue,0,98,121,156,82,18,142,19,50,158
red,134,26,11,49,93,151,38,121,76,160
blue,107,26,151,116,158,22,38,1,106,66
red,115,38,7,76,128,119,30,55,17,9
blue,90,117,143,17,80,146,142,89,9,109
red,90,115,104,24,45,35,13,159,17,71
blue,2,141,143,29,71,90,48,122,50,70
blue,37,134,124,29,82,22,28,34,137,118
red,144,141,125,109,93,18,38,148,51,66
blue,34,141,144,49,108,54,155,3,76,82
blue,38,124,1,8,70,3,67,143,29,100
red,127,75,155,51,128,0,86,143,138,66
blue,91,75,144,76,5,42,38,89,17,79
red,35,65,121,69,71,22,125,120,49,93
red,62,58,83,85,118,18,75,94,133,153
red,35,67,26,85,14,143,38,32,9,100
blue,37,60,104,29,5,47,30,55,24,14
blue,154,28,150,147,14,110,38,11,76,66
blue,72,38,11,51,93,36,40,2,49,96
red,22,23,139,76,93,114,102,143,29,153
blue,22,38,140,136,119,35,58,56,49,109
red,22,40,155,137,100,37,102,3,52,70
red,151,60,89,8,100,22,37,143,17,128
red,117,60,158,29,53,22,28,155,116,153
red,102,134,129,136,53,110,155,143,52,74
blue,22,75,143,85,4,107,94,56,106,128
blue,36,142,121,51,74,90,30,56,133,100
blue,36,154,33,76,109,110,60,124,129,53
blue,47,65,156,76,120,90,30,151,29,70
red,19,65,2,106,82,101,88,33,49,12
red,121,134,150,133,70,18,102,2,49,96
blue,112,61,124,76,109,36,60,64,49,158
red,112,87,81,8,14,18,124,94,51,128
blue,36,30,109,17,100,35,58,121,8,53
blue,35,60,33,133,14,84,141,122,147,70
blue,101,26,10,85,15,103,67,69,156,80
red,0,38,121,76,118,36,46,143,17,45
blue,31,134,1,17,12,0,125,11,9,45
red,70,38,140,17,119,67,91,114,69,80
red,131,58,55,17,71,81,98,124,76,45
blue,77,13,64,29,71,2,54,125,156,5
blue,115,65,2,29,148,103,146,33,106,153
blue,114,84,155,106,153,18,87,2,136,108
blue,110,142,140,129,82,151,65,143,137,53
red,134,97,2,51,108,112,102,143,29,119
blue,25,134,158,29,53,31,38,140,106,5
blue,78,154,3,51,160,104,142,122,17,71
red,42,26,43,76,160,22,154,110,17,71
red,137,61,7,29,70,95,75,104,9,148
red,47,58,122,136,5,36,146,143,76,128
red,110,13,68,69,9,47,84,56,116,53
red,110,60,64,17,71,114,133,132,76,45
blue,135,65,1,29,119,31,145,43,17,79
red,0,38,15,76,74,152,28,37,29,100
red,37,38,19,76,160,115,111,94,21,12
red,144,130,56,116,12,36,97,121,76,118
blue,0,141,132,17,148,36,67,43,133,160
blue,3,102,23,51,82,115,27,94,147,128
blue,74,40,144,8,128,115,23,124,9,79
blue,72,86,132,109,160,114,102,3,51,80
blue,31,60,68,49,148,35,28,94,157,100
red,47,84,43,9,108,112,38,26,29,70
blue,112,23,132,106,128,127,58,121,50,5
blue,120,54,110,76,80,127,141,121,49,14
red,0,130,55,133,93,101,107,143,51,128
blue,39,107,125,29,126,0,46,87,109,93
blue,151,113,110,116,148,146,75,26,24,158
red,0,107,32,137,53,131,18,150,54,74
blue,57,84,155,17,109,25,38,72,8,128
red,115,84,151,106,4,78,94,33,51,16
blue,103,23,150,51,74,22,13,10,17,66
red,31,149,143,156,12,0,142,124,17,119
blue,62,61,64,29,153,151,154,6,76,9
red,78,134,150,51,109,103,87,26,116,153
blue,101,5,19,69,80,107,60,110,17,100
red,126,84,19,76,9,112,38,144,24,18
blue,127,61,72,9,45,123,84,95,17,93
blue,0,125,2,49,109,43,87,121,17,18
blue,152,44,121,49,160,22,155,33,9,18
red,95,142,140,109,9,59,125,38,51,82
blue,84,87,33,29,96,0,102,23,9,79
blue,48,142,56,106,93,135,38,64,49,53
red,114,38,35,17,79,145,13,56,76,5
blue,0,46,6,50,158,47,65,124,52,82
blue,18,75,143,116,70,74,26,3,137,96
blue,0,27,19,17,5,18,13,121,137,53
red,22,38,56,49,14,42,91,136,51,9
red,22,26,151,76,118,123,13,56,29,153
red,134,54,93,147,108,22,145,159,116,12
blue,78,98,158,106,45,103,27,114,76,15
red,0,84,11,106,5,131,46,121,51,4
red,34,94,104,106,128,137,65,64,136,158
red,48,97,140,106,93,121,141,3,120,99
blue,115,60,151,120,109,5,58,0,106,139
red,110,154,32,106,158,25,13,144,29,148
blue,137,54,109,106,79,152,58,37,85,126
red,71,154,81,106,100,151,97,114,29,82
red,22,23,56,129,109,110,60,121,51,45
blue,74,38,23,116,100,22,13,158,76,119
red,59,102,54,24,108,31,92,144,51,128
blue,0,142,124,133,70,103,58,7,24,128
red,110,28,55,17,80,22,13,107,49,120
blue,103,124,155,17,70,53,30,43,54,119
blue,72,111,55,49,79,35,38,32,76,119
red,97,130,121,29,108,103,27,55,17,153
red,131,65,159,24,15,74,142,144,17,93
red,131,130,159,76,71,137,142,121,49,45
red,47,38,121,50,45,90,65,33,85,96
blue,103,111,121,49,76,18,23,56,116,82
blue,42,102,1,106,70,152,130,59,76,5
red,88,60,39,116,70,0,141,55,109,119
blue,115,67,94,9,100,110,134,7,133,70
red,102,13,104,51,82,47,94,121,69,80
red,123,38,94,120,82,67,61,121,69,70
blue,35,154,94,17,100,134,67,125,76,119
red,59,142,55,76,4,31,61,143,24,82
blue,127,94,2,116,91,57,98,155,29,108
red,110,26,93,29,80,131,75,121,24,82
blue,109,81,143,17,71,146,23,150,136,119
blue,90,13,55,133,100,47,54,151,29,80
red,77,46,148,29,80,0,58,132,108,14
red,72,40,143,9,71,0,54,140,29,12
red,107,86,1,17,71,47,38,11,137,12
blue,135,61,120,49,148,18,38,56,24,80
blue,34,38,143,156,100,90,28,89,51,80
blue,74,142,2,29,93,41,98,143,49,79
blue,151,141,138,52,128,154,91,89,24,111
red,0,60,140,51,80,117,37,26,17,70
red,3,149,89,129,80,18,65,143,17,14
blue,72,38,121,51,128,3,86,11,69,5
red,127,40,159,49,53,114,60,26,76,45
blue,90,40,143,29,118,78,102,159,51,5
blue,78,155,151,129,160,134,13,19,63,123
red,43,98,144,17,71,72,38,140,51,5
blue,115,26,144,9,120,31,54,155,51,100
red,112,117,2,63,93,18,30,35,76,70
blue,110,77,64,76,9,35,27,81,17,71
red,22,60,143,24,79,103,74,140,106,66
red,62,74,55,24,148,101,142,121,76,159
blue,110,13,144,49,148,146,74,120,76,45
red,146,141,144,51,4,0,60,121,49,93
blue,42,124,140,133,80,151,142,144,9,108
blue,38,40,55,51,109,112,104,35,29,5
blue,151,141,2,8,148,152,30,3,51,14
red,47,26,120,29,126,72,23,109,51,128
red,103,58,1,50,128,123,54,155,108,118
red,34,113,33,133,45,123,147,11,129,14
red,110,142,144,133,119,136,102,91,24,37
red,110,40,143,137,119,25,38,33,51,120
blue,90,107,13,106,4,110,65,2,24,5
red,110,27,2,17,45,18,46,89,106,119
red,110,155,144,76,12,31,141,19,52,100
red,110,97,105,129,93,22,58,6,29,74
blue,74,38,71,17,120,110,30,121,69,80
red,90,30,143,17,100,110,111,11,76,82
red,110,58,2,76,119,90,142,151,17,71
red,137,65,68,71,53,110,149,23,51,70
red,22,67,143,17,74,110,142,33,76,153
red,110,38,140,76,74,92,142,121,129,5
red,0,142,132,85,93,74,141,1,129,70
blue,34,26,155,49,14,112,38,72,133,12
red,0,125,55,52,15,90,134,64,50,53
red,0,38,109,76,45,22,145,10,9,128
red,0,54,132,76,119,48,134,143,50,70
blue,103,38,64,51,5,42,13,144,17,82
red,31,60,71,17,66,112,46,7,1,108
blue,114,38,125,76,99,13,91,157,51,5
blue,114,142,121,29,153,35,154,150,76,108
blue,0,87,144,17,37,22,78,159,76,119
red,31,125,32,76,128,78,102,104,129,109
blue,112,38,121,51,45,36,65,120,106,119
blue,25,46,56,76,109,144,27,0,51,139
red,78,26,125,116,128,35,86,1,17,82
blue,18,134,56,29,45,95,65,120,17,79
red,107,142,121,17,96,35,65,1,51,100
red,18,142,56,17,70,0,61,2,116,45
blue,20,75,21,51,128,36,104,140,129,53
red,18,98,3,108,12,115,65,124,106,82
blue,31,92,120,51,74,22,65,56,129,14
blue,101,98,11,9,53,22,38,104,109,100
blue,101,134,61,52,128,22,97,33,116,71
blue,151,28,121,137,70,146,134,157,106,100
red,36,134,94,157,128,112,26,6,137,80
red,90,38,63,49,53,0,145,1,50,120
red,67,81,143,17,45,62,134,121,76,53
red,36,40,23,69,153,135,38,121,76,100
red,131,149,139,8,66,144,46,142,17,41
red,144,92,121,49,14,155,130,132,17,74
blue,110,30,143,29,139,107,60,140,106,5
blue,62,111,158,29,128,0,37,143,51,93
blue,88,154,32,9,80,18,37,150,17,71
red,146,130,121,156,66,90,61,78,129,74
red,62,102,155,157,108,35,125,158,116,5
blue,151,107,144,51,44,131,111,140,76,74
red,90,149,64,17,74,103,13,143,49,93
blue,114,124,57,116,119,22,30,56,24,70
red,38,124,155,116,79,47,84,64,17,87
blue,22,38,71,8,120,18,23,148,29,153
blue,145,60,155,120,70,150,38,3,109,100
red,18,134,139,51,100,62,141,144,24,118
red,20,154,143,116,70,22,46,155,85,45
blue,134,26,155,106,74,0,61,143,133,79
blue,0,60,55,137,100,31,38,26,106,74
blue,43,84,144,8,153,31,60,2,51,74
red,31,26,125,116,80,74,102,150,29,53
red,142,65,94,54,74,37,102,125,106,5
blue,78,130,32,136,45,134,141,110,133,93
blue,107,134,2,120,91,22,37,151,106,74
blue,110,30,138,76,5,102,54,43,17,14
red,74,60,1,51,139,78,154,2,17,79
blue,0,134,109,51,118,78,102,150,24,148
red,146,26,15,76,99,110,61,119,17,45
red,145,27,94,133,14,142,13,159,8,82
blue,35,61,64,49,45,112,38,32,76,109
red,78,65,122,51,53,101,38,1,76,70
red,112,65,1,133,70,22,87,114,156,108
blue,112,38,33,157,14,74,86,55,17,71
red,48,65,0,63,96,18,134,104,51,5
red,110,38,121,8,100,90,13,120,50,96
red,3,67,155,116,66,88,154,140,83,70
red,47,46,26,51,119,145,65,38,109,12
blue,0,60,55,51,82,59,154,64,85,96
red,43,86,124,136,119,13,154,132,137,70
blue,47,154,144,76,93,88,60,11,51,91
red,18,65,124,17,71,31,26,93,51,53
blue,97,134,56,49,160,101,30,120,17,45
blue,48,46,143,24,53,101,30,138,17,93
red,112,87,155,49,71,110,30,6,116,108
red,90,40,121,17,5,112,67,26,106,128
red,47,97,144,51,82,0,38,132,147,119
blue,34,46,159,76,128,31,141,121,51,82
red,102,75,150,69,80,34,149,151,76,128
red,0,40,121,49,53,75,46,140,9,70
blue,35,46,109,29,108,22,30,19,8,14
blue,77,46,150,106,82,3,107,151,49,119
red,67,38,7,17,128,90,98,144,85,119
blue,22,26,150,24,121,43,102,89,116,128
red,112,94,32,136,128,135,141,55,17,45
red,0,65,33,24,128,114,102,56,29,82
red,110,30,150,51,128,90,65,151,137,9
blue,112,26,104,17,74,90,87,55,8,128
red,112,28,131,49,128,42,27,120,17,71
red,37,39,94,136,128,22,111,56,29,119
blue,22,102,32,17,45,103,91,33,51,128
blue,0,30,143,76,82,151,28,33,24,128
red,112,125,144,29,160,0,28,136,51,5
red,0,130,91,9,5,31,98,1,109,80
red,107,38,143,29,45,22,40,129,136,53
blue,31,30,41,29,153,0,28,143,69,53
blue,0,47,11,49,5,35,22,121,76,45
blue,37,44,125,129,99,36,54,155,76,96
red,78,38,155,24,100,22,97,159,17,108
blue,110,23,150,51,82,74,61,155,109,16
blue,47,39,124,116,100,135,27,3,133,5
red,112,38,143,9,160,47,107,121,29,53
red,145,13,55,24,5,146,38,143,69,126
red,47,58,56,137,128,107,30,43,9,119
red,131,91,37,17,71,34,30,143,76,5
red,48,75,125,156,153,74,26,124,106,93
red,0,28,125,138,100,43,134,121,129,119
red,110,75,26,17,79,47,38,114,63,128
blue,142,67,115,17,5,53,125,104,49,153
blue,103,130,121,85,70,48,134,68,76,5
blue,151,58,33,29,128,103,142,158,129,100
red,72,134,55,52,100,114,65,150,129,158
red,110,61,124,51,5,127,40,86,109,153
blue,74,65,3,1,123,47,92,2,129,82
red,78,102,124,76,5,110,65,140,85,126
red,90,141,26,116,79,154,74,109,8,53
blue,47,40,55,49,45,114,26,56,76,82
red,135,60,64,122,128,103,65,121,147,96
red,102,87,56,106,93,115,111,89,29,153
blue,0,58,139,156,118,31,87,6,106,5
red,18,87,132,106,82,151,38,29,51,153
red,47,87,19,106,4,114,60,34,85,70
blue,110,87,104,129,153,42,86,64,50,14
red,2,91,89,9,93,90,98,94,69,126
blue,135,67,124,51,70,103,26,10,106,96
red,18,102,71,29,80,131,30,125,63,70
red,31,130,3,8,5,95,88,35,29,53
blue,103,124,48,106,119,22,60,68,108,132
red,103,84,143,51,82,107,58,26,116,118
red,135,141,38,49,71,20,92,150,50,118
blue,18,23,56,17,108,47,38,132,133,153
blue,31,75,155,29,108,34,54,91,76,45
blue,88,40,7,85,119,22,149,159,24,100
red,34,88,7,85,153,22,13,138,29,71
red,57,46,122,29,108,90,40,143,129,70
blue,74,142,37,51,153,78,75,33,24,128
blue,22,13,55,52,82,68,142,33,76,126
blue,110,58,64,51,82,0,87,71,17,126
red,0,98,159,133,70,35,60,109,116,153
blue,59,60,68,156,70,74,75,144,69,119
blue,47,146,140,24,82,78,65,71,129,128
red,37,142,1,137,45,112,60,122,106,66
red,36,60,144,49,128,31,23,150,51,119
red,48,61,23,63,70,43,65,124,29,45
blue,18,65,3,63,126,37,97,142,136,70
red,92,58,144,133,45,48,60,55,50,70
red,35,91,1,51,82,31,60,121,129,128
blue,47,65,144,8,128,127,46,55,24,12
red,114,61,120,52,100,22,26,157,76,119
blue,35,38,143,69,16,103,142,19,51,80
red,34,30,94,116,96,146,154,143,76,53
blue,0,87,94,136,82,127,38,32,9,93
blue,127,154,30,51,82,121,26,94,8,12
red,123,60,122,51,126,104,58,125,54,93
blue,90,40,56,129,82,62,26,151,51,93
blue,103,60,143,49,12,59,130,94,8,82
red,3,125,120,50,158,104,40,33,17,119
red,48,134,125,49,160,72,27,3,76,7
red,62,27,23,49,14,81,38,138,108,15
blue,123,130,23,51,45,0,146,102,147,91
red,22,75,70,109,37,90,142,56,51,5
red,47,98,56,54,148,18,125,122,17,128
blue,0,87,122,116,96,59,23,125,76,82
red,112,13,23,29,80,2,38,121,133,70
blue,31,142,121,116,128,59,154,143,106,45
red,0,30,11,49,153,31,125,71,120,79
red,37,75,129,9,74,131,98,144,109,80
blue,36,134,23,106,109,22,65,139,29,15
blue,34,134,1,29,128,62,61,2,51,16
red,91,125,144,49,119,86,60,121,106,82
blue,90,38,122,29,118,91,28,34,76,5
red,78,38,55,29,12,0,133,23,150,71
blue,31,38,32,41,93,103,61,105,8,128
red,88,125,121,49,6,47,28,94,17,9
red,144,102,150,133,82,0,61,32,29,53
blue,103,125,121,8,114,18,40,144,129,5
red,90,61,143,76,100,127,23,150,51,14
blue,18,30,121,49,5,114,92,159,17,71
blue,0,54,56,49,74,129,38,144,76,82
red,47,60,140,24,128,72,26,2,106,66
red,18,40,57,51,128,0,87,11,29,45
blue,0,38,11,133,100,112,23,109,29,119
blue,112,94,56,29,12,19,23,155,76,82
blue,18,84,34,29,12,0,134,104,17,4
blue,3,54,94,50,45,18,84,131,17,128
blue,18,65,144,9,153,43,145,6,50,128
blue,78,65,55,106,114,18,40,56,76,96
red,18,74,2,17,118,22,40,56,9,99
blue,74,13,32,51,80,127,38,109,137,14
blue,39,38,55,9,153,144,58,18,76,45
blue,103,38,159,76,66,18,65,148,29,96
blue,47,134,154,76,70,18,23,19,116,93
red,18,38,56,138,12,0,75,140,63,153
red,18,26,125,24,93,114,94,140,29,96
red,18,40,11,76,82,39,134,32,54,119
red,18,134,132,17,70,153,23,121,76,96
red,18,142,144,17,79,0,58,26,54,93
blue,107,154,43,24,153,0,38,148,49,120
blue,47,60,155,136,119,131,154,64,9,128
red,0,38,140,24,70,151,26,115,51,159
blue,18,87,55,81,64,0,67,143,24,45
red,18,13,144,49,9,47,104,94,85,158
blue,41,26,150,24,153,48,38,23,85,128
red,18,30,144,116,12,0,27,43,49,45
blue,18,60,109,106,4,47,141,144,129,1
red,102,142,143,133,53,0,67,144,116,153
blue,0,98,55,24,5,110,61,6,9,45
red,113,58,120,51,108,110,141,121,129,70
blue,47,134,155,147,45,31,111,2,51,153
blue,0,54,68,8,16,90,30,129,69,79
red,91,58,23,51,14,72,27,151,69,74
blue,146,60,55,133,79,47,125,124,29,45
red,18,58,32,157,153,117,91,124,116,96
red,151,98,121,52,128,110,65,140,49,45
blue,0,97,121,76,74,110,5,89,8,120
blue,74,91,124,9,100,18,38,37,51,82
blue,78,40,55,8,153,25,58,121,49,74
red,77,38,121,129,93,74,117,55,76,128
red,35,141,124,76,139,22,86,33,17,148
blue,101,46,136,24,14,0,38,1,9,5
blue,103,13,155,54,93,101,102,140,147,128
red,19,26,110,17,158,90,54,154,69,82
red,22,54,101,24,33,18,107,23,150,128
blue,74,38,138,17,53,48,77,157,76,12
red,62,38,23,24,14,110,44,155,106,53
blue,20,74,139,147,100,43,38,120,50,9
red,22,142,7,51,100,74,102,155,106,66
blue,0,98,2,136,100,18,154,107,76,15
red,145,38,56,133,9,62,26,19,156,153
blue,131,65,11,133,9,31,38,105,17,45
blue,35,154,159,17,119,34,111,143,106,14
blue,47,154,158,133,70,18,74,122,156,100
red,114,146,1,49,66,78,65,143,29,109
blue,151,60,132,8,71,101,38,23,136,128
blue,46,38,143,8,128,31,141,138,17,9
blue,31,28,3,51,126,47,149,140,76,70
blue,90,141,1,17,120,18,38,138,133,96
blue,101,94,104,76,108,2,38,151,63,70
blue,78,65,109,137,110,18,84,120,29,66
blue,18,46,69,15,5,0,60,124,29,12
blue,35,61,6,51,4,2,38,150,129,12
red,31,40,21,29,153,114,61,43,136,4
red,90,155,140,63,128,103,38,121,106,12
red,110,84,34,109,9,31,124,121,24,100
blue,110,67,143,137,126,90,78,55,129,119
red,18,38,55,51,66,48,61,121,147,20
red,31,38,33,51,100,90,61,2,106,14
blue,48,38,11,49,148,18,154,120,17,109
blue,156,77,136,8,53,22,26,2,51,82
red,18,38,11,76,14,31,104,71,49,159
red,31,134,89,76,100,110,26,150,106,82
red,31,26,7,51,82,112,74,94,133,96
red,31,87,143,136,80,0,23,33,137,12
red,31,75,140,9,100,127,61,55,51,119
blue,43,13,136,51,91,0,54,151,29,119
blue,112,107,1,9,128,22,154,33,133,93
red,101,23,91,24,82,134,26,151,129,128
red,22,61,33,24,128,135,23,150,76,45
blue,0,40,56,17,45,22,98,33,50,46
blue,18,44,7,106,70,158,30,129,49,53
blue,115,61,158,129,153,78,65,132,51,119
blue,70,13,121,136,123,88,141,1,17,74
red,115,58,121,76,74,59,98,105,51,45
red,102,98,19,49,41,134,58,122,51,120
red,90,141,158,50,79,112,38,122,17,128
blue,0,91,19,17,128,78,142,159,51,82
blue,48,28,122,24,14,31,133,120,9,4
red,92,102,121,129,4,0,58,138,51,74
blue,90,26,19,118,108,112,102,148,136,119
red,47,46,121,76,12,37,13,32,116,153
blue,88,13,94,157,82,47,46,143,29,53
red,97,46,121,137,16,22,26,19,106,82
blue,0,124,158,8,100,22,38,68,29,74
red,103,142,158,41,139,119,13,94,76,160
blue,34,46,138,76,70,88,38,121,78,160
red,115,38,89,51,74,127,65,2,24,93
red,35,102,2,76,160,90,40,32,116,119
red,0,74,72,137,53,104,133,94,69,5
blue,37,26,151,24,128,90,61,89,17,119
red,88,84,132,17,119,134,60,144,109,9
red,22,102,71,9,45,88,142,159,51,74
blue,0,39,91,9,12,102,117,143,51,96
red,103,94,23,76,82,59,38,55,109,108
red,37,98,44,116,96,13,26,94,133,5
red,35,60,121,76,82,47,98,37,29,80
blue,137,40,151,29,53,0,26,159,17,82
blue,101,40,43,17,80,131,154,53,76,71
blue,117,61,91,50,53,131,13,124,17,118
blue,41,40,64,69,128,78,60,89,129,80
red,47,37,151,17,108,43,60,132,51,82
red,0,113,64,69,74,110,67,104,17,66
red,90,149,64,24,4,62,38,93,17,14
blue,103,65,64,51,74,121,23,34,76,82
blue,155,65,121,17,45,2,38,69,136,79
blue,25,37,148,51,108,31,130,6,133,14
blue,53,155,64,24,82,22,37,154,85,93
red,151,84,109,106,82,74,75,0,133,153
blue,137,97,23,50,99,35,67,143,24,128
blue,114,154,121,49,112,34,58,120,137,66
red,19,130,124,24,100,112,40,143,76,71
red,11,23,110,50,126,37,54,150,133,82
blue,88,124,144,116,82,103,134,71,49,108
blue,31,38,1,133,158,37,26,125,49,53
red,72,38,64,51,153,104,125,41,106,5
blue,78,77,91,9,53,22,54,121,129,5
blue,78,113,0,17,71,152,23,124,129,128
red,47,124,89,129,74,97,18,143,76,80
red,47,86,68,129,14,112,75,89,29,153
red,77,125,154,106,99,112,58,1,51,70
blue,110,40,7,116,74,112,60,140,136,70
red,112,98,89,17,119,144,142,132,116,4
blue,103,67,121,24,118,112,98,143,17,80
red,112,87,121,50,14,114,38,9,106,128
red,112,88,1,76,45,91,28,6,109,118
blue,112,40,23,116,100,31,124,11,133,14
blue,88,23,155,29,153,112,78,150,51,118
red,112,61,121,116,160,18,154,2,9,109
red,107,142,33,49,5,92,26,151,51,14
blue,0,61,71,76,123,77,38,89,49,96
blue,101,134,56,76,5,117,65,150,51,82
blue,0,142,143,17,5,47,38,19,9,148
red,36,23,56,49,158,88,75,71,17,70
blue,110,134,144,51,12,46,65,121,17,82
red,18,13,144,17,70,0,134,159,147,45
blue,34,141,143,9,70,20,65,138,76,12
blue,31,92,11,9,80,47,38,71,17,12
blue,36,111,64,51,99,104,84,121,133,12
red,112,38,140,29,53,78,13,1,9,108
blue,36,40,151,8,45,0,26,55,24,14
blue,43,142,155,51,160,35,84,132,9,119
blue,43,154,148,51,82,123,23,33,76,93
red,54,134,57,106,108,151,28,129,116,27
red,107,141,150,69,153,152,102,144,29,44
red,78,130,159,51,66,90,102,144,133,100
blue,88,134,56,51,4,20,102,159,49,5
red,104,58,151,76,53,90,98,89,49,148
blue,47,38,121,24,74,88,86,124,29,148
red,34,30,155,63,70,46,84,140,29,119
blue,46,154,26,29,118,31,23,155,116,100
blue,35,142,136,147,96,110,37,140,106,14
blue,91,61,150,148,4,37,38,89,49,120
red,151,142,41,29,71,110,58,143,17,93
blue,72,75,34,29,153,47,86,132,106,12
blue,75,26,142,17,45,47,44,121,49,128
red,31,86,41,51,128,117,154,26,76,5
blue,145,133,56,51,74,0,60,143,50,45
red,0,13,132,129,74,145,65,109,51,5
blue,145,54,158,17,148,31,40,2,9,53
red,42,87,124,106,91,145,154,81,76,100
blue,35,60,26,63,153,78,111,34,133,16
blue,145,26,143,85,93,0,149,1,24,9
red,146,142,1,29,74,42,13,121,51,108
blue,43,60,143,69,80,145,75,121,51,82
blue,81,141,11,9,128,78,77,155,156,70
red,112,141,32,24,128,25,13,1,29,119
blue,62,58,47,17,12,131,23,20,116,119
blue,31,13,35,109,119,152,54,1,17,82
red,101,154,3,144,153,22,114,146,29,53
blue,22,61,138,17,5,152,65,11,133,74
red,107,38,68,69,79,110,98,56,17,99
blue,22,87,151,116,153,39,111,104,51,110
blue,135,54,151,85,119,57,134,94,76,66
blue,34,23,43,51,96,31,141,2,76,45
red,134,40,3,50,45,62,98,122,106,96
blue,107,60,104,17,100,62,27,26,63,70
red,73,58,33,49,12,62,130,138,129,100
blue,103,142,56,51,53,35,84,43,29,41
blue,34,61,138,17,108,18,26,143,76,12
red,62,102,34,157,128,3,84,154,51,5
blue,88,142,2,8,4,78,84,35,76,82
red,90,58,33,29,82,123,84,155,147,119
red,0,61,144,9,82,31,54,94,50,70
red,127,40,53,129,82,110,67,121,48,91
red,151,26,55,129,93,47,141,32,76,29
red,0,77,143,133,159,2,38,55,51,29
blue,144,30,155,49,53,121,26,77,76,99
red,20,86,155,29,9,23,61,56,85,160
red,67,113,150,76,14,81,102,144,49,45
red,86,84,144,8,45,155,135,121,17,79
red,41,86,90,116,100,151,134,121,17,70
red,112,130,33,9,108,146,40,155,156,66
blue,59,65,155,51,37,115,40,2,129,45
blue,78,26,155,51,119,37,61,150,49,30
blue,101,40,143,29,45,47,134,155,136,119
blue,101,92,150,120,126,103,38,23,137,70
red,112,155,143,147,74,47,13,1,116,82
blue,121,38,64,106,80,135,87,73,133,9
blue,110,27,121,76,160,62,60,137,120,119
blue,31,133,11,76,118,47,87,122,51,80
red,143,154,155,106,80,62,133,121,76,82
blue,146,67,114,51,148,22,141,155,50,80
red,0,54,103,17,80,110,67,43,120,45
blue,115,28,71,24,80,22,54,155,76,119
blue,48,61,136,17,70,19,67,155,49,82
red,120,97,155,29,74,137,46,1,138,108
red,43,154,155,24,5,36,30,64,76,74
red,103,60,121,24,45,101,98,21,137,126
blue,135,61,143,116,139,151,46,64,17,9
blue,155,58,37,17,100,35,61,72,49,139
red,39,134,101,76,45,47,130,55,51,5
blue,103,38,132,116,9,31,26,155,133,74
blue,3,38,143,156,9,51,92,35,24,82
blue,137,13,72,29,14,43,26,151,133,74
blue,152,60,154,24,121,107,26,155,133,70
red,115,154,91,133,100,152,107,155,50,70
red,78,26,155,116,79,112,113,138,17,71
blue,0,75,133,136,153,18,134,143,69,15
blue,72,54,94,51,128,34,26,144,8,70
red,103,38,143,51,80,137,65,1,76,15
red,57,38,20,49,158,115,155,124,29,121
red,131,37,125,24,53,134,149,155,54,158
blue,95,13,155,51,74,115,111,121,9,100
red,155,38,55,76,74,37,141,158,133,70
red,91,13,158,76,71,51,58,120,29,70
red,137,61,143,109,110,74,65,55,51,122
red,151,40,1,9,128,114,78,121,29,126
blue,35,38,121,51,70,47,40,87,116,80
red,137,26,94,109,118,88,38,64,17,160
blue,88,65,121,76,153,92,58,133,106,99
red,131,124,143,69,91,112,38,2,52,128
red,103,23,143,116,80,43,97,1,51,82
red,31,38,121,76,82,114,40,39,109,108
red,78,134,155,76,109,90,54,143,49,45
blue,121,84,64,76,9,36,54,33,17,16
red,129,142,159,76,14,31,40,53,17,118
red,121,65,73,9,109,112,30,7,17,119
red,144,134,69,29,153,123,60,150,24,148
blue,103,38,68,9,148,53,60,1,17,12
blue,62,23,143,76,109,103,38,124,24,153
red,88,60,150,109,153,81,134,124,29,118
red,47,38,121,85,119,34,26,75,129,45
red,90,124,151,17,53,31,58,157,24,82
blue,151,54,142,29,53,3,60,11,17,12
blue,20,23,94,17,45,34,38,138,24,119
blue,22,134,32,76,66,114,86,143,137,93
red,2,125,0,109,5,78,38,144,136,153
blue,103,125,2,17,148,107,146,121,24,128
red,77,65,125,109,12,34,28,155,116,153
red,1,134,125,24,15,110,30,2,17,93
red,18,65,121,76,93,35,44,64,17,82
red,35,141,59,51,119,34,65,2,17,93
red,18,97,120,76,108,22,58,155,51,100
red,146,38,143,29,119,112,65,1,51,93
blue,152,38,140,24,93,103,40,143,76,109
blue,95,61,143,156,16,152,97,121,24,93
red,112,58,19,106,93,59,54,155,129,108
red,36,26,136,29,128,35,154,129,63,70
blue,34,84,144,69,93,127,134,124,51,158
blue,0,54,69,106,82,137,65,124,29,45
blue,145,65,125,52,128,83,87,150,24,45
red,78,65,143,49,45,110,60,11,9,70
red,101,30,143,76,109,0,38,140,52,126
red,74,130,56,51,14,18,23,110,129,93
red,57,142,121,24,93,18,58,33,76,71
blue,22,54,129,137,66,103,30,56,24,93
red,95,38,140,9,160,37,125,110,69,93
red,18,23,19,76,109,90,61,0,49,5
blue,31,54,155,119,108,107,65,19,76,99
blue,3,38,143,108,139,115,65,26,129,53
red,91,74,56,51,45,103,60,124,76,82
blue,72,134,132,49,158,0,77,109,24,100
blue,0,134,143,17,118,103,86,121,137,45
blue,34,38,132,133,70,31,97,104,76,9
blue,103,98,144,109,118,131,134,143,29,14
blue,102,133,121,17,109,84,92,33,24,93
blue,90,87,55,69,80,18,97,7,76,100
blue,113,65,89,29,118,117,134,7,116,108
red,149,13,139,76,82,151,23,71,133,70
red,134,26,143,29,45,18,154,87,136,120
blue,43,27,15,17,119,47,125,19,49,160
blue,0,54,142,29,148,39,38,79,76,158
blue,114,142,138,29,12,121,134,104,133,119
red,31,44,155,85,82,151,58,71,9,153
blue,78,117,133,109,76,88,154,41,106,9
red,125,117,94,109,158,0,44,56,53,160
blue,62,38,83,17,148,131,58,1,109,118
blue,35,142,121,51,118,18,30,43,109,70
red,78,107,138,109,5,22,60,7,17,70
blue,115,86,53,51,93,0,65,56,109,5
blue,90,46,55,63,70,130,26,88,109,93
blue,101,125,140,52,126,103,155,132,109,108
red,22,67,125,29,104,135,65,93,109,148
blue,115,125,1,109,108,135,134,120,133,158
red,43,65,143,109,74,136,60,55,116,119
blue,110,61,121,29,153,62,13,157,1,14
blue,22,75,26,24,53,35,38,101,109,92
blue,72,134,155,50,108,31,141,23,109,79
red,90,141,56,109,82,134,26,2,156,153
blue,22,74,110,137,109,134,141,120,76,82
blue,103,30,10,29,80,84,134,55,49,93
red,0,65,143,151,119,25,125,26,29,9
blue,131,86,64,29,109,74,30,26,17,128
blue,114,38,94,8,158,151,142,120,50,93
blue,107,94,104,49,153,123,54,121,17,12
red,107,13,56,9,70,154,142,121,24,79
blue,31,58,143,129,71,107,102,121,69,53
blue,34,26,89,51,80,20,149,150,49,118
red,74,84,43,156,118,101,27,89,51,70
blue,43,38,122,133,160,151,134,150,76,12
blue,103,60,148,133,53,0,84,68,8,5
red,0,142,121,51,128,36,102,120,106,99
red,22,84,7,76,128,74,142,144,51,119
red,77,142,143,116,53,31,58,122,17,12
blue,110,26,155,24,5,31,54,104,76,160
red,144,97,150,49,100,36,23,148,17,12
blue,115,61,33,9,119,34,65,19,24,5
red,78,155,56,8,14,127,65,71,116,100
red,78,65,68,17,119,90,92,56,29,45
blue,47,38,11,69,80,78,60,143,49,45
blue,59,77,55,136,93,115,149,121,24,70
blue,43,102,120,51,126,48,98,11,106,66
red,31,87,143,29,53,115,40,144,109,108
blue,35,38,122,51,100,48,46,94,49,148
red,43,26,55,133,153,34,38,132,129,80
blue,47,98,138,49,45,18,38,73,147,128
blue,134,28,143,17,93,34,113,71,109,14
red,115,46,26,109,119,78,67,155,69,70
blue,77,54,155,116,93,97,38,2,51,70
red,74,27,3,109,128,137,149,1,76,71
red,37,58,2,17,71,151,87,140,116,148
blue,134,38,132,17,80,84,46,1,49,53
blue,74,145,140,85,126,151,38,121,109,82
red,47,46,35,17,79,18,65,121,137,70
red,22,75,2,116,119,0,134,62,29,153
red,11,40,94,156,153,151,142,155,8,45
red,101,26,125,129,14,110,23,150,76,109
blue,77,134,159,51,74,22,61,32,54,93
red,123,87,155,29,119,90,75,122,129,93
red,101,75,21,129,93,131,134,121,50,100
blue,62,38,157,51,74,35,107,56,76,93
red,62,60,144,106,153,90,75,151,63,70
red,110,60,102,9,93,97,26,35,133,45
blue,78,58,155,24,100,22,67,129,50,45
red,47,38,55,85,109,78,91,121,9,53
blue,135,65,6,24,16,18,67,94,17,82
blue,62,37,1,150,4,25,113,23,49,93
blue,81,141,41,129,45,43,133,122,147,99
blue,0,92,21,133,15,31,67,151,129,128
red,20,38,151,51,93,104,154,150,129,96
blue,72,102,143,24,128,0,38,159,17,119
red,47,67,125,50,45,101,61,33,24,53
blue,101,54,23,24,119,74,97,6,50,128
red,47,40,33,116,9,31,142,32,24,14
red,22,38,1,24,70,57,142,159,156,153
blue,0,133,43,76,160,110,13,109,24,99
blue,110,98,138,133,70,90,142,1,24,82
red,137,86,71,24,100,72,38,101,29,45
red,112,13,55,17,53,88,86,143,24,5
red,77,60,109,24,71,104,26,0,50,79
blue,114,61,121,51,126,78,113,2,50,100
red,47,28,139,49,70,20,75,120,24,91
red,0,154,94,29,100,46,44,121,9,70
red,31,134,121,129,5,22,154,109,137,80
red,115,61,56,17,92,154,60,55,9,119
red,90,38,143,106,126,107,154,150,17,12
red,18,154,56,51,82,90,142,64,76,4
blue,103,54,144,0,153,31,154,53,106,5
blue,101,154,121,17,79,3,60,1,106,110
red,78,27,94,8,128,110,75,120,49,45
blue,31,23,56,155,91,101,87,34,6,158
blue,90,54,91,17,71,43,86,121,52,93
red,90,58,94,24,70,91,65,73,137,100
red,47,134,56,129,93,102,26,151,51,4
red,78,125,2,136,128,144,26,151,49,70
red,129,111,148,136,108,151,26,21,109,128
red,131,40,34,109,5,117,149,122,17,53
blue,34,26,158,116,79,107,74,125,49,148
red,101,61,121,29,128,2,142,133,76,160
red,90,40,19,133,53,131,30,159,106,5
red,47,38,159,17,41,151,40,10,76,5
blue,113,46,105,51,82,48,30,68,17,45
red,114,38,150,9,153,84,77,27,51,66
red,146,130,71,76,93,121,38,1,9,74
blue,31,13,121,17,100,110,46,109,24,74
red,112,46,33,106,93,74,38,64,51,66
red,127,65,2,29,45,123,149,159,129,82
blue,129,61,119,116,6,35,65,49,133,12
red,102,38,32,109,123,31,154,2,106,82
red,0,60,64,137,159,154,125,138,76,119
red,57,65,122,129,74,37,107,26,76,91
red,3,142,104,76,153,34,27,143,29,74
red,77,134,143,29,15,18,87,104,51,119
blue,101,130,43,17,100,0,107,144,69,16
red,0,84,69,109,99,151,142,56,76,45
red,90,98,43,51,128,112,58,34,29,108
red,0,61,43,76,45,36,58,158,133,153
red,134,145,43,133,74,152,40,11,137,153
blue,36,125,143,129,66,131,38,23,133,74
red,36,130,56,137,70,114,38,43,17,79
blue,121,130,43,133,70,88,40,1,76,53
red,114,74,143,76,70,107,142,140,24,41
blue,78,92,155,133,119,115,46,122,51,128
red,101,107,26,76,53,90,60,56,109,9
red,35,28,59,129,5,110,54,143,69,45
blue,22,67,32,116,71,90,38,159,76,66
blue,18,97,121,29,54,37,142,143,116,158
red,90,60,143,76,128,146,134,56,29,153
blue,123,113,56,136,160,0,102,121,29,53
red,90,102,64,116,108,101,60,144,51,128
blue,90,65,124,9,45,0,134,33,50,91
blue,146,154,48,76,66,0,38,121,49,9
blue,43,38,48,69,148,0,13,159,116,12
blue,48,38,1,51,93,0,23,109,29,111
red,135,142,104,17,153,88,154,24,129,82
blue,114,125,43,137,153,92,134,155,9,118
blue,36,40,19,51,109,37,58,155,49,79
blue,114,38,27,49,70,0,30,34,133,45
red,90,102,159,29,108,39,154,143,17,71
red,31,58,83,29,79,101,74,138,106,100
red,0,54,144,106,82,152,30,26,51,96
red,107,37,144,8,14,74,38,121,76,96
blue,110,37,48,51,100,90,26,101,8,70
blue,121,38,56,8,16,90,67,1,76,74
red,37,87,155,133,118,31,67,151,9,148
blue,31,102,3,137,119,74,26,155,63,118
blue,74,28,3,137,100,37,142,43,76,119
red,60,86,124,147,4,35,27,33,17,66
blue,18,13,158,50,160,115,58,129,71,109
blue,136,58,0,49,12,31,26,150,9,45
red,42,60,143,49,79,35,26,155,9,100
red,37,97,35,137,109,107,142,139,29,66
red,103,75,143,76,5,127,154,120,17,158
red,115,26,101,24,119,35,38,83,137,160
blue,31,134,56,133,74,59,13,125,17,128
blue,43,61,2,69,45,48,30,125,106,5
red,57,46,140,106,157,31,134,154,138,108
blue,112,28,3,76,160,0,84,144,17,91
red,36,26,41,76,14,22,27,6,9,74
blue,22,87,124,9,70,101,141,140,76,119
blue,101,38,132,8,14,102,113,33,17,119
blue,0,61,143,76,160,47,134,148,51,71
red,91,102,6,109,93,31,107,41,52,119
red,31,61,89,24,14,150,5,144,49,82
blue,104,134,143,50,158,22,133,68,24,82
blue,34,40,89,29,108,31,67,1,50,119
red,37,44,151,116,93,114,47,55,24,82
blue,0,113,155,157,76,31,97,73,156,53
blue,18,65,144,51,82,84,149,23,49,148
red,11,77,64,69,16,151,98,26,76,4
blue,2,87,129,156,14,101,38,26,76,100
red,152,141,140,24,96,101,13,1,49,71
red,62,134,1,133,12,78,46,151,157,74
red,112,23,32,129,16,2,60,150,85,93
blue,22,84,6,76,5,90,60,150,109,93
red,90,102,124,24,18,72,38,109,136,5
blue,0,142,132,8,53,22,38,104,49,5
red,22,87,138,63,100,103,61,1,150,82
blue,0,40,19,136,45,18,46,138,17,66
red,115,134,55,29,96,112,38,124,49,109
blue,34,98,55,137,158,103,142,121,85,12
red,0,60,3,109,12,145,82,121,17,71
red,22,154,94,17,9,151,63,155,116,158
blue,0,60,56,17,82,74,38,132,51,70
blue,103,30,94,51,80,36,38,159,76,4
red,38,58,73,17,9,36,26,150,133,53
blue,31,38,121,17,74,46,23,83,106,5
red,90,61,56,106,5,151,134,136,52,100
blue,110,77,120,49,9,151,58,143,8,45
red,135,125,143,29,53,78,58,26,24,14
red,0,46,143,76,119,22,38,120,69,53
blue,101,61,55,133,112,78,13,132,29,82
blue,18,87,89,76,158,101,97,57,17,79
red,31,97,124,51,4,78,65,71,76,12
blue,0,61,143,106,82,43,38,138,49,148
blue,91,40,143,71,9,104,38,121,50,70
blue,103,23,121,51,108,123,13,37,76,128
red,110,61,56,8,12,88,38,144,51,128
blue,0,125,122,51,82,31,124,11,106,126
red,18,38,89,24,82,48,92,2,76,5
blue,81,54,11,51,128,107,26,155,50,15
blue,90,130,119,106,160,0,91,148,51,99
red,151,54,125,9,110,34,38,89,17,79
red,34,107,143,24,100,22,38,55,76,123
blue,34,117,55,129,12,36,60,159,137,54
red,34,65,55,24,96,112,149,121,147,5
blue,145,142,143,85,119,134,38,2,51,108
blue,152,142,109,106,93,36,46,19,51,153
blue,48,74,19,129,5,34,28,125,29,148
red,134,61,124,57,70,72,38,64,76,45
blue,74,141,121,116,119,134,61,56,29,96
red,0,87,68,106,93,90,111,56,51,5
blue,123,13,21,51,93,0,58,143,49,107
red,114,142,1,51,82,151,86,7,52,9
red,110,44,121,51,128,101,40,140,85,70
blue,34,104,125,136,70,114,142,1,17,53
blue,146,65,74,17,122,0,154,26,106,153
blue,59,38,73,116,153,34,40,104,49,109
red,78,134,68,76,158,22,38,53,116,153
red,103,13,144,50,158,114,26,151,54,82
red,144,75,94,116,153,47,107,159,29,109
blue,0,13,120,133,70,91,54,94,106,99
red,48,58,13,129,14,18,61,144,49,16
red,134,67,150,17,82,0,141,144,29,53
blue,127,134,56,24,74,0,91,3,29,53
red,3,65,55,76,59,91,141,56,157,108
blue,31,60,64,17,70,42,77,140,49,160
blue,74,104,56,51,80,78,102,44,76,4
red,22,26,132,29,93,74,39,83,17,76
blue,39,61,151,50,70,59,38,120,29,118
red,91,98,41,3,45,103,134,59,129,70
red,103,30,64,76,80,31,77,2,106,91
red,22,23,150,147,12,47,40,43,106,119
red,92,30,1,51,91,90,46,55,50,119
blue,101,65,132,129,12,112,61,1,50,82
red,107,13,56,50,16,92,155,144,76,14
blue,114,142,104,116,45,72,155,26,50,6
blue,91,38,121,50,5,145,124,110,116,45
blue,0,40,140,76,100,3,13,56,129,82
red,0,77,1,50,80,18,13,55,133,5
blue,34,54,68,49,160,90,142,143,17,80
red,47,67,114,50,160,136,65,94,17,128
blue,151,27,121,106,4,22,23,94,50,96
red,90,86,32,106,82,112,125,144,116,70
red,22,38,89,129,70,48,97,56,116,64
red,123,28,155,49,158,136,91,121,76,64
blue,36,38,35,29,82,69,28,155,51,79
blue,35,134,32,50,64,127,38,33,29,45
blue,135,134,143,49,82,123,84,136,51,93
blue,31,58,121,85,74,57,141,129,17,5
red,36,30,43,9,53,123,154,151,17,153
blue,18,44,150,133,70,110,23,155,50,108
blue,35,58,159,17,120,18,65,144,116,71
blue,97,91,64,17,153,74,86,71,133,109
red,72,60,159,116,109,42,113,124,29,76
red,90,75,101,51,128,0,26,121,106,14
blue,90,26,56,9,128,47,54,125,51,93
red,43,107,121,29,148,2,124,155,50,128
red,144,38,110,29,9,121,142,72,17,53
blue,131,61,56,106,66,31,65,2,76,15
blue,22,28,155,133,100,135,30,121,17,119
blue,114,46,121,116,12,88,65,1,29,45
red,151,65,33,9,45,0,44,56,49,53
blue,78,92,150,41,128,151,46,121,49,45
blue,74,98,64,51,158,22,65,140,76,108
red,59,23,150,8,96,3,77,35,49,160
red,31,141,132,69,93,101,26,155,147,108
red,121,60,120,76,14,74,98,7,49,148
blue,146,38,32,51,16,91,134,159,109,9
blue,101,145,56,106,45,37,60,121,24,82
red,11,38,136,106,74,113,26,155,9,15
red,43,65,72,133,153,114,84,155,51,15
red,90,54,155,133,126,34,67,151,106,128
blue,115,38,109,50,70,35,134,120,17,79
red,2,60,155,76,82,110,38,146,29,53
red,22,65,120,106,96,0,67,83,51,45
blue,90,65,144,54,9,18,60,121,49,119
red,112,125,19,29,74,107,65,121,9,119
red,115,141,138,69,70,127,58,35,49,71
red,110,40,53,76,70,107,13,136,137,80
blue,81,46,139,49,120,112,38,157,137,14
blue,42,133,1,29,128,91,65,11,137,153
red,112,142,132,43,71,78,58,81,17,79
red,36,98,129,9,128,38,65,25,133,153
blue,31,91,132,116,79,112,125,2,76,100
red,134,58,105,116,93,88,61,143,76,45
blue,110,38,159,50,100,88,61,54,51,5
red,47,25,23,17,118,88,58,132,8,82
red,41,84,88,147,14,101,38,132,129,93
blue,112,38,2,8,12,88,98,138,109,108
blue,88,67,125,129,76,131,65,124,49,12
red,88,30,94,51,5,131,65,121,129,118
blue,110,98,114,51,53,88,134,143,50,153
red,88,102,2,109,108,134,84,94,133,158
blue,48,75,121,150,4,110,61,138,76,14
blue,88,75,48,76,14,144,65,110,17,79
red,88,23,34,116,118,114,81,121,106,99
blue,88,134,155,51,148,22,98,125,137,119
blue,88,40,125,116,70,104,27,155,129,53
red,88,125,121,51,100,112,111,37,9,70
red,88,47,104,51,80,22,40,1,76,45
red,88,60,121,133,12,78,58,18,138,153
red,0,23,150,129,100,88,28,101,76,93
blue,20,38,1,129,121,88,124,152,29,100
blue,88,142,109,24,128,152,102,129,51,82
red,3,54,64,76,5,31,65,68,129,82
blue,74,61,125,109,82,95,102,140,116,70
red,31,38,155,120,82,36,75,89,49,128
red,18,26,94,17,71,103,38,23,8,120
red,103,141,10,17,53,110,61,109,9,119
red,103,102,19,24,14,41,146,131,8,119
blue,90,60,121,17,14,95,75,33,133,160
red,43,27,56,51,119,18,88,1,76,33
red,47,30,102,51,14,38,40,144,17,45
red,117,38,68,76,109,18,84,155,17,71
blue,18,91,33,9,119,94,23,150,76,149
red,90,113,55,51,70,88,39,26,129,16
blue,154,134,143,17,119,90,13,140,76,12
blue,35,54,151,76,158,114,40,3,49,139
red,0,74,1,76,53,91,46,122,51,93
blue,78,77,155,51,118,127,38,121,17,119
red,47,61,55,8,118,90,60,21,17,119
blue,146,23,151,50,119,31,77,132,51,99
red,103,61,120,50,53,0,27,133,51,74
red,42,65,138,51,160,47,23,43,123,108
blue,112,113,107,24,93,78,38,138,29,128
blue,78,13,138,137,119,88,23,46,17,160
blue,90,61,64,147,100,39,38,151,69,80
blue,35,75,11,76,100,134,67,142,109,66
blue,18,94,104,51,119,135,65,2,24,53
blue,11,60,10,51,82,2,75,94,24,70
red,134,84,33,29,14,34,142,2,17,4
red,31,142,125,51,45,55,145,94,106,82
blue,78,46,59,76,93,104,97,56,17,109
red,114,26,7,76,66,0,142,143,136,82
blue,126,102,131,106,5,2,46,59,24,53
red,107,40,51,50,70,34,38,59,8,99
blue,34,38,71,49,93,31,125,122,76,82
red,120,38,59,29,119,0,155,69,106,100
blue,34,130,159,29,108,25,60,26,51,41
blue,143,58,124,76,100,18,107,68,29,80
blue,47,46,11,106,82,104,67,151,116,100
red,0,38,124,49,109,31,79,1,106,82
red,78,134,53,133,153,151,58,19,8,128
blue,84,130,55,116,153,95,134,57,51,118
blue,31,38,55,50,45,0,141,143,69,53
blue,101,154,21,76,96,2,97,155,136,53
red,31,142,144,29,119,0,154,159,17,53
red,46,38,121,9,119,90,98,6,51,100
red,84,38,132,17,100,112,125,155,41,12
blue,0,58,11,24,53,101,38,121,69,80
blue,43,142,158,116,53,34,65,104,132,108
red,48,111,7,24,128,0,130,124,156,153
blue,47,46,143,17,71,18,154,63,8,158
blue,43,61,120,147,74,0,65,19,29,4
blue,131,134,11,9,70,103,26,69,29,100
red,18,134,83,51,14,103,149,121,9,126
red,0,134,94,29,45,53,28,155,129,128
red,43,155,64,137,70,90,134,110,29,82
blue,77,155,139,106,66,146,94,140,51,41
blue,18,23,155,17,71,78,40,32,49,53
blue,95,142,150,63,70,0,155,54,76,74
red,144,155,121,85,153,0,13,41,76,74
blue,115,155,132,76,14,36,107,125,29,126
red,22,142,56,51,128,95,46,155,120,45
blue,121,155,94,116,14,31,60,41,109,108
blue,0,65,64,17,119,46,94,140,76,74
blue,114,28,150,106,82,31,155,1,157,100
blue,72,23,43,109,118,0,155,11,29,119
red,22,155,143,109,108,107,13,7,19,53
blue,59,28,150,133,100,103,155,56,76,118
red,0,134,68,50,100,74,155,121,116,119
blue,36,67,26,133,53,127,155,121,29,148
blue,90,98,155,85,53,78,65,35,76,160
blue,114,149,155,9,109,0,26,56,76,119
blue,18,125,132,85,126,31,102,55,76,119
blue,115,23,131,17,79,78,155,151,116,9
red,35,155,143,76,148,74,86,104,9,119
blue,0,58,83,9,96,151,155,121,109,118
blue,78,65,20,76,119,0,30,155,51,66
blue,0,134,2,133,80,57,23,155,17,53
red,22,54,155,43,148,115,87,94,133,126
red,103,22,142,136,93,127,38,56,49,16
red,151,84,68,51,153,47,58,138,49,119
red,117,23,150,29,45,144,40,91,17,119
red,92,142,64,49,53,103,40,2,76,66
red,146,40,2,49,108,0,58,121,157,128
red,31,58,26,51,82,18,61,140,49,12
blue,101,87,121,17,79,110,58,158,9,160
red,25,60,68,133,70,37,58,94,9,53
blue,90,102,144,106,15,91,58,121,50,53
red,0,134,83,122,93,74,61,7,24,16
blue,18,61,121,29,41,0,102,89,116,14
blue,110,61,2,136,100,103,84,31,8,119
red,22,94,32,76,5,151,27,90,133,118
red,90,97,148,133,16,78,38,143,24,82
blue,31,92,6,133,118,77,30,151,85,5
red,115,134,121,76,128,158,75,124,116,45
red,114,77,35,52,82,18,142,143,29,118
red,131,38,121,129,99,91,54,107,156,153
blue,35,142,121,136,119,131,141,159,51,99
blue,127,87,55,29,128,131,98,11,76,5
blue,142,134,159,24,160,59,58,110,69,53
blue,43,61,1,49,45,18,113,124,76,126
red,72,58,81,51,45,0,134,120,137,70
red,101,54,155,147,126,151,38,26,106,14
red,90,38,1,76,66,0,91,154,17,71
red,22,26,125,51,66,74,86,120,17,82
blue,0,102,55,133,153,88,60,121,17,100
red,48,160,125,147,118,143,38,2,50,123
blue,22,146,104,76,45,78,88,3,17,119
blue,31,23,94,150,70,0,27,125,17,82
red,90,124,129,15,66,31,65,143,76,53
blue,36,149,143,51,33,141,111,155,15,109
blue,0,67,56,51,128,22,124,3,147,45
red,62,23,1,85,118,90,142,71,147,153
blue,48,65,140,129,119,88,26,155,17,99
red,110,130,138,51,93,28,40,1,17,153
blue,0,67,64,29,108,81,130,55,51,45
blue,0,142,20,106,109,42,65,136,133,70
blue,59,46,42,17,126,151,67,136,54,5
red,88,5,143,49,71,151,23,89,147,70
red,13,61,33,17,53,103,141,121,137,70
blue,78,149,1,76,82,22,98,6,17,14
red,23,61,56,147,4,134,86,73,51,82
blue,35,142,7,137,160,47,107,159,147,119
blue,110,142,158,116,53,151,60,143,147,12
red,0,60,94,147,160,101,98,2,76,112
red,43,26,2,147,100,42,141,143,106,74
blue,59,86,144,76,53,43,145,62,85,93
blue,112,134,54,17,74,101,67,125,15,153
blue,81,75,121,8,148,62,27,151,17,82
blue,112,13,155,32,5,39,40,121,76,119
red,88,124,144,85,79,151,97,94,133,11
red,129,61,112,106,82,0,88,55,76,100
red,112,61,69,15,120,55,155,124,76,16
blue,20,40,26,9,108,0,27,132,76,158
blue,57,54,155,9,93,88,75,59,49,119
blue,74,142,144,49,108,43,38,143,17,79
blue,0,141,2,15,5,131,58,33,76,14
red,18,38,64,85,126,34,141,2,51,45
blue,101,97,23,49,71,142,27,143,29,70
blue,78,13,109,129,80,114,40,71,120,108
red,154,97,69,122,53,47,54,137,76,93
red,101,125,33,156,14,34,60,56,17,53
blue,114,117,151,17,148,46,98,55,50,74
red,114,149,7,49,53,35,97,144,76,153
red,31,141,144,50,45,101,124,33,49,100
blue,62,26,140,9,119,151,30,144,76,14
red,18,58,89,43,109,31,130,151,50,70
blue,31,28,83,129,80,134,87,21,76,16
blue,151,154,148,85,82,114,58,55,51,93
red,107,28,109,150,128,74,65,89,17,93
red,107,58,121,51,12,101,84,83,24,45
red,47,23,150,17,80,135,13,144,52,128
blue,48,46,33,51,15,112,155,132,17,79
blue,18,102,110,76,148,22,26,155,129,82
blue,31,141,56,29,108,22,54,110,116,153
blue,95,28,151,51,100,134,13,155,129,139
blue,150,154,68,8,45,20,155,56,29,74
red,15,65,155,76,66,159,77,90,51,100
blue,78,26,110,29,153,103,38,121,69,66
blue,31,54,155,51,100,74,61,78,50,70
blue,110,54,94,9,53,114,141,155,17,66
red,115,134,155,156,82,110,65,73,49,119
blue,127,58,155,51,45,107,38,143,106,93
red,90,54,150,116,108,9,74,144,79,153
red,112,26,94,29,12,0,155,71,136,53
blue,81,13,158,51,128,103,46,138,85,70
blue,110,86,64,138,5,103,54,144,137,12
red,57,38,125,17,79,0,61,2,129,70
red,81,155,2,137,74,31,60,71,106,79
blue,112,58,64,106,93,134,65,19,76,96
blue,47,26,155,17,71,145,38,143,76,109
blue,21,107,31,138,74,137,75,55,50,5
blue,90,30,125,17,128,35,88,139,76,5
red,103,142,138,51,82,22,54,94,50,100
red,22,26,158,24,82,18,86,87,106,148
blue,103,75,138,17,128,110,13,89,106,97
red,154,13,11,24,118,107,84,151,51,130
blue,131,30,1,76,5,151,124,2,17,14
blue,81,141,23,76,45,3,26,155,109,12
blue,101,38,2,137,87,103,40,57,51,119
blue,101,61,55,29,119,31,65,114,51,89
blue,48,13,121,133,14,101,124,10,129,99
blue,101,25,2,76,148,131,134,3,29,53
blue,25,46,55,17,79,7,98,33,136,118
blue,114,54,94,133,9,65,86,120,76,45
red,101,60,2,54,76,103,58,121,106,100
blue,47,91,57,17,53,151,79,114,136,100
blue,22,133,56,69,100,110,26,6,51,82
blue,114,27,3,24,91,110,141,121,50,53
red,131,60,121,52,128,25,75,3,9,100
red,31,134,7,69,93,113,65,140,29,110
blue,101,154,143,76,96,81,28,151,129,93
blue,18,142,159,137,14,81,114,25,133,70
red,78,40,144,133,153,31,38,37,137,93
red,35,98,143,50,45,0,97,139,76,66
red,90,27,2,17,79,18,26,143,49,12
red,22,141,64,109,108,88,75,89,54,80
red,18,142,56,106,45,88,26,2,17,9
blue,0,60,140,9,128,47,46,15,106,93
red,0,84,11,129,14,2,58,15,76,74
blue,81,27,143,50,14,90,28,3,85,153
red,0,61,134,49,71,31,67,136,9,70
red,0,134,124,76,158,103,75,143,8,96
blue,103,38,144,116,12,90,46,121,24,14
blue,103,102,109,136,96,79,38,144,49,45
red,115,38,89,51,66,74,40,7,76,99
blue,0,30,143,49,45,34,29,120,38,160
red,25,38,2,76,14,114,125,144,129,70
red,110,38,104,50,5,0,78,121,85,70
red,137,38,33,76,12,114,125,94,109,153
red,152,38,26,137,126,90,40,143,69,70
red,47,26,11,24,74,78,58,125,49,53
red,57,87,155,29,119,115,124,125,49,53
red,143,38,97,156,108,121,87,103,76,45
red,103,38,11,156,53,47,98,56,8,100
blue,110,28,151,51,14,34,91,143,50,93
red,97,61,33,9,119,110,23,62,43,80
red,48,38,56,76,128,0,75,2,133,82
blue,62,67,131,76,79,22,75,114,116,99
blue,47,28,56,76,82,75,97,2,106,16
blue,31,75,68,76,70,110,124,143,29,153
red,112,28,19,76,79,0,38,32,51,45
red,74,75,138,76,118,22,86,159,17,128
red,31,75,143,116,153,103,98,157,50,66
blue,0,107,63,116,118,47,98,140,106,71
blue,135,38,140,29,12,0,154,121,147,5
red,78,124,150,106,82,112,38,144,116,148
blue,145,58,136,51,118,90,13,140,76,71
blue,131,60,120,137,14,48,141,140,76,80
red,78,38,64,8,93,74,77,2,9,45
blue,103,38,138,109,100,151,13,23,24,118
red,101,146,125,76,119,18,40,7,129,5
red,110,60,140,137,153,72,149,136,129,5
red,72,13,120,29,82,43,65,109,17,74
blue,90,26,155,129,93,0,97,6,76,82
blue,1,26,155,137,12,48,74,114,109,82
blue,31,124,56,8,53,74,67,121,51,5
blue,158,38,3,116,126,70,75,144,51,53
blue,47,84,55,8,16,103,133,140,85,126
blue,74,67,32,50,82,34,142,1,116,5
blue,47,65,23,9,90,20,61,121,133,82
red,114,60,73,85,108,0,75,11,29,153
red,41,38,43,51,82,104,86,138,106,79
red,81,38,122,106,82,35,92,138,51,66
blue,0,38,71,76,66,41,98,11,133,82
blue,134,86,78,51,33,0,38,120,17,5
red,20,38,150,69,1,110,54,121,147,82
red,112,58,120,29,82,31,65,23,157,128
red,18,38,1,50,5,145,130,143,137,153
blue,36,38,140,76,153,31,58,56,133,82
blue,35,23,89,50,70,146,26,0,147,12
blue,144,38,56,133,5,120,98,89,17,148
blue,114,58,148,17,82,20,124,0,69,5
red,23,98,3,49,12,142,46,56,29,108
blue,104,38,20,51,82,22,84,19,106,4
red,37,142,121,51,93,22,102,2,76,148
blue,90,75,94,64,82,115,58,121,9,74
blue,0,38,143,116,119,22,111,120,51,96
blue,31,28,158,29,66,20,60,151,54,14
blue,110,58,78,116,153,47,142,143,52,5
red,36,65,140,49,82,78,98,155,133,70
blue,59,142,91,24,128,152,60,73,51,82
red,146,58,37,116,45,2,117,120,133,82
red,74,61,138,49,128,110,134,57,50,70
blue,31,58,33,29,148,110,98,121,106,82
blue,22,97,150,106,153,72,134,138,17,54
blue,134,61,2,52,96,127,149,3,17,79
blue,43,133,143,9,119,22,65,144,76,126
red,0,60,33,17,5,31,54,94,76,15
blue,112,26,122,51,99,31,155,144,49,128
blue,0,23,155,147,45,48,134,121,51,14
red,0,98,104,49,100,127,38,43,157,53
blue,18,94,43,29,153,88,30,59,49,66
blue,62,65,64,50,82,127,38,95,51,5
blue,130,27,140,85,54,101,97,56,29,12
blue,22,54,143,76,93,72,30,155,51,82
blue,43,23,159,17,53,38,134,155,129,80
blue,114,30,7,8,128,121,142,94,9,100
blue,92,30,69,51,80,0,102,2,76,45
red,91,30,151,76,5,42,61,154,49,66
red,110,30,64,133,70,34,84,2,17,71
blue,152,154,150,156,82,25,30,1,29,70
red,115,30,136,24,108,12,125,140,17,53
red,103,30,151,137,93,31,134,140,147,108
red,22,30,151,8,119,144,146,132,51,109
blue,0,77,139,17,100,18,30,124,9,45
red,88,149,138,24,128,145,46,6,29,108
red,22,30,136,76,93,90,97,151,109,96
blue,134,30,151,85,118,103,88,122,69,153
blue,57,46,21,136,82,110,38,92,51,148
red,91,13,144,120,53,0,30,55,106,5
blue,77,30,87,116,118,115,102,121,129,45
red,151,97,143,51,5,0,149,68,106,71
red,0,58,122,9,45,78,124,150,129,93
blue,84,65,138,51,100,74,149,1,76,118
red,77,23,155,156,158,114,65,151,9,71
blue,35,38,140,133,139,77,60,2,116,153
red,117,60,19,136,93,110,38,140,24,5
red,131,26,43,76,119,78,28,125,50,70
blue,103,60,10,147,96,74,13,55,17,128
blue,47,38,1,29,71,74,60,132,8,120
red,91,84,121,17,12,112,30,1,136,80
red,144,61,53,51,118,134,65,140,138,70
blue,114,154,10,129,80,78,111,6,106,82
red,34,13,122,116,96,31,141,2,17,118
blue,0,5,139,9,109,77,155,159,129,80
red,34,67,151,76,79,31,84,3,133,5
blue,42,23,151,49,15,131,26,137,63,5
blue,0,145,151,29,45,18,40,140,24,80
red,0,60,121,133,70,142,38,32,129,82
red,53,13,121,49,12,110,61,68,17,14
red,13,65,140,50,45,22,58,64,147,70
red,112,61,121,69,80,88,149,148,49,100
red,22,13,140,51,82,36,86,2,49,53
blue,20,61,83,17,4,0,65,11,29,111
red,110,38,121,9,4,74,30,56,76,100
blue,47,98,159,43,128,77,54,56,76,70
red,47,26,1,9,16,74,102,138,51,4
blue,31,23,150,156,153,0,107,89,133,70
red,43,28,150,136,4,48,87,152,109,118
blue,92,61,143,17,158,112,38,56,50,70
red,11,58,131,9,109,84,13,122,29,93
blue,103,97,63,51,109,107,26,151,50,45
blue,22,58,2,17,9,47,30,143,76,153
blue,37,97,1,133,70,74,30,120,147,100
blue,110,28,140,50,70,74,40,155,138,108
red,112,30,142,76,100,115,26,157,129,93
blue,103,54,3,133,70,112,46,64,24,100
red,113,23,125,76,111,20,40,124,49,71
blue,134,87,121,8,15,135,65,143,69,119
blue,107,92,143,51,4,48,61,32,147,79
red,35,38,124,106,5,31,61,143,116,118
red,95,130,7,129,93,72,58,121,116,107
red,18,107,19,129,45,31,154,7,137,128
blue,101,65,7,29,148,18,142,32,108,93
red,35,98,56,76,79,18,58,140,49,12
blue,103,54,143,137,79,90,58,2,51,119
blue,90,61,159,116,5,135,58,32,51,118
blue,0,28,11,106,128,39,38,159,24,93
red,103,58,68,147,128,0,46,151,120,153
blue,135,86,55,50,109,117,58,121,76,70
blue,146,134,68,9,45,0,58,121,52,5
red,31,58,1,116,119,36,142,71,49,100
red,31,61,78,51,119,90,28,18,49,53
red,22,40,55,76,109,112,38,159,50,118
blue,103,130,143,147,118,0,40,121,133,14
red,90,65,143,51,93,112,38,7,29,41
blue,36,46,143,63,100,34,40,11,133,82
red,78,79,129,17,74,72,28,37,9,80
blue,110,26,144,24,120,134,65,124,29,45
red,62,65,68,129,139,19,38,119,51,45
blue,134,38,136,76,4,121,130,139,24,45
red,43,97,57,24,5,48,65,121,51,37
blue,37,155,104,76,5,35,60,11,133,70
blue,97,38,139,85,119,120,86,148,29,160
blue,88,65,148,147,5,39,142,159,129,118
blue,120,141,150,76,99,101,65,11,51,45
blue,31,65,6,51,93,18,46,143,76,120
red,127,142,148,136,128,59,65,143,50,79
blue,115,40,143,17,139,131,142,6,109,119
blue,112,154,139,24,108,103,38,1,51,128
blue,112,154,109,24,9,59,38,129,76,133
blue,18,30,55,9,70,42,86,140,76,45
blue,3,38,121,129,126,0,13,154,24,92
red,31,154,103,51,53,3,67,121,49,79
blue,3,40,148,29,119,0,141,159,137,128
blue,47,48,151,136,53,3,58,64,120,45
red,114,84,150,106,9,18,27,3,76,128
red,3,54,151,29,108,115,134,2,49,119
red,90,38,2,76,99,3,60,146,17,119
red,78,117,140,51,93,110,142,121,133,45
red,90,102,1,51,93,78,75,124,17,121
red,78,88,110,29,108,37,23,150,76,160
red,78,130,125,17,119,134,87,55,51,160
blue,151,28,64,9,76,78,13,121,17,128
blue,3,60,124,76,5,78,74,143,17,45
blue,107,30,94,133,41,78,98,73,29,53
blue,18,40,157,106,79,151,134,140,17,109
red,78,38,1,17,79,22,142,143,51,82
red,78,65,6,133,126,37,28,11,17,5
red,35,46,157,8,74,88,37,138,29,45
blue,18,61,120,29,153,74,98,104,17,70
blue,0,125,83,29,119,22,40,121,49,9
red,34,94,19,133,119,35,30,151,29,71
red,9,5,150,109,128,35,28,125,29,153
red,115,13,89,9,128,0,38,104,116,139
red,35,91,1,129,153,31,28,121,51,70
blue,103,38,2,85,118,145,46,155,17,160
blue,35,75,56,138,160,114,77,6,76,91
red,35,38,155,29,160,103,26,120,85,80
blue,114,40,2,24,128,78,38,89,129,70
red,37,134,132,17,9,47,102,121,51,70
red,0,65,159,106,128,31,38,132,137,70
blue,18,65,121,51,14,0,61,138,29,70
blue,84,107,122,106,14,74,13,51,29,70
blue,22,13,84,106,139,97,75,23,17,70
red,115,75,17,109,5,0,40,142,71,9
blue,2,58,109,85,70,84,38,154,52,128
blue,152,23,2,108,100,103,75,26,76,70
blue,57,23,151,157,108,22,38,150,120,70
red,18,60,2,17,70,115,61,140,63,128
blue,22,26,121,133,4,110,61,2,50,70
blue,34,154,56,106,93,131,58,124,24,66
blue,112,130,23,29,74,107,5,142,109,93
blue,18,13,122,85,70,0,26,124,9,160
blue,22,65,89,51,9,62,38,144,122,82
blue,3,65,56,29,71,47,26,35,76,20
red,77,38,23,76,160,115,94,56,17,148
blue,43,142,140,76,119,0,38,64,17,71
blue,115,65,143,129,100,120,124,35,49,66
red,22,54,144,133,96,0,5,121,29,12
red,18,28,72,129,71,91,13,41,51,110
blue,78,13,91,85,70,57,23,94,129,148
red,115,92,32,129,70,36,65,55,29,5
red,31,28,120,129,14,0,97,132,69,158
red,77,13,19,133,158,0,75,138,76,45
blue,35,117,138,8,71,11,130,129,17,91
red,18,13,138,50,128,0,102,1,29,12
red,90,13,138,29,12,74,38,71,76,70
blue,18,38,120,129,45,0,61,138,24,119
blue,115,40,138,17,154,62,130,7,76,160
red,101,65,138,157,71,103,30,159,85,119
blue,103,23,33,76,5,151,88,138,54,128
red,42,142,139,106,74,62,23,129,147,80
blue,115,75,144,9,45,35,38,19,138,65
red,101,98,138,116,99,22,65,105,150,82
blue,115,38,143,138,119,107,40,144,129,91
red,115,102,2,49,66,31,58,138,29,5
red,114,98,124,129,93,88,37,138,137,153
red,84,102,105,51,100,59,87,34,150,70
red,34,145,41,24,15,74,40,140,29,153
red,78,67,140,17,66,18,40,137,109,153
red,31,67,1,106,66,24,30,79,63,70
red,37,46,125,9,158,131,30,64,24,45
red,0,124,155,85,45,74,26,131,29,128
red,101,61,32,9,160,0,154,103,17,119
red,135,38,143,51,82,74,77,2,129,76
blue,127,102,121,49,14,131,38,2,133,139
red,151,86,159,76,53,90,102,144,29,15
red,22,44,47,8,15,101,26,110,109,100
blue,48,91,94,17,70,3,86,32,76,15
red,146,58,55,76,16,151,133,143,51,160
red,31,13,95,17,53,103,134,121,8,9
red,59,87,129,76,100,90,107,11,69,4
blue,95,58,138,9,12,37,38,69,51,45
red,110,28,138,29,16,90,107,43,51,82
red,110,84,29,51,93,78,38,2,129,66
blue,78,142,33,136,53,144,124,94,51,93
blue,90,58,33,106,128,101,84,3,133,9
red,114,125,37,85,79,107,154,73,50,128
red,107,30,6,116,108,74,38,2,51,96
blue,18,134,56,85,128,112,60,2,52,126
blue,78,65,121,147,100,107,30,71,106,99
blue,18,134,55,136,15,90,26,143,76,70
red,62,40,157,49,153,74,44,55,24,82
red,22,27,64,129,45,7,38,0,76,158
red,86,27,43,157,108,0,98,54,51,74
blue,47,61,11,52,96,37,38,155,51,14
blue,25,84,94,109,108,47,98,1,49,158
blue,114,142,64,76,128,110,111,33,106,93
red,152,60,89,76,4,31,30,151,106,66
blue,103,124,43,29,139,47,23,122,9,119
blue,0,28,21,156,153,59,98,121,29,108
red,83,58,1,17,158,127,141,155,136,153
blue,145,65,104,63,5,88,30,109,9,70
blue,115,38,26,136,53,37,58,122,17,45
blue,37,38,132,150,82,114,26,101,29,66
red,37,38,94,133,119,62,67,143,76,70
red,35,27,56,129,80,88,98,125,85,128
blue,22,77,136,29,108,74,65,1,24,128
red,1,27,47,49,119,11,38,155,129,53
blue,35,58,6,138,108,103,40,120,76,5
red,18,13,121,51,53,0,58,109,29,45
red,70,124,78,133,100,18,54,155,136,96
blue,18,154,101,156,45,0,124,151,76,100
blue,22,134,125,76,108,144,58,81,9,5
red,78,28,64,17,45,18,94,33,50,74
blue,110,38,104,9,45,43,155,1,17,70
red,18,102,1,17,79,101,26,107,49,153
blue,31,102,64,109,118,48,74,150,9,119
blue,117,13,132,49,79,22,38,11,51,45
blue,34,38,155,57,93,127,61,121,76,70
red,91,142,121,49,74,78,77,124,76,53
red,92,26,79,76,153,90,74,125,133,70
red,137,60,33,129,4,18,26,150,109,16
red,110,75,2,50,5,18,74,138,29,96
red,110,84,91,17,71,39,113,56,76,93
red,22,54,159,29,12,103,65,144,51,53
red,112,102,56,49,45,18,142,121,51,148
red,112,60,150,76,108,42,40,155,116,153
red,112,60,155,76,108,34,38,143,29,4
blue,91,60,11,106,99,131,58,23,85,128
blue,158,38,90,116,41,39,40,1,17,70
blue,37,22,155,136,93,127,134,125,17,79
blue,18,98,121,49,12,31,26,11,8,4
red,39,134,55,49,82,18,102,120,29,41
red,25,154,19,85,100,37,102,48,133,70
blue,115,102,11,9,14,110,30,124,106,74
red,48,102,144,147,74,43,60,143,133,128
blue,103,102,56,29,53,25,60,140,17,128
red,33,102,143,29,45,47,97,107,133,5
blue,18,23,155,76,153,112,102,140,116,45
blue,18,142,144,106,126,74,102,155,157,12
blue,62,102,32,109,153,19,38,136,51,126
red,151,102,120,133,70,31,37,144,51,14
red,107,61,121,50,82,102,44,159,147,76
blue,103,102,2,51,41,115,61,121,8,100
red,110,27,121,76,128,0,102,104,50,79
blue,144,102,121,49,53,110,58,89,24,153
red,112,13,7,8,119,110,102,121,29,108
blue,74,111,11,106,93,39,61,121,129,70
blue,112,58,109,29,45,42,149,143,116,108
red,102,27,33,109,45,34,142,11,147,70
blue,114,38,52,17,128,115,28,33,129,45
red,18,61,33,17,160,144,38,23,29,158
blue,112,61,11,120,158,107,38,33,76,45
red,39,61,33,106,160,47,65,26,24,100
blue,31,38,19,156,70,101,60,143,63,111
red,0,130,143,49,100,78,46,150,85,12
red,0,38,122,29,100,57,61,10,136,12
blue,59,78,155,133,153,110,102,160,136,96
blue,88,58,1,51,74,0,38,121,8,100
blue,59,125,64,116,153,110,145,1,106,9
blue,114,26,35,51,160,115,142,10,29,70
red,112,38,157,106,70,0,40,140,133,158
red,0,84,143,106,66,22,23,55,76,80
red,123,125,43,51,66,84,28,155,49,108
blue,151,23,150,147,66,18,30,155,106,82
red,74,61,159,0,108,95,86,6,49,16
blue,31,23,3,9,70,47,40,26,17,53
blue,7,75,125,116,119,151,84,120,24,82
blue,110,75,143,24,4,0,146,109,137,16
blue,13,65,2,51,100,112,61,37,69,16
blue,22,58,159,51,37,114,38,48,144,80
blue,90,38,57,24,93,78,134,48,136,16
red,88,98,143,9,37,0,46,2,51,108
red,35,46,71,137,158,0,97,55,49,53
red,131,97,155,116,71,90,61,144,51,93
blue,18,38,140,49,93,110,104,139,17,45
blue,0,30,155,8,108,91,38,143,24,82
blue,91,38,139,76,79,135,75,143,109,53
blue,0,13,64,8,128,31,61,43,109,108
blue,84,58,105,137,119,43,97,151,76,159
red,95,54,157,17,74,88,98,143,8,128
blue,127,84,129,29,9,105,149,2,76,111
blue,3,61,2,49,148,0,75,122,17,79
blue,145,154,89,85,100,35,26,104,156,153
red,113,125,68,9,96,74,58,144,147,80
red,74,130,155,133,108,131,134,3,9,70
red,39,58,125,52,118,31,141,119,29,74
red,77,61,73,49,15,18,65,109,129,100
blue,114,58,43,147,70,47,13,121,51,14
blue,22,38,159,106,4,127,23,150,116,66
blue,101,141,35,76,126,117,58,140,51,148
blue,88,67,89,76,5,2,75,33,51,14
red,36,28,125,49,80,69,38,94,54,82
red,69,102,56,147,120,90,94,19,51,12
blue,107,102,120,76,5,90,40,55,8,12
blue,103,26,33,137,12,151,74,0,63,120
blue,78,46,48,51,148,31,61,7,49,99
blue,74,46,32,51,14,115,134,144,24,45
blue,39,107,105,49,128,36,60,159,24,45
blue,22,98,104,17,74,47,25,132,51,118
blue,22,154,32,8,123,77,97,150,69,128
blue,103,23,10,49,100,151,38,33,133,153
blue,22,38,138,129,99,43,75,158,17,53
blue,151,38,121,24,119,144,61,155,76,160
blue,104,75,155,109,14,31,142,72,129,5
red,145,38,104,17,16,110,58,143,156,153
red,103,107,2,49,119,36,117,143,116,118
blue,0,86,121,29,79,103,117,144,106,5
blue,104,40,7,17,139,47,38,122,76,14
red,134,111,89,76,108,0,146,33,106,153
red,104,142,140,17,27,47,40,120,51,80
blue,47,125,122,8,45,112,60,33,106,74
red,103,75,26,51,160,144,40,79,129,5
blue,20,98,94,17,71,88,75,125,136,153
blue,135,38,144,51,5,103,75,41,156,153
red,57,125,55,76,153,144,23,69,49,45
red,78,125,11,49,158,19,46,140,17,53
blue,22,97,59,133,153,112,75,55,9,119
blue,18,74,2,51,82,48,38,143,137,99
red,62,23,157,51,100,18,13,11,49,82
blue,117,86,121,9,74,78,38,155,147,81
blue,22,84,125,129,99,35,38,104,24,66
blue,104,60,121,24,119,31,65,144,29,158
red,31,149,121,29,158,77,65,11,51,9
red,155,124,94,137,93,48,26,2,9,5
red,94,97,143,17,5,31,40,120,51,66
red,42,46,104,24,5,20,30,132,51,12
red,107,38,114,51,53,88,60,124,8,87
red,103,26,6,9,108,0,94,41,69,92
red,35,40,121,51,158,25,58,144,106,96
red,0,28,121,76,128,101,98,3,136,93
red,31,40,121,49,9,18,61,155,143,119
red,0,154,114,24,4,137,142,1,51,82
blue,48,38,10,29,53,35,26,151,51,70
red,59,141,33,133,153,48,26,151,76,45
blue,107,58,73,9,119,43,134,23,24,80
red,2,46,121,51,70,7,40,148,63,93
red,47,146,26,52,108,115,38,136,29,119
red,22,58,144,150,99,110,130,11,85,70
blue,151,87,26,116,70,114,84,10,76,96
blue,103,46,121,29,126,107,38,2,69,100
red,20,58,10,51,96,47,23,120,76,108
blue,114,38,55,136,4,103,98,56,129,158
red,0,88,138,24,158,103,84,2,76,4
blue,144,125,3,76,14,22,38,132,133,112
blue,35,65,64,17,71,38,88,37,148,128
red,11,142,37,50,14,22,130,55,106,45
red,47,111,37,17,9,151,26,94,51,100
red,103,111,37,51,45,74,113,89,49,79
blue,110,97,140,136,82,18,111,37,49,93
red,34,44,37,17,45,102,65,121,116,53
red,152,40,37,136,96,43,13,71,76,99
red,0,124,120,51,82,90,28,37,49,5
red,142,40,6,49,132,31,145,37,51,93
blue,18,98,37,51,64,0,58,55,109,111
red,110,67,155,136,14,0,28,37,17,148
blue,22,98,104,133,70,34,145,37,76,45
red,127,38,143,51,74,34,86,26,157,153
red,103,107,150,109,108,90,38,143,76,9
red,2,46,143,116,45,137,38,120,76,100
blue,67,60,73,9,53,143,141,109,123,108
red,152,142,143,29,45,74,92,84,137,70
red,142,38,143,129,70,72,65,140,76,12
blue,0,102,78,116,96,77,38,143,17,74
blue,115,26,6,136,12,47,149,89,50,45
blue,103,87,33,51,82,47,38,143,49,119
blue,145,38,89,49,45,22,84,72,17,71
blue,112,40,2,116,45,121,46,155,17,153
blue,146,23,144,69,80,42,97,121,17,12
red,103,74,124,137,122,127,40,144,51,82
red,151,97,121,109,108,18,58,11,29,153
blue,88,27,94,137,5,112,13,151,116,154
red,103,38,23,133,126,43,125,143,106,82
blue,74,13,23,24,93,34,65,1,51,158
blue,0,28,69,17,80,151,61,143,116,119
red,31,154,56,116,158,36,74,155,29,122
red,18,84,155,29,5,48,133,94,51,45
red,36,30,43,137,109,110,155,124,49,153
red,127,60,150,9,128,88,134,29,138,1
red,53,113,109,137,5,110,130,54,76,126
red,25,107,121,106,5,22,27,2,51,4
blue,22,130,159,49,118,107,111,23,24,109
blue,101,58,83,137,119,135,102,33,106,109
blue,103,124,68,76,71,101,155,56,49,109
blue,3,28,68,85,66,91,60,143,29,45
blue,135,113,140,51,28,88,111,55,76,14
blue,31,97,19,106,99,112,107,151,63,119
red,131,40,19,109,108,31,154,1,133,70
blue,0,61,94,129,109,22,46,140,17,71
red,74,23,33,17,126,36,97,18,50,45
red,74,130,104,51,118,0,154,2,76,4
red,62,60,32,76,109,101,40,1,85,118
red,115,60,2,137,126,41,86,150,106,82
red,110,58,138,63,109,0,13,105,17,160
blue,57,38,51,17,12,34,60,55,8,128
blue,2,58,155,76,118,151,23,56,51,128
red,134,27,2,147,128,103,40,143,133,5
red,22,84,121,8,45,0,40,55,116,66
blue,35,154,11,51,153,112,27,125,106,128
blue,103,38,159,120,119,22,154,124,106,82
blue,42,13,124,51,70,78,58,1,76,80
red,0,38,64,8,70,151,134,155,116,80
blue,0,38,138,85,100,35,149,114,109,108
blue,154,40,32,17,74,92,65,51,29,45
red,101,40,23,17,71,35,38,64,54,119
blue,0,65,121,29,53,131,142,32,9,14
red,25,86,71,133,70,115,67,151,85,119
red,22,27,106,129,128,35,124,120,116,14
blue,135,65,121,29,153,137,38,53,49,9
red,107,74,120,50,109,102,113,19,116,45
red,114,60,144,49,93,135,92,129,76,91
red,18,61,33,8,119,0,65,121,51,74
red,59,84,151,106,82,43,142,57,29,12
blue,0,75,105,49,66,31,98,15,129,54
red,31,142,157,106,5,151,75,124,137,70
red,40,30,140,106,82,25,58,6,85,15
red,34,149,19,136,12,135,75,73,116,133
red,78,111,155,49,45,0,124,56,85,70
red,22,23,150,109,108,34,84,143,136,158
red,155,26,114,8,119,131,65,121,133,70
red,127,94,144,109,16,103,58,68,76,9
red,31,67,91,51,109,101,107,56,52,100
blue,0,145,56,116,70,103,13,114,76,14
red,74,54,155,76,66,18,97,144,51,82
blue,0,37,43,116,5,78,54,13,49,45
red,110,94,2,76,109,125,61,71,17,148
blue,31,23,155,17,119,2,81,140,51,128
red,115,60,143,29,111,22,67,155,17,80
red,155,40,54,8,128,112,23,140,50,119
blue,78,75,0,71,9,18,23,154,129,5
blue,38,23,26,24,128,110,40,32,106,93
red,0,79,32,51,100,46,30,143,106,74
red,151,23,54,8,93,84,113,68,29,65
blue,77,130,143,17,53,22,26,91,29,153
red,102,87,56,50,45,151,142,104,29,80
red,31,38,122,133,100,35,26,56,63,70
red,134,97,35,29,5,102,40,120,136,93
blue,88,58,71,29,70,62,18,143,133,93
red,74,155,144,51,128,151,102,125,9,160
blue,47,92,1,24,148,114,13,125,133,153
blue,72,102,56,129,66,0,58,143,54,14
blue,3,81,140,51,108,150,102,55,54,9
blue,47,133,159,17,71,0,102,19,85,153
blue,0,13,140,29,153,18,87,3,49,71
blue,121,26,94,51,5,31,28,151,29,71
blue,36,154,89,29,71,110,102,136,50,70
blue,112,61,56,109,108,22,30,18,51,71
blue,22,125,56,51,119,127,38,155,29,71
red,18,40,71,49,100,48,84,101,143,80
blue,58,38,19,51,119,0,23,155,85,71
blue,119,130,71,8,158,151,102,43,109,108
blue,151,77,109,108,9,0,75,121,17,153
red,78,40,7,29,139,22,54,1,42,108
blue,36,40,33,156,79,18,134,140,17,148
blue,34,13,124,17,80,42,77,33,116,153
red,0,84,151,138,99,146,23,37,106,82
blue,134,46,2,133,153,34,113,140,50,70
red,92,142,64,51,153,88,65,124,147,118
red,88,111,1,15,118,0,39,148,76,80
red,114,61,19,29,53,59,134,43,49,71
blue,43,75,144,76,5,37,38,121,116,16
red,74,65,55,133,126,31,58,7,116,53
blue,31,142,2,133,70,103,65,124,106,66
red,34,60,109,76,53,78,84,155,120,108
blue,0,38,11,49,82,22,98,143,76,66
blue,103,113,150,51,93,2,30,125,8,100
red,68,134,151,76,5,1,125,131,8,70
red,0,23,150,49,118,151,142,19,147,100
red,18,46,33,51,12,112,113,1,106,45
red,47,104,94,51,82,72,13,91,109,108
blue,74,134,91,108,123,90,130,121,133,70
red,0,145,33,17,79,31,40,124,150,14
blue,110,134,32,29,119,81,23,101,150,93
blue,103,142,121,49,45,74,37,150,17,100
red,22,38,41,24,4,90,75,6,106,82
blue,91,37,55,17,153,38,65,32,76,104
blue,62,58,56,106,139,43,67,94,9,82
red,110,67,155,76,119,62,65,19,49,14
blue,81,142,157,76,119,115,124,151,133,70
blue,47,74,71,51,4,18,38,157,29,79
blue,22,146,124,133,153,134,38,19,136,118
red,72,40,124,29,109,90,23,120,133,119
red,114,102,55,51,119,103,60,160,133,45
blue,81,13,140,8,66,114,74,151,52,110
red,114,13,151,24,1,103,46,2,147,79
red,2,61,91,17,45,121,13,114,76,148
red,47,23,136,116,96,43,88,109,63,70
red,22,38,159,51,119,127,125,23,76,5
red,2,40,138,8,100,135,75,105,29,70
blue,0,88,143,29,153,86,23,104,150,70
red,77,13,140,51,53,0,65,121,50,119
red,101,65,7,129,160,74,141,144,51,119
blue,36,114,144,133,70,22,60,26,51,119
blue,43,27,151,8,70,146,142,64,49,160
blue,0,65,79,29,12,31,40,122,49,74
blue,57,26,155,69,80,0,77,150,76,70
blue,74,60,129,50,104,78,58,124,29,12
blue,37,130,2,49,119,0,40,143,106,74
blue,155,111,83,29,74,152,65,68,69,14
red,31,107,64,49,108,37,65,150,50,79
blue,22,65,158,76,153,103,111,73,50,70
red,146,141,132,116,45,104,40,109,17,126
red,145,142,121,51,12,90,84,108,116,128
blue,78,65,121,49,100,22,130,132,116,118
blue,31,130,136,69,108,112,107,83,51,70
blue,78,61,124,76,119,102,60,122,63,53
blue,114,38,143,49,5,22,130,68,51,45
red,0,60,55,51,45,104,40,121,69,128
blue,78,38,143,133,82,112,60,32,116,153
blue,102,61,143,85,153,0,26,87,50,80
red,110,58,159,137,119,90,67,2,129,100
blue,115,111,114,106,160,91,84,140,137,119
blue,101,97,1,51,53,74,54,151,133,109
blue,81,40,32,9,45,115,75,120,109,128
red,152,75,19,106,80,78,58,56,9,99
blue,43,38,2,76,45,18,27,151,106,100
blue,114,27,138,76,139,134,124,39,106,158
blue,74,122,81,51,45,0,88,26,8,128
red,47,13,64,51,119,78,38,35,9,14
red,62,75,124,76,66,74,111,151,116,99
red,90,75,143,106,12,22,5,120,29,100
red,78,97,1,137,45,6,28,43,76,16
red,146,65,64,137,99,78,97,120,29,53
red,74,75,140,24,93,110,146,138,116,37
red,31,75,1,29,148,131,58,151,76,80
blue,110,75,155,9,70,31,145,11,106,82
blue,36,75,143,50,70,103,87,33,51,80
blue,110,61,33,49,119,18,75,136,63,70
red,18,29,124,50,82,146,91,138,76,9
blue,101,13,140,133,126,110,61,132,129,53
blue,101,130,121,109,5,22,125,1,133,79
red,107,98,11,133,70,103,54,43,106,45
blue,151,130,133,116,41,47,102,54,50,70
red,130,87,143,51,82,37,40,142,129,70
blue,74,97,148,76,111,131,26,56,137,153
blue,2,142,155,9,5,0,60,143,29,45
red,31,65,55,76,5,121,38,150,144,80
red,91,75,11,76,79,36,92,140,85,100
red,31,75,1,51,30,114,60,120,50,79
blue,145,87,33,63,100,34,40,143,29,53
red,18,13,120,29,119,114,40,143,9,154
blue,47,125,26,51,82,72,134,144,133,99
red,72,77,121,116,45,48,60,43,76,148
blue,25,46,104,137,80,131,23,19,76,5
red,151,145,104,106,100,110,154,120,49,80
blue,78,38,114,17,155,35,40,104,50,80
red,67,60,155,120,80,154,87,140,52,126
red,114,26,150,54,99,81,60,120,51,153
red,114,26,124,24,9,25,92,41,116,45
red,114,26,127,8,119,135,134,73,49,148
red,114,26,73,8,108,47,65,41,116,99
blue,39,38,155,108,123,114,26,73,8,128
red,114,26,124,52,70,43,107,45,49,89
blue,152,60,21,76,93,114,26,33,24,109
blue,112,60,143,49,74,114,26,73,129,99
red,114,26,32,129,141,31,145,138,17,120
blue,0,23,3,61,120,114,26,71,69,80
blue,114,26,43,17,153,31,13,1,49,108
blue,101,154,1,129,119,114,26,151,123,108
blue,114,26,104,106,93,123,87,56,156,79
blue,47,145,121,133,70,114,26,54,51,9
blue,20,30,151,106,82,114,26,143,52,100
red,104,38,121,49,99,114,26,48,9,74
red,22,23,150,69,100,114,26,43,24,90
blue,31,81,56,76,41,47,65,143,50,45
red,37,40,143,51,12,47,60,138,137,120
red,34,130,56,17,79,37,46,150,24,160
red,107,13,23,17,12,38,26,125,116,71
blue,74,141,158,147,14,37,60,143,29,108
red,3,37,10,85,118,107,141,157,76,119
blue,90,92,75,49,5,59,67,155,76,14
red,37,38,6,51,79,18,61,143,147,12
blue,0,58,32,106,45,2,26,155,17,80
blue,0,38,121,24,128,78,107,105,76,5
blue,112,65,143,9,139,0,30,79,120,74
red,142,13,104,120,74,22,102,2,106,82
blue,25,65,122,8,45,74,142,83,133,128
red,0,75,43,133,70,18,155,84,54,108
red,42,145,121,43,12,146,98,56,9,45
red,18,46,101,24,12,13,26,19,9,100
blue,0,102,124,51,119,115,111,104,76,5
red,112,40,124,147,81,25,13,140,51,45
blue,36,98,1,76,53,144,125,158,50,80
blue,0,30,124,9,45,31,46,143,17,119
red,36,87,41,9,37,0,142,132,17,96
red,36,58,2,9,128,144,84,35,51,12
red,62,61,104,17,119,115,38,121,137,45
blue,34,75,140,85,45,115,60,6,116,79
red,114,23,150,9,45,107,87,64,129,100
red,20,154,89,9,45,43,60,144,24,1
blue,103,94,140,51,82,127,58,2,106,14
red,135,58,6,51,45,97,13,55,8,128
red,0,58,144,138,153,31,91,26,29,99
blue,47,74,7,49,53,114,38,94,51,82
blue,114,58,56,109,108,90,98,55,9,93
red,2,58,131,49,74,22,30,150,51,153
blue,90,58,32,76,153,0,46,33,63,70
blue,115,61,159,51,83,22,58,121,9,12
blue,2,61,121,129,109,31,60,55,29,41
red,134,38,121,29,45,41,146,143,51,120
red,22,58,1,49,130,43,87,143,133,93
red,110,38,159,137,4,121,124,151,29,158
blue,35,38,2,29,128,37,60,121,51,74
blue,0,58,64,50,128,48,38,55,76,109
blue,78,38,143,17,93,37,58,132,24,99
red,110,97,34,106,93,57,58,56,29,5
blue,43,58,144,116,108,18,46,121,50,158
red,81,58,151,24,160,107,86,143,50,128
blue,47,145,2,52,118,42,58,122,51,74
red,95,60,144,17,9,18,38,143,137,5
blue,18,38,143,116,153,59,134,144,76,9
red,18,149,155,129,15,90,65,64,51,82
red,114,86,1,106,93,112,40,64,76,82
blue,0,38,122,51,93,31,61,143,52,82
red,112,38,143,76,79,2,60,125,17,160
blue,135,75,125,137,148,103,92,150,106,82
red,0,154,121,129,128,144,86,143,24,82
red,18,61,121,76,119,39,40,150,147,82
blue,18,134,2,51,5,22,84,7,29,82
red,0,39,7,116,12,135,111,144,49,119
red,146,25,105,76,4,43,104,140,24,82
red,34,111,3,76,158,0,134,140,29,53
blue,127,65,115,3,80,125,60,1,17,118
red,112,28,56,85,119,107,130,19,106,82
red,107,134,155,106,16,31,13,2,24,14
blue,18,61,142,54,12,145,40,64,136,45
red,18,142,7,116,74,92,86,121,49,148
red,101,30,125,129,108,131,98,121,133,70
blue,135,65,55,9,120,0,67,3,17,153
blue,90,46,140,133,143,0,38,41,17,76
blue,127,65,32,8,71,48,58,3,17,70
red,107,61,56,17,110,0,60,144,109,5
red,36,13,56,51,82,101,54,155,136,139
red,62,23,150,76,100,42,38,144,129,93
red,3,124,43,76,45,18,38,148,17,74
red,77,46,7,137,119,103,78,124,76,93
red,0,40,1,29,153,22,26,104,51,93
blue,86,75,55,116,70,35,40,143,51,93
blue,72,46,33,17,45,142,84,3,9,93
blue,35,154,158,138,108,22,44,120,106,82
red,35,61,64,50,100,42,60,11,29,71
blue,110,65,32,106,81,151,38,121,156,118
blue,91,92,143,51,79,145,114,155,29,148
red,137,155,23,17,45,115,102,121,116,71
red,110,134,144,49,158,88,130,35,156,45
blue,110,141,144,137,158,34,97,159,9,74
red,88,114,55,50,108,117,154,110,29,82
blue,112,60,11,29,74,117,26,43,76,45
red,101,58,23,9,45,112,46,104,51,108
blue,131,61,121,116,119,24,37,124,29,71
blue,107,60,151,116,160,22,141,144,17,148
red,78,67,48,116,53,90,142,1,136,41
red,110,74,1,9,53,0,40,33,51,128
red,103,87,32,76,66,115,38,11,17,128
blue,18,84,71,116,110,101,124,43,29,96
red,101,58,121,9,119,103,13,140,63,99
blue,101,145,73,76,14,102,38,10,54,119
red,90,13,56,138,9,34,38,2,76,119
red,131,146,55,147,16,114,78,151,76,74
blue,123,88,120,106,53,3,58,105,133,70
red,0,13,11,116,100,18,60,121,106,74
blue,110,142,54,50,70,31,67,23,29,74
blue,103,98,23,137,93,101,142,110,109,53
blue,39,141,0,17,119,74,38,129,138,45
blue,134,13,159,17,108,115,38,64,76,66
blue,114,149,125,106,153,143,141,140,116,53
red,114,30,150,24,45,103,97,68,133,70
blue,110,37,10,76,119,62,154,83,116,108
blue,31,60,6,76,81,103,37,150,9,70
red,31,124,33,52,93,135,61,2,120,109
blue,152,60,1,133,158,146,26,121,69,153
red,74,98,73,76,100,18,30,68,17,111
blue,127,149,35,106,66,2,13,125,76,5
red,43,40,121,106,153,0,67,159,76,119
blue,18,145,56,76,82,110,141,144,129,128
blue,34,40,56,76,108,135,134,121,8,100
blue,134,74,1,137,79,47,27,43,51,71
red,34,134,55,76,139,110,28,56,24,118
blue,103,38,136,76,119,31,65,143,51,99
blue,61,141,151,51,70,78,134,129,29,53
blue,31,22,121,147,158,41,60,120,136,5
blue,0,22,159,116,83,103,38,124,17,70
blue,35,97,55,116,53,18,124,142,17,118
red,57,154,150,136,111,112,87,3,109,82
blue,47,154,122,116,79,0,38,55,137,119
blue,25,97,154,50,100,0,40,124,76,45
red,107,38,135,17,158,22,134,75,29,45
blue,48,40,122,76,128,0,134,139,29,5
red,47,38,2,76,53,58,65,139,51,80
red,36,60,2,106,64,47,102,23,49,119
red,134,38,23,17,93,152,27,57,133,96
blue,22,130,26,9,108,0,141,121,129,16
blue,88,61,157,147,5,110,38,143,29,153
red,110,38,150,9,70,0,75,2,85,53
red,48,86,55,138,158,0,98,140,50,96
red,18,98,104,17,9,103,38,124,51,100
red,110,38,6,76,93,146,30,155,147,5
blue,67,28,150,137,27,0,155,33,85,82
red,110,155,159,49,74,67,38,151,50,45
blue,145,23,155,116,126,137,102,150,109,53
red,31,155,143,116,14,110,113,68,24,16
blue,31,98,56,51,153,18,97,144,49,148
red,91,40,121,109,12,0,38,56,76,158
red,22,60,1,76,14,0,58,56,54,119
blue,0,44,143,51,119,18,38,144,129,108
red,115,154,56,109,128,3,97,104,76,45
red,62,13,56,76,119,0,86,55,17,82
red,101,54,94,129,160,62,98,56,29,119
blue,59,60,3,63,153,107,58,56,76,100
red,22,78,35,137,128,31,134,56,9,153
red,91,134,56,49,118,31,142,136,24,45
blue,18,38,56,116,120,127,142,121,147,119
red,31,102,2,109,71,67,145,151,76,108
red,78,65,2,76,99,101,58,121,29,14
blue,59,146,35,76,160,121,38,110,120,45
blue,151,38,41,120,108,36,13,121,54,53
blue,114,46,151,17,109,131,87,121,137,139
blue,18,61,143,63,100,101,67,26,29,53
red,90,22,71,147,158,18,125,120,17,53
red,114,13,64,17,45,112,149,155,157,148
blue,103,97,7,76,9,31,13,32,17,5
red,88,61,13,51,70,47,98,143,116,118
blue,42,46,144,9,128,31,124,13,51,100
blue,18,13,140,116,9,31,61,144,52,79
red,35,13,121,9,45,47,75,138,51,71
blue,22,117,94,29,41,13,38,121,116,74
blue,18,46,33,29,148,74,38,109,129,93
red,90,38,144,106,153,107,84,64,24,80
red,114,60,56,29,12,127,97,38,24,79
blue,0,154,51,17,66,114,60,143,49,82
red,42,88,140,106,108,3,40,155,8,9
blue,131,67,23,76,153,135,38,155,157,120
red,18,154,143,116,45,101,54,155,51,119
blue,0,98,56,143,45,110,40,23,76,109
red,102,27,140,85,45,103,40,88,29,153
blue,0,40,19,52,66,144,60,94,129,14
blue,35,75,132,57,15,18,23,140,136,80
blue,145,87,2,129,5,31,65,144,17,120
red,131,65,138,133,158,33,61,121,106,82
red,107,134,104,69,70,103,142,132,137,118
red,110,141,1,76,12,97,26,159,51,153
blue,114,40,19,9,79,35,61,121,17,93
red,62,86,2,116,108,0,40,150,138,14
blue,137,38,73,110,108,53,30,76,101,107
blue,47,87,121,129,14,112,46,6,109,108
blue,88,92,2,24,80,78,60,140,144,108
blue,0,154,1,51,108,101,54,2,106,82
blue,146,77,143,51,108,35,134,11,29,153
red,115,38,19,129,108,134,133,150,157,70
red,103,75,6,85,108,0,5,144,49,45
red,0,67,81,49,108,31,154,124,24,53
blue,31,60,159,29,16,34,134,64,108,5
blue,121,142,143,51,153,90,91,2,108,128
blue,84,26,35,85,53,18,87,136,108,109
blue,56,98,64,49,109,150,38,6,116,108
red,150,134,143,108,5,43,46,55,9,96
blue,54,111,64,108,82,158,141,41,17,109
blue,110,97,2,108,119,47,23,1,150,37
blue,34,61,121,108,139,35,125,83,63,45
blue,137,111,143,156,70,22,30,151,108,153
red,78,97,81,108,100,18,134,121,17,79
red,74,65,32,49,99,127,13,155,136,5
red,36,54,41,51,12,103,26,151,29,119
red,135,91,124,133,93,31,102,64,129,70
red,81,134,155,49,160,91,98,143,136,79
red,62,60,144,29,139,0,61,19,133,123
red,107,98,56,116,100,47,38,121,106,82
red,43,5,10,116,45,47,133,34,106,82
red,72,97,143,24,111,48,133,121,50,70
blue,146,133,159,138,108,112,87,3,129,74
red,97,133,6,76,119,146,46,1,106,37
blue,2,133,144,49,15,130,84,64,76,70
red,102,133,155,129,74,48,87,138,17,108
blue,95,86,144,129,128,47,133,122,17,80
red,154,133,2,137,70,74,38,56,76,119
red,34,111,121,137,100,31,27,143,76,119
blue,31,28,1,50,53,47,44,55,49,15
blue,22,74,55,29,14,35,61,68,129,79
blue,81,40,19,109,158,101,111,121,51,14
red,0,58,109,24,14,131,54,159,17,79
red,154,38,56,76,14,22,60,1,17,139
blue,130,38,132,24,128,107,65,56,49,148
blue,31,142,121,24,74,13,75,144,157,109
blue,18,142,159,29,153,46,38,76,109,108
blue,81,46,140,9,79,114,130,143,51,128
blue,115,38,33,49,148,145,75,55,109,108
red,115,81,2,63,153,77,141,68,116,110
blue,110,93,7,9,70,115,40,56,109,108
red,112,27,151,129,93,82,155,144,50,108
blue,112,58,19,129,153,88,5,159,17,45
blue,112,60,140,76,119,0,28,155,17,53
red,112,74,134,137,70,110,145,65,51,12
blue,0,38,11,17,160,92,65,124,51,108
red,78,13,11,17,45,31,30,144,51,93
blue,121,142,43,137,93,144,46,110,49,160
red,0,154,69,17,148,34,141,6,29,9
red,19,142,3,76,148,83,61,73,49,45
red,110,130,55,51,153,37,60,140,29,93
blue,74,27,155,24,120,103,58,32,51,45
red,20,154,150,106,148,78,130,159,137,96
red,34,38,144,29,153,114,13,155,24,53
red,31,98,140,49,45,112,38,143,76,53
red,35,38,143,109,5,74,65,2,29,80
blue,103,30,1,29,108,31,28,150,147,82
red,117,58,43,24,159,47,74,55,29,45
blue,22,65,7,29,132,107,86,37,51,82
red,18,27,140,8,119,103,38,144,76,148
red,35,98,143,63,119,18,87,11,29,108
blue,92,130,89,1,160,35,23,121,85,93
blue,59,30,6,150,4,20,141,56,133,139
red,74,61,55,106,128,42,134,33,29,80
blue,103,38,121,51,139,22,30,155,106,5
red,127,154,150,49,139,90,155,144,29,82
red,47,107,121,51,53,81,38,32,116,100
red,18,30,155,129,4,47,65,158,15,5
red,43,60,143,76,66,144,28,125,29,74
red,103,13,140,133,153,31,125,91,8,160
blue,144,38,132,29,14,31,30,151,129,153
red,47,30,151,9,45,117,97,43,54,160
red,18,61,30,17,128,0,98,121,116,14
red,0,65,121,69,100,112,30,71,106,93
red,142,30,138,51,109,134,26,121,137,70
red,101,30,43,129,108,112,38,41,116,9
red,31,27,129,51,71,39,44,56,135,9
blue,62,104,94,133,33,22,30,110,17,12
blue,110,30,33,129,153,0,145,70,63,100
blue,90,58,121,129,15,43,30,125,17,83
red,144,23,150,76,128,103,54,26,116,70
red,22,87,2,76,15,74,40,144,29,9
red,135,30,140,133,110,0,65,19,116,100
blue,2,30,16,24,45,114,134,143,51,80
red,134,30,114,69,99,121,92,2,51,153
red,127,30,29,52,128,74,67,11,106,100
red,114,30,159,147,71,137,149,121,106,99
red,0,30,159,136,82,88,141,143,24,79
red,131,30,1,76,139,35,38,122,49,148
blue,78,125,143,120,74,22,30,68,52,100
blue,73,142,138,29,153,19,38,150,133,5
blue,110,13,143,51,93,78,86,155,76,74
blue,78,44,104,17,153,19,107,151,76,118
red,114,39,125,51,66,78,61,33,17,108
red,112,87,155,8,99,31,78,23,116,53
red,78,58,140,85,70,110,92,124,76,4
red,78,38,155,24,5,47,141,56,29,76
blue,110,81,33,49,158,115,98,155,29,12
blue,82,125,121,106,74,48,141,94,54,4
blue,103,13,109,51,14,107,38,7,76,80
blue,43,98,144,76,119,114,125,2,129,45
blue,34,84,105,17,158,135,60,139,76,80
red,103,58,144,50,15,110,86,26,76,82
red,144,65,155,52,91,143,46,114,76,109
blue,46,38,129,17,71,47,154,89,50,119
blue,0,104,121,129,12,115,154,144,24,100
blue,39,60,2,156,45,34,54,125,51,74
blue,39,74,151,116,53,110,134,59,17,119
red,103,125,121,133,153,36,44,11,17,53
red,71,40,39,51,93,34,134,155,29,66
red,43,60,143,49,53,110,38,6,116,5
blue,74,40,10,109,12,101,97,120,17,93
red,91,26,101,51,128,48,65,56,109,45
red,131,23,143,29,66,34,40,124,116,45
red,74,79,155,76,82,36,61,68,9,93
blue,2,77,125,51,139,115,58,6,106,99
red,110,37,94,76,82,20,58,56,51,14
red,110,30,155,116,5,74,86,2,51,128
red,110,87,155,76,70,151,75,1,51,126
red,110,92,104,129,90,62,23,155,83,80
red,37,38,64,49,74,127,13,121,51,45
blue,115,124,121,137,70,31,38,62,133,153
red,154,58,6,24,14,47,98,68,116,4
red,88,38,109,17,93,113,98,121,133,66
blue,25,142,54,49,96,131,67,43,50,128
blue,110,146,121,49,9,72,23,151,109,108
blue,115,134,41,49,100,107,142,157,106,74
blue,0,40,121,138,108,22,142,124,129,74
blue,22,13,19,69,119,78,125,144,129,74
blue,90,38,55,24,153,103,130,89,76,66
red,20,38,55,24,5,0,28,132,17,74
blue,112,27,94,49,160,101,38,136,29,66
blue,103,87,125,76,128,123,13,104,9,109
red,43,65,3,29,119,18,54,125,51,33
red,151,60,121,51,119,22,65,26,133,53
blue,0,38,68,51,45,62,61,32,17,100
blue,35,60,74,69,16,47,87,91,51,80
red,0,46,143,29,45,114,104,94,116,9
blue,114,51,155,129,66,0,65,144,106,45
blue,18,61,121,51,5,110,30,2,69,128
red,151,30,19,116,100,43,117,140,24,93
red,121,38,59,129,74,135,30,34,51,4
blue,102,30,121,17,108,151,149,89,29,70
red,151,30,148,150,74,22,111,121,49,119
red,18,30,114,116,93,78,54,148,51,128
blue,0,13,26,109,118,22,146,121,106,82
blue,18,65,2,29,14,20,149,23,76,82
blue,146,67,132,129,5,31,23,0,116,93
red,0,125,62,76,45,110,38,143,106,128
red,102,87,143,76,80,127,38,56,17,99
blue,2,58,32,136,153,78,65,56,29,126
red,43,134,138,51,133,144,13,68,129,99
blue,101,98,2,8,45,31,13,132,76,153
blue,77,78,104,52,5,105,13,155,8,126
red,127,38,1,116,99,37,13,94,123,108
blue,18,81,140,76,158,90,13,89,133,70
blue,43,141,121,24,128,103,13,32,69,45
blue,43,111,56,51,45,0,13,64,116,119
blue,115,134,64,49,76,74,13,158,29,148
blue,43,142,32,76,111,48,13,154,116,70
blue,62,30,155,51,53,35,13,2,69,14
red,11,61,32,76,128,31,13,144,51,153
red,115,13,19,109,108,48,65,7,51,70
red,90,13,19,24,45,22,40,56,147,53
blue,154,61,1,129,45,103,13,19,17,70
blue,136,38,125,157,79,115,13,19,106,82
red,90,13,155,19,119,36,54,121,29,74
blue,62,13,19,157,79,90,61,121,9,45
red,102,13,19,51,14,42,61,63,76,100
blue,114,46,155,29,41,36,13,140,76,45
red,22,142,143,49,5,18,13,78,69,93
blue,2,13,155,109,118,22,26,43,51,15
red,18,13,121,29,74,131,67,35,137,14
red,31,92,143,51,74,151,13,23,76,79
red,43,13,159,49,71,146,75,1,17,96
red,34,154,89,29,53,115,38,87,51,66
blue,104,75,68,106,100,0,77,33,17,66
red,91,67,64,51,66,18,142,73,29,93
blue,41,111,120,29,153,18,61,19,24,15
red,88,142,11,136,5,78,65,29,51,66
blue,72,61,32,85,118,18,13,143,76,120
blue,59,38,159,76,70,0,65,55,51,93
blue,20,98,104,50,128,151,149,154,76,120
blue,150,23,151,76,5,62,87,140,51,126
red,112,107,150,9,109,22,87,142,49,45
red,0,134,121,76,70,95,67,2,133,118
red,101,98,143,24,12,22,88,109,76,153
blue,110,28,138,51,99,35,145,121,8,100
blue,114,30,1,129,74,31,60,159,133,16
red,115,54,1,51,108,0,134,125,29,71
red,88,97,140,106,128,35,87,19,8,79
red,101,26,143,24,19,48,87,33,49,128
red,62,91,89,51,158,35,98,143,147,100
blue,37,74,3,129,82,13,75,7,51,14
red,0,98,143,69,80,110,134,140,51,70
blue,31,40,10,8,153,36,130,73,51,70
red,88,92,11,17,9,95,46,19,29,45
red,42,65,64,29,109,107,142,1,85,82
red,110,107,155,137,153,141,38,121,109,5
red,110,130,124,51,80,149,65,138,49,45
red,47,130,10,136,15,90,67,55,51,82
red,112,40,32,49,53,38,142,71,9,158
red,78,142,19,8,100,112,98,148,133,93
blue,127,58,121,116,128,22,75,56,129,96
blue,145,125,121,29,53,90,77,2,129,119
red,101,65,68,51,153,74,130,56,17,53
blue,18,77,121,133,70,90,98,1,50,158
red,110,60,33,54,82,112,58,64,109,45
red,18,38,144,49,148,78,141,155,116,119
blue,43,40,143,51,66,31,46,23,9,14
blue,23,60,64,49,148,62,125,114,29,45
blue,107,125,151,24,119,39,91,155,85,160
blue,22,28,33,51,153,90,125,2,69,100
red,103,38,56,50,70,0,141,110,69,153
blue,37,40,19,76,14,47,23,120,63,119
red,0,38,121,109,99,101,28,61,24,128
blue,34,26,151,54,91,101,37,138,24,53
blue,90,65,55,51,119,107,134,144,24,45
blue,147,102,144,76,96,95,75,56,106,128
red,103,40,56,116,109,110,97,158,8,128
red,47,60,1,17,9,22,91,32,49,128
blue,43,84,120,50,4,90,60,140,29,9
red,34,30,140,29,93,37,44,143,51,82
red,110,130,71,49,153,135,5,129,76,80
blue,115,130,89,136,41,0,30,94,49,148
red,115,30,151,156,79,57,141,129,24,5
red,25,30,136,129,100,48,134,159,8,120
red,151,30,150,49,153,72,98,143,29,15
red,54,130,56,24,119,115,40,120,17,160
blue,78,40,2,133,158,151,141,56,116,70
blue,62,88,121,24,70,42,141,144,29,118
blue,31,134,11,49,119,48,107,155,137,70
blue,101,98,3,109,53,18,141,7,17,71
red,103,61,71,17,66,95,107,56,116,119
blue,107,38,6,24,80,151,130,121,17,45
blue,150,67,48,137,108,0,77,120,51,93
blue,47,67,151,106,128,31,102,143,137,74
red,150,84,140,129,66,74,86,56,51,82
blue,107,13,32,129,5,151,87,103,29,79
red,117,26,143,76,96,22,134,23,50,100
red,127,38,7,137,119,134,65,121,29,9
blue,107,38,143,29,45,95,60,151,137,12
red,134,65,132,29,15,131,40,143,137,158
red,114,94,10,137,53,34,13,55,17,70
red,37,13,131,29,126,88,102,73,17,70
blue,152,78,89,109,110,97,102,158,116,153
blue,47,134,11,137,70,146,61,143,50,160
red,113,84,94,24,126,145,142,121,129,118
blue,0,111,26,24,74,115,113,155,109,45
red,146,98,33,147,126,48,26,138,106,4
blue,0,155,120,51,14,114,130,2,29,66
red,78,98,2,29,53,107,84,35,8,120
blue,36,130,19,51,45,110,13,63,17,100
blue,110,65,68,24,148,0,60,2,51,158
red,78,38,56,129,108,22,40,120,51,45
red,0,155,2,49,5,137,97,143,109,110
blue,103,58,21,76,9,18,38,143,49,132
blue,25,102,143,29,120,35,111,2,51,82
red,34,65,64,51,66,25,40,121,8,119
blue,31,134,121,51,82,90,13,106,17,79
red,47,141,121,29,100,72,67,0,51,119
blue,0,142,121,29,80,43,65,94,17,53
blue,102,46,23,69,118,47,154,33,133,53
blue,90,23,121,133,70,112,38,2,17,45
blue,0,65,55,9,53,72,61,143,76,74
blue,48,74,143,51,158,72,38,151,49,5
red,34,46,143,63,70,43,87,33,76,5
red,143,87,129,49,93,74,38,121,133,71
red,141,134,143,147,14,42,38,144,52,93
red,22,75,143,17,53,78,142,132,9,100
red,31,65,143,9,100,0,23,56,116,153
blue,43,104,155,49,139,103,87,143,51,5
blue,72,60,56,116,160,110,5,143,76,118
blue,110,75,143,51,79,114,13,1,24,66
red,72,102,143,76,99,135,58,26,69,93
red,22,77,23,76,79,110,61,143,63,70
red,107,134,3,157,118,131,23,105,9,153
red,34,154,143,29,160,78,98,44,1,9
blue,114,65,143,136,148,113,124,151,106,160
blue,88,61,143,17,153,37,102,132,9,96
blue,88,125,143,51,82,3,28,155,147,80
blue,31,125,143,133,80,151,135,32,76,5
blue,112,154,138,63,70,39,134,143,17,71
blue,110,61,144,138,9,107,60,38,136,53
red,107,13,143,116,70,142,60,148,17,79
red,22,46,143,120,96,90,142,55,69,128
red,34,97,64,51,160,74,94,124,29,82
blue,31,65,143,76,148,48,40,104,17,153
red,19,111,143,9,119,137,74,151,116,70
red,72,13,143,49,109,31,54,151,69,4
blue,146,86,143,8,100,31,13,64,137,45
red,77,58,143,129,14,22,60,121,76,66
blue,74,134,143,85,79,18,58,6,17,53
blue,43,40,143,106,99,136,60,2,76,126
blue,72,38,143,51,110,121,23,69,76,158
blue,0,38,55,76,82,48,60,143,29,45
red,146,87,143,29,118,35,38,71,129,82
red,101,113,143,17,12,22,111,71,76,118
red,62,97,143,49,80,115,74,56,76,109
red,74,65,56,137,45,22,154,143,49,53
red,152,30,94,136,128,74,146,143,29,12
blue,0,86,143,76,45,43,46,121,17,119
blue,78,40,55,17,9,18,134,121,49,153
red,90,142,17,109,118,22,154,148,69,80
blue,123,38,104,24,5,47,134,33,9,93
blue,31,28,151,9,153,0,65,140,49,119
blue,43,102,34,17,139,0,23,7,133,45
blue,145,28,6,8,158,46,61,19,49,82
blue,74,38,151,41,123,103,23,43,8,45
red,103,134,121,29,53,0,86,143,106,14
red,143,40,150,49,15,121,92,0,137,70
red,3,87,143,106,14,107,142,151,51,99
blue,34,141,56,109,118,88,54,33,108,119
blue,90,30,89,49,96,34,98,55,108,160
red,152,142,122,54,123,115,134,155,51,41
red,22,94,55,29,119,151,38,2,137,53
red,103,67,148,29,119,0,155,132,116,82
red,0,97,121,17,119,88,30,125,76,74
blue,101,74,140,76,99,107,102,159,129,124
blue,88,38,26,76,5,102,87,121,24,82
blue,112,88,94,9,53,154,67,121,51,96
red,154,61,6,17,70,20,75,110,133,41
red,39,134,83,51,128,112,74,154,129,70
red,18,134,68,17,153,110,26,11,106,82
red,0,75,94,54,33,18,134,1,106,82
blue,114,23,155,147,9,2,134,151,29,45
red,115,54,91,24,14,125,98,11,29,4
blue,47,30,143,52,70,101,38,11,8,119
blue,134,98,32,116,100,101,38,144,51,71
red,39,40,53,52,126,101,38,132,137,70
red,35,38,70,129,158,47,40,120,76,45
blue,35,40,32,51,74,131,65,159,49,71
red,31,74,159,133,108,35,40,140,51,119
red,103,92,136,51,93,18,58,64,106,109
blue,34,58,56,8,45,37,134,2,51,158
red,127,145,150,106,5,112,38,104,50,128
blue,22,23,159,116,53,31,111,89,52,96
blue,110,38,41,29,74,78,145,155,49,108
red,81,125,139,69,80,117,26,143,17,82
blue,112,104,105,129,53,131,23,127,150,45
red,19,141,110,24,5,62,142,150,17,41
red,0,38,56,133,119,19,142,2,29,93
red,19,141,72,9,93,22,28,94,17,14
blue,103,61,19,120,108,74,81,56,29,118
blue,31,87,41,106,5,38,130,32,29,148
red,22,23,94,69,153,47,27,125,52,5
blue,23,142,54,51,128,48,124,143,24,5
red,72,30,122,8,93,31,38,140,29,66
blue,43,38,6,24,45,135,58,26,69,119
red,114,75,38,116,158,18,155,140,24,118
blue,90,54,144,106,45,78,84,38,76,109
red,154,26,129,85,119,110,46,55,76,128
blue,121,38,132,147,9,104,98,56,69,128
blue,138,153,157,49,12,39,38,19,17,80
blue,22,125,121,29,70,74,60,19,156,153
red,22,86,94,51,82,47,98,64,106,14
red,18,142,144,76,14,31,13,136,8,119
blue,145,60,23,29,12,90,142,132,17,159
red,22,125,150,156,153,43,67,19,69,5
red,103,87,33,9,41,22,60,121,29,79
red,67,44,94,76,109,110,97,155,157,79
blue,136,113,125,24,5,110,102,121,29,96
blue,41,26,131,29,119,31,38,68,17,109
blue,78,154,150,116,153,22,67,109,24,108
blue,47,149,26,69,108,78,54,151,17,119
blue,22,60,120,76,9,2,65,122,29,118
blue,88,13,1,69,153,31,84,151,51,74
blue,59,84,94,29,82,90,28,129,54,76
red,110,75,104,76,109,42,111,122,17,71
blue,18,46,2,129,5,31,134,41,76,120
red,144,38,110,106,5,62,98,159,76,160
blue,69,26,81,133,70,48,102,143,29,45
blue,78,125,64,17,82,0,77,121,137,30
red,110,40,109,76,71,47,91,56,51,80
blue,103,26,155,17,70,22,67,81,24,45
blue,74,23,94,49,148,57,98,81,9,119
red,65,38,79,17,80,18,142,140,85,119
blue,22,38,143,76,71,0,114,121,106,91
red,47,74,89,137,81,145,65,23,24,96
blue,0,46,81,17,119,114,98,121,51,93
blue,18,26,1,17,128,131,23,34,24,126
blue,143,26,103,24,45,90,13,144,138,12
blue,31,38,148,17,80,0,77,26,9,64
blue,0,77,26,76,5,43,92,140,51,12
red,114,13,63,51,96,0,30,56,76,5
blue,18,92,73,156,45,25,60,26,137,108
blue,2,77,11,8,96,134,38,32,129,80
blue,115,111,34,109,108,151,134,2,106,5
red,20,84,155,85,108,103,146,72,116,158
blue,145,102,132,49,74,18,5,55,17,148
red,62,30,3,29,70,78,61,155,17,91
blue,90,102,124,51,159,78,111,43,29,12
red,18,75,124,49,154,47,65,26,136,96
red,90,58,143,76,80,74,98,64,17,45
blue,134,154,155,133,71,110,38,26,49,148
blue,22,40,140,51,82,137,88,138,9,74
blue,0,154,33,116,70,110,75,26,133,160
blue,131,78,121,76,100,88,40,26,52,93
blue,8,13,55,69,12,31,5,143,51,91
red,110,149,2,85,96,101,27,19,76,160
blue,95,54,115,49,148,62,60,114,52,126
blue,110,60,122,156,93,72,38,124,9,20
red,103,130,144,51,128,18,60,114,109,153
red,0,38,121,116,16,77,79,33,109,82
red,135,84,122,76,100,35,61,11,129,153
blue,104,146,73,49,4,107,134,159,29,158
blue,2,88,3,116,45,31,38,55,106,100
blue,59,30,94,17,158,31,149,68,51,71
red,0,125,144,136,14,114,61,151,116,71
red,74,60,138,52,128,0,26,150,29,9
blue,18,127,55,50,53,37,134,131,76,5
blue,25,54,11,151,66,18,40,159,51,96
blue,36,38,3,109,118,78,61,43,147,9
red,43,23,150,109,70,22,88,121,17,108
red,43,30,132,129,121,81,23,19,76,153
blue,18,142,6,43,70,121,102,124,76,45
blue,0,44,144,51,82,90,98,43,29,99
blue,114,23,2,9,14,74,67,35,116,45
red,35,26,43,51,14,134,111,71,147,70
blue,90,141,33,17,139,18,28,43,24,70
red,0,23,121,8,82,65,40,1,150,96
red,112,58,23,136,53,0,65,143,147,160
blue,92,54,155,76,108,101,154,2,136,123
blue,22,28,151,17,153,41,38,159,51,148
red,151,87,121,49,45,78,58,124,116,91
blue,48,38,56,63,70,110,124,155,51,82
red,146,54,6,49,82,31,40,121,24,154
blue,130,60,2,133,70,101,26,121,76,119
red,2,38,35,85,16,74,60,121,24,108
red,101,38,121,24,5,131,134,143,51,100
red,103,134,1,51,82,42,67,144,17,128
red,103,134,64,24,119,135,65,157,76,108
red,146,125,132,76,96,48,65,64,120,93
blue,34,65,10,52,100,7,98,56,106,82
blue,7,46,125,133,45,151,58,53,136,158
blue,90,23,68,17,159,7,60,155,24,158
red,151,75,125,138,128,7,141,142,50,45
blue,112,142,109,51,45,7,30,151,76,153
red,134,102,7,24,111,37,77,140,17,71
red,112,38,7,147,82,81,75,121,69,80
red,7,113,61,54,128,112,141,11,76,119
blue,7,91,120,49,119,0,26,8,76,139
red,7,97,125,129,80,101,58,128,17,121
blue,72,121,159,17,153,31,133,1,76,99
blue,7,58,143,76,70,90,38,137,85,53
red,107,125,132,24,45,123,13,122,109,53
red,112,38,151,129,160,47,74,140,49,14
blue,31,145,56,51,93,22,114,155,76,5
blue,151,102,54,9,108,123,13,1,49,53
blue,31,38,89,8,74,34,46,140,17,45
red,0,65,121,29,100,47,141,26,129,74
red,43,130,19,29,112,0,92,143,51,66
red,34,26,151,9,153,114,44,2,76,128
red,36,58,2,51,45,90,60,143,49,71
blue,43,78,89,76,128,91,113,1,9,45
blue,31,98,144,76,9,110,46,1,106,82
red,107,97,48,8,70,152,38,121,133,45
red,102,142,144,9,108,31,23,132,76,70
red,18,30,43,116,82,62,26,155,69,70
red,53,26,121,49,119,48,97,2,116,128
blue,18,26,151,76,158,90,60,144,106,74
blue,48,65,55,133,153,151,98,68,17,71
red,103,86,140,8,12,48,84,43,76,108
red,121,28,151,133,99,43,40,48,138,119
blue,48,87,124,49,45,151,54,121,51,128
red,48,142,121,17,9,112,84,69,29,45
red,31,40,55,138,9,36,30,158,76,108
blue,42,84,1,24,14,91,60,26,85,45
blue,36,38,140,147,15,77,61,33,133,100
blue,77,40,114,109,71,34,65,143,24,82
blue,134,38,132,129,14,77,84,33,50,100
blue,31,102,78,51,81,22,40,138,49,66
blue,22,26,0,69,96,77,38,71,17,108
blue,78,38,155,9,119,110,23,150,29,80
red,77,142,125,148,53,101,134,144,76,45
red,0,60,19,133,70,114,142,132,51,14
blue,77,40,144,76,119,74,13,23,133,70
red,77,141,64,17,71,35,81,2,76,46
blue,72,130,94,29,15,47,146,140,17,118
blue,31,142,105,133,70,103,58,121,29,53
blue,22,98,55,24,14,90,61,122,76,82
blue,90,38,55,156,153,18,84,48,29,82
red,107,98,68,106,99,22,102,55,116,45
blue,101,61,56,24,45,34,28,35,106,93
blue,152,141,7,133,70,151,134,140,85,80
red,35,58,109,51,80,90,84,157,106,82
red,151,54,3,49,153,0,47,138,50,70
red,134,67,3,120,153,35,149,26,109,15
blue,103,60,23,85,93,110,27,6,106,5
blue,42,54,94,17,71,18,87,33,69,80
blue,144,38,73,50,128,2,60,121,133,108
red,151,135,121,63,45,101,38,122,50,93
red,18,97,93,76,128,90,98,21,150,120
red,43,28,64,50,70,115,111,54,137,14
red,114,94,122,49,80,3,154,121,17,45
blue,83,54,142,17,16,18,38,33,76,12
blue,36,26,19,17,71,112,84,3,109,108
blue,37,98,150,17,128,127,40,142,49,12
blue,3,130,158,8,70,18,104,155,109,5
red,18,27,140,85,96,34,65,55,106,90
blue,115,54,125,17,9,43,111,155,76,119
blue,47,67,155,49,82,0,40,154,147,96
red,127,38,151,85,66,78,65,95,49,158
blue,91,28,143,49,109,18,27,64,76,96
blue,123,134,148,49,82,31,75,23,106,100
red,78,134,129,69,100,103,13,53,51,82
red,35,102,129,51,139,151,97,155,116,122
red,62,154,89,49,16,18,40,21,136,82
blue,47,65,143,76,160,31,84,2,129,82
red,142,154,64,116,119,35,88,2,69,4
blue,88,13,151,109,82,31,65,19,120,45
blue,34,98,121,76,79,31,23,62,120,45
red,151,155,41,106,128,110,146,140,76,109
red,0,134,7,9,45,77,110,87,29,79
red,107,146,125,120,74,135,38,121,17,14
blue,90,65,134,51,109,3,38,143,138,82
blue,2,61,64,120,45,25,23,150,76,100
blue,39,154,32,147,96,48,65,56,120,45
blue,134,30,121,116,45,103,28,132,147,158
red,43,134,71,8,74,152,58,140,138,53
red,110,154,143,133,74,35,111,2,8,82
red,151,102,138,49,5,31,13,109,120,97
red,91,87,55,69,80,0,46,104,120,45
red,88,111,148,129,109,42,46,143,136,53
red,121,38,140,24,100,110,54,150,29,45
red,25,65,41,116,82,123,111,32,17,100
red,53,54,91,137,5,0,134,155,129,108
red,114,27,32,85,96,35,13,56,29,119
blue,35,149,159,76,99,131,28,82,51,158
blue,112,38,120,133,118,101,134,143,29,148
red,136,134,11,137,126,88,54,121,51,82
blue,22,134,159,69,82,88,84,43,9,109
red,88,13,160,49,53,141,102,150,129,99
red,88,107,56,24,70,3,125,142,109,139
blue,146,107,56,63,70,88,46,32,137,45
red,42,75,151,51,100,88,155,19,133,153
red,36,107,1,123,108,88,102,68,19,128
blue,39,155,11,17,45,0,141,68,49,12
red,103,142,104,29,53,22,134,148,156,45
red,101,65,121,106,82,88,67,3,133,93
red,57,65,89,76,123,18,87,144,51,82
red,152,27,150,8,128,43,38,1,106,16
red,115,26,125,49,45,31,65,121,29,119
blue,95,91,19,54,108,43,27,155,51,70
blue,19,65,11,29,153,78,40,148,76,118
blue,115,65,56,133,70,90,38,55,76,45
red,104,84,33,106,79,47,40,143,51,96
red,101,61,55,109,93,31,38,19,17,120
red,34,61,140,109,83,0,58,144,69,100
blue,24,149,68,69,80,74,84,56,51,45
red,103,86,132,24,93,117,154,32,17,90
blue,110,26,155,133,76,47,38,138,29,70
blue,135,13,158,50,70,103,38,26,133,79
blue,110,149,155,109,66,3,30,37,24,128
red,0,28,7,76,153,127,111,91,133,109
blue,110,13,121,29,148,22,124,105,17,93
blue,37,134,102,17,109,22,26,155,24,108
red,103,107,26,76,128,0,154,144,129,80
blue,107,38,144,133,45,142,30,151,76,80
red,121,130,11,150,119,31,47,73,147,111
red,110,124,143,17,79,103,104,56,136,53
red,18,102,71,49,153,47,133,41,54,45
blue,144,65,33,49,118,62,87,55,29,76
red,81,13,124,51,4,22,134,6,106,14
red,95,30,155,17,71,93,65,33,106,128
red,112,38,129,109,119,0,111,132,51,160
red,135,23,140,76,30,0,65,122,150,18
red,39,13,150,17,130,31,87,159,8,45
red,48,102,121,133,128,72,40,10,24,14
blue,65,61,56,29,96,36,38,120,109,108
red,114,88,151,109,153,78,13,26,106,82
blue,0,142,124,29,5,22,54,1,76,118
blue,47,23,3,17,119,91,38,140,133,80
red,35,98,155,138,12,31,142,144,9,80
red,90,130,121,17,76,115,27,140,24,92
blue,110,30,155,29,108,0,60,104,49,109
blue,101,58,19,76,160,18,38,125,109,70
red,0,154,136,109,53,31,23,94,76,159
blue,78,130,94,51,53,74,124,88,106,109
red,88,58,151,109,118,74,97,11,76,45
red,114,126,55,50,70,105,23,150,51,5
blue,78,38,155,52,70,114,65,120,133,99
blue,145,26,91,85,80,121,38,64,17,70
red,31,117,155,8,53,145,38,151,51,153
red,152,28,2,8,14,102,38,122,147,45
red,152,67,125,51,9,146,130,47,129,15
red,152,65,144,129,82,42,46,132,8,45
red,152,23,0,52,128,42,40,11,51,111
blue,18,54,152,129,153,59,65,2,9,93
blue,31,39,64,133,66,101,60,144,76,5
blue,134,47,34,156,70,103,84,151,17,148
red,103,151,104,106,5,131,102,83,54,119
red,0,67,122,17,12,103,38,121,76,5
blue,144,60,11,17,82,103,58,143,49,70
red,103,26,138,133,153,47,38,2,9,100
blue,110,40,11,85,126,103,61,121,29,12
blue,3,134,1,69,5,110,86,59,49,82
red,103,141,35,49,148,78,58,151,17,79
red,103,38,121,116,80,0,94,2,50,12
blue,0,97,1,76,109,31,130,157,106,74
red,142,23,151,29,109,144,38,157,85,119
red,0,46,157,106,82,130,60,88,120,70
blue,91,60,90,136,15,0,124,157,106,14
red,31,91,157,106,119,135,26,58,76,70
blue,36,40,121,106,96,127,38,1,85,126
red,31,38,121,54,9,36,84,155,29,53
blue,0,146,124,29,53,112,40,143,51,82
red,78,65,150,24,79,34,61,151,109,119
red,130,61,150,51,74,144,113,140,106,53
blue,0,65,121,109,120,90,40,150,136,80
blue,31,27,55,69,153,72,38,158,133,118
blue,31,58,155,133,139,144,38,1,138,108
red,110,84,140,51,158,0,125,144,133,74
blue,43,54,32,76,82,0,38,132,137,37
blue,11,97,121,17,53,31,54,48,8,109
red,31,130,2,69,45,134,98,144,76,53
red,0,74,33,76,82,78,77,38,24,12
red,31,38,33,17,71,90,98,124,136,128
blue,91,154,155,76,71,112,46,33,51,128
blue,110,113,104,29,4,155,38,33,106,128
red,0,84,33,9,41,90,38,143,51,53
blue,22,111,158,17,79,90,13,33,150,118
blue,43,30,33,8,99,110,142,6,137,70
blue,74,61,32,116,153,103,28,33,133,99
blue,37,142,20,17,93,64,65,33,51,14
blue,18,107,121,133,153,47,65,132,17,45
blue,78,111,112,51,45,3,65,33,69,153
blue,36,130,11,29,109,135,111,33,76,70
blue,72,65,138,29,53,25,27,33,24,93
red,107,65,11,76,119,78,91,151,49,118
red,74,54,56,17,53,62,23,33,9,82
blue,134,60,33,51,115,78,40,139,133,70
blue,48,97,43,137,70,22,102,33,120,119
blue,33,65,151,50,70,19,13,43,9,82
red,22,40,33,129,53,13,130,121,133,82
red,22,23,33,116,70,34,145,155,17,45
red,22,30,33,85,54,18,114,140,17,93
blue,18,61,124,24,119,115,46,33,106,74
red,137,142,33,156,45,0,65,143,76,120
red,31,38,32,137,100,146,23,120,29,82
red,123,60,73,9,82,22,65,32,50,93
red,142,60,34,76,148,112,65,33,129,70
red,90,38,19,116,153,103,60,33,51,82
red,151,77,105,51,53,57,75,33,29,126
blue,134,23,33,18,17,2,111,38,116,119
red,18,5,33,17,109,34,65,143,129,154
blue,42,58,33,133,100,134,28,101,116,99
blue,57,37,33,29,71,90,134,160,116,118
blue,2,134,151,76,100,62,91,138,137,45
red,95,154,131,76,5,0,84,143,51,45
blue,72,65,64,8,128,78,87,33,17,119
red,103,65,33,85,119,90,107,56,76,128
red,137,65,10,51,99,37,60,150,29,79
red,114,61,138,156,160,72,107,144,51,70
red,101,30,125,49,74,78,38,64,51,82
blue,43,154,136,54,45,151,75,64,50,91
red,48,61,57,106,5,146,154,89,51,74
red,0,61,43,133,153,67,98,3,76,100
red,78,65,2,8,4,112,60,56,129,45
red,74,92,56,49,108,90,60,1,8,9
red,72,125,1,51,108,0,149,150,54,14
red,121,130,155,76,128,74,134,71,69,80
red,74,54,0,51,5,35,154,1,49,71
red,115,142,159,76,80,65,75,158,147,96
red,55,84,129,50,82,81,134,132,17,79
red,101,75,79,69,126,47,40,33,109,71
blue,78,58,129,106,82,22,5,55,50,66
red,110,130,140,106,128,74,61,159,76,53
red,112,5,121,133,15,31,154,87,24,128
red,110,113,41,129,45,115,142,6,76,160
red,103,23,33,51,16,3,58,56,137,119
blue,104,40,68,51,128,90,23,155,29,148
blue,34,134,15,137,53,47,111,121,133,70
blue,0,125,151,109,16,43,60,143,116,12
red,112,134,143,24,76,31,28,3,129,128
blue,62,26,23,63,70,72,40,1,24,153
blue,110,125,3,49,143,144,86,109,76,93
red,0,37,125,51,74,34,26,155,50,45
red,127,102,121,24,74,34,65,1,17,12
red,146,65,114,17,79,127,97,121,24,5
blue,103,58,11,156,70,65,40,121,17,119
blue,22,113,144,24,99,81,102,73,76,82
red,81,28,151,76,108,95,77,121,51,82
red,95,38,121,69,118,81,114,2,76,53
blue,18,40,155,136,45,81,114,21,29,153
blue,22,40,37,29,66,81,154,125,133,70
red,78,107,89,129,5,81,134,155,157,108
red,37,60,140,9,108,81,130,136,17,71
red,81,117,55,49,53,142,151,144,76,119
red,81,38,139,17,45,22,28,143,106,4
red,81,91,133,49,41,137,154,32,85,82
red,81,38,37,76,45,35,142,143,106,66
red,81,111,109,24,128,22,26,2,50,70
blue,81,58,53,129,5,134,26,155,51,80
blue,81,111,53,69,139,35,38,121,17,119
blue,81,13,1,85,108,35,46,124,49,119
blue,22,23,150,50,119,81,88,143,17,108
red,31,130,2,9,138,0,13,6,51,66
blue,22,98,121,106,82,81,146,38,85,160
blue,135,23,56,116,53,101,58,140,49,66
red,81,40,32,129,45,110,38,33,116,119
red,81,111,140,50,100,90,38,56,147,119
blue,31,40,1,8,123,81,111,32,52,100
red,43,75,121,50,80,81,40,32,24,70
red,81,40,35,29,160,41,86,143,76,92
red,81,54,94,76,128,22,111,136,116,5
red,62,60,143,137,128,81,46,122,76,109
red,151,94,11,147,74,67,58,129,137,96
red,117,86,62,51,74,78,38,159,24,82
blue,101,74,138,50,99,110,75,140,76,70
red,101,26,129,133,80,74,38,83,51,70
blue,114,38,144,52,126,34,88,56,76,74
blue,18,67,140,51,82,31,75,143,116,74
blue,103,107,68,85,53,74,40,56,49,79
red,102,58,6,17,74,47,113,2,29,153
blue,22,38,143,17,128,107,145,157,24,99
red,18,145,120,9,74,110,102,32,49,5
blue,74,38,120,17,100,141,23,150,76,14
blue,22,65,26,17,108,145,77,56,116,74
blue,101,130,104,49,4,115,107,89,17,74
red,74,102,89,133,45,0,40,64,29,120
blue,74,134,94,137,160,43,27,20,29,153
red,110,141,121,76,74,103,65,1,9,53
red,102,154,131,9,74,25,38,119,51,45
red,25,98,159,29,118,110,40,48,76,74
red,115,26,140,76,5,34,30,151,51,74
blue,110,58,120,106,109,0,75,155,133,74
blue,18,65,140,106,74,35,98,143,137,100
blue,135,77,7,106,79,127,27,34,9,74
blue,18,154,131,24,70,0,107,124,76,74
blue,150,40,23,106,70,57,58,122,76,74
red,112,61,1,24,74,115,88,10,17,53
blue,151,26,155,51,74,0,134,140,137,158
blue,42,91,151,9,14,34,111,121,106,74
blue,127,60,55,51,128,103,84,11,9,93
red,74,75,89,104,80,34,40,122,116,66
red,78,40,53,69,119,35,130,109,49,104
red,62,40,55,106,70,78,38,8,85,118
red,91,54,79,17,128,22,40,121,106,45
blue,131,40,140,85,126,12,75,151,157,82
red,47,125,121,29,9,114,13,56,8,128
red,0,98,33,106,93,42,38,26,51,45
red,43,125,19,106,100,22,58,140,69,45
blue,22,145,136,8,100,31,87,11,51,82
red,37,77,64,29,153,155,67,91,106,92
red,123,102,151,24,44,18,58,143,129,158
red,19,91,56,17,79,59,86,150,69,82
red,90,58,55,24,80,48,75,2,76,158
blue,37,134,3,133,153,95,78,1,49,66
blue,78,86,141,106,126,25,113,121,76,5
red,35,61,138,49,71,62,38,159,76,128
blue,151,38,1,50,108,0,58,2,24,128
blue,123,86,54,17,148,91,77,144,51,27
red,0,98,6,8,27,91,46,109,52,100
red,91,67,155,51,119,22,38,64,8,53
red,37,94,124,29,53,103,86,64,49,109
red,22,130,159,29,82,0,40,71,76,100
red,22,46,143,76,45,127,87,23,51,126
red,22,102,73,49,99,101,28,64,85,139
red,114,60,32,137,70,131,91,115,147,96
red,22,102,143,50,108,59,78,159,51,126
blue,0,117,56,106,128,110,77,144,51,148
red,107,58,120,17,44,90,61,23,133,79
blue,110,84,71,17,45,112,61,23,49,100
red,22,27,155,52,128,107,61,26,129,126
red,22,38,139,106,14,137,65,21,51,70
blue,114,65,56,76,100,22,61,33,50,119
blue,110,74,89,8,100,22,124,56,9,126
blue,91,40,138,69,53,22,60,159,24,93
red,74,86,1,24,128,22,28,35,116,53
red,110,13,124,51,45,22,38,129,116,93
red,22,65,140,49,119,31,27,144,51,74
blue,22,30,101,116,79,151,134,140,129,4
blue,81,75,26,29,53,38,30,94,116,12
red,144,58,71,106,93,110,38,23,9,41
red,90,54,155,49,53,0,141,121,109,93
blue,78,75,94,106,82,115,13,140,76,153
red,131,102,71,17,79,57,27,56,147,70
red,110,98,121,76,158,62,154,39,63,70
red,0,40,144,29,53,91,87,143,17,79
blue,151,60,56,76,5,18,97,11,106,100
blue,155,65,2,76,5,59,38,121,147,119
blue,78,125,140,51,74,146,65,143,129,153
blue,31,67,104,17,79,146,38,143,29,45
blue,31,60,121,129,5,107,142,56,51,16
red,104,38,157,51,82,112,124,125,129,91
red,81,38,121,129,100,0,40,125,76,4
blue,47,26,34,51,93,0,102,143,69,100
red,115,23,150,51,96,22,26,91,156,100
blue,2,87,155,106,82,77,28,56,85,126
red,121,74,124,9,158,134,113,159,17,82
blue,74,65,151,109,80,150,88,23,17,71
red,22,54,35,109,80,110,84,21,51,100
red,2,44,151,106,82,121,65,103,76,108
red,130,134,73,106,82,74,58,26,52,126
red,25,60,91,109,118,104,81,125,51,9
blue,35,30,151,8,118,47,58,143,133,154
red,0,134,56,9,139,145,98,143,49,119
blue,47,40,2,120,9,31,38,138,17,118
blue,131,40,109,1,120,103,38,124,106,82
blue,101,134,68,29,79,107,60,11,51,16
blue,13,65,144,17,74,31,98,143,51,119
blue,0,134,68,24,70,37,130,151,49,126
blue,31,13,56,76,109,0,40,151,24,111
red,43,134,26,136,93,107,44,104,49,9
red,97,94,121,9,153,115,75,53,51,96
blue,0,54,91,29,70,31,134,155,136,9
red,130,38,158,51,79,90,65,143,137,74
red,34,75,132,54,123,107,134,48,17,96
red,131,40,124,50,53,31,74,104,17,108
red,22,38,124,106,82,31,26,125,69,4
red,95,134,140,76,14,43,38,56,136,16
red,55,40,11,106,74,31,60,44,24,153
blue,103,60,155,51,79,0,65,104,147,128
red,31,65,136,8,70,115,84,140,49,158
red,110,46,1,8,80,34,67,151,17,9
blue,74,134,120,50,158,20,130,55,8,45
blue,59,65,33,24,100,47,134,32,129,45
blue,137,146,109,49,120,47,65,68,24,80
red,144,65,104,52,5,90,61,6,51,93
blue,47,40,139,106,82,110,67,156,120,100
blue,134,46,138,17,160,74,130,104,29,5
red,137,13,138,49,70,151,134,140,148,53
blue,25,92,7,136,5,31,134,56,109,119
blue,114,77,23,29,53,3,142,140,76,66
blue,110,142,132,9,74,34,54,3,106,5
red,31,134,140,116,80,22,75,23,17,79
blue,101,141,129,29,9,22,146,55,148,41
red,18,86,157,76,71,90,134,11,49,128
blue,146,134,138,133,70,91,78,120,50,128
blue,35,58,143,49,128,0,134,89,133,119
blue,47,130,143,116,153,57,60,89,156,70
blue,135,145,121,106,74,22,114,124,137,70
blue,47,65,140,29,153,48,30,124,51,82
blue,22,67,150,156,119,135,84,144,133,108
red,78,130,142,24,93,0,39,136,137,100
blue,0,65,143,17,160,22,154,144,29,45
blue,47,98,11,51,119,115,65,136,29,4
red,34,54,115,9,118,42,65,132,156,70
red,18,111,140,76,108,107,86,143,106,128
blue,47,113,121,17,45,74,65,120,116,100
blue,24,44,125,63,41,57,38,55,51,45
red,115,13,136,106,5,107,38,132,76,109
red,127,38,90,24,79,47,142,1,76,12
red,0,60,143,133,120,18,142,140,137,119
blue,78,111,151,51,82,74,28,144,24,5
blue,115,141,57,156,118,142,38,32,29,12
red,104,38,121,51,128,101,124,143,116,80
red,107,65,143,76,53,0,37,69,49,108
blue,74,54,151,85,119,107,61,6,69,53
red,47,87,23,116,158,74,102,1,106,5
red,110,87,134,24,53,151,113,140,63,119
red,35,87,155,24,70,143,38,144,29,15
red,22,40,105,109,96,91,87,121,17,139
blue,48,38,87,24,15,26,97,151,17,45
red,22,87,140,29,53,3,60,37,76,109
red,103,40,87,129,99,114,141,140,85,74
red,131,87,151,85,100,22,26,144,129,9
red,36,54,87,49,128,22,40,1,120,82
red,110,87,124,76,12,74,23,125,129,96
red,107,98,143,49,53,0,23,87,24,119
red,22,125,87,109,100,0,97,143,76,119
blue,31,60,39,8,70,103,38,87,9,79
red,0,38,87,17,70,22,28,155,24,160
blue,134,65,33,29,53,95,154,87,51,70
blue,90,75,159,76,12,47,13,87,29,74
red,101,84,136,50,93,18,86,89,17,79
blue,46,84,91,49,108,90,13,55,29,100
red,123,26,125,49,158,90,13,29,136,118
blue,154,38,79,137,93,22,149,33,51,5
red,0,26,120,129,76,78,81,94,49,119
red,135,124,132,29,119,146,60,3,138,53
blue,31,38,104,17,14,135,124,81,147,53
blue,110,102,143,29,6,135,155,140,133,45
red,135,124,104,29,16,90,98,71,17,82
red,18,46,143,51,93,78,149,140,76,96
blue,59,102,77,29,140,78,26,35,116,5
red,135,149,6,29,140,90,26,133,17,53
red,135,149,64,9,160,0,65,37,76,108
blue,22,60,143,156,70,135,27,1,51,5
red,135,13,1,116,70,78,92,51,17,66
red,78,61,1,133,14,0,141,121,9,45
red,135,38,1,63,158,0,154,132,24,14
blue,114,26,3,50,96,135,125,1,29,128
red,72,124,151,17,74,0,38,150,24,71
red,135,149,1,106,126,74,30,34,83,79
red,107,26,155,17,64,0,142,121,76,119
blue,57,111,151,106,128,35,124,71,51,14
red,78,75,138,129,128,88,65,11,76,9
blue,82,58,158,116,119,78,61,150,8,71
blue,88,40,1,63,138,130,23,132,9,93
blue,151,26,48,54,109,115,60,83,85,71
blue,47,38,143,17,110,135,124,155,106,99
blue,110,91,156,51,82,22,61,155,133,92
blue,110,23,155,29,96,144,142,33,9,158
red,20,28,143,29,93,78,54,125,76,53
red,92,61,121,9,70,3,54,91,17,6
red,0,13,64,123,108,47,60,56,29,53
red,121,40,2,147,119,38,54,0,51,82
red,78,54,101,51,93,2,149,151,85,119
blue,55,98,32,106,158,48,54,2,51,14
blue,135,54,120,116,148,31,142,7,17,71
red,90,54,56,129,80,135,23,55,116,153
blue,135,23,129,50,79,90,87,143,133,80
red,91,23,144,133,70,78,27,151,156,119
blue,114,75,7,116,119,135,30,54,9,53
red,135,54,3,123,108,78,40,127,50,82
red,110,75,104,49,82,91,54,155,9,5
blue,112,54,23,29,53,110,91,104,49,79
red,88,40,56,133,80,31,134,68,63,45
blue,144,75,125,76,119,25,145,55,138,14
red,115,27,71,29,108,18,54,91,76,139
blue,0,23,143,50,108,62,38,43,54,160
red,134,88,64,110,108,135,154,120,76,128
blue,42,149,19,29,53,31,87,157,76,45
red,18,87,64,52,37,115,149,6,17,109
blue,25,74,140,116,108,90,125,81,133,5
blue,0,60,26,108,70,115,40,55,85,119
blue,36,88,10,54,93,74,134,121,137,70
blue,25,38,2,24,45,36,28,151,63,93
red,92,133,121,29,74,36,13,2,76,66
red,43,97,32,51,108,0,54,151,76,74
blue,112,61,138,76,14,104,86,150,109,93
blue,146,40,121,29,139,18,65,120,133,79
blue,0,23,24,147,109,90,40,19,17,5
red,31,142,94,54,109,22,23,39,51,14
blue,47,142,64,51,93,74,110,140,129,12
blue,135,111,23,29,93,115,84,155,147,45
blue,95,40,125,29,41,115,28,155,106,93
red,115,107,121,29,70,91,61,94,54,108
red,2,107,11,69,5,43,30,1,49,12
red,135,107,140,24,5,110,38,159,156,45
blue,110,107,72,76,71,27,40,18,29,53
red,0,141,19,49,93,39,40,38,29,1
red,43,58,114,51,82,13,102,159,52,93
red,103,134,64,49,128,0,58,55,29,93
red,103,154,140,51,93,47,92,68,133,70
blue,18,38,144,106,93,112,54,159,24,53
red,144,13,140,24,99,114,65,64,133,93
blue,20,38,48,24,128,104,23,26,137,93
blue,151,130,144,106,82,104,65,158,85,93
blue,22,30,142,150,70,0,46,32,116,80
red,22,39,41,29,93,47,107,104,51,82
red,103,134,32,76,82,150,97,56,136,66
red,101,154,56,140,93,64,74,81,137,45
blue,35,26,56,106,153,24,65,37,133,91
blue,37,141,19,50,70,121,142,43,56,128
red,131,38,143,17,45,117,61,148,29,153
red,31,154,19,29,66,101,38,32,137,74
red,62,142,26,51,74,0,54,155,85,9
red,47,87,121,106,74,146,13,157,51,9
red,47,26,91,52,160,127,102,56,29,74
blue,141,65,64,51,120,103,125,1,8,74
blue,103,74,2,129,45,59,98,33,52,126
red,43,97,150,51,74,151,26,55,76,153
red,22,102,2,76,74,90,30,64,24,5
red,34,38,56,51,82,18,74,143,76,79
blue,78,58,2,29,53,37,26,110,9,108
red,104,142,35,51,45,144,155,103,50,120
red,104,13,64,150,4,18,27,77,8,107
blue,110,87,155,138,126,131,38,104,51,82
blue,110,146,104,24,4,134,65,121,9,70
blue,101,38,2,116,93,31,30,21,17,12
blue,107,26,15,106,128,53,145,120,51,37
red,103,65,94,157,74,101,154,56,76,128
blue,111,98,124,137,118,101,38,19,51,100
blue,47,38,32,9,100,37,44,158,76,74
blue,47,65,121,76,16,57,145,26,106,99
red,110,87,121,17,45,31,40,56,49,71
red,101,91,139,138,108,74,46,110,147,118
blue,72,38,144,17,119,101,40,121,147,100
red,88,46,89,133,70,19,60,151,51,64
red,152,65,32,137,53,97,94,33,8,15
red,90,40,7,24,119,145,67,91,137,45
red,95,102,1,24,128,20,38,7,49,109
red,18,13,121,8,128,0,61,155,52,100
red,103,134,122,137,74,123,130,94,29,53
blue,101,38,56,76,119,0,25,122,116,80
red,37,54,155,76,5,0,28,140,150,45
blue,0,67,10,129,119,77,98,56,29,45
blue,127,130,1,133,4,115,154,55,106,15
blue,36,134,2,109,108,22,30,125,29,153
red,102,30,125,51,82,90,46,155,133,138
red,90,28,125,51,139,22,38,124,29,53
red,22,61,32,51,71,34,98,23,69,45
red,103,65,2,129,70,0,28,32,24,128
blue,151,141,56,76,93,22,61,20,129,91
blue,74,134,124,106,80,0,27,150,129,160
red,78,65,94,106,12,110,145,2,29,160
red,107,146,73,76,82,2,38,104,51,118
red,107,44,73,29,109,90,98,56,24,14
blue,90,23,94,52,119,131,98,121,9,139
red,78,58,65,156,119,18,26,155,133,153
blue,110,154,2,106,66,0,58,143,51,82
blue,114,84,151,76,5,22,145,109,17,41
blue,77,30,150,29,82,31,130,26,76,74
blue,110,141,2,76,70,101,124,120,133,153
red,101,58,120,50,153,114,107,2,9,45
red,135,30,155,49,70,74,77,140,51,82
blue,18,54,83,69,125,145,87,59,129,80
blue,47,26,140,123,108,103,145,131,29,79
blue,127,65,143,50,70,0,75,19,133,119
blue,74,130,78,9,12,62,40,104,76,82
blue,0,46,124,116,100,36,23,121,85,119
blue,146,46,109,9,33,103,67,151,76,14
red,47,74,159,24,120,91,54,94,9,14
red,47,60,148,29,120,0,130,73,17,82
blue,103,104,68,24,153,47,26,43,133,53
blue,103,13,55,17,45,114,38,124,49,71
blue,77,60,131,19,5,95,146,32,17,53
red,47,134,71,129,41,0,40,73,76,99
blue,18,60,136,29,12,47,124,120,52,126
blue,103,111,140,9,45,22,38,139,29,82
red,22,98,129,49,148,103,111,38,76,45
blue,134,13,56,129,153,103,40,148,52,126
red,47,61,136,129,45,110,154,71,76,80
red,103,65,144,29,15,78,23,150,109,108
red,22,30,155,116,153,115,97,159,106,108
red,115,134,55,17,16,0,61,56,9,96
red,104,38,93,52,120,74,88,121,51,119
blue,145,26,129,106,82,103,37,150,76,79
blue,48,107,71,49,44,41,54,155,147,80
red,22,81,144,9,139,90,26,3,49,119
red,123,98,105,69,9,114,13,121,8,153
blue,22,77,121,49,41,18,75,2,76,45
blue,35,113,2,136,96,47,141,151,49,153
blue,151,107,2,29,157,22,154,148,24,96
blue,74,60,143,76,9,101,154,34,133,100
blue,25,60,89,137,14,114,65,155,24,158
red,2,28,11,85,126,31,46,121,29,140
blue,34,141,1,8,82,0,37,72,24,100
red,48,61,1,76,15,18,125,38,24,68
blue,81,46,2,49,153,114,65,1,51,100
blue,20,60,19,137,70,74,38,124,9,119
red,137,98,159,24,53,120,87,132,8,70
red,48,102,159,49,71,18,26,139,76,108
blue,92,54,124,8,53,111,38,122,106,99
red,88,154,138,49,79,146,98,54,120,99
red,13,26,155,49,53,0,97,138,17,100
blue,75,30,55,29,153,47,86,121,50,100
blue,0,28,151,29,109,90,30,26,51,14
red,11,75,121,49,71,78,30,155,50,70
blue,127,13,41,116,108,20,97,140,69,70
blue,31,125,1,51,119,18,30,150,120,70
red,114,134,125,49,109,146,130,56,51,128
red,35,75,23,9,14,115,30,121,29,148
red,25,30,155,29,66,3,58,143,17,71
red,35,30,64,76,9,134,142,55,24,160
blue,18,27,121,51,70,74,40,106,76,139
red,20,65,158,69,108,74,30,151,76,70
red,137,130,121,9,70,115,97,35,52,139
blue,74,130,143,76,82,0,30,73,50,70
blue,0,30,43,51,70,146,102,1,29,96
red,0,98,121,76,80,43,84,155,49,128
blue,107,38,138,129,128,31,98,121,8,93
red,0,38,121,51,93,110,46,33,109,108
blue,31,23,43,8,128,131,13,120,69,82
red,131,61,159,129,45,22,40,1,147,109
red,31,38,144,9,80,22,54,55,69,14
red,144,46,143,29,82,137,13,159,129,128
blue,18,61,144,76,12,22,102,55,51,119
red,36,38,143,136,160,127,13,150,159,108
red,72,74,143,106,119,18,26,159,51,96
blue,110,26,3,76,4,31,58,121,8,96
blue,47,30,155,17,118,91,58,74,29,148
red,90,141,149,52,5,86,23,155,137,79
blue,0,54,56,51,108,151,61,121,24,14
red,90,134,151,136,153,81,65,23,51,109
red,34,60,121,49,4,155,13,104,24,14
blue,110,38,121,137,64,22,65,140,51,126
red,22,38,155,54,128,88,94,2,76,4
blue,46,28,150,76,53,0,60,155,54,12
blue,18,65,144,147,45,36,154,155,76,160
red,78,102,1,133,4,0,40,56,9,70
red,103,141,159,116,158,72,65,71,24,80
red,135,60,88,106,100,18,134,78,50,160
red,37,26,94,9,74,144,65,122,147,96
red,72,26,110,51,93,47,142,71,17,5
blue,112,38,121,76,53,88,75,139,116,45
blue,115,26,140,8,45,137,23,124,106,82
blue,47,38,55,51,128,43,79,155,29,66
red,7,40,109,9,71,37,61,1,106,82
red,13,38,159,24,100,0,44,83,51,4
blue,34,94,56,49,82,131,40,104,17,80
blue,114,38,155,49,74,25,26,104,51,71
blue,103,38,32,76,153,112,65,104,49,158
red,102,26,104,17,45,135,23,6,116,70
blue,107,30,155,76,45,22,58,1,51,79
blue,35,75,104,106,82,22,30,55,24,74
red,22,58,104,51,5,103,67,110,49,99
red,135,142,104,29,9,22,134,140,156,74
red,35,23,104,133,153,65,38,55,76,14
red,90,87,151,49,148,0,107,104,50,9
blue,123,26,105,136,126,35,107,104,51,45
red,47,98,104,49,122,0,60,32,50,53
red,115,98,104,76,93,59,38,150,147,45
blue,78,134,143,76,92,151,67,104,49,5
red,0,27,1,50,119,37,141,104,17,100
blue,32,65,150,116,82,78,13,104,17,100
red,137,67,104,29,80,37,75,11,51,119
red,22,30,151,17,79,150,23,138,76,45
blue,112,154,89,116,148,115,117,11,17,79
blue,101,38,23,51,110,47,26,35,133,79
red,127,86,104,50,80,91,23,150,76,153
blue,81,23,104,116,45,142,130,140,137,70
blue,74,30,104,147,91,114,142,56,133,45
blue,135,134,11,9,45,101,28,104,29,15
blue,72,13,64,52,100,47,124,155,9,74
blue,134,149,1,76,53,125,98,121,9,160
red,0,134,124,29,53,103,87,55,49,109
blue,107,81,140,9,119,0,113,73,29,89
red,25,98,121,147,53,35,40,89,29,100
blue,95,39,1,51,93,31,60,120,129,82
red,88,39,64,85,153,134,38,105,29,71
blue,88,23,151,109,119,18,141,150,76,45
red,18,54,155,24,5,41,84,64,76,96
red,34,26,155,106,99,62,125,143,51,96
blue,34,46,109,24,93,31,58,71,49,148
blue,42,13,26,8,14,74,38,158,51,128
red,74,61,37,8,70,34,81,121,49,66
red,22,23,150,133,74,42,130,121,51,100
red,48,111,64,116,5,107,38,143,106,82
red,78,38,143,106,96,0,65,158,50,109
blue,91,145,23,137,70,37,58,109,9,119
red,48,23,155,133,70,91,38,121,49,160
red,35,40,132,17,74,31,61,159,51,109
red,115,38,7,116,4,107,98,26,51,160
red,104,61,33,17,99,34,65,11,133,153
red,48,58,10,52,93,47,107,56,76,74
red,115,134,155,157,158,36,84,143,17,126
blue,151,30,101,116,9,84,61,70,76,80
blue,103,23,94,52,100,48,141,143,76,126
blue,103,134,7,76,66,18,107,2,24,119
blue,48,46,151,143,12,81,87,64,8,128
red,57,61,155,106,14,152,142,121,51,158
red,57,60,121,29,80,135,154,56,9,70
red,114,61,143,17,45,59,13,56,76,16
red,0,113,143,49,82,150,86,159,76,4
red,0,75,33,129,79,47,13,121,51,118
red,43,23,35,133,118,31,87,56,29,53
blue,114,13,104,51,82,0,23,94,129,128
red,114,102,120,29,45,47,113,2,129,99
blue,115,98,55,51,99,40,38,148,9,119
red,68,130,144,17,74,22,113,151,106,5
blue,22,154,53,29,148,31,23,150,17,71
red,37,28,155,51,82,74,86,64,76,5
red,47,86,1,76,160,72,23,150,24,100
red,131,38,32,51,128,103,102,140,29,153
red,0,54,155,85,128,47,46,140,51,153
red,107,40,159,24,5,0,54,155,106,118
blue,146,92,143,51,119,110,65,64,8,108
red,110,60,120,137,153,2,40,155,76,9
red,18,67,132,29,6,0,87,125,133,79
blue,78,67,35,76,119,90,86,150,29,128
blue,27,13,104,24,70,101,23,35,133,45
red,18,87,33,29,45,77,13,143,50,128
blue,101,23,103,24,66,151,87,56,29,99
red,18,77,140,51,93,103,23,150,17,119
red,31,5,23,150,45,78,98,144,24,66
red,59,65,43,17,45,151,124,143,138,108
red,0,30,43,49,70,90,84,56,29,118
blue,62,60,139,76,70,31,61,43,19,93
red,113,142,56,116,27,103,98,1,106,82
red,145,38,68,85,82,22,30,33,9,5
blue,39,38,155,137,76,145,60,56,133,160
red,88,117,159,133,126,0,28,32,116,118
blue,88,154,1,76,93,37,102,107,51,118
blue,34,40,107,106,45,88,38,121,69,4
red,123,134,121,50,82,135,102,119,51,96
red,135,61,132,49,153,101,78,19,76,100
blue,78,154,56,24,53,112,28,151,129,45
blue,37,67,35,17,119,135,60,140,51,148
blue,135,54,1,24,74,78,44,56,51,82
blue,144,60,21,136,118,78,38,155,9,96
red,38,40,33,51,66,110,98,56,49,74
red,18,61,53,24,112,90,65,140,157,37
blue,135,77,120,49,153,34,61,124,29,80
blue,18,117,109,69,153,34,61,122,51,45
red,112,40,1,24,158,31,54,29,17,93
blue,78,38,91,17,79,19,40,150,50,70
blue,101,142,64,106,93,0,67,120,51,148
red,90,102,32,50,119,91,142,33,106,74
red,101,60,149,24,89,0,54,94,76,79
red,0,27,88,133,5,18,134,73,51,66
red,72,26,119,116,71,107,40,124,17,53
red,103,67,1,76,128,69,65,125,133,153
blue,102,141,121,51,45,34,67,64,129,99
blue,90,67,23,51,153,74,97,11,156,108
red,90,67,120,51,118,22,124,107,116,12
red,18,124,151,106,79,31,61,138,76,5
blue,90,102,140,29,53,88,154,151,8,120
blue,114,75,26,147,153,34,67,94,52,96
red,22,67,56,9,71,146,27,55,8,118
red,67,61,121,9,79,146,23,129,17,82
blue,0,40,68,69,44,107,78,56,24,37
red,0,40,33,116,119,31,65,32,24,74
red,137,13,132,133,153,115,61,105,129,100
red,110,61,33,95,74,25,88,56,17,45
red,134,61,121,85,5,72,125,155,137,74
red,67,141,143,85,80,18,40,32,17,153
red,135,67,11,116,45,115,26,54,17,108
blue,115,61,120,17,12,0,87,1,24,128
red,110,65,1,8,96,146,40,150,137,119
red,22,149,2,24,93,47,84,150,51,96
blue,150,61,140,156,119,74,60,56,133,70
red,0,40,33,8,53,137,37,78,9,15
blue,78,61,33,116,70,22,117,120,76,80
red,107,40,73,17,53,7,58,158,49,96
red,101,40,2,133,118,103,142,64,76,71
red,74,61,151,17,118,25,38,159,29,153
red,47,107,109,51,99,0,102,138,76,5
red,110,61,6,51,120,0,30,155,49,99
red,104,30,125,76,99,11,40,150,109,139
red,72,130,68,29,99,47,84,56,51,82
red,34,141,124,9,99,43,134,1,85,53
red,31,67,64,17,79,0,40,158,116,15
blue,0,94,32,147,91,110,40,155,106,99
blue,101,40,114,51,160,3,58,136,76,99
blue,101,146,143,76,128,135,86,6,51,99
red,34,30,2,147,99,39,38,155,69,109
red,110,107,6,29,99,91,40,121,129,45
blue,72,28,131,9,4,127,13,114,147,99
red,135,40,155,133,92,115,88,1,71,153
blue,31,13,121,52,74,0,86,143,69,80
red,0,117,144,24,74,62,28,11,29,45
red,47,149,19,24,74,3,30,151,51,14
red,31,26,104,29,153,34,40,121,9,74
red,115,113,43,29,108,37,61,143,24,74
blue,19,98,125,133,91,62,46,124,106,66
red,127,102,35,51,4,112,13,121,9,120
red,145,38,73,50,120,34,134,159,76,139
red,137,26,94,76,120,0,155,56,50,70
blue,152,27,55,29,120,18,38,56,51,160
red,22,46,56,24,120,0,107,143,50,121
blue,74,38,64,17,71,47,84,138,147,120
blue,134,78,121,106,74,22,30,63,69,120
red,31,141,144,9,119,42,155,64,8,120
blue,22,98,124,137,158,31,27,144,50,91
red,39,65,26,133,118,0,102,53,76,90
red,22,28,56,49,79,110,65,2,51,4
red,112,78,19,106,128,37,23,129,50,99
blue,9,87,151,76,128,107,65,59,29,99
blue,18,58,78,137,139,144,149,91,17,128
blue,110,58,64,29,80,22,26,33,76,90
red,53,40,144,29,96,146,60,94,143,110
blue,48,134,144,76,90,110,74,63,137,93
red,42,142,71,76,153,110,65,37,116,139
blue,101,142,143,9,91,18,134,38,106,128
red,0,46,140,17,5,69,23,121,9,99
blue,101,84,125,51,119,0,54,68,29,93
blue,23,94,151,116,119,115,141,64,85,1
red,18,142,7,29,66,0,61,109,8,53
blue,145,60,120,9,45,7,98,23,51,158
blue,103,142,7,29,80,110,113,143,120,153
red,18,142,7,51,100,0,154,3,133,139
red,31,38,56,76,5,103,58,7,29,96
blue,114,28,151,116,45,36,23,122,76,99
blue,0,151,104,51,45,146,84,6,137,99
blue,31,26,151,147,99,103,61,105,106,93
blue,81,23,121,29,79,74,30,91,17,158
blue,110,13,87,129,126,2,40,35,49,53
red,90,60,11,133,82,47,92,21,137,5
red,31,130,11,85,100,0,38,64,29,99
blue,72,38,11,50,66,103,58,55,106,15
red,18,58,11,17,158,101,13,109,29,119
blue,107,77,11,133,9,114,58,55,52,126
blue,22,30,56,29,70,11,98,125,109,99
red,143,26,151,76,119,139,65,11,29,82
blue,134,38,94,29,148,151,28,155,147,96
blue,36,23,150,138,96,37,141,2,129,100
red,146,86,11,137,53,134,92,159,116,158
blue,110,94,64,136,14,62,40,140,49,158
blue,47,26,94,51,70,88,40,121,106,100
red,101,142,124,8,119,18,154,2,9,79
blue,48,26,33,9,128,43,145,19,8,14
red,154,149,91,24,158,137,30,144,150,4
blue,90,58,155,51,9,110,98,26,24,70
blue,42,111,140,87,153,110,88,143,24,119
red,74,38,11,108,79,47,58,124,24,153
red,18,28,150,136,9,115,13,53,49,1
red,146,87,144,24,153,114,141,151,69,14
blue,0,74,144,106,4,25,134,142,63,153
blue,114,130,150,137,139,22,77,159,129,82
blue,107,13,56,76,53,131,26,48,49,158
red,0,58,64,116,128,19,107,110,76,27
blue,31,58,64,24,5,20,54,94,17,100
red,107,141,11,133,108,110,65,32,106,109
red,107,38,23,133,45,104,65,132,24,53
red,107,60,33,29,153,18,28,89,116,70
red,107,40,151,29,153,90,134,3,137,70
red,0,142,64,9,108,91,61,93,76,119
blue,43,44,2,17,14,0,58,140,51,4
red,78,98,91,51,128,22,65,55,109,93
red,25,98,104,24,139,22,87,33,51,158
red,131,38,104,133,9,20,60,134,76,5
red,0,38,104,51,79,74,84,19,29,93
red,110,38,104,17,119,155,23,43,9,74
red,103,26,104,51,76,91,40,121,129,71
blue,110,30,143,29,5,31,26,104,129,76
red,74,26,104,9,128,88,58,125,54,39
red,22,26,104,29,45,95,28,140,106,4
blue,135,26,104,49,45,0,98,140,106,14
red,22,38,121,106,12,74,98,104,51,66
blue,115,98,104,29,74,35,67,53,133,128
red,101,54,104,51,41,110,30,121,9,139
red,31,154,155,129,70,112,142,104,106,110
blue,75,23,155,156,53,110,26,104,63,96
red,110,26,104,49,108,38,149,23,109,9
blue,127,26,129,17,5,42,23,150,51,109
blue,39,38,151,24,93,62,26,104,29,158
red,130,26,104,76,108,25,58,121,51,109
blue,103,65,1,17,70,43,75,104,69,126
blue,0,30,101,109,87,36,75,104,147,96
red,110,154,114,133,70,90,149,104,51,37
red,104,149,143,17,79,47,27,122,106,45
blue,31,141,140,157,30,47,149,104,54,74
red,151,149,104,51,82,18,124,121,29,12
red,67,149,104,76,14,37,77,150,109,108
blue,104,13,159,69,80,2,65,124,51,93
red,91,26,104,29,118,62,142,37,106,128
blue,34,46,55,156,74,43,26,104,69,128
blue,35,75,7,29,148,91,54,104,116,70
blue,57,77,104,76,70,131,107,68,51,100
red,154,77,104,51,80,107,145,120,76,45
blue,104,54,150,129,64,0,67,151,116,128
red,18,60,32,51,79,110,145,159,129,99
blue,37,149,81,9,5,110,38,159,76,160
blue,112,154,104,49,53,74,46,26,106,128
red,103,26,55,106,82,74,125,104,17,119
red,78,38,104,51,70,146,117,83,17,12
red,90,58,104,51,82,97,61,2,29,4
red,37,38,104,29,96,0,142,132,51,4
red,36,40,89,51,53,34,26,104,8,109
blue,31,86,140,136,158,43,98,104,9,128
blue,110,86,56,9,70,0,98,104,49,160
red,0,13,124,17,130,110,38,2,51,4
blue,110,98,144,76,70,0,67,56,51,93
red,110,124,155,51,14,101,30,121,76,71
red,110,54,94,109,4,0,124,107,76,14
red,25,125,104,129,70,151,142,150,85,153
red,62,98,3,54,109,34,13,56,137,153
blue,88,145,6,29,79,0,142,121,9,66
blue,114,38,23,156,96,0,65,121,29,153
blue,107,86,143,8,128,0,78,144,24,70
red,95,23,155,29,96,151,54,101,24,128
red,90,38,143,116,9,39,113,150,133,82
red,22,40,56,76,9,110,84,20,150,93
red,150,23,151,106,153,12,111,94,24,74
red,67,65,55,106,5,25,154,6,17,153
blue,39,38,71,69,53,47,27,64,29,93
red,127,88,124,29,1,22,86,56,24,45
blue,0,98,143,29,118,2,13,83,116,9
red,101,130,1,147,100,36,60,68,31,107
blue,121,58,110,9,153,120,75,19,50,128
red,35,46,143,24,44,103,92,87,116,15
blue,79,141,122,51,100,74,23,155,76,128
red,36,65,121,24,45,146,142,2,120,119
red,18,84,55,76,108,74,38,157,138,119
blue,121,94,85,76,128,78,61,129,49,153
blue,18,98,68,17,45,131,61,91,29,153
blue,101,61,33,29,80,18,60,120,51,14
red,103,142,143,106,93,74,65,159,51,128
red,53,40,159,51,14,131,26,125,49,108
blue,150,38,64,49,153,102,112,55,52,45
red,110,130,56,69,118,39,149,121,116,9
blue,103,65,55,136,119,48,61,121,116,14
red,137,61,11,116,71,101,134,150,29,74
red,91,27,140,51,12,48,102,159,8,128
blue,146,40,143,129,153,48,154,121,29,99
red,48,65,2,50,128,77,58,121,76,45
blue,102,67,124,24,82,31,111,64,108,53
red,91,30,125,24,15,48,26,43,49,139
red,43,142,55,49,9,36,134,104,17,45
blue,47,38,71,129,82,48,142,139,51,153
red,48,5,43,138,128,47,38,124,9,65
red,48,40,121,24,128,43,124,1,49,118
blue,142,87,136,76,139,48,134,159,51,33
blue,115,38,1,17,9,48,13,143,51,128
red,48,88,26,133,100,37,60,121,137,70
red,31,44,68,17,108,151,75,121,109,153
blue,34,46,55,109,108,74,28,151,133,14
blue,152,26,56,69,80,67,65,144,147,119
red,78,38,48,69,12,43,46,3,29,153
blue,137,117,1,116,153,135,91,6,129,74
red,72,38,2,106,82,137,92,138,133,41
red,143,46,105,51,119,35,78,55,9,74
red,101,98,105,106,93,72,58,55,17,79
red,110,46,144,106,99,22,61,26,51,119
red,47,37,155,24,66,3,141,23,49,70
red,31,78,43,76,119,141,38,32,85,5
red,74,38,121,129,4,36,58,140,17,66
blue,47,23,152,9,109,34,26,94,17,160
red,43,37,150,29,53,115,13,23,24,100
blue,34,154,33,76,126,18,107,11,49,82
blue,2,61,94,29,119,0,38,3,157,148
red,2,38,158,51,153,34,86,124,29,71
blue,36,65,89,51,82,19,38,151,109,158
red,34,58,155,51,54,110,27,2,24,82
red,48,124,121,24,14,0,94,132,129,5
blue,72,23,150,24,148,101,26,31,17,119
red,101,146,94,63,153,31,111,55,17,70
blue,31,60,56,106,153,135,124,94,24,54
blue,47,84,155,54,82,31,61,2,24,100
blue,90,60,143,50,100,35,38,33,29,148
red,72,23,155,29,153,35,141,148,17,45
blue,90,40,2,29,158,22,125,144,24,5
blue,35,40,121,17,123,90,58,144,76,99
red,78,102,143,51,99,90,98,35,8,66
blue,34,88,19,129,158,110,124,122,116,53
blue,127,38,151,54,5,53,107,101,85,12
blue,22,38,26,137,119,103,97,121,9,70
red,39,130,151,133,41,88,98,1,76,74
blue,103,134,121,24,128,78,61,143,17,100
red,31,27,143,17,9,115,65,124,116,53
blue,134,65,143,49,128,103,38,89,147,71
red,103,92,56,52,82,31,84,155,29,74
red,103,38,143,50,119,78,65,73,76,53
blue,151,86,35,29,128,31,38,2,137,53
blue,105,38,155,51,82,110,65,143,76,74
blue,25,27,155,51,108,64,65,94,76,66
red,37,40,121,116,82,0,61,33,133,70
blue,18,117,2,116,153,0,26,121,85,82
blue,47,60,121,8,158,18,26,11,51,93
red,47,141,90,50,100,18,38,2,77,108
blue,2,61,143,106,99,123,86,105,8,128
blue,18,46,59,24,14,110,98,71,17,111
blue,121,60,151,50,70,101,65,144,106,53
red,112,141,2,116,5,15,38,132,76,110
red,0,81,122,29,4,125,88,143,76,100
red,22,84,122,29,53,74,67,151,129,80
red,72,142,121,106,96,78,75,47,51,5
blue,81,86,109,29,119,22,58,160,24,71
red,0,23,143,120,108,22,58,56,51,93
red,144,130,151,106,82,31,134,124,51,110
blue,150,67,74,120,108,155,65,0,136,70
red,72,113,155,76,100,127,146,68,8,118
red,18,26,125,24,108,0,75,144,9,53
red,88,38,6,17,79,0,87,150,51,80
blue,36,75,132,41,82,131,58,121,133,126
red,0,54,120,51,12,59,5,101,76,37
blue,48,134,89,17,79,19,60,121,133,70
blue,0,87,136,129,158,72,40,132,116,80
red,22,145,56,49,108,151,65,2,51,127
red,110,38,138,49,108,47,26,143,50,53
red,43,38,140,17,45,48,58,121,50,4
blue,18,5,11,136,70,110,23,7,17,45
red,110,149,144,51,128,74,38,37,76,82
red,31,23,124,29,82,103,40,71,49,126
red,0,111,150,54,109,110,98,120,29,79
blue,43,58,73,129,160,110,98,64,137,45
blue,31,149,2,51,79,114,40,150,52,126
red,110,67,129,9,119,74,13,44,24,53
red,3,65,2,76,99,35,23,150,53,139
red,78,134,72,133,128,0,23,155,85,153
blue,74,13,2,35,70,22,65,124,17,53
red,22,60,1,53,108,35,107,151,49,74
blue,31,30,124,76,120,18,38,6,9,128
blue,59,13,151,51,79,74,60,124,9,119
red,78,86,93,17,71,18,27,68,50,53
blue,110,38,41,17,158,154,40,140,29,53
blue,22,40,1,9,45,78,142,129,148,108
red,34,88,23,133,15,72,141,143,156,119
blue,74,67,124,17,93,90,38,143,76,118
blue,0,23,150,8,82,43,141,109,50,16
red,3,142,143,109,80,31,75,41,50,53
blue,91,86,121,150,118,146,149,158,76,5
red,136,97,109,49,53,115,38,26,17,71
blue,72,91,124,17,128,36,154,56,116,70
blue,0,13,32,106,82,22,91,2,17,71
blue,22,46,105,50,99,152,97,11,17,74
blue,101,23,6,49,158,42,38,64,116,53
blue,47,60,1,129,100,127,141,71,17,108
red,47,154,124,50,128,110,67,19,17,45
blue,70,75,125,109,45,2,102,1,24,80
blue,47,38,159,17,70,22,98,109,24,119
red,112,54,125,50,45,2,40,121,116,70
red,19,154,41,50,128,39,65,151,17,45
blue,31,111,20,17,45,103,130,132,109,100
red,151,54,26,17,45,59,154,35,29,82
red,57,134,144,17,100,74,38,1,9,80
red,121,27,155,9,45,0,74,143,51,148
blue,31,38,140,49,70,48,134,143,137,71
red,144,61,43,29,45,18,84,1,9,100
blue,31,58,155,109,119,103,111,133,51,70
red,115,145,159,116,9,35,141,2,129,93
blue,146,67,150,52,99,77,61,121,29,79
blue,31,23,125,106,45,90,61,109,133,12
red,74,61,148,29,119,77,27,94,76,14
blue,91,23,43,138,153,103,38,2,116,121
blue,102,84,155,9,82,47,61,138,51,45
red,34,61,138,24,109,131,38,124,76,99
blue,47,154,1,51,93,31,26,155,29,16
blue,31,61,71,109,118,143,38,155,49,14
blue,37,65,11,51,99,12,61,138,29,71
blue,110,38,121,17,140,20,25,56,9,76
red,34,61,73,129,82,37,142,11,51,74
red,91,61,138,150,99,151,98,56,76,5
blue,103,61,138,9,158,20,113,121,109,108
blue,155,61,144,24,160,31,60,104,50,139
blue,43,92,124,51,119,22,61,138,49,158
blue,74,40,138,116,109,43,78,135,63,119
blue,12,113,120,129,45,88,61,138,17,128
blue,110,86,71,29,41,0,54,155,49,53
blue,114,46,143,24,70,145,61,71,29,93
red,31,38,6,76,14,107,125,71,29,119
blue,151,67,78,76,121,22,61,71,137,70
red,35,61,121,129,82,90,13,63,157,74
blue,22,61,11,136,16,34,23,81,106,74
red,150,61,71,137,153,35,107,56,51,138
red,84,38,138,49,139,134,13,158,17,109
blue,110,38,121,108,100,72,134,155,29,45
red,36,38,138,50,14,34,61,64,76,82
red,78,38,138,51,99,110,107,33,50,74
blue,47,27,121,49,158,43,38,138,52,79
red,102,23,155,8,70,53,134,56,29,100
blue,48,38,143,52,79,31,84,124,63,74
red,115,23,140,76,82,31,75,11,54,100
blue,31,134,132,9,126,74,130,89,63,70
red,114,46,33,24,93,47,58,6,106,82
red,74,61,151,109,12,90,40,11,69,93
blue,35,142,2,51,5,3,134,33,71,93
blue,48,94,1,49,119,114,134,83,17,45
red,35,58,151,51,126,0,67,143,29,82
blue,0,111,19,137,139,103,107,56,9,70
red,90,27,140,116,45,151,54,56,106,70
red,146,38,33,133,70,74,40,132,29,153
blue,0,26,150,17,79,146,142,140,157,99
red,18,61,120,51,111,47,107,2,76,5
red,101,38,104,51,45,22,23,155,17,100
blue,2,38,155,85,118,12,75,3,76,123
red,110,46,11,76,9,78,47,125,85,109
blue,90,142,53,49,158,74,38,154,8,41
blue,31,38,10,24,41,123,13,138,17,119
blue,135,13,1,51,4,90,30,139,49,41
blue,90,65,132,133,109,115,111,159,51,41
blue,120,142,110,24,96,78,58,56,41,108
blue,114,154,41,49,45,112,67,104,29,9
blue,74,61,157,129,79,78,130,41,17,70
blue,31,75,41,76,119,125,26,104,106,82
red,47,146,148,138,108,152,61,41,51,66
blue,144,60,43,49,79,41,13,46,76,82
blue,91,60,19,85,66,112,61,41,24,74
blue,74,91,138,51,126,110,28,41,133,153
blue,47,28,68,51,5,90,58,41,69,12
red,131,40,41,29,82,0,67,143,17,128
blue,131,5,41,29,12,22,98,121,76,53
red,0,86,148,29,119,35,111,41,51,14
red,41,75,115,8,119,137,113,33,120,82
red,37,134,151,63,41,107,58,140,24,45
red,146,92,56,76,41,101,60,159,17,120
blue,31,5,144,108,45,78,75,41,76,53
blue,127,38,19,108,45,0,27,41,51,118
red,90,27,159,136,45,41,61,144,106,82
blue,74,61,41,24,128,103,78,143,50,123
blue,77,23,150,51,70,18,98,71,137,41
blue,22,117,155,129,119,18,91,121,76,41
red,43,46,144,51,41,74,38,2,24,153
red,90,130,124,17,79,97,46,41,147,100
blue,151,130,41,52,108,18,133,10,136,45
blue,127,38,6,51,16,41,107,151,29,45
blue,43,91,140,29,148,22,111,41,51,79
red,74,28,41,137,108,57,26,125,129,12
blue,101,87,144,76,66,91,40,41,63,74
blue,35,23,110,29,41,101,38,71,85,126
red,78,134,121,106,4,53,38,41,76,74
blue,31,107,41,76,118,112,61,19,133,119
blue,0,26,91,147,128,97,134,41,76,14
red,131,134,43,157,41,112,142,105,29,74
blue,134,61,41,76,70,137,154,121,133,45
red,22,26,143,29,76,152,141,41,9,100
blue,31,61,136,49,119,72,46,41,24,118
blue,47,40,124,29,66,36,113,41,17,16
red,0,141,41,51,70,134,91,132,29,108
blue,112,46,54,49,119,88,23,41,76,70
blue,90,67,138,133,70,103,75,19,24,160
blue,18,25,41,106,82,22,92,32,133,70
blue,0,26,43,24,5,127,38,33,54,148
blue,110,40,1,24,100,48,75,122,29,153
blue,110,124,91,76,70,107,13,55,49,160
red,74,38,1,76,45,88,28,33,24,153
red,0,54,43,51,16,35,124,2,106,5
red,7,130,132,133,70,22,38,23,106,66
red,0,92,56,51,82,22,54,143,133,153
blue,31,38,1,106,82,110,94,121,17,45
red,57,141,19,49,16,0,102,1,50,74
blue,90,134,55,17,153,31,141,56,51,82
blue,18,87,55,9,70,0,67,121,49,153
red,134,26,125,29,153,114,94,34,51,128
red,135,58,64,109,16,131,38,144,50,74
blue,72,102,19,76,80,131,13,138,17,45
red,135,142,55,17,45,78,141,19,106,82
red,115,38,23,133,153,114,98,73,29,45
blue,78,75,121,51,45,74,87,151,9,158
red,107,75,6,116,153,152,40,1,147,80
blue,47,58,124,29,128,134,84,125,9,70
red,103,46,143,129,66,37,142,121,9,14
blue,0,46,1,106,5,137,26,33,69,108
blue,0,154,94,69,158,103,107,101,49,14
blue,47,67,28,49,82,0,91,55,17,71
blue,0,152,1,49,9,110,65,144,24,93
red,127,58,144,106,82,13,94,2,51,93
red,74,38,140,24,128,90,65,136,17,160
blue,120,149,33,52,5,115,67,155,9,128
blue,90,84,132,51,82,117,130,19,76,120
blue,102,44,150,49,12,110,84,43,17,5
blue,62,60,64,9,128,134,102,56,116,14
red,42,40,55,106,99,151,13,143,8,158
red,142,77,55,106,5,130,67,19,50,99
red,151,58,89,52,99,110,60,121,51,4
blue,62,65,1,51,109,114,61,132,24,79
red,72,40,64,52,119,31,111,19,116,128
red,144,75,154,133,70,43,23,155,137,112
blue,74,60,158,116,160,78,26,35,29,108
blue,31,38,19,76,160,0,102,1,17,71
red,35,104,121,76,128,0,67,43,51,71
blue,0,67,90,133,45,150,23,121,106,93
red,31,67,155,76,14,47,23,151,109,100
red,43,58,155,129,80,0,38,64,109,74
red,31,84,124,9,5,146,65,140,24,45
blue,103,38,144,116,153,110,86,26,9,45
blue,95,46,78,76,89,146,81,150,133,71
blue,110,97,56,17,93,20,13,26,116,70
blue,31,117,26,8,153,47,134,140,29,45
red,35,54,158,29,12,88,141,55,77,108
blue,42,154,26,50,119,47,133,83,51,5
red,107,67,56,129,82,36,150,43,17,93
red,62,38,144,129,160,110,40,23,52,100
red,18,38,10,17,79,46,125,68,76,153
blue,47,75,121,138,126,131,58,124,51,53
red,78,65,91,8,53,155,5,121,116,119
red,103,134,144,116,53,101,58,121,24,96
red,65,38,122,76,53,74,133,71,49,100
blue,36,84,120,9,53,115,27,61,133,100
red,103,111,6,106,82,107,13,94,156,153
red,18,84,151,17,53,35,149,121,49,45
blue,47,65,26,76,93,135,97,140,51,53
red,78,28,71,29,53,107,130,89,46,121
blue,31,23,2,51,119,74,67,129,24,53
blue,110,124,38,129,53,136,40,13,147,128
blue,90,154,56,76,53,78,40,159,49,108
blue,107,142,121,69,53,103,30,27,133,153
red,110,38,55,116,53,43,94,138,51,9
blue,137,113,43,120,158,0,28,143,9,53
red,78,60,155,106,82,36,28,132,150,45
red,74,61,143,69,80,130,46,124,24,53
blue,151,40,146,51,93,48,26,35,49,45
red,152,145,160,106,100,22,87,121,137,70
blue,72,65,6,17,93,131,154,1,129,45
red,77,75,154,9,45,103,23,150,76,96
red,103,67,151,76,100,0,30,155,29,120
red,103,30,125,17,70,74,54,2,50,108
blue,88,84,155,133,139,103,102,121,52,74
blue,25,98,150,29,15,103,134,110,51,80
blue,103,78,151,63,153,134,130,158,85,70
red,31,46,124,63,128,22,78,32,17,93
red,20,38,150,69,4,152,78,33,106,120
red,91,154,56,29,128,0,38,140,76,118
blue,18,22,56,137,108,110,86,1,29,82
red,142,98,140,9,45,22,94,150,54,160
blue,0,58,140,52,118,47,65,143,85,109
red,112,61,56,138,109,78,107,69,85,100
blue,90,54,94,76,109,127,58,125,29,128
blue,90,38,143,8,9,114,65,32,17,109
blue,47,124,11,133,74,143,65,151,76,99
red,18,23,42,76,70,0,97,2,49,74
red,121,38,19,9,70,110,65,15,17,45
red,150,38,121,49,118,138,111,94,17,70
blue,103,30,150,116,70,114,142,138,9,111
blue,39,86,139,69,118,112,23,121,129,70
red,0,142,32,63,70,62,58,124,116,153
blue,78,13,124,51,70,31,58,143,50,118
blue,113,40,83,76,53,110,38,64,17,70
red,25,58,155,133,70,151,38,83,51,96
blue,110,84,68,136,70,103,141,124,76,96
red,22,117,56,156,70,37,38,33,29,153
red,103,13,120,116,70,18,117,121,51,5
blue,103,40,143,133,70,107,92,64,29,160
red,57,141,121,49,70,74,130,56,42,108
blue,22,38,54,69,70,78,61,35,106,82
blue,12,38,121,9,70,31,27,155,17,128
blue,144,65,21,147,70,34,102,2,29,118
blue,34,46,109,24,74,121,60,125,50,70
blue,47,27,125,51,74,42,124,101,24,14
blue,22,86,56,129,82,137,30,43,51,70
blue,131,13,129,49,118,47,75,55,137,70
red,110,125,51,133,70,145,142,124,63,119
red,107,30,7,51,128,47,60,89,50,70
red,43,26,48,156,70,134,127,109,29,15
blue,0,124,144,106,82,34,84,155,76,159
red,135,38,32,85,70,47,61,6,17,53
blue,31,86,54,156,45,42,61,70,109,14
red,90,58,41,129,70,73,38,155,147,74
blue,0,13,155,73,12,150,125,6,137,70
blue,150,38,23,147,70,158,27,125,51,128
red,22,60,32,150,153,42,58,56,133,70
red,31,84,125,137,70,112,78,155,9,119
blue,107,84,151,63,70,47,134,20,17,14
red,34,67,125,52,126,90,26,35,17,82
red,22,38,26,50,70,90,125,64,51,74
blue,37,92,68,50,70,101,84,1,133,153
blue,74,134,120,85,100,2,38,124,51,82
red,102,44,159,85,100,18,40,26,17,70
red,62,23,155,50,70,34,113,150,76,118
blue,18,130,144,76,91,62,75,71,29,70
blue,22,97,143,63,100,137,75,155,136,70
red,18,38,63,17,12,103,40,11,136,118
blue,115,40,56,85,70,0,13,143,147,99
red,115,13,56,109,148,103,154,136,49,74
blue,39,65,125,8,70,115,145,136,17,71
red,62,142,143,17,70,0,87,26,29,119
blue,103,40,121,106,100,48,65,11,50,70
red,110,67,89,133,70,31,111,11,29,153
red,137,154,1,29,118,43,38,143,76,70
blue,101,40,56,133,153,115,142,104,129,70
blue,31,40,138,129,70,72,84,150,17,6
blue,2,72,44,51,108,154,46,1,133,70
red,43,75,144,17,79,59,65,33,133,70
blue,31,27,101,50,70,107,149,124,9,41
blue,41,13,121,49,91,90,142,120,17,70
red,47,134,121,76,100,18,38,144,129,93
red,3,75,104,109,9,19,13,155,71,153
red,91,84,19,76,153,110,13,89,9,82
blue,19,86,151,29,53,0,124,150,137,96
red,0,26,121,85,118,18,60,78,63,70
blue,146,107,56,129,128,78,102,33,51,70
red,74,60,94,51,109,37,75,64,106,45
blue,31,61,55,49,1,103,145,124,51,5
red,47,28,150,49,5,39,38,131,51,70
blue,114,142,56,129,148,53,86,132,24,5
blue,48,27,34,17,128,72,130,155,129,5
red,62,26,94,129,153,31,27,3,49,127
red,110,13,140,51,108,112,102,143,8,14
red,101,58,56,8,82,0,134,19,49,74
red,151,38,33,51,159,31,84,35,8,128
blue,53,60,120,8,119,0,40,121,49,133
red,131,65,122,8,5,31,27,155,138,153
blue,47,67,150,8,70,135,102,81,17,14
red,103,75,19,51,74,101,97,11,133,93
blue,47,13,19,49,153,151,97,7,76,45
blue,90,98,19,133,153,115,145,143,17,119
red,88,102,124,19,45,59,38,33,106,5
blue,52,77,121,76,139,34,117,148,69,9
red,41,146,155,85,153,36,40,2,19,45
red,115,26,104,29,144,42,98,91,19,160
red,0,61,19,8,53,31,78,121,116,118
blue,131,26,56,49,158,22,27,138,76,5
blue,146,75,151,54,74,131,124,19,116,82
red,19,142,155,106,80,0,134,138,49,45
red,0,26,121,9,79,74,141,19,76,100
red,22,92,121,76,119,72,141,19,24,14
red,21,86,11,17,5,0,154,48,19,93
red,110,149,86,19,93,22,97,136,51,14
red,35,61,143,19,93,135,40,55,17,74
red,107,13,89,76,59,0,5,56,19,93
blue,22,60,159,19,93,43,111,55,52,5
blue,22,61,6,50,100,47,60,19,29,53
blue,154,27,101,19,93,0,46,132,133,109
red,152,98,43,19,93,44,102,2,69,80
red,102,67,62,19,93,0,86,33,147,82
red,31,111,59,19,93,18,134,32,29,96
red,34,65,55,129,53,19,35,1,17,153
blue,78,13,35,8,128,137,30,19,51,108
red,78,111,136,51,128,114,30,38,69,80
red,18,26,143,129,119,103,61,56,76,45
red,18,86,144,24,119,34,26,35,116,53
blue,0,61,143,29,153,31,65,138,52,128
blue,0,149,143,109,70,91,26,155,116,45
red,18,117,109,51,80,151,38,68,17,71
blue,107,102,139,138,108,72,26,3,76,53
red,131,134,159,17,139,152,54,148,133,70
red,0,102,56,133,158,47,26,91,106,66
blue,135,23,68,129,53,127,107,43,133,100
red,34,39,55,51,82,43,111,143,136,74
blue,37,98,109,116,70,112,142,158,63,100
blue,20,145,68,136,100,18,65,121,133,4
red,103,75,23,133,53,90,102,151,17,158
blue,151,102,136,51,108,103,142,26,69,80
blue,0,75,122,69,160,151,102,11,116,96
red,114,60,81,76,128,35,134,23,17,80
blue,31,97,6,17,118,150,154,121,116,128
blue,31,130,143,76,109,151,107,155,147,4
red,0,58,72,110,108,36,91,155,76,100
red,47,60,71,76,93,43,40,151,50,128
blue,90,58,138,49,96,47,87,33,29,118
red,18,87,89,52,126,90,54,155,51,16
red,0,26,62,52,126,110,65,144,137,153
red,144,58,94,52,126,47,67,155,147,45
red,20,124,151,29,45,34,91,143,9,82
blue,62,30,143,29,70,144,134,10,49,12
red,115,142,140,49,74,2,65,90,116,45
blue,110,124,125,51,159,3,155,2,9,128
blue,0,58,68,9,118,18,142,1,51,66
blue,0,84,155,17,45,31,54,104,147,12
blue,72,38,68,24,108,47,23,140,150,82
blue,90,130,32,106,74,95,142,121,69,128
blue,47,67,150,76,128,78,54,94,136,82
blue,0,146,151,17,100,91,23,159,9,14
red,127,38,143,9,153,110,27,151,24,12
blue,149,65,2,24,5,36,134,140,76,82
blue,34,40,150,76,109,37,113,2,106,82
red,37,75,19,106,99,0,142,140,29,153
blue,0,75,33,71,79,37,102,109,29,53
blue,102,40,73,17,53,110,13,55,50,70
blue,91,102,121,76,119,110,23,71,49,158
red,37,102,1,76,5,47,107,125,137,45
blue,47,28,0,76,119,37,88,1,17,79
blue,18,46,26,49,53,39,102,158,29,108
blue,59,134,89,76,119,113,13,64,24,82
red,39,65,155,9,119,112,60,144,29,96
blue,18,40,140,24,14,47,102,23,17,53
blue,110,28,120,51,108,135,91,19,52,4
blue,131,44,151,76,160,47,13,132,136,128
red,90,13,150,136,70,110,102,32,76,128
red,78,38,143,156,70,83,111,129,29,153
red,37,84,144,150,128,103,124,131,76,96
blue,110,38,143,76,66,152,75,55,69,45
blue,47,38,78,41,109,34,54,91,76,93
blue,110,28,140,156,53,97,23,159,76,5
blue,31,28,124,17,53,18,58,125,109,108
red,0,86,2,106,82,103,98,138,147,53
red,131,86,121,129,53,110,38,34,9,16
blue,101,38,64,49,12,0,124,151,17,53
blue,131,61,121,53,108,135,38,56,29,119
red,20,77,143,106,128,0,134,158,76,153
blue,151,113,125,147,111,0,38,3,109,53
blue,131,23,132,49,139,0,111,159,9,100
red,22,92,121,76,111,78,38,1,51,66
red,74,92,121,24,153,31,130,27,49,108
red,0,88,32,29,128,101,98,140,137,93
blue,47,154,94,106,100,22,98,32,51,70
blue,92,46,159,63,70,144,60,124,29,14
blue,47,86,121,29,15,92,46,155,138,153
blue,20,61,33,51,45,74,38,7,29,153
blue,137,67,155,150,153,81,134,7,17,45
blue,57,107,124,17,71,101,154,7,76,118
blue,150,13,56,17,79,0,38,7,54,80
red,31,84,159,51,5,74,58,7,29,80
blue,90,65,7,51,119,107,102,56,17,5
blue,137,142,19,24,104,0,38,148,133,14
blue,31,130,1,17,45,0,134,143,49,160
red,37,54,94,76,109,47,65,1,49,70
red,47,91,132,136,12,114,87,71,69,53
blue,47,26,2,17,53,131,77,143,76,119
blue,37,141,120,85,93,47,28,38,51,119
blue,47,130,2,17,53,110,38,143,106,82
blue,110,38,2,63,70,47,61,125,17,53
red,47,38,89,51,119,22,142,121,76,71
blue,42,102,23,76,118,47,98,26,29,128
blue,48,54,125,49,82,34,75,155,51,160
blue,31,30,124,106,82,110,107,140,9,91
red,0,65,23,76,153,90,61,11,29,139
red,0,65,143,116,119,90,38,68,49,93
red,135,146,109,51,100,43,54,121,29,71
blue,31,30,121,116,70,114,141,129,29,108
red,35,38,64,129,128,112,23,151,49,118
red,47,40,148,129,128,78,88,143,69,100
red,0,60,83,29,53,150,23,155,52,153
red,42,28,56,29,45,115,98,2,76,120
blue,42,60,89,29,118,35,130,120,9,100
red,151,26,150,29,119,101,117,1,76,12
red,90,26,56,29,153,0,84,83,76,80
blue,114,97,56,51,82,46,141,121,29,5
red,18,102,19,76,93,0,67,121,129,53
red,111,149,69,143,153,134,27,142,8,128
red,34,46,121,76,96,36,125,105,24,53
red,115,38,68,51,53,42,23,132,9,120
red,47,38,124,157,53,74,98,56,133,70
blue,19,23,150,133,120,144,125,155,69,128
red,0,97,11,76,70,101,154,109,17,79
red,111,84,150,17,118,43,134,144,133,54
red,121,97,151,24,5,47,86,1,76,82
red,92,78,136,85,153,112,141,11,109,118
blue,31,98,158,106,5,113,141,121,137,45
red,95,65,143,137,70,0,60,125,76,99
blue,78,38,101,51,118,103,75,71,109,80
blue,91,84,122,8,128,19,75,11,76,153
red,57,28,150,24,14,114,38,143,17,79
blue,151,23,71,106,14,114,142,104,76,53
red,43,26,143,29,53,18,145,120,51,119
red,103,26,95,109,93,154,75,84,17,108
blue,37,134,155,69,153,102,111,34,63,109
blue,72,75,159,157,41,110,65,138,51,128
blue,22,26,159,109,108,77,38,1,17,119
red,37,40,1,133,158,43,58,2,137,30
blue,34,65,26,150,82,20,61,1,137,100
red,103,98,144,29,14,59,107,155,116,128
red,112,23,155,51,45,74,77,121,137,70
blue,0,60,136,9,14,138,40,155,63,5
red,74,38,159,29,93,121,58,101,136,79
blue,134,28,155,17,79,151,107,26,49,133
blue,154,134,24,106,5,151,26,78,137,53
blue,112,27,142,50,70,121,102,47,29,9
blue,18,23,155,137,80,107,98,125,51,99
red,74,130,1,17,128,31,75,121,51,99
blue,53,75,43,51,100,74,58,120,49,158
red,110,74,140,76,45,146,58,121,116,70
red,121,154,110,51,99,72,97,151,49,153
red,134,67,43,17,49,110,30,158,76,119
blue,0,23,34,76,45,81,40,64,52,126
red,0,58,83,51,82,127,13,144,50,14
blue,0,88,138,136,128,103,23,19,133,153
red,110,23,155,76,5,90,125,104,106,80
blue,95,97,143,51,4,91,98,32,129,120
red,101,75,56,76,5,114,142,32,51,79
blue,0,13,140,51,128,112,130,143,49,82
red,150,142,6,49,128,0,111,2,51,82
blue,101,38,73,156,82,90,77,121,76,66
blue,88,77,2,133,70,117,58,109,52,5
blue,78,145,131,76,160,90,77,124,29,53
red,62,77,143,17,109,115,78,48,9,79
red,25,38,150,24,15,72,13,151,29,126
red,35,40,19,76,119,37,86,1,51,5
blue,25,60,64,76,4,23,40,121,50,74
blue,114,84,142,17,12,121,27,129,50,96
blue,101,30,68,51,9,127,38,32,116,158
red,43,97,148,50,153,135,102,120,51,128
blue,146,102,150,138,81,22,23,157,50,123
red,103,37,109,150,14,35,54,55,50,119
red,95,40,138,50,100,31,154,150,116,79
blue,91,27,43,147,100,114,154,155,50,5
red,114,27,56,50,70,22,61,33,24,119
red,72,97,121,50,100,78,86,140,51,158
red,18,65,56,50,93,62,38,143,49,153
red,101,154,150,50,5,18,141,87,133,153
blue,31,28,94,76,118,103,38,10,50,119
blue,34,65,139,76,99,91,40,150,50,158
blue,34,40,159,50,119,151,54,144,29,148
red,35,98,144,50,79,110,38,140,24,128
red,78,134,125,50,45,47,130,19,49,12
blue,57,75,55,49,82,0,28,143,51,93
red,127,40,38,49,100,144,142,3,17,158
blue,110,38,6,9,16,36,130,157,76,100
blue,31,98,114,76,153,22,27,104,17,100
red,25,125,32,136,153,3,67,149,76,71
blue,39,13,1,17,9,72,38,32,8,71
red,31,65,56,69,100,47,38,35,129,82
red,77,84,26,51,82,18,141,155,106,100
red,20,38,23,133,9,152,65,121,76,74
blue,31,78,38,76,100,37,26,149,129,93
blue,114,86,73,116,153,90,75,117,109,108
blue,47,38,151,49,71,110,40,142,17,9
blue,59,13,105,49,99,135,38,23,76,5
blue,0,38,154,106,5,67,98,137,9,79
red,91,38,73,54,100,62,125,148,133,158
red,110,26,6,17,12,131,38,138,9,108
red,22,54,19,147,160,91,154,159,51,109
red,90,23,122,106,128,0,154,121,50,71
red,90,125,122,76,128,134,26,33,129,148
blue,0,75,150,109,5,90,38,32,106,74
blue,142,26,101,51,128,34,13,150,54,9
blue,35,111,136,106,120,145,26,3,85,126
blue,43,23,73,108,9,0,38,121,51,53
red,121,38,37,116,45,144,30,43,76,93
blue,0,97,157,76,93,35,38,151,49,6
blue,0,134,2,137,9,22,38,151,109,119
blue,48,37,138,17,128,35,38,1,29,45
red,22,38,89,156,159,137,60,121,17,15
blue,115,26,150,120,83,18,38,124,49,71
red,110,98,122,106,99,18,38,89,123,76
blue,47,86,56,106,93,145,38,32,133,100
blue,101,154,20,50,79,31,38,11,137,45
blue,0,67,83,116,148,91,38,122,156,160
red,31,38,121,9,128,74,111,6,69,148
blue,137,26,132,50,14,145,38,1,69,80
red,81,60,55,51,122,107,84,155,9,91
red,119,38,26,8,9,78,130,64,51,12
red,158,75,144,9,160,90,124,148,76,45
blue,115,38,144,51,153,114,125,2,8,111
blue,22,40,26,52,159,36,38,144,29,5
blue,25,142,127,63,70,22,38,143,24,93
blue,0,38,73,24,12,47,97,120,133,45
red,43,67,83,52,5,115,38,63,156,45
blue,101,54,121,133,76,78,38,83,51,109
red,35,38,91,76,9,72,154,150,133,70
red,35,38,57,133,70,47,60,121,29,119
red,145,38,32,9,79,74,134,120,76,128
blue,43,142,143,69,14,0,38,121,50,153
blue,142,125,121,76,14,114,87,33,51,108
red,18,97,68,49,148,43,38,121,8,119
blue,22,149,64,133,118,43,38,23,116,153
blue,57,58,121,106,80,22,38,68,116,82
red,74,38,64,9,14,22,134,121,133,70
red,43,38,120,29,12,62,125,144,129,71
blue,74,30,101,85,12,154,38,124,17,80
red,90,26,136,29,71,34,38,1,76,66
red,31,58,121,116,53,112,124,144,9,15
blue,57,134,155,8,12,35,26,91,29,15
red,20,23,150,17,70,0,38,120,76,112
blue,20,44,150,51,82,90,142,121,29,108
red,0,46,56,17,108,38,154,140,8,70
red,47,38,26,106,82,123,67,143,8,128
blue,101,97,64,0,108,103,130,11,51,118
blue,47,98,54,29,45,130,124,94,106,153
blue,145,38,150,24,80,62,142,143,109,100
blue,0,75,121,76,70,145,124,140,17,71
red,101,124,32,50,82,18,13,19,24,16
red,121,134,124,51,14,37,61,34,106,74
red,101,124,56,51,80,110,88,26,50,79
blue,0,142,121,8,74,48,60,56,51,16
blue,22,124,150,15,66,41,61,151,76,82
red,47,23,143,9,70,101,124,120,106,5
blue,101,38,121,109,45,37,23,3,9,128
red,0,124,140,106,121,150,86,68,17,109
red,88,124,34,106,4,90,61,32,109,82
blue,31,58,33,106,82,0,124,56,24,128
red,0,38,158,49,160,146,60,136,51,93
blue,59,38,143,116,114,0,141,139,49,108
red,114,141,124,133,45,101,38,120,29,53
red,22,38,124,129,5,110,23,120,133,80
red,151,13,124,24,82,35,38,33,156,153
blue,59,58,48,49,118,115,38,120,17,109
blue,146,13,11,29,148,37,130,56,24,128
blue,127,102,23,24,66,22,61,78,129,153
red,146,26,23,76,70,115,111,64,129,18
blue,110,98,1,129,139,2,97,124,51,45
red,90,23,150,17,70,135,94,55,24,99
blue,47,38,143,24,119,31,134,1,29,12
red,114,60,121,76,120,74,145,140,133,70
blue,90,38,2,42,108,92,58,64,51,70
blue,37,13,23,76,45,95,60,138,29,108
blue,114,130,56,76,5,74,38,32,109,12
blue,53,129,3,49,45,47,13,143,24,119
red,107,124,125,51,160,47,38,33,9,12
red,107,91,119,17,14,39,141,132,76,109
blue,146,142,125,51,128,91,88,126,129,70
red,123,65,23,8,70,43,130,125,129,153
blue,0,26,132,76,82,91,38,144,116,80
blue,47,67,6,106,82,88,134,120,137,80
red,101,38,159,106,4,103,141,1,116,153
blue,101,54,159,52,93,103,40,56,9,53
blue,146,92,140,29,53,35,38,1,116,119
red,0,149,2,136,70,110,60,159,17,80
blue,0,113,56,9,70,74,65,129,144,12
blue,22,142,150,51,80,35,65,121,49,53
red,90,141,148,147,80,110,74,159,29,108
blue,0,117,56,116,12,31,65,122,52,126
red,117,26,43,24,14,34,75,37,29,74
blue,0,78,11,85,128,131,40,104,51,160
blue,0,142,2,137,80,22,91,23,9,71
blue,131,142,11,24,128,18,86,2,106,148
red,31,26,43,51,108,77,13,3,69,79
blue,112,23,43,129,74,110,26,155,76,45
red,110,134,11,85,109,152,154,151,51,153
blue,11,142,8,29,70,35,65,2,17,158
blue,125,13,64,50,45,31,84,11,52,70
red,101,28,43,49,108,134,46,143,51,140
blue,74,154,11,29,46,35,13,158,116,53
blue,74,102,2,51,15,103,38,26,49,96
blue,90,30,155,120,160,135,61,2,85,71
red,34,117,124,138,153,57,40,2,76,14
blue,41,117,43,109,12,74,125,122,106,91
blue,57,65,43,49,100,101,61,55,69,128
red,2,65,43,116,45,104,60,32,50,80
red,0,134,11,133,158,42,124,3,8,45
red,78,40,2,85,99,42,87,11,106,53
red,47,38,59,136,123,72,65,2,129,96
blue,130,23,43,106,100,110,27,2,17,74
red,78,130,155,138,53,112,13,11,51,109
red,134,142,104,76,153,78,154,43,17,79
blue,47,38,11,51,82,78,61,35,29,160
red,110,142,11,24,53,31,74,154,17,80
blue,20,40,143,76,70,53,75,2,123,108
red,114,155,2,51,45,22,91,1,133,70
blue,0,38,2,49,74,62,27,11,9,15
blue,81,65,136,147,74,0,58,143,133,153
red,115,154,143,106,93,110,130,11,133,153
blue,0,46,121,29,80,90,40,2,106,4
blue,144,154,151,76,14,37,75,71,147,128
blue,22,67,43,51,70,90,35,151,109,74
red,22,154,140,137,79,111,145,2,17,66
red,0,98,3,49,160,112,125,124,17,96
blue,59,13,2,116,153,112,141,23,133,53
red,0,60,124,150,119,97,65,19,106,82
blue,0,65,32,29,70,78,75,155,76,82
blue,74,58,64,76,82,112,75,121,133,100
red,43,134,64,17,79,95,154,1,24,118
blue,0,65,2,29,111,90,40,121,76,45
blue,107,13,150,76,120,78,130,110,108,119
blue,115,97,143,29,148,152,86,32,109,100
blue,0,40,121,138,108,110,26,83,133,80
red,57,75,68,129,74,114,115,139,17,108
red,43,74,94,106,30,144,98,83,76,14
blue,103,84,35,51,93,22,28,155,147,100
red,135,142,83,120,9,22,46,143,51,5
red,0,135,83,51,79,91,102,7,133,153
red,110,37,83,51,93,134,60,121,76,139
red,47,38,148,49,82,90,142,71,76,158
red,90,145,124,49,45,146,40,143,50,71
red,47,102,31,15,53,130,65,159,76,82
blue,0,13,121,29,118,47,78,3,49,139
blue,22,60,120,51,45,34,134,74,106,91
red,41,75,139,51,128,22,58,140,109,12
red,22,58,33,76,45,103,154,138,150,128
blue,31,60,136,76,139,22,26,56,17,74
red,31,65,140,76,66,18,26,150,116,53
red,3,86,19,116,118,112,40,140,8,109
blue,57,58,114,24,82,36,60,55,29,118
blue,90,30,55,49,45,35,28,132,24,148
blue,37,141,155,17,111,112,58,19,109,9
blue,120,154,151,24,5,74,26,129,116,118
red,127,27,43,76,93,22,28,109,49,139
red,31,60,32,49,45,18,54,151,76,108
blue,110,84,121,51,108,90,142,124,129,80
red,134,65,121,29,108,18,37,23,76,5
blue,25,23,150,51,111,110,149,125,29,158
red,22,67,64,17,139,103,84,114,136,9
blue,135,91,32,24,108,22,142,114,76,119
red,78,58,139,129,66,107,98,143,76,45
blue,110,27,56,51,108,22,107,55,156,153
red,78,26,62,24,119,151,23,0,136,71
red,67,113,56,51,16,74,75,104,109,118
blue,90,154,131,147,148,77,26,2,76,92
blue,103,87,94,156,9,74,38,43,133,148
blue,131,13,11,29,9,78,40,33,51,66
blue,90,46,1,133,53,18,30,125,76,70
red,53,155,143,106,82,101,81,132,129,80
blue,110,23,11,76,45,47,134,2,136,53
blue,0,134,32,8,82,115,60,121,76,15
red,0,38,143,49,74,91,113,64,24,93
blue,91,130,121,29,119,103,40,138,85,100
blue,39,38,131,29,53,31,40,140,133,126
red,110,23,150,17,160,151,142,1,133,70
red,37,38,34,63,79,91,142,6,9,119
blue,134,141,158,133,100,88,142,29,129,70
red,114,26,125,150,108,115,60,155,49,153
blue,154,37,1,133,128,31,13,150,116,12
red,74,40,91,147,49,144,58,120,76,12
red,22,75,11,133,82,37,40,155,8,5
blue,149,61,68,76,133,57,38,33,9,153
red,90,111,19,106,82,31,142,138,133,153
blue,107,28,155,17,118,112,84,125,133,45
red,31,65,143,133,118,20,125,124,116,70
blue,47,91,124,127,118,0,87,6,133,45
red,151,75,35,41,108,22,58,70,133,122
red,103,130,143,76,118,115,107,138,50,70
blue,22,91,32,17,12,135,26,43,129,80
red,25,60,121,17,71,90,102,143,49,5
red,103,61,136,143,4,43,97,144,29,153
blue,92,38,64,51,109,18,26,10,50,153
blue,74,107,138,8,159,42,75,157,129,70
red,145,26,151,129,153,47,154,121,49,93
red,90,26,150,85,99,138,142,56,54,100
red,114,98,131,148,93,47,30,23,85,53
red,3,134,64,85,81,57,61,56,24,80
blue,136,75,71,133,41,110,67,144,147,81
red,90,40,138,85,41,73,97,32,51,74
blue,152,65,148,136,109,31,58,158,85,70
red,24,97,122,133,53,136,58,55,85,41
red,31,58,55,85,158,103,92,53,133,70
red,62,75,144,29,14,0,58,35,17,71
red,72,84,155,85,158,103,98,28,51,93
red,103,113,71,116,53,22,60,15,85,158
blue,0,38,32,85,100,114,13,155,109,119
blue,101,94,23,51,119,127,27,150,133,14
blue,78,60,129,76,99,74,124,155,133,14
blue,36,88,71,9,153,110,130,55,156,53
red,101,98,56,9,93,110,38,121,17,79
blue,22,98,56,106,82,101,26,78,51,66
red,65,77,121,50,71,110,102,26,106,82
red,110,142,56,106,82,135,38,124,51,74
red,110,38,33,24,14,39,58,155,9,126
blue,3,65,26,9,160,110,58,125,51,71
blue,114,102,125,17,41,110,124,155,51,119
red,110,23,1,106,82,151,9,2,50,128
blue,110,134,1,51,96,92,23,120,85,39
red,131,54,93,24,159,59,38,55,17,82
red,134,102,19,51,82,78,155,125,137,79
blue,43,38,71,29,82,78,58,124,76,12
red,0,102,11,51,82,88,38,143,76,99
blue,127,149,19,49,148,77,111,155,156,128
red,3,30,155,49,45,127,125,119,85,109
blue,127,30,151,49,128,22,97,120,116,76
red,107,44,104,136,128,0,98,129,109,5
red,0,60,140,8,70,127,142,68,129,93
blue,101,111,39,85,153,110,46,33,133,93
blue,131,67,155,109,118,95,60,56,29,9
red,115,54,55,49,45,39,154,1,106,99
red,22,58,55,29,79,78,38,109,116,70
red,115,38,55,24,14,22,75,32,76,108
red,74,134,150,24,100,2,78,151,137,45
blue,52,78,55,17,45,35,125,33,133,153
red,37,58,48,147,5,62,38,55,17,109
red,48,75,159,9,15,103,46,55,51,119
blue,0,91,143,17,71,3,28,55,106,74
red,101,130,143,150,96,3,23,2,17,79
red,62,107,55,29,12,101,46,26,147,126
blue,37,92,150,49,118,19,67,56,147,45
red,101,13,57,76,158,142,38,120,156,128
red,103,84,151,156,109,34,75,55,106,126
blue,150,40,1,17,53,135,130,55,51,100
red,103,65,55,49,119,151,75,143,29,100
blue,142,154,38,116,4,115,97,55,51,5
red,0,46,55,116,12,88,54,151,76,108
red,90,40,109,116,93,101,67,89,51,79
blue,37,28,150,17,128,0,74,56,8,66
blue,110,46,55,76,5,35,134,121,24,16
red,0,102,160,76,71,74,38,143,150,99
blue,115,38,151,8,5,47,98,55,50,66
blue,20,98,89,51,91,101,75,55,49,4
blue,57,98,19,76,53,151,134,55,9,108
blue,78,46,121,24,93,115,134,155,17,45
red,78,40,124,49,158,110,79,91,76,108
blue,107,44,150,50,119,130,38,1,120,74
blue,101,28,124,133,7,37,154,3,106,99
blue,134,145,121,133,30,110,38,55,9,108
blue,18,40,55,147,12,74,38,1,137,126
red,35,111,2,49,33,101,61,56,51,14
blue,74,40,55,24,4,114,26,72,106,82
red,114,26,150,129,108,110,134,94,133,153
red,114,26,151,76,122,77,38,55,17,153
blue,110,86,32,147,70,22,141,55,51,12
blue,22,77,11,129,4,134,60,143,17,108
red,110,60,121,50,100,131,155,55,29,119
blue,31,75,55,17,70,131,23,140,49,80
blue,18,58,55,29,53,110,30,151,52,5
red,77,154,150,76,109,37,13,151,116,9
red,90,142,55,51,128,115,22,73,17,71
red,57,75,106,55,100,114,27,129,71,59
red,101,102,11,51,71,90,74,155,49,118
blue,110,111,55,49,53,31,65,26,29,153
red,103,124,140,150,119,0,130,34,147,82
red,146,65,55,76,45,18,30,139,17,15
blue,37,65,55,49,100,127,40,150,29,82
red,104,13,56,49,120,0,88,53,51,14
red,0,54,151,51,91,88,134,155,136,70
red,47,154,7,52,119,0,134,121,76,93
red,0,154,109,76,45,57,61,125,24,74
blue,2,102,1,9,96,0,97,143,133,70
blue,74,38,26,133,1,0,134,2,51,109
red,144,60,155,69,80,103,23,6,51,93
red,18,145,155,29,100,0,67,34,17,148
blue,101,58,64,24,45,25,40,121,76,16
red,151,26,121,29,93,25,133,37,17,79
blue,102,38,23,52,128,78,142,151,129,5
red,101,84,94,69,71,59,75,23,49,70
red,0,154,159,52,126,152,40,2,29,111
red,47,61,33,29,139,31,142,55,49,96
red,1,61,33,76,119,47,91,56,24,158
red,31,61,33,137,79,114,84,155,106,80
blue,144,145,89,76,100,110,61,33,116,99
red,103,61,33,116,109,20,102,155,9,160
blue,114,61,33,17,45,31,125,89,49,93
blue,89,38,33,133,74,22,77,150,51,14
blue,18,67,55,29,153,115,58,26,137,45
red,18,23,33,9,41,150,40,120,76,70
red,145,125,140,133,70,4,58,55,106,81
blue,22,142,2,49,16,115,38,159,85,153
red,0,86,56,17,45,127,88,23,106,4
red,62,77,143,133,70,0,38,56,17,128
red,146,111,11,29,119,34,58,1,51,53
red,0,60,124,29,158,90,30,1,76,119
red,90,141,19,150,109,107,74,144,50,82
blue,115,54,11,17,119,35,125,121,106,5
red,134,87,33,69,80,72,154,150,85,71
red,90,58,121,17,153,110,65,56,24,45
blue,31,13,138,49,128,48,102,140,76,79
blue,88,40,121,17,128,31,38,55,76,153
blue,101,134,143,85,96,39,75,71,109,118
red,0,141,124,106,5,47,77,1,76,53
blue,31,155,143,85,5,0,154,150,109,96
red,127,61,155,54,4,59,60,150,17,16
red,57,142,121,129,160,43,75,6,29,71
blue,0,38,144,17,160,57,61,151,116,128
blue,48,75,124,49,160,130,38,121,51,14
blue,90,60,138,29,14,31,38,143,24,93
blue,151,40,142,116,74,103,125,55,51,108
red,112,60,140,29,5,74,40,78,50,93
red,31,28,48,29,126,36,111,56,129,91
blue,47,58,150,133,120,134,98,56,29,91
blue,146,65,132,51,45,2,38,3,76,80
red,115,23,155,50,126,37,111,151,51,45
blue,31,142,121,8,53,0,26,155,17,160
blue,22,23,150,52,100,145,46,151,54,4
blue,90,58,8,120,100,91,38,109,24,80
red,74,87,121,106,100,31,91,1,116,128
red,135,38,2,49,70,34,154,55,106,82
red,57,112,33,50,12,78,26,56,29,53
blue,2,46,68,51,44,90,154,129,133,70
blue,115,84,64,49,66,78,134,155,17,119
red,101,38,140,54,79,90,46,159,133,27
red,72,130,148,50,14,137,65,32,17,109
red,0,98,124,63,70,90,88,6,137,71
red,101,65,140,150,37,131,141,121,106,126
blue,18,107,121,136,130,36,65,143,129,70
blue,47,97,26,51,126,0,38,144,129,74
blue,115,40,143,76,74,39,142,120,129,153
blue,0,134,144,29,153,110,75,64,147,128
red,37,58,155,76,119,18,40,2,29,108
blue,57,65,26,8,126,110,30,155,52,100
blue,36,124,121,51,33,35,40,136,85,128
red,144,65,151,9,100,31,142,55,17,45
blue,141,65,11,85,126,74,86,157,50,66
blue,146,38,26,29,119,110,134,56,51,5
red,77,102,19,156,74,115,13,68,8,45
red,112,65,151,106,66,90,38,56,150,100
red,20,61,144,133,41,135,75,32,76,74
blue,151,117,159,29,153,110,40,138,17,5
blue,0,141,120,63,108,31,26,131,106,128
red,34,23,150,17,108,110,65,64,52,74
red,103,38,1,52,93,22,98,73,136,12
blue,78,60,26,29,45,152,91,124,51,119
blue,43,61,11,109,148,110,65,19,132,100
red,25,113,143,24,138,57,98,7,63,153
red,0,77,1,17,53,88,65,157,50,119
blue,22,82,43,51,79,110,60,140,116,92
blue,107,87,19,9,109,57,65,121,17,128
blue,22,134,51,50,66,107,88,140,76,108
blue,112,60,121,29,45,92,38,155,51,93
red,110,13,125,136,41,101,23,155,51,70
blue,31,102,144,129,153,152,134,64,8,100
red,57,113,69,49,120,97,37,150,51,80
red,47,87,124,17,66,90,75,144,76,128
red,0,40,124,17,79,78,38,64,136,5
blue,72,65,125,51,82,18,61,124,147,5
red,91,130,148,24,66,18,23,124,76,82
blue,144,74,109,49,45,59,82,23,17,54
red,31,30,124,106,99,112,38,136,76,128
blue,78,38,55,129,45,135,75,124,109,108
red,0,154,32,150,45,127,134,124,69,93
red,101,154,144,24,82,0,13,124,116,70
red,20,38,124,24,119,110,40,140,9,153
red,59,30,55,106,5,25,107,121,144,153
red,0,111,2,51,82,103,67,124,133,14
red,107,26,6,129,128,18,75,124,51,82
red,35,98,124,17,71,22,65,56,106,14
blue,47,61,64,106,74,22,113,124,76,70
blue,31,110,144,106,128,18,38,124,76,109
blue,0,74,124,85,108,22,75,140,29,9
blue,62,114,124,17,45,108,87,136,52,54
red,151,13,11,76,74,25,65,124,137,70
blue,18,117,121,50,45,62,134,124,106,66
blue,20,145,138,17,120,31,142,124,116,153
blue,47,78,124,69,14,72,98,121,137,99
red,101,65,124,52,79,0,60,32,51,128
red,92,26,125,129,66,91,98,124,51,96
red,78,98,124,9,93,91,134,56,137,70
blue,42,61,124,106,93,112,78,11,63,153
red,151,86,159,76,126,103,58,124,147,128
red,92,44,121,51,5,103,113,89,76,93
blue,47,37,143,76,112,146,91,136,8,70
red,114,75,73,24,82,31,28,125,69,70
blue,114,5,151,76,15,22,28,159,52,74
red,114,84,35,116,128,120,13,129,138,153
red,114,113,68,17,83,0,86,21,29,109
blue,114,130,43,76,99,127,46,2,137,108
red,34,149,56,24,128,37,26,58,17,80
blue,42,30,32,17,114,115,125,140,24,14
blue,114,107,120,129,12,74,54,137,8,45
blue,47,65,104,49,16,22,86,59,17,70
blue,115,98,150,76,139,78,23,151,116,45
blue,151,130,3,133,109,47,154,155,51,74
blue,57,145,150,51,153,0,98,141,147,96
blue,25,13,71,137,93,0,84,56,9,66
red,25,67,155,69,53,97,65,150,29,118
red,134,38,155,24,153,78,60,143,29,108
blue,137,60,94,54,109,25,61,8,120,148
red,47,84,32,8,70,101,141,155,24,160
blue,43,61,131,76,120,74,141,1,133,153
red,39,141,151,8,128,47,65,140,116,100
blue,142,58,151,106,5,121,141,143,51,93
blue,18,84,151,137,153,134,141,2,17,9
red,112,141,138,17,53,3,61,55,29,100
blue,22,134,56,17,15,127,40,143,29,110
blue,127,141,144,17,100,42,111,6,50,82
blue,90,102,2,106,5,155,88,143,147,82
blue,19,154,95,51,14,91,102,11,76,5
red,74,102,121,29,14,39,65,140,49,66
red,135,102,35,51,12,115,67,81,116,70
blue,110,102,121,51,12,43,61,143,69,128
red,22,102,105,24,128,103,87,33,139,9
blue,77,145,150,136,79,22,102,56,24,99
blue,78,102,129,51,70,0,67,56,17,45
blue,78,40,23,136,70,74,102,143,76,80
red,110,102,55,52,93,22,54,125,29,118
blue,74,78,55,51,66,77,141,121,8,82
blue,151,91,7,29,158,95,102,140,106,82
blue,37,98,139,49,53,131,102,83,136,93
red,104,102,6,24,160,31,13,56,29,153
blue,3,79,110,24,82,103,102,159,17,14
blue,42,60,19,69,80,151,23,150,51,128
blue,0,102,110,15,119,31,142,121,106,14
blue,135,102,151,17,79,115,141,140,85,100
blue,97,61,23,29,53,151,142,121,76,118
blue,115,134,143,116,128,22,60,140,133,12
blue,146,125,23,24,153,13,40,143,49,118
blue,34,38,160,69,120,101,84,23,116,128
blue,110,26,125,76,109,31,27,160,133,153
red,36,142,160,109,119,101,65,143,9,70
blue,69,65,55,85,12,18,40,160,9,158
blue,34,13,160,109,9,114,60,41,49,119
blue,134,124,155,29,70,152,75,160,150,93
red,104,38,143,17,76,31,26,155,109,9
red,104,61,125,8,45,110,30,91,136,100
blue,97,84,1,49,153,104,38,32,17,9
blue,113,26,55,116,108,110,38,121,24,12
red,31,154,55,17,119,113,117,158,69,80
red,154,87,121,85,158,115,102,143,51,12
red,103,30,94,49,53,107,75,1,109,45
red,81,61,94,54,153,90,65,155,106,82
blue,42,38,32,49,128,115,30,151,129,120
red,36,75,32,76,153,90,38,154,133,119
red,110,60,159,51,14,22,134,140,9,82
red,141,78,143,24,108,74,134,23,29,71
red,115,134,151,49,70,0,142,78,29,53
red,115,124,43,49,148,72,84,143,52,93
red,43,134,94,138,82,120,38,2,51,96
red,110,38,121,50,153,103,26,56,51,5
blue,115,78,1,29,45,25,30,125,106,93
red,127,111,43,137,70,115,134,11,133,12
red,132,58,138,116,118,34,146,150,17,160
blue,78,98,155,51,45,90,102,7,76,74
red,0,102,73,69,80,18,61,1,116,158
red,72,102,144,109,111,151,26,143,150,4
blue,131,28,56,9,80,107,102,1,29,41
red,0,102,107,133,70,110,86,132,49,53
red,110,26,43,108,45,114,102,2,17,74
red,90,102,143,17,12,22,88,144,24,45
blue,114,46,21,106,119,0,58,19,24,66
blue,18,38,159,24,14,127,26,121,116,119
blue,91,111,56,51,158,35,40,159,63,15
blue,127,67,101,29,128,123,87,32,17,79
red,103,40,26,51,119,101,38,144,17,71
red,67,75,143,49,126,101,154,155,9,70
red,35,97,144,156,118,43,23,1,51,119
blue,36,125,41,51,93,0,154,144,76,153
blue,78,134,151,17,82,131,38,144,156,54
blue,22,88,144,109,119,152,58,150,24,100
blue,95,113,19,133,160,134,154,144,29,153
red,43,154,144,137,126,37,38,143,129,70
red,22,141,144,71,76,0,145,151,24,160
blue,35,97,121,109,108,53,38,55,17,45
blue,35,40,57,129,71,36,13,6,63,53
blue,42,40,121,17,148,35,61,64,51,96
red,35,30,155,51,93,0,81,89,49,5
red,35,65,19,52,70,0,92,64,76,9
blue,35,54,19,17,5,20,65,94,29,153
blue,137,134,132,129,66,35,65,143,76,45
blue,150,44,6,69,128,35,60,94,106,96
red,78,60,20,76,53,35,67,155,136,108
red,35,84,151,9,96,48,38,55,76,108
blue,135,61,104,29,70,35,40,155,157,9
blue,35,28,43,76,5,31,77,109,52,14
blue,78,102,56,51,82,35,133,122,116,153
blue,35,37,78,76,100,91,27,56,9,16
blue,35,38,71,129,14,18,61,140,9,76
blue,35,67,71,147,153,134,38,32,51,66
red,35,154,1,136,109,145,23,140,137,80
red,35,30,120,17,109,31,38,32,69,80
blue,104,65,143,116,71,35,13,32,133,153
blue,115,141,143,136,53,35,88,26,133,70
red,35,98,91,76,148,0,30,55,51,158
blue,0,60,55,76,100,35,30,7,17,74
blue,114,97,150,116,9,31,154,157,137,119
blue,84,58,125,109,100,145,38,64,17,128
red,152,38,2,85,53,31,40,121,106,5
red,59,60,159,133,45,31,134,63,49,160
blue,22,23,150,109,79,146,44,94,76,71
blue,0,107,150,133,70,54,102,3,29,153
blue,39,61,151,76,82,0,38,138,9,119
red,137,65,120,144,80,0,38,159,63,70
red,39,28,26,85,158,103,61,121,29,80
red,34,26,136,129,128,0,23,94,8,79
blue,104,142,55,17,109,34,61,121,133,45
blue,31,30,143,129,118,34,98,139,24,79
red,34,84,64,156,45,90,30,56,133,9
blue,34,149,132,54,53,74,87,136,137,109
blue,35,23,140,69,80,34,134,94,17,79
blue,2,97,150,8,45,25,146,144,49,9
blue,33,125,56,51,4,146,46,143,8,120
blue,74,37,150,49,158,90,26,125,129,82
blue,134,102,44,24,96,137,155,68,29,79
red,18,38,56,76,66,3,44,151,136,45
blue,36,23,151,51,93,34,134,138,76,4
red,34,60,138,76,53,78,58,151,52,100
blue,37,5,150,8,74,78,58,35,49,82
red,0,58,150,51,53,115,97,94,129,1
blue,0,142,139,29,45,104,38,150,51,79
blue,91,65,121,116,153,144,38,129,17,108
blue,115,60,132,9,45,110,125,26,76,14
blue,31,46,150,49,121,103,28,151,51,82
red,114,154,64,24,79,72,67,94,8,53
blue,47,38,151,17,53,114,130,150,24,79
blue,135,65,6,9,53,74,77,138,76,14
blue,123,77,89,138,45,110,102,20,24,14
blue,74,38,140,17,158,120,86,71,24,79
red,18,133,140,24,14,2,61,32,17,120
blue,90,141,64,24,128,101,38,32,17,14
red,127,46,64,29,119,34,87,143,136,14
red,22,75,73,76,14,2,102,86,9,41
blue,74,38,143,137,93,22,145,124,29,53
red,22,75,159,49,71,110,97,121,24,79
blue,92,134,120,29,119,91,58,121,76,45
red,77,38,121,106,14,81,28,140,8,53
blue,35,44,26,76,45,31,28,109,106,91
red,72,134,140,9,14,3,107,143,49,153
blue,112,75,56,51,5,110,27,91,69,80
red,90,134,109,8,53,101,145,54,76,5
red,48,154,143,116,70,72,65,121,41,118
red,13,30,86,76,14,110,38,143,51,16
blue,22,13,124,49,9,31,30,86,76,74
red,91,13,69,54,128,0,30,55,51,158
blue,43,97,32,137,14,36,155,55,49,74
blue,114,58,132,116,124,36,134,144,9,70
red,101,60,121,138,93,135,40,124,49,100
red,101,13,32,29,158,110,98,155,9,16
red,34,60,120,51,93,78,26,155,17,70
red,34,154,120,51,9,62,40,11,76,153
blue,146,61,159,49,30,59,40,86,9,80
red,144,60,136,106,93,2,134,155,50,99
red,72,27,155,133,153,0,107,121,17,71
red,42,134,140,76,53,112,23,151,49,119
red,115,134,140,137,9,149,60,68,116,70
red,18,40,159,8,100,35,98,33,147,5
blue,0,124,150,51,82,151,149,144,29,109
red,47,67,2,24,128,18,84,6,29,45
red,0,94,148,17,53,81,61,143,51,5
blue,90,38,2,9,153,25,141,56,109,96
red,59,142,6,50,82,0,94,68,51,53
blue,144,40,132,24,93,53,94,6,17,109
blue,90,67,3,133,70,113,58,6,51,5
red,31,38,19,29,153,36,134,23,24,128
red,74,94,104,51,109,39,38,11,116,70
red,25,142,104,106,126,22,61,19,116,153
red,78,141,73,51,153,151,125,56,147,119
blue,90,40,55,133,71,2,134,56,76,45
blue,151,60,159,29,153,18,38,56,133,1
blue,88,58,42,69,70,130,84,55,85,80
red,47,155,19,116,53,78,142,159,17,5
red,104,61,1,29,153,74,38,32,137,66
blue,3,94,158,51,82,81,75,56,29,45
red,35,26,155,129,12,47,84,138,29,76
blue,110,142,55,150,153,78,58,143,76,74
red,107,40,55,49,139,105,38,34,51,15
blue,110,40,59,138,82,107,98,144,106,4
blue,74,97,56,17,5,110,26,155,129,128
red,74,58,144,17,70,110,13,55,76,100
red,107,54,155,76,74,35,124,150,51,126
red,34,27,56,8,45,36,60,1,49,128
blue,72,40,56,17,153,91,38,121,15,80
red,44,84,56,76,126,103,111,155,51,82
red,34,26,125,76,153,74,38,6,109,108
red,107,111,2,49,108,0,13,15,116,122
red,25,124,125,138,128,62,13,155,41,5
blue,34,38,144,51,53,37,58,155,133,100
blue,22,46,56,8,128,78,111,7,49,93
red,22,98,56,8,128,37,18,109,133,93
blue,135,75,64,76,12,78,77,121,51,45
red,31,125,144,9,74,35,75,55,76,70
blue,18,23,155,29,153,34,75,144,76,80
red,77,67,56,71,93,22,98,55,24,148
blue,20,39,19,17,153,48,75,56,133,41
red,135,98,64,156,70,18,111,160,29,1
red,37,58,64,17,53,131,142,107,41,108
red,74,154,144,51,53,101,67,64,137,119
blue,42,46,155,129,53,146,40,140,76,153
red,114,40,11,54,118,95,142,144,24,45
red,112,75,155,133,28,31,149,73,17,126
blue,39,84,88,9,100,20,75,73,24,5
blue,47,75,144,17,79,74,30,91,76,139
blue,57,67,103,133,53,18,26,155,8,153
blue,102,13,64,137,128,18,154,2,129,100
blue,34,26,29,116,109,31,78,136,51,108
red,102,54,55,17,79,107,141,26,106,5
blue,0,26,23,69,93,114,61,43,51,74
blue,90,30,155,24,74,88,26,10,17,71
red,107,111,26,156,153,144,142,125,17,45
red,101,26,150,9,82,103,92,84,29,53
blue,18,97,7,17,79,60,65,26,51,66
blue,18,28,26,109,153,107,154,157,51,108
red,90,58,55,110,108,104,38,21,76,93
blue,43,38,55,17,82,101,40,56,76,66
red,43,38,56,129,82,121,134,104,29,9
red,53,111,11,8,93,0,13,104,76,5
red,0,65,1,17,153,31,23,125,133,14
red,137,40,55,69,158,110,65,109,54,80
red,115,38,138,129,5,151,61,121,76,74
blue,78,130,159,24,15,31,113,19,147,82
blue,78,98,158,51,14,103,40,159,147,96
red,91,30,35,137,108,72,38,121,29,9
red,135,134,124,52,82,115,67,8,9,158
blue,154,134,137,106,79,0,38,68,24,74
blue,78,142,143,49,100,0,13,120,24,128
red,18,40,65,49,12,62,61,155,116,160
red,31,28,148,29,119,0,75,158,120,109
blue,115,102,121,24,80,0,74,1,51,93
blue,91,125,55,116,45,22,60,144,136,118
red,74,84,116,29,160,0,38,138,9,126
red,18,23,57,76,5,31,40,112,51,82
red,22,65,143,76,70,78,142,2,24,14
red,57,98,155,116,119,135,111,148,24,82
red,57,134,124,106,82,31,27,151,136,74
blue,110,141,150,106,15,31,111,144,9,119
red,20,23,150,129,126,31,92,120,49,160
red,31,26,144,51,70,0,86,71,8,100
red,31,60,64,50,14,102,124,34,133,139
blue,0,60,159,76,126,31,26,34,17,108
red,31,26,144,137,70,0,84,120,133,80
blue,31,26,68,29,45,95,38,122,24,82
red,22,26,159,51,66,90,38,81,129,12
blue,107,75,143,69,87,31,26,138,17,45
red,31,38,143,50,158,115,27,144,116,14
red,31,38,2,9,41,115,40,91,109,71
blue,103,5,65,17,128,31,61,121,9,53
red,31,37,104,63,79,110,98,89,76,53
red,2,60,24,120,14,31,58,55,17,112
blue,97,46,43,51,5,35,102,144,29,99
red,62,60,19,133,4,97,38,122,116,70
blue,127,38,1,129,93,131,40,54,9,12
red,105,61,1,51,14,114,154,71,109,93
red,22,65,121,129,14,31,124,105,106,70
red,74,134,143,29,45,103,84,73,76,14
red,74,13,55,129,82,143,40,103,29,53
blue,110,84,6,51,70,74,27,155,9,118
blue,48,13,109,129,120,31,124,56,17,79
red,43,94,1,29,79,13,38,159,69,82
red,26,75,155,17,45,0,149,157,116,109
blue,131,75,124,29,148,110,38,2,17,93
red,36,37,71,129,80,22,26,56,17,66
blue,46,142,56,76,91,90,38,55,49,153
red,56,134,137,85,100,120,104,3,76,9
blue,103,107,159,116,109,90,134,43,106,120
blue,31,26,121,106,100,3,38,143,109,93
blue,37,146,32,29,84,112,125,1,51,158
red,22,58,10,116,4,91,134,155,29,53
red,151,154,143,29,79,107,61,144,17,159
blue,47,75,121,129,100,115,74,71,137,126
blue,88,13,121,17,71,23,142,138,137,4
red,78,13,94,51,70,42,130,140,129,153
blue,18,146,143,106,74,137,98,144,109,126
red,78,58,68,106,82,151,40,2,129,160
blue,112,75,56,129,15,78,27,155,49,119
blue,103,60,144,129,118,74,27,1,24,93
blue,37,142,2,51,100,22,58,23,129,53
red,91,61,26,133,70,0,23,150,17,45
blue,113,84,83,29,158,74,46,120,17,45
blue,72,149,139,133,108,121,65,143,76,45
blue,22,155,26,51,82,25,38,143,76,148
blue,90,146,3,109,118,0,134,143,116,119
red,78,86,140,51,128,18,102,139,9,70
red,11,98,32,147,12,81,44,143,106,4
blue,121,40,2,29,153,72,23,150,106,82
red,22,13,143,51,128,146,38,37,24,100
red,84,13,6,24,70,18,107,121,29,53
red,31,111,140,51,71,48,134,144,29,109
blue,101,30,151,51,99,78,65,64,106,128
blue,18,155,56,49,148,62,54,69,9,119
red,110,84,43,51,74,59,58,144,147,99
blue,42,145,90,51,91,121,98,73,17,128
blue,0,142,140,51,16,145,154,155,76,15
blue,23,61,121,17,82,127,38,33,63,79
red,35,23,69,9,108,107,92,94,109,45
red,78,149,159,17,108,22,23,151,76,5
blue,0,87,148,29,12,90,60,121,106,99
blue,18,86,1,52,100,131,38,2,29,12
blue,35,74,155,51,9,34,65,55,29,160
red,34,38,143,50,70,110,65,33,49,5
red,150,38,143,17,70,127,26,139,29,99
red,22,30,144,49,70,90,28,151,136,108
red,90,98,55,9,64,22,58,120,17,118
red,35,38,144,49,99,43,75,53,51,93
red,103,58,1,109,108,0,38,155,120,79
blue,31,154,33,49,108,42,75,121,129,80
red,81,91,3,17,79,114,117,19,29,148
blue,43,13,23,49,153,104,75,121,17,79
red,22,23,150,17,119,27,124,20,76,158
blue,36,94,64,49,82,0,46,71,24,80
red,77,78,7,29,12,22,38,56,9,76
blue,62,113,73,9,160,101,38,26,29,70
blue,151,30,69,52,82,135,86,140,29,93
blue,115,58,3,17,45,18,130,33,76,53
red,67,58,104,85,153,2,134,120,147,4
red,90,13,23,51,92,110,46,140,106,82
blue,47,107,53,49,160,31,142,124,109,82
red,53,40,138,9,1,110,38,109,76,153
red,36,61,56,17,71,110,121,155,129,93
blue,145,40,150,17,128,47,75,155,51,93
blue,88,58,55,76,14,144,40,155,129,108
blue,34,30,55,49,120,121,61,3,76,158
red,34,61,120,136,158,135,38,7,138,82
red,0,58,19,29,5,22,154,121,76,82
red,0,38,1,136,128,31,113,143,76,139
red,74,38,115,133,100,0,75,144,129,5
red,74,60,124,29,128,34,40,19,17,79
blue,151,142,68,9,109,18,134,33,52,80
blue,18,58,0,106,128,62,134,55,51,82
blue,43,134,143,29,109,53,102,121,137,45
blue,90,145,56,51,100,22,134,57,76,14
red,72,58,37,116,96,18,107,53,51,82
red,3,30,120,29,153,46,23,150,116,70
red,62,60,158,51,70,46,67,121,76,119
red,22,87,2,51,70,31,134,80,17,159
red,22,107,121,51,109,31,102,64,24,37
blue,46,98,121,137,153,103,84,155,106,71
blue,46,141,23,9,139,107,38,124,106,74
red,110,135,91,109,118,22,98,56,133,153
red,22,97,143,52,5,115,87,55,106,81
blue,46,84,55,85,14,18,26,56,76,118
red,22,26,125,29,153,31,61,17,109,108
red,0,125,73,78,153,110,107,56,51,119
blue,47,149,1,109,126,12,60,133,78,41
blue,12,75,121,9,41,90,23,155,76,99
blue,22,125,1,49,53,72,154,32,9,41
red,18,97,143,51,139,90,141,138,9,41
blue,78,40,138,116,160,22,58,142,9,41
blue,104,40,136,83,79,31,28,155,9,54
red,110,149,121,9,41,107,65,23,50,70
red,110,38,68,9,41,22,65,1,29,119
red,57,154,121,133,70,81,142,41,42,108
blue,31,61,71,51,70,131,134,122,41,5
blue,47,28,143,9,41,88,125,55,129,74
red,48,28,43,9,41,31,46,138,29,53
red,135,26,137,9,41,22,130,6,85,119
red,110,75,1,9,41,103,23,150,76,14
red,59,38,6,106,33,95,154,55,9,41
blue,31,28,93,156,14,22,58,125,9,41
red,72,77,55,51,119,34,86,11,9,41
blue,83,23,110,9,41,34,40,151,85,53
blue,134,92,143,69,63,35,38,55,9,158
red,31,58,124,106,118,103,60,155,9,41
blue,107,30,143,17,80,18,155,124,9,41
blue,0,134,23,71,133,31,13,143,129,70
blue,91,107,1,8,45,74,130,121,9,41
blue,74,65,11,9,139,91,40,121,136,41
red,142,61,56,9,41,0,154,32,24,5
blue,110,111,2,17,109,0,134,32,9,41
red,18,30,11,147,93,88,86,15,9,41
red,47,65,71,63,41,135,145,56,49,79
red,0,46,26,29,53,91,13,143,116,80
blue,110,47,124,129,80,72,23,91,69,153
blue,112,98,73,106,108,110,86,144,133,96
blue,31,107,11,8,74,47,60,64,17,160
blue,78,107,68,29,9,135,102,33,129,119
blue,90,65,136,50,100,81,40,125,138,82
blue,22,124,151,29,100,135,61,150,138,82
red,62,61,23,29,120,37,40,56,106,124
blue,47,98,64,76,45,103,58,32,29,91
red,47,38,121,49,139,90,125,51,17,148
blue,47,28,32,51,119,62,98,143,76,93
blue,74,40,104,17,79,146,26,155,76,100
blue,112,124,138,76,45,47,67,125,9,158
blue,18,151,68,76,93,107,155,32,29,153
red,31,107,56,85,81,0,142,121,29,148
blue,78,107,56,8,93,43,86,143,19,82
red,110,154,0,51,119,2,27,157,76,70
blue,103,58,56,51,119,0,107,72,49,96
red,131,97,120,133,119,81,94,1,9,70
blue,88,97,116,138,45,0,28,144,29,53
red,107,155,19,49,82,127,58,91,29,70
red,37,13,149,49,82,155,67,144,69,93
red,146,40,136,24,5,0,97,151,76,53
blue,112,107,138,106,5,13,58,89,51,82
blue,36,107,56,17,64,48,13,124,137,82
blue,102,97,140,76,70,35,38,55,51,5
red,43,97,143,9,118,90,38,144,24,79
red,57,46,121,17,79,134,97,32,76,82
blue,90,97,89,29,126,0,142,64,116,153
red,110,97,19,109,14,74,78,94,50,70
red,22,133,2,51,82,15,60,103,29,100
red,92,38,144,51,4,31,75,121,76,100
blue,0,27,94,51,66,42,61,37,64,128
red,0,26,64,51,1,152,30,11,9,128
red,151,38,1,51,114,78,142,33,69,153
blue,115,113,148,129,70,90,98,33,106,128
blue,112,75,151,29,53,110,124,19,129,128
blue,112,58,125,51,120,135,84,140,49,66
red,0,155,132,50,119,152,98,95,51,82
blue,18,125,37,147,96,136,141,151,76,118
blue,110,40,143,76,82,112,60,104,136,79
red,110,40,143,85,93,43,28,155,49,108
blue,74,149,6,129,14,107,98,132,9,70
blue,22,78,151,24,82,110,61,109,76,128
red,107,38,121,9,82,110,23,144,17,109
red,115,91,19,29,53,134,65,1,85,99
red,101,91,7,29,109,121,65,155,24,45
red,102,91,19,24,112,18,81,56,63,119
red,41,75,122,29,100,72,77,144,50,128
red,20,38,64,29,135,47,134,68,51,70
red,151,78,125,106,82,134,13,143,49,79
blue,110,58,33,49,148,103,54,155,116,158
red,90,98,129,51,82,127,88,94,76,119
red,88,44,159,106,74,110,38,56,29,139
red,81,117,3,51,80,101,149,148,156,153
blue,31,13,26,106,5,103,60,32,76,96
red,123,58,11,76,158,101,40,56,133,119
red,20,141,56,76,79,90,142,121,17,71
red,91,98,132,51,118,0,23,121,29,153
blue,135,142,148,51,70,0,65,19,133,119
red,88,107,56,17,123,0,61,138,116,71
blue,0,97,23,116,158,110,67,121,50,157
blue,131,142,120,17,80,22,114,125,24,128
red,78,23,125,129,100,22,154,143,51,12
blue,110,65,151,24,139,103,30,89,50,79
red,151,154,138,76,100,134,38,19,49,27
blue,42,146,32,69,104,112,26,91,49,53
blue,22,13,10,9,91,62,155,159,49,74
red,115,37,34,49,145,110,26,41,8,153
red,72,87,33,24,126,47,58,56,29,119
red,137,13,3,109,118,58,65,121,24,119
red,91,54,44,129,119,146,125,55,116,118
red,57,54,121,129,70,0,97,114,133,153
red,74,60,143,49,133,127,77,150,29,70
red,2,38,151,76,139,110,125,56,156,66
blue,151,65,55,17,18,131,28,143,106,99
red,145,60,151,9,119,72,84,34,51,70
red,144,60,121,137,70,146,58,154,76,160
blue,134,142,129,51,53,127,61,11,136,122
red,59,61,7,9,53,74,38,121,76,45
red,2,142,92,17,148,18,38,125,109,139
blue,43,38,143,136,80,151,61,48,137,148
blue,0,87,57,156,118,94,58,6,109,71
blue,41,154,132,116,148,18,23,150,49,118
blue,11,67,129,51,14,130,87,49,157,45
blue,146,61,144,85,160,135,40,15,150,70
blue,59,40,144,150,82,74,35,93,109,118
red,34,87,129,109,118,74,38,143,49,119
blue,103,84,101,51,118,78,58,155,129,14
red,130,13,26,76,153,22,40,143,133,70
blue,31,97,1,76,118,134,75,139,21,153
red,0,102,104,17,71,47,65,7,9,53
red,22,38,154,9,71,91,13,68,54,53
red,31,23,104,147,128,74,75,11,85,41
blue,18,26,151,9,100,47,102,32,17,93
blue,110,40,19,51,74,0,113,124,63,70
blue,123,38,121,9,82,78,154,2,51,53
blue,13,155,55,29,74,22,94,56,51,100
red,107,98,144,116,74,22,65,56,17,12
red,74,38,56,51,16,90,110,11,120,4
blue,134,86,74,133,45,55,113,124,116,53
red,3,146,155,109,15,78,134,35,116,53
red,90,40,121,116,100,35,154,150,29,119
blue,40,141,2,24,70,0,81,55,133,99
red,103,54,11,137,118,43,133,55,116,30
red,112,54,131,116,81,103,113,55,137,119
red,90,94,55,156,45,22,130,56,49,139
red,114,142,125,109,128,31,40,11,17,12
red,31,60,23,51,66,18,111,155,29,12
blue,73,40,130,133,153,142,127,115,106,99
red,110,111,56,106,126,22,44,33,85,99
red,0,38,73,76,99,43,97,121,129,80
red,115,145,6,136,80,72,13,154,24,99
blue,158,60,90,156,53,31,58,121,106,99
red,90,27,151,106,99,25,141,148,137,128
red,117,142,54,106,99,104,38,71,76,100
blue,117,13,132,17,79,22,65,143,106,99
blue,78,40,155,76,4,131,61,139,129,70
blue,47,38,55,116,153,34,134,19,17,71
blue,110,40,55,24,82,47,84,26,133,70
blue,47,88,124,29,153,31,107,23,52,126
red,48,61,121,109,74,47,102,11,29,119
blue,135,44,56,17,71,47,38,55,129,80
red,90,27,121,52,109,78,38,33,17,53
blue,114,65,21,136,12,91,98,33,49,53
blue,110,26,64,147,109,77,38,121,116,158
red,112,65,32,8,70,110,88,143,76,160
blue,137,142,124,49,53,91,84,144,24,5
red,88,38,6,29,53,135,58,124,50,109
blue,18,142,121,116,153,0,67,3,106,96
blue,47,65,19,109,139,103,27,155,52,5
red,113,46,140,76,93,42,74,143,52,100
red,22,40,136,116,45,112,65,55,106,4
blue,31,23,150,85,93,42,141,68,29,119
red,31,141,73,50,139,135,27,150,52,100
blue,135,113,1,24,53,18,141,32,17,108
red,78,141,121,106,100,3,40,71,129,53
blue,123,58,94,116,153,115,141,144,17,53
blue,62,84,69,51,108,81,111,55,129,14
blue,55,77,2,51,53,43,65,41,17,111
red,0,111,56,17,82,35,141,129,51,96
red,0,111,57,51,124,91,58,121,136,109
red,107,111,138,76,80,35,142,2,133,153
red,2,111,81,51,4,110,130,19,69,119
blue,0,13,26,106,82,115,67,155,24,111
blue,110,134,71,115,108,88,111,1,24,119
red,0,111,144,29,100,143,154,151,76,45
red,146,60,20,9,71,88,111,56,76,79
blue,110,13,55,116,99,0,111,1,133,53
blue,107,23,33,24,159,18,111,1,76,26
blue,31,40,124,69,80,101,111,107,76,119
blue,88,102,32,51,82,110,46,2,133,158
red,72,134,19,9,148,110,65,21,50,14
red,74,134,150,54,153,42,38,15,8,45
red,72,38,19,129,99,81,130,121,106,128
red,112,38,21,49,53,62,54,138,51,128
red,134,28,155,76,148,0,60,143,138,93
blue,31,65,140,8,118,42,60,143,29,53
blue,42,61,26,8,100,72,113,0,138,108
red,78,134,125,24,5,74,97,143,76,45
red,47,84,19,51,82,135,60,121,76,128
blue,103,46,141,9,53,36,38,19,85,70
red,101,61,56,129,92,0,67,26,51,14
blue,91,61,140,116,70,57,60,121,51,14
red,37,27,101,76,80,31,142,159,116,119
blue,25,104,155,133,45,67,134,19,51,158
blue,107,38,78,76,45,115,58,56,29,9
blue,107,60,1,17,96,91,154,23,49,45
red,48,67,109,137,153,81,40,11,8,118
blue,82,97,2,137,53,110,40,132,17,118
blue,18,61,71,9,14,135,40,158,17,15
red,134,86,121,137,45,112,38,19,133,128
blue,107,134,125,76,79,111,13,1,51,128
blue,47,60,83,69,53,90,38,132,49,111
red,154,65,1,49,109,18,30,121,76,118
red,103,38,159,106,82,0,39,144,129,119
red,22,58,144,29,82,65,40,32,9,70
blue,2,65,124,49,45,127,46,105,24,14
red,12,141,140,51,128,22,54,121,133,119
blue,47,54,155,29,14,135,26,141,76,128
blue,78,28,110,29,6,120,61,155,109,14
blue,34,5,6,157,9,151,142,121,29,4
blue,74,61,143,17,128,39,75,1,116,118
red,42,40,23,29,108,78,60,56,133,9
blue,90,23,125,52,5,47,40,32,17,71
blue,42,26,155,24,45,47,113,33,129,14
blue,103,47,159,17,158,135,111,155,50,120
red,34,111,56,9,45,131,44,136,76,118
blue,104,111,94,76,160,0,26,64,49,158
blue,152,111,143,17,160,3,38,55,136,158
blue,145,113,151,29,53,74,111,35,116,160
blue,115,98,73,8,126,59,38,155,29,119
blue,19,65,121,129,82,20,40,23,17,111
red,154,134,120,133,70,0,40,6,54,45
blue,72,142,32,29,53,0,86,159,76,100
blue,31,67,119,29,158,37,38,150,85,66
blue,11,134,34,29,70,18,27,109,133,12
red,31,38,119,50,5,36,67,0,129,14
blue,31,30,155,17,70,90,75,0,51,4
blue,72,65,132,24,20,36,61,144,76,71
blue,121,134,155,106,4,18,61,32,63,80
red,37,88,129,17,70,31,40,26,76,53
red,74,124,155,50,71,115,60,54,133,123
blue,0,38,6,8,70,101,60,143,9,109
blue,0,40,150,133,109,47,67,1,51,12
red,0,125,23,29,100,36,38,2,76,66
blue,0,46,140,147,9,152,61,144,51,45
blue,18,40,19,51,153,110,151,159,74,108
blue,103,141,26,133,100,112,60,121,9,80
blue,90,65,89,17,100,35,113,55,116,153
blue,146,27,56,106,99,103,46,144,9,15
red,94,154,97,9,158,151,40,91,138,121
blue,0,38,140,9,4,78,86,33,129,82
red,134,38,32,29,153,127,142,23,17,41
red,101,154,104,17,79,0,124,151,24,100
blue,97,134,143,50,100,103,38,23,9,45
red,110,61,56,24,45,47,134,143,9,7
blue,0,40,154,9,45,78,61,2,76,5
red,22,130,136,143,80,39,61,151,9,53
red,103,154,3,129,79,59,92,29,86,108
blue,47,60,144,52,128,114,27,0,9,70
red,22,65,132,49,160,151,40,55,17,82
blue,31,142,2,17,71,0,38,11,9,111
